数据量:1175
试验力		变形		扩展变形		位置		位移		应力		应变		时间
0.010		0.0012		0.0000		878.314		1.847		0.025		0.006196		0.040
0.010		0.0045		0.0000		878.310		1.850		0.025		0.022721		0.080
0.010		0.0081		0.0000		878.307		1.854		0.025		0.040622		0.120
0.010		0.0117		0.0000		878.303		1.858		0.025		0.058523		0.160
0.010		0.0154		0.0000		878.299		1.861		0.025		0.077112		0.200
0.010		0.0186		0.0000		878.296		1.864		0.025		0.092947		0.240
0.012		0.0216		0.0000		878.293		1.867		0.030		0.108095		0.280
0.012		0.0251		0.0000		878.290		1.871		0.030		0.125307		0.320
0.012		0.0282		0.0000		878.287		1.874		0.030		0.141143		0.360
0.012		0.0314		0.0000		878.284		1.877		0.030		0.156978		0.400
0.012		0.0346		0.0000		878.280		1.880		0.030		0.172814		0.440
0.012		0.0379		0.0000		878.277		1.884		0.030		0.189338		0.480
0.012		0.0413		0.0000		878.274		1.887		0.030		0.206550		0.520
0.014		0.0450		0.0000		878.270		1.891		0.035		0.225140		0.560
0.014		0.0487		0.0000		878.266		1.895		0.035		0.243729		0.600
0.014		0.0519		0.0000		878.263		1.898		0.035		0.259565		0.640
0.014		0.0551		0.0000		878.260		1.901		0.035		0.275400		0.680
0.016		0.0584		0.0000		878.257		1.904		0.040		0.291924		0.720
0.016		0.0617		0.0000		878.253		1.908		0.040		0.308448		0.760
0.016		0.0649		0.0000		878.250		1.911		0.040		0.324284		0.800
0.018		0.0680		0.0000		878.247		1.914		0.045		0.340119		0.840
0.018		0.0712		0.0000		878.244		1.917		0.045		0.355955		0.880
0.020		0.0746		0.0000		878.240		1.921		0.050		0.373167		0.920
0.020		0.0782		0.0000		878.237		1.924		0.050		0.391068		0.960
0.022		0.0819		0.0000		878.233		1.928		0.055		0.409658		1.000
0.024		0.0852		0.0000		878.230		1.931		0.060		0.426182		1.040
0.024		0.0885		0.0000		878.226		1.934		0.060		0.442706		1.080
0.026		0.0918		0.0000		878.223		1.938		0.065		0.459230		1.120
0.028		0.0950		0.0000		878.220		1.941		0.070		0.475065		1.160
0.028		0.0983		0.0000		878.217		1.944		0.070		0.491589		1.200
0.030		0.1013		0.0000		878.214		1.947		0.075		0.506736		1.240
0.032		0.1045		0.0000		878.210		1.950		0.080		0.522572		1.280
0.034		0.1080		0.0000		878.207		1.954		0.085		0.539784		1.320
0.036		0.1114		0.0000		878.203		1.957		0.090		0.556996		1.360
0.038		0.1153		0.0000		878.200		1.961		0.095		0.576275		1.400
0.042		0.1187		0.0000		878.196		1.965		0.105		0.593487		1.440
0.044		0.1220		0.0000		878.193		1.968		0.110		0.610011		1.480
0.046		0.1252		0.0000		878.190		1.971		0.115		0.625847		1.520
0.050		0.1283		0.0000		878.187		1.974		0.125		0.641682		1.560
0.052		0.1315		0.0000		878.183		1.977		0.130		0.657518		1.600
0.056		0.1348		0.0000		878.180		1.981		0.140		0.674042		1.640
0.058		0.1380		0.0000		878.177		1.984		0.145		0.689877		1.680
0.062		0.1414		0.0000		878.173		1.987		0.155		0.707090		1.720
0.066		0.1447		0.0000		878.170		1.991		0.165		0.723614		1.760
0.070		0.1484		0.0000		878.166		1.994		0.175		0.742203		1.800
0.074		0.1520		0.0000		878.163		1.998		0.185		0.760104		1.840
0.080		0.1553		0.0000		878.160		2.001		0.200		0.776628		1.880
0.084		0.1585		0.0000		878.156		2.004		0.210		0.792463		1.920
0.088		0.1618		0.0000		878.153		2.008		0.220		0.808988		1.960
0.094		0.1651		0.0000		878.150		2.011		0.235		0.825512		2.000
0.098		0.1683		0.0000		878.147		2.014		0.245		0.841348		2.040
0.104		0.1714		0.0000		878.143		2.017		0.260		0.857182		2.080
0.110		0.1746		0.0000		878.140		2.020		0.275		0.873018		2.120
0.116		0.1779		0.0000		878.137		2.024		0.290		0.889543		2.160
0.122		0.1818		0.0000		878.133		2.028		0.305		0.908820		2.200
0.130		0.1853		0.0000		878.130		2.031		0.325		0.926722		2.240
0.140		0.1886		0.0000		878.126		2.035		0.350		0.943245		2.280
0.150		0.1920		0.0000		878.123		2.038		0.375		0.959769		2.320
0.158		0.1951		0.0000		878.120		2.041		0.395		0.975605		2.360
0.166		0.1983		0.0000		878.117		2.044		0.415		0.991440		2.400
0.176		0.2016		0.0000		878.113		2.047		0.440		1.007964		2.440
0.186		0.2048		0.0000		878.110		2.051		0.465		1.023800		2.480
0.196		0.2081		0.0000		878.107		2.054		0.490		1.040323		2.520
0.208		0.2114		0.0000		878.104		2.057		0.520		1.056848		2.560
0.218		0.2149		0.0000		878.100		2.061		0.545		1.074749		2.600
0.232		0.2185		0.0000		878.096		2.064		0.580		1.092650		2.640
0.244		0.2220		0.0000		878.093		2.068		0.610		1.109862		2.680
0.258		0.2254		0.0000		878.089		2.071		0.645		1.127074		2.720
0.270		0.2286		0.0000		878.086		2.074		0.675		1.142910		2.760
0.282		0.2317		0.0000		878.083		2.078		0.705		1.158746		2.800
0.294		0.2351		0.0000		878.080		2.081		0.735		1.175269		2.840
0.306		0.2382		0.0000		878.077		2.084		0.765		1.191105		2.880
0.318		0.2415		0.0000		878.073		2.087		0.795		1.207629		2.920
0.330		0.2447		0.0000		878.070		2.091		0.825		1.223465		2.960
0.342		0.2483		0.0000		878.067		2.094		0.855		1.241366		3.000
0.356		0.2519		0.0000		878.063		2.098		0.890		1.259267		3.040
0.370		0.2554		0.0000		878.059		2.101		0.925		1.277167		3.080
0.386		0.2587		0.0000		878.056		2.105		0.965		1.293692		3.120
0.402		0.2619		0.0000		878.053		2.108		1.005		1.309528		3.160
0.418		0.2651		0.0000		878.050		2.111		1.045		1.325362		3.200
0.434		0.2684		0.0000		878.047		2.114		1.085		1.341887		3.240
0.450		0.2717		0.0000		878.043		2.118		1.125		1.358411		3.280
0.468		0.2748		0.0000		878.040		2.121		1.170		1.374246		3.320
0.484		0.2780		0.0000		878.037		2.124		1.210		1.390082		3.360
0.500		0.2816		0.0000		878.033		2.127		1.250		1.407983		3.400
0.518		0.2852		0.0000		878.030		2.131		1.295		1.425883		3.440
0.536		0.2888		0.0000		878.026		2.135		1.340		1.443785		3.480
0.554		0.2922		0.0000		878.023		2.138		1.385		1.460997		3.520
0.572		0.2952		0.0000		878.020		2.141		1.430		1.476144		3.560
0.588		0.2985		0.0000		878.016		2.144		1.470		1.492668		3.600
0.604		0.3018		0.0000		878.013		2.148		1.510		1.509193		3.640
0.622		0.3051		0.0000		878.010		2.151		1.555		1.525716		3.680
0.638		0.3083		0.0000		878.007		2.154		1.595		1.541552		3.720
0.652		0.3115		0.0000		878.003		2.157		1.630		1.557388		3.760
0.668		0.3146		0.0000		878.000		2.161		1.670		1.573222		3.800
0.682		0.3184		0.0000		877.997		2.164		1.705		1.591812		3.840
0.698		0.3219		0.0000		877.993		2.168		1.745		1.609713		3.880
0.718		0.3255		0.0000		877.989		2.171		1.795		1.627614		3.920
0.738		0.3287		0.0000		877.986		2.175		1.845		1.643450		3.960
0.756		0.3320		0.0000		877.983		2.178		1.890		1.659973		4.000
0.772		0.3352		0.0000		877.980		2.181		1.930		1.675809		4.040
0.790		0.3383		0.0000		877.977		2.184		1.975		1.691645		4.080
0.808		0.3416		0.0000		877.973		2.188		2.020		1.708168		4.120
0.826		0.3448		0.0000		877.970		2.191		2.065		1.724004		4.160
0.844		0.3481		0.0000		877.967		2.194		2.110		1.740528		4.200
0.862		0.3517		0.0000		877.963		2.198		2.155		1.758429		4.240
0.882		0.3553		0.0000		877.960		2.201		2.205		1.776330		4.280
0.902		0.3588		0.0000		877.956		2.205		2.255		1.794232		4.320
0.924		0.3622		0.0000		877.953		2.208		2.310		1.810755		4.360
0.944		0.3653		0.0000		877.950		2.211		2.360		1.826591		4.400
0.964		0.3686		0.0000		877.946		2.214		2.410		1.843114		4.440
0.982		0.3718		0.0000		877.943		2.218		2.455		1.858950		4.480
1.002		0.3751		0.0000		877.940		2.221		2.505		1.875474		4.520
1.022		0.3781		0.0000		877.937		2.224		2.555		1.890622		4.560
1.040		0.3814		0.0000		877.933		2.227		2.600		1.907145		4.600
1.060		0.3849		0.0000		877.930		2.231		2.650		1.924358		4.640
1.082		0.3885		0.0000		877.926		2.234		2.705		1.942258		4.680
1.104		0.3923		0.0000		877.923		2.238		2.760		1.961537		4.720
1.128		0.3956		0.0000		877.919		2.241		2.820		1.978061		4.760
1.150		0.3988		0.0000		877.916		2.245		2.875		1.993896		4.800
1.172		0.4019		0.0000		877.913		2.248		2.930		2.009732		4.840
1.192		0.4051		0.0000		877.910		2.251		2.980		2.025567		4.880
1.214		0.4084		0.0000		877.906		2.254		3.035		2.042091		4.920
1.236		0.4117		0.0000		877.903		2.258		3.090		2.058615		4.960
1.260		0.4149		0.0000		877.900		2.261		3.150		2.074451		5.000
1.284		0.4182		0.0000		877.897		2.264		3.210		2.090974		5.040
1.306		0.4218		0.0000		877.893		2.268		3.265		2.108876		5.080
1.332		0.4255		0.0000		877.889		2.271		3.330		2.127466		5.120
1.360		0.4288		0.0000		877.886		2.275		3.400		2.143989		5.160
1.388		0.4322		0.0000		877.883		2.278		3.470		2.161202		5.200
1.414		0.4354		0.0000		877.880		2.281		3.535		2.177038		5.240
1.438		0.4386		0.0000		877.876		2.284		3.595		2.192872		5.280
1.462		0.4419		0.0000		877.873		2.288		3.655		2.209397		5.320
1.488		0.4450		0.0000		877.870		2.291		3.720		2.225233		5.360
1.514		0.4482		0.0000		877.867		2.294		3.785		2.241067		5.400
1.538		0.4514		0.0000		877.864		2.297		3.845		2.256903		5.440
1.564		0.4550		0.0000		877.860		2.301		3.910		2.274805		5.480
1.590		0.4587		0.0000		877.856		2.305		3.975		2.293394		5.520
1.620		0.4623		0.0000		877.853		2.308		4.050		2.311295		5.560
1.650		0.4656		0.0000		877.849		2.311		4.125		2.327818		5.600
1.678		0.4686		0.0000		877.846		2.314		4.195		2.342966		5.640
1.702		0.4719		0.0000		877.843		2.318		4.255		2.359490		5.680
1.728		0.4752		0.0000		877.840		2.321		4.320		2.376013		5.720
1.754		0.4784		0.0000		877.837		2.324		4.385		2.391849		5.760
1.780		0.4817		0.0000		877.833		2.328		4.450		2.408373		5.800
1.804		0.4848		0.0000		877.830		2.331		4.510		2.424209		5.840
1.830		0.4881		0.0000		877.827		2.334		4.575		2.440733		5.880
1.858		0.4920		0.0000		877.823		2.338		4.645		2.460011		5.920
1.886		0.4956		0.0000		877.819		2.341		4.715		2.477912		5.960
1.916		0.4989		0.0000		877.816		2.345		4.790		2.494436		6.000
1.946		0.5022		0.0000		877.813		2.348		4.865		2.510960		6.040
1.972		0.5054		0.0000		877.810		2.351		4.930		2.526795		6.080
1.998		0.5087		0.0000		877.806		2.355		4.995		2.543319		6.120
2.022		0.5118		0.0000		877.803		2.358		5.055		2.559155		6.160
2.048		0.5150		0.0000		877.800		2.361		5.120		2.574990		6.200
2.072		0.5182		0.0000		877.797		2.364		5.180		2.590826		6.240
2.098		0.5215		0.0000		877.793		2.367		5.245		2.607350		6.280
2.124		0.5252		0.0000		877.790		2.371		5.310		2.625939		6.320
2.150		0.5290		0.0000		877.786		2.375		5.375		2.645218		6.360
2.182		0.5323		0.0000		877.783		2.378		5.455		2.661741		6.400
2.212		0.5357		0.0000		877.779		2.382		5.530		2.678265		6.440
2.238		0.5387		0.0000		877.776		2.385		5.595		2.693412		6.480
2.262		0.5420		0.0000		877.773		2.388		5.655		2.709937		6.520
2.288		0.5453		0.0000		877.770		2.391		5.720		2.726460		6.560
2.314		0.5483		0.0000		877.767		2.394		5.785		2.741607		6.600
2.340		0.5516		0.0000		877.763		2.397		5.850		2.758132		6.640
2.364		0.5548		0.0000		877.760		2.401		5.910		2.773966		6.680
2.390		0.5584		0.0000		877.757		2.404		5.975		2.791868		6.720
2.416		0.5621		0.0000		877.753		2.408		6.040		2.810457		6.760
2.446		0.5658		0.0000		877.749		2.412		6.115		2.829047		6.800
2.476		0.5690		0.0000		877.746		2.415		6.190		2.844882		6.840
2.504		0.5721		0.0000		877.743		2.418		6.260		2.860717		6.880
2.528		0.5754		0.0000		877.739		2.421		6.320		2.877242		6.920
2.554		0.5786		0.0000		877.736		2.424		6.385		2.893078		6.960
2.580		0.5818		0.0000		877.733		2.428		6.450		2.908912		7.000
2.604		0.5849		0.0000		877.730		2.431		6.510		2.924748		7.040
2.628		0.5881		0.0000		877.727		2.434		6.570		2.940584		7.080
2.654		0.5916		0.0000		877.723		2.437		6.635		2.957797		7.120
2.680		0.5954		0.0000		877.719		2.441		6.700		2.977074		7.160
2.708		0.5991		0.0000		877.716		2.445		6.770		2.995663		7.200
2.740		0.6024		0.0000		877.712		2.448		6.850		3.012188		7.240
2.766		0.6055		0.0000		877.709		2.451		6.915		3.027335		7.280
2.790		0.6088		0.0000		877.706		2.455		6.975		3.043859		7.320
2.814		0.6121		0.0000		877.703		2.458		7.035		3.060383		7.360
2.840		0.6151		0.0000		877.700		2.461		7.100		3.075530		7.400
2.864		0.6184		0.0000		877.696		2.464		7.160		3.092053		7.440
2.888		0.6217		0.0000		877.693		2.468		7.220		3.108578		7.480
2.912		0.6249		0.0000		877.690		2.471		7.280		3.124413		7.520
2.938		0.6286		0.0000		877.686		2.474		7.345		3.143003		7.560
2.964		0.6323		0.0000		877.683		2.478		7.410		3.161592		7.600
2.994		0.6359		0.0000		877.679		2.482		7.485		3.179493		7.640
3.022		0.6389		0.0000		877.676		2.485		7.555		3.194640		7.680
3.046		0.6421		0.0000		877.673		2.488		7.615		3.210476		7.720
3.070		0.6454		0.0000		877.669		2.491		7.675		3.227000		7.760
3.092		0.6487		0.0000		877.666		2.495		7.730		3.243523		7.800
3.116		0.6519		0.0000		877.663		2.498		7.790		3.259359		7.840
3.138		0.6550		0.0000		877.660		2.501		7.845		3.275195		7.880
3.162		0.6582		0.0000		877.657		2.504		7.905		3.291030		7.920
3.186		0.6619		0.0000		877.653		2.508		7.965		3.309620		7.960
3.212		0.6656		0.0000		877.649		2.512		8.030		3.328209		8.000
3.240		0.6692		0.0000		877.646		2.515		8.100		3.346110		8.040
3.268		0.6724		0.0000		877.643		2.518		8.170		3.361946		8.080
3.292		0.6756		0.0000		877.639		2.521		8.230		3.377781		8.120
3.314		0.6789		0.0000		877.636		2.525		8.285		3.394305		8.160
3.336		0.6820		0.0000		877.633		2.528		8.340		3.410141		8.200
3.360		0.6852		0.0000		877.630		2.531		8.400		3.425977		8.240
3.382		0.6885		0.0000		877.626		2.534		8.455		3.442500		8.280
3.404		0.6917		0.0000		877.623		2.538		8.510		3.458336		8.320
3.426		0.6951		0.0000		877.620		2.541		8.565		3.475549		8.360
3.450		0.6987		0.0000		877.616		2.545		8.625		3.493449		8.400
3.476		0.7025		0.0000		877.612		2.548		8.690		3.512728		8.440
3.504		0.7059		0.0000		877.609		2.552		8.760		3.529251		8.480
3.528		0.7090		0.0000		877.606		2.555		8.820		3.545087		8.520
3.550		0.7122		0.0000		877.603		2.558		8.875		3.560923		8.560
3.570		0.7154		0.0000		877.600		2.561		8.925		3.576757		8.600
3.592		0.7187		0.0000		877.596		2.565		8.980		3.593282		8.640
3.612		0.7218		0.0000		877.593		2.568		9.030		3.609117		8.680
3.632		0.7250		0.0000		877.590		2.571		9.080		3.624952		8.720
3.652		0.7283		0.0000		877.587		2.574		9.130		3.641477		8.760
3.674		0.7320		0.0000		877.583		2.578		9.185		3.660067		8.800
3.698		0.7359		0.0000		877.579		2.582		9.245		3.679344		8.840
3.724		0.7393		0.0000		877.576		2.585		9.310		3.696557		8.880
3.748		0.7423		0.0000		877.573		2.588		9.370		3.711703		8.920
3.768		0.7455		0.0000		877.569		2.591		9.420		3.727539		8.960
3.786		0.7488		0.0000		877.566		2.595		9.465		3.744063		9.000
3.806		0.7520		0.0000		877.563		2.598		9.515		3.759899		9.040
3.826		0.7551		0.0000		877.560		2.601		9.565		3.775734		9.080
3.846		0.7585		0.0000		877.556		2.604		9.615		3.792258		9.120
3.864		0.7618		0.0000		877.553		2.608		9.660		3.808783		9.160
3.884		0.7652		0.0000		877.550		2.611		9.710		3.825995		9.200
3.904		0.7691		0.0000		877.546		2.615		9.760		3.845273		9.240
3.928		0.7725		0.0000		877.542		2.618		9.820		3.862485		9.280
3.952		0.7758		0.0000		877.539		2.622		9.880		3.879009		9.320
3.972		0.7790		0.0000		877.536		2.625		9.930		3.894845		9.360
3.988		0.7823		0.0000		877.533		2.628		9.970		3.911368		9.400
4.006		0.7854		0.0000		877.529		2.631		10.015		3.927204		9.440
4.022		0.7886		0.0000		877.526		2.634		10.055		3.943040		9.480
4.040		0.7918		0.0000		877.523		2.638		10.100		3.958876		9.520
4.056		0.7951		0.0000		877.520		2.641		10.140		3.975399		9.560
4.074		0.7985		0.0000		877.516		2.644		10.185		3.992612		9.600
4.092		0.8021		0.0000		877.513		2.648		10.230		4.010512		9.640
4.112		0.8060		0.0000		877.509		2.652		10.280		4.029791		9.680
4.134		0.8091		0.0000		877.506		2.655		10.335		4.045627		9.720
4.154		0.8123		0.0000		877.503		2.658		10.385		4.061462		9.760
4.168		0.8155		0.0000		877.499		2.661		10.420		4.077297		9.800
4.182		0.8189		0.0000		877.496		2.665		10.455		4.094510		9.840
4.198		0.8219		0.0000		877.493		2.668		10.495		4.109656		9.880
4.212		0.8251		0.0000		877.490		2.671		10.530		4.125492		9.920
4.226		0.8284		0.0000		877.487		2.674		10.565		4.142017		9.960
4.240		0.8317		0.0000		877.483		2.678		10.600		4.158540		10.000
4.256		0.8354		0.0000		877.479		2.681		10.640		4.177130		10.040
4.274		0.8391		0.0000		877.476		2.685		10.685		4.195719		10.080
4.292		0.8426		0.0000		877.472		2.688		10.730		4.212932		10.120
4.310		0.8459		0.0000		877.469		2.692		10.775		4.229455		10.160
4.324		0.8491		0.0000		877.466		2.695		10.810		4.245291		10.200
4.338		0.8521		0.0000		877.463		2.698		10.845		4.260438		10.240
4.350		0.8554		0.0000		877.460		2.701		10.875		4.276962		10.280
4.362		0.8586		0.0000		877.456		2.704		10.905		4.292798		10.320
4.374		0.8617		0.0000		877.453		2.708		10.935		4.308633		10.360
4.386		0.8650		0.0000		877.450		2.711		10.965		4.325157		10.400
4.398		0.8687		0.0000		877.446		2.715		10.995		4.343746		10.440
4.412		0.8725		0.0000		877.442		2.718		11.030		4.362336		10.480
4.430		0.8760		0.0000		877.439		2.722		11.075		4.380238		10.520
4.448		0.8792		0.0000		877.436		2.725		11.120		4.396073		10.560
4.460		0.8824		0.0000		877.432		2.728		11.150		4.411908		10.600
4.470		0.8855		0.0000		877.429		2.731		11.175		4.427743		10.640
4.480		0.8887		0.0000		877.426		2.735		11.200		4.443579		10.680
4.492		0.8920		0.0000		877.423		2.738		11.230		4.460103		10.720
4.502		0.8952		0.0000		877.420		2.741		11.255		4.475939		10.760
4.512		0.8985		0.0000		877.416		2.744		11.280		4.492462		10.800
4.522		0.9018		0.0000		877.413		2.748		11.305		4.508987		10.840
4.534		0.9055		0.0000		877.409		2.751		11.335		4.527576		10.880
4.548		0.9094		0.0000		877.406		2.755		11.370		4.546854		10.920
4.564		0.9127		0.0000		877.402		2.759		11.410		4.563379		10.960
4.576		0.9158		0.0000		877.399		2.762		11.440		4.579213		11.000
4.584		0.9189		0.0000		877.396		2.765		11.460		4.594361		11.040
4.594		0.9222		0.0000		877.393		2.768		11.485		4.610885		11.080
4.602		0.9255		0.0000		877.389		2.771		11.505		4.627409		11.120
4.610		0.9286		0.0000		877.386		2.775		11.525		4.643244		11.160
4.618		0.9318		0.0000		877.383		2.778		11.545		4.659080		11.200
4.628		0.9351		0.0000		877.380		2.781		11.570		4.675603		11.240
4.636		0.9388		0.0000		877.376		2.785		11.590		4.694193		11.280
4.648		0.9427		0.0000		877.372		2.789		11.620		4.713471		11.320
4.662		0.9461		0.0000		877.369		2.792		11.655		4.730684		11.360
4.674		0.9492		0.0000		877.366		2.795		11.685		4.745831		11.400
4.680		0.9523		0.0000		877.363		2.798		11.700		4.761667		11.440
4.686		0.9556		0.0000		877.359		2.802		11.715		4.778190		11.480
4.694		0.9588		0.0000		877.356		2.805		11.735		4.794026		11.520
4.700		0.9620		0.0000		877.353		2.808		11.750		4.809862		11.560
4.706		0.9653		0.0000		877.350		2.811		11.765		4.826385		11.600
4.714		0.9684		0.0000		877.346		2.814		11.785		4.842221		11.640
4.722		0.9720		0.0000		877.343		2.818		11.805		4.860122		11.680
4.732		0.9759		0.0000		877.339		2.822		11.830		4.879400		11.720
4.744		0.9795		0.0000		877.335		2.825		11.860		4.897301		11.760
4.756		0.9826		0.0000		877.332		2.828		11.890		4.913136		11.800
4.764		0.9858		0.0000		877.329		2.832		11.910		4.928972		11.840
4.770		0.9891		0.0000		877.326		2.835		11.925		4.945496		11.880
4.774		0.9923		0.0000		877.323		2.838		11.935		4.961331		11.920
4.780		0.9954		0.0000		877.319		2.841		11.950		4.977167		11.960
4.786		0.9986		0.0000		877.316		2.844		11.965		4.993002		12.000
4.790		1.0018		0.0000		877.313		2.848		11.975		5.008838		12.040
4.796		1.0053		0.0000		877.310		2.851		11.990		5.026739		12.080
4.804		1.0089		0.0000		877.306		2.855		12.010		5.044640		12.120
4.814		1.0128		0.0000		877.302		2.859		12.035		5.063918		12.160
4.826		1.0161		0.0000		877.299		2.862		12.065		5.080442		12.200
4.836		1.0191		0.0000		877.296		2.865		12.090		5.095589		12.240
4.840		1.0224		0.0000		877.292		2.868		12.100		5.112112		12.280
4.844		1.0256		0.0000		877.289		2.871		12.110		5.127948		12.320
4.850		1.0289		0.0000		877.286		2.875		12.125		5.144473		12.360
4.854		1.0321		0.0000		877.283		2.878		12.135		5.160307		12.400
4.860		1.0352		0.0000		877.280		2.881		12.150		5.176143		12.440
4.864		1.0385		0.0000		877.276		2.884		12.160		5.192667		12.480
4.868		1.0423		0.0000		877.273		2.888		12.170		5.211256		12.520
4.878		1.0461		0.0000		877.269		2.892		12.195		5.230535		12.560
4.888		1.0494		0.0000		877.266		2.895		12.220		5.247058		12.600
4.896		1.0526		0.0000		877.262		2.898		12.240		5.262894		12.640
4.902		1.0557		0.0000		877.259		2.902		12.255		5.278730		12.680
4.904		1.0589		0.0000		877.256		2.905		12.260		5.294566		12.720
4.910		1.0621		0.0000		877.253		2.908		12.275		5.310401		12.760
4.914		1.0654		0.0000		877.250		2.911		12.285		5.326925		12.800
4.918		1.0686		0.0000		877.246		2.914		12.295		5.342761		12.840
4.922		1.0719		0.0000		877.243		2.918		12.305		5.359284		12.880
4.926		1.0756		0.0000		877.239		2.921		12.315		5.377874		12.920
4.934		1.0794		0.0000		877.235		2.925		12.335		5.397152		12.960
4.946		1.0829		0.0000		877.232		2.929		12.365		5.414364		13.000
4.954		1.0860		0.0000		877.229		2.932		12.385		5.430200		13.040
4.958		1.0891		0.0000		877.226		2.935		12.395		5.445346		13.080
4.960		1.0924		0.0000		877.223		2.938		12.400		5.461871		13.120
4.964		1.0955		0.0000		877.219		2.941		12.410		5.477707		13.160
4.966		1.0988		0.0000		877.216		2.945		12.415		5.494230		13.200
4.968		1.1019		0.0000		877.213		2.948		12.420		5.509377		13.240
4.972		1.1052		0.0000		877.210		2.951		12.430		5.525901		13.280
4.976		1.1088		0.0000		877.206		2.955		12.440		5.543802		13.320
4.980		1.1125		0.0000		877.202		2.958		12.450		5.562392		13.360
4.990		1.1162		0.0000		877.199		2.962		12.475		5.580981		13.400
5.000		1.1195		0.0000		877.195		2.965		12.500		5.597505		13.440
5.006		1.1227		0.0000		877.192		2.969		12.515		5.613341		13.480
5.008		1.1257		0.0000		877.189		2.972		12.520		5.628488		13.520
5.010		1.1290		0.0000		877.186		2.975		12.525		5.645012		13.560
5.012		1.1322		0.0000		877.183		2.978		12.530		5.660847		13.600
5.014		1.1353		0.0000		877.180		2.981		12.535		5.676682		13.640
5.016		1.1386		0.0000		877.176		2.985		12.540		5.693206		13.680
5.020		1.1419		0.0000		877.173		2.988		12.550		5.709731		13.720
5.024		1.1458		0.0000		877.169		2.992		12.560		5.729008		13.760
5.030		1.1495		0.0000		877.165		2.995		12.575		5.747598		13.800
5.040		1.1530		0.0000		877.162		2.999		12.600		5.764811		13.840
5.048		1.1560		0.0000		877.159		3.002		12.620		5.779957		13.880
5.050		1.1592		0.0000		877.156		3.005		12.625		5.795793		13.920
5.050		1.1625		0.0000		877.152		3.008		12.625		5.812318		13.960
5.054		1.1656		0.0000		877.149		3.011		12.635		5.828152		14.000
5.056		1.1688		0.0000		877.146		3.015		12.640		5.843988		14.040
5.058		1.1720		0.0000		877.143		3.018		12.645		5.859824		14.080
5.060		1.1753		0.0000		877.140		3.021		12.650		5.876348		14.120
5.062		1.1790		0.0000		877.136		3.025		12.655		5.894937		14.160
5.068		1.1827		0.0000		877.132		3.029		12.670		5.913527		14.200
5.078		1.1861		0.0000		877.129		3.032		12.695		5.930739		14.240
5.084		1.1893		0.0000		877.126		3.035		12.710		5.946575		14.280
5.088		1.1925		0.0000		877.122		3.038		12.720		5.962410		14.320
5.090		1.1958		0.0000		877.119		3.042		12.725		5.978934		14.360
5.092		1.1991		0.0000		877.116		3.045		12.730		5.995458		14.400
5.094		1.2023		0.0000		877.113		3.048		12.735		6.011293		14.440
5.096		1.2054		0.0000		877.109		3.051		12.740		6.027129		14.480
5.098		1.2086		0.0000		877.106		3.054		12.745		6.042965		14.520
5.100		1.2120		0.0000		877.103		3.058		12.750		6.060178		14.560
5.106		1.2159		0.0000		877.099		3.062		12.765		6.079455		14.600
5.114		1.2197		0.0000		877.095		3.066		12.785		6.098733		14.640
5.124		1.2228		0.0000		877.092		3.069		12.810		6.113880		14.680
5.128		1.2259		0.0000		877.089		3.072		12.820		6.129716		14.720
5.128		1.2291		0.0000		877.086		3.075		12.820		6.145552		14.760
5.130		1.2324		0.0000		877.082		3.078		12.825		6.162076		14.800
5.132		1.2356		0.0000		877.079		3.081		12.830		6.177911		14.840
5.134		1.2387		0.0000		877.076		3.085		12.835		6.193746		14.880
5.136		1.2421		0.0000		877.073		3.088		12.840		6.210270		14.920
5.138		1.2454		0.0000		877.070		3.091		12.845		6.226794		14.960
5.142		1.2491		0.0000		877.066		3.095		12.855		6.245384		15.000
5.148		1.2529		0.0000		877.062		3.099		12.870		6.264662		15.040
5.158		1.2562		0.0000		877.059		3.102		12.895		6.281186		15.080
5.164		1.2594		0.0000		877.055		3.105		12.910		6.297021		15.120
5.166		1.2626		0.0000		877.052		3.108		12.915		6.312857		15.160
5.168		1.2659		0.0000		877.049		3.112		12.920		6.329381		15.200
5.168		1.2690		0.0000		877.046		3.115		12.920		6.345217		15.240
5.170		1.2722		0.0000		877.043		3.118		12.925		6.361051		15.280
5.172		1.2754		0.0000		877.040		3.121		12.930		6.376887		15.320
5.174		1.2787		0.0000		877.036		3.125		12.935		6.393412		15.360
5.176		1.2824		0.0000		877.032		3.128		12.940		6.412001		15.400
5.182		1.2863		0.0000		877.029		3.132		12.955		6.431279		15.440
5.192		1.2897		0.0000		877.025		3.136		12.980		6.448491		15.480
5.200		1.2927		0.0000		877.022		3.139		13.000		6.463638		15.520
5.202		1.2960		0.0000		877.019		3.142		13.005		6.480163		15.560
5.204		1.2992		0.0000		877.016		3.145		13.010		6.495997		15.600
5.206		1.3025		0.0000		877.012		3.148		13.015		6.512522		15.640
5.208		1.3057		0.0000		877.009		3.152		13.020		6.528357		15.680
5.210		1.3088		0.0000		877.006		3.155		13.025		6.544192		15.720
5.210		1.3120		0.0000		877.003		3.158		13.025		6.560028		15.760
5.212		1.3156		0.0000		876.999		3.161		13.030		6.577929		15.800
5.218		1.3194		0.0000		876.995		3.165		13.045		6.597207		15.840
5.226		1.3230		0.0000		876.992		3.169		13.065		6.615108		15.880
5.236		1.3263		0.0000		876.989		3.172		13.090		6.631632		15.920
5.240		1.3295		0.0000		876.985		3.175		13.100		6.647468		15.960
5.242		1.3327		0.0000		876.982		3.179		13.105		6.663303		16.000
5.242		1.3358		0.0000		876.979		3.182		13.105		6.679139		16.040
5.244		1.3391		0.0000		876.976		3.185		13.110		6.695663		16.080
5.246		1.3422		0.0000		876.973		3.188		13.115		6.710810		16.120
5.248		1.3453		0.0000		876.970		3.191		13.120		6.726646		16.160
5.250		1.3488		0.0000		876.966		3.195		13.125		6.743857		16.200
5.254		1.3526		0.0000		876.962		3.198		13.135		6.763136		16.240
5.262		1.3563		0.0000		876.959		3.202		13.155		6.781725		16.280
5.270		1.3596		0.0000		876.955		3.206		13.175		6.798249		16.320
5.276		1.3630		0.0000		876.952		3.209		13.190		6.814774		16.360
5.276		1.3660		0.0000		876.949		3.212		13.190		6.829920		16.400
5.278		1.3693		0.0000		876.946		3.215		13.195		6.846444		16.440
5.280		1.3725		0.0000		876.942		3.218		13.200		6.862280		16.480
5.280		1.3756		0.0000		876.939		3.221		13.200		6.878116		16.520
5.282		1.3788		0.0000		876.936		3.225		13.205		6.893951		16.560
5.284		1.3821		0.0000		876.933		3.228		13.210		6.910475		16.600
5.286		1.3858		0.0000		876.929		3.232		13.215		6.929064		16.640
5.290		1.3897		0.0000		876.925		3.236		13.225		6.948342		16.680
5.300		1.3931		0.0000		876.922		3.239		13.250		6.965554		16.720
5.306		1.3963		0.0000		876.919		3.242		13.265		6.981390		16.760
5.308		1.3994		0.0000		876.915		3.245		13.270		6.997226		16.800
5.308		1.4026		0.0000		876.912		3.248		13.270		7.013062		16.840
5.310		1.4059		0.0000		876.909		3.252		13.275		7.029585		16.880
5.312		1.4091		0.0000		876.906		3.255		13.280		7.045421		16.920
5.312		1.4121		0.0000		876.903		3.258		13.280		7.060568		16.960
5.314		1.4154		0.0000		876.899		3.261		13.285		7.077091		17.000
5.316		1.4190		0.0000		876.896		3.265		13.290		7.094993		17.040
5.320		1.4229		0.0000		876.892		3.269		13.300		7.114270		17.080
5.330		1.4266		0.0000		876.888		3.272		13.325		7.132860		17.120
5.338		1.4297		0.0000		876.885		3.276		13.345		7.148695		17.160
5.342		1.4328		0.0000		876.882		3.279		13.355		7.163842		17.200
5.342		1.4361		0.0000		876.879		3.282		13.355		7.180367		17.240
5.344		1.4394		0.0000		876.876		3.285		13.360		7.196891		17.280
5.346		1.4424		0.0000		876.872		3.288		13.365		7.212038		17.320
5.346		1.4457		0.0000		876.869		3.292		13.365		7.228562		17.360
5.348		1.4489		0.0000		876.866		3.295		13.370		7.244397		17.400
5.350		1.4522		0.0000		876.863		3.298		13.375		7.260921		17.440
5.352		1.4560		0.0000		876.859		3.302		13.380		7.280199		17.480
5.360		1.4598		0.0000		876.855		3.306		13.400		7.298789		17.520
5.368		1.4631		0.0000		876.852		3.309		13.420		7.315313		17.560
5.374		1.4664		0.0000		876.849		3.312		13.435		7.331837		17.600
5.374		1.4694		0.0000		876.846		3.315		13.435		7.346983		17.640
5.374		1.4726		0.0000		876.842		3.318		13.435		7.362819		17.680
5.376		1.4759		0.0000		876.839		3.322		13.440		7.379343		17.720
5.376		1.4790		0.0000		876.836		3.325		13.440		7.395179		17.760
5.378		1.4822		0.0000		876.833		3.328		13.445		7.411015		17.800
5.378		1.4855		0.0000		876.829		3.331		13.445		7.427538		17.840
5.380		1.4892		0.0000		876.826		3.335		13.450		7.446127		17.880
5.386		1.4931		0.0000		876.822		3.339		13.465		7.465406		17.920
5.396		1.4965		0.0000		876.818		3.342		13.490		7.482619		17.960
5.402		1.4997		0.0000		876.815		3.346		13.505		7.498453		18.000
5.402		1.5029		0.0000		876.812		3.349		13.505		7.514289		18.040
5.404		1.5062		0.0000		876.809		3.352		13.510		7.530814		18.080
5.404		1.5093		0.0000		876.806		3.355		13.510		7.546649		18.120
5.406		1.5125		0.0000		876.802		3.358		13.515		7.562484		18.160
5.408		1.5157		0.0000		876.799		3.362		13.520		7.578320		18.200
5.408		1.5190		0.0000		876.796		3.365		13.520		7.594843		18.240
5.410		1.5224		0.0000		876.792		3.368		13.525		7.612056		18.280
5.414		1.5263		0.0000		876.789		3.372		13.535		7.631335		18.320
5.422		1.5298		0.0000		876.785		3.376		13.555		7.649235		18.360
5.430		1.5330		0.0000		876.782		3.379		13.575		7.665071		18.400
5.432		1.5363		0.0000		876.779		3.382		13.580		7.681594		18.440
5.434		1.5395		0.0000		876.775		3.385		13.585		7.697430		18.480
5.434		1.5427		0.0000		876.772		3.389		13.585		7.713266		18.520
5.434		1.5458		0.0000		876.769		3.392		13.585		7.729102		18.560
5.436		1.5491		0.0000		876.766		3.395		13.590		7.745625		18.600
5.438		1.5523		0.0000		876.763		3.398		13.595		7.761461		18.640
5.440		1.5557		0.0000		876.759		3.402		13.600		7.778674		18.680
5.442		1.5595		0.0000		876.755		3.405		13.605		7.797263		18.720
5.450		1.5632		0.0000		876.752		3.409		13.625		7.815853		18.760
5.458		1.5665		0.0000		876.748		3.412		13.645		7.832376		18.800
5.464		1.5696		0.0000		876.745		3.416		13.660		7.848212		18.840
5.464		1.5729		0.0000		876.742		3.419		13.660		7.864736		18.880
5.464		1.5760		0.0000		876.739		3.422		13.660		7.879882		18.920
5.464		1.5793		0.0000		876.736		3.425		13.660		7.896407		18.960
5.466		1.5824		0.0000		876.732		3.428		13.665		7.912242		19.000
5.466		1.5856		0.0000		876.729		3.431		13.665		7.928078		19.040
5.468		1.5889		0.0000		876.726		3.435		13.670		7.944601		19.080
5.470		1.5928		0.0000		876.722		3.439		13.675		7.963880		19.120
5.476		1.5965		0.0000		876.718		3.442		13.690		7.982469		19.160
5.486		1.5998		0.0000		876.715		3.446		13.715		7.998993		19.200
5.492		1.6031		0.0000		876.712		3.449		13.730		8.015517		19.240
5.494		1.6063		0.0000		876.709		3.452		13.735		8.031352		19.280
5.494		1.6094		0.0000		876.705		3.455		13.735		8.047188		19.320
5.496		1.6127		0.0000		876.702		3.459		13.740		8.063713		19.360
5.496		1.6158		0.0000		876.699		3.462		13.740		8.078859		19.400
5.498		1.6189		0.0000		876.696		3.465		13.745		8.094695		19.440
5.500		1.6222		0.0000		876.693		3.468		13.750		8.111218		19.480
5.500		1.6260		0.0000		876.689		3.472		13.750		8.129808		19.520
5.506		1.6298		0.0000		876.685		3.476		13.765		8.149087		19.560
5.514		1.6333		0.0000		876.682		3.479		13.785		8.166298		19.600
5.522		1.6366		0.0000		876.678		3.482		13.805		8.182823		19.640
5.524		1.6397		0.0000		876.675		3.486		13.810		8.198659		19.680
5.524		1.6429		0.0000		876.672		3.489		13.810		8.214494		19.720
5.526		1.6462		0.0000		876.669		3.492		13.815		8.231018		19.760
5.528		1.6492		0.0000		876.666		3.495		13.820		8.246165		19.800
5.528		1.6524		0.0000		876.662		3.498		13.820		8.262001		19.840
5.530		1.6557		0.0000		876.659		3.502		13.825		8.278524		19.880
5.530		1.6591		0.0000		876.656		3.505		13.825		8.295737		19.920
5.534		1.6630		0.0000		876.652		3.509		13.835		8.315014		19.960
5.540		1.6667		0.0000		876.648		3.513		13.850		8.333604		20.000
5.548		1.6699		0.0000		876.645		3.516		13.870		8.349440		20.040
5.552		1.6731		0.0000		876.642		3.519		13.880		8.365275		20.080
5.552		1.6764		0.0000		876.639		3.522		13.880		8.381799		20.120
5.550		1.6794		0.0000		876.635		3.525		13.875		8.396947		20.160
5.552		1.6827		0.0000		876.632		3.529		13.880		8.413470		20.200
5.552		1.6859		0.0000		876.629		3.532		13.880		8.429306		20.240
5.554		1.6890		0.0000		876.626		3.535		13.885		8.445141		20.280
5.554		1.6925		0.0000		876.622		3.538		13.885		8.462354		20.320
5.556		1.6961		0.0000		876.619		3.542		13.890		8.480255		20.360
5.562		1.7000		0.0000		876.615		3.546		13.905		8.500221		20.400
5.570		1.7033		0.0000		876.612		3.549		13.925		8.516745		20.440
5.576		1.7064		0.0000		876.609		3.552		13.940		8.531892		20.480
5.576		1.7095		0.0000		876.605		3.555		13.940		8.547728		20.520
5.576		1.7129		0.0000		876.602		3.559		13.940		8.564252		20.560
5.578		1.7160		0.0000		876.599		3.562		13.945		8.580087		20.600
5.578		1.7192		0.0000		876.596		3.565		13.945		8.595922		20.640
5.578		1.7225		0.0000		876.592		3.568		13.945		8.612446		20.680
5.580		1.7257		0.0000		876.589		3.572		13.950		8.628282		20.720
5.580		1.7292		0.0000		876.586		3.575		13.950		8.646184		20.760
5.584		1.7332		0.0000		876.582		3.579		13.960		8.666150		20.800
5.592		1.7367		0.0000		876.578		3.583		13.980		8.683363		20.840
5.600		1.7398		0.0000		876.575		3.586		14.000		8.699197		20.880
5.604		1.7430		0.0000		876.572		3.589		14.010		8.715033		20.920
5.604		1.7462		0.0000		876.569		3.592		14.010		8.730868		20.960
5.604		1.7495		0.0000		876.565		3.595		14.010		8.747393		21.000
5.606		1.7526		0.0000		876.562		3.599		14.015		8.763228		21.040
5.606		1.7560		0.0000		876.559		3.602		14.015		8.779753		21.080
5.606		1.7590		0.0000		876.556		3.605		14.015		8.794900		21.120
5.608		1.7626		0.0000		876.552		3.608		14.020		8.812800		21.160
5.610		1.7664		0.0000		876.548		3.612		14.025		8.832079		21.200
5.618		1.7701		0.0000		876.545		3.616		14.045		8.850668		21.240
5.626		1.7732		0.0000		876.542		3.619		14.065		8.865815		21.280
5.628		1.7765		0.0000		876.538		3.622		14.070		8.882339		21.320
5.630		1.7796		0.0000		876.535		3.626		14.075		8.898174		21.360
5.630		1.7828		0.0000		876.532		3.629		14.075		8.914010		21.400
5.632		1.7860		0.0000		876.529		3.632		14.080		8.929846		21.440
5.632		1.7891		0.0000		876.526		3.635		14.080		8.945681		21.480
5.634		1.7926		0.0000		876.522		3.638		14.085		8.962893		21.520
5.634		1.7959		0.0000		876.519		3.642		14.085		8.979418		21.560
5.638		1.7996		0.0000		876.515		3.645		14.095		8.998007		21.600
5.642		1.8033		0.0000		876.512		3.649		14.105		9.016597		21.640
5.652		1.8068		0.0000		876.508		3.653		14.130		9.033810		21.680
5.656		1.8099		0.0000		876.505		3.656		14.140		9.049644		21.720
5.658		1.8130		0.0000		876.502		3.659		14.145		9.064792		21.760
5.658		1.8163		0.0000		876.499		3.662		14.145		9.081315		21.800
5.658		1.8194		0.0000		876.495		3.665		14.145		9.097151		21.840
5.658		1.8226		0.0000		876.492		3.668		14.145		9.112986		21.880
5.660		1.8259		0.0000		876.489		3.672		14.150		9.129511		21.920
5.660		1.8289		0.0000		876.486		3.675		14.150		9.144657		21.960
5.662		1.8328		0.0000		876.482		3.679		14.155		9.163936		22.000
5.666		1.8366		0.0000		876.478		3.683		14.165		9.183213		22.040
5.676		1.8401		0.0000		876.475		3.686		14.190		9.200426		22.080
5.684		1.8433		0.0000		876.472		3.689		14.210		9.216262		22.120
5.686		1.8466		0.0000		876.468		3.692		14.215		9.232785		22.160
5.684		1.8497		0.0000		876.465		3.696		14.210		9.248621		22.200
5.686		1.8529		0.0000		876.462		3.699		14.215		9.264457		22.240
5.686		1.8561		0.0000		876.459		3.702		14.215		9.280292		22.280
5.688		1.8592		0.0000		876.456		3.705		14.220		9.296127		22.320
5.688		1.8625		0.0000		876.452		3.708		14.220		9.312652		22.360
5.688		1.8660		0.0000		876.449		3.712		14.220		9.329864		22.400
5.692		1.8698		0.0000		876.445		3.716		14.230		9.349142		22.440
5.700		1.8735		0.0000		876.441		3.719		14.250		9.367731		22.480
5.708		1.8767		0.0000		876.438		3.723		14.270		9.383567		22.520
5.712		1.8799		0.0000		876.435		3.726		14.280		9.399403		22.560
5.712		1.8830		0.0000		876.432		3.729		14.280		9.415237		22.600
5.712		1.8862		0.0000		876.429		3.732		14.280		9.431073		22.640
5.714		1.8894		0.0000		876.426		3.735		14.285		9.446909		22.680
5.714		1.8925		0.0000		876.422		3.738		14.285		9.462745		22.720
5.716		1.8957		0.0000		876.419		3.742		14.290		9.478580		22.760
5.716		1.8992		0.0000		876.416		3.745		14.290		9.495791		22.800
5.718		1.9030		0.0000		876.412		3.749		14.295		9.515070		22.840
5.724		1.9067		0.0000		876.408		3.753		14.310		9.533660		22.880
5.734		1.9100		0.0000		876.405		3.756		14.335		9.550183		22.920
5.740		1.9133		0.0000		876.402		3.759		14.350		9.566709		22.960
5.740		1.9165		0.0000		876.398		3.762		14.350		9.582542		23.000
5.740		1.9197		0.0000		876.395		3.766		14.350		9.598378		23.040
5.740		1.9228		0.0000		876.392		3.769		14.350		9.614214		23.080
5.742		1.9260		0.0000		876.389		3.772		14.355		9.630050		23.120
5.742		1.9292		0.0000		876.386		3.775		14.355		9.645885		23.160
5.742		1.9325		0.0000		876.382		3.778		14.355		9.662410		23.200
5.744		1.9362		0.0000		876.379		3.782		14.360		9.680999		23.240
5.748		1.9399		0.0000		876.375		3.786		14.370		9.699589		23.280
5.756		1.9436		0.0000		876.371		3.790		14.390		9.718178		23.320
5.762		1.9468		0.0000		876.368		3.793		14.405		9.734014		23.360
5.764		1.9498		0.0000		876.365		3.796		14.410		9.749161		23.400
5.764		1.9531		0.0000		876.362		3.799		14.410		9.765684		23.440
5.764		1.9563		0.0000		876.359		3.802		14.410		9.781520		23.480
5.764		1.9595		0.0000		876.355		3.805		14.410		9.797356		23.520
5.764		1.9626		0.0000		876.352		3.809		14.410		9.813191		23.560
5.764		1.9658		0.0000		876.349		3.812		14.410		9.829026		23.600
5.764		1.9692		0.0000		876.346		3.815		14.410		9.846238		23.640
5.768		1.9731		0.0000		876.342		3.819		14.420		9.865517		23.680
5.776		1.9770		0.0000		876.338		3.823		14.440		9.884794		23.720
5.784		1.9801		0.0000		876.335		3.826		14.460		9.900630		23.760
5.786		1.9832		0.0000		876.332		3.829		14.465		9.915777		23.800
5.786		1.9865		0.0000		876.328		3.832		14.465		9.932302		23.840
5.786		1.9898		0.0000		876.325		3.836		14.465		9.948825		23.880
5.786		1.9929		0.0000		876.322		3.839		14.465		9.964661		23.920
5.786		1.9961		0.0000		876.319		3.842		14.465		9.980496		23.960
5.786		1.9993		0.0000		876.316		3.845		14.465		9.996331		24.000
5.788		2.0026		0.0000		876.312		3.848		14.470		10.012856		24.040
5.790		2.0064		0.0000		876.308		3.852		14.475		10.032134		24.080
5.796		2.0103		0.0000		876.305		3.856		14.490		10.051413		24.120
5.804		2.0136		0.0000		876.301		3.859		14.510		10.067935		24.160
5.808		2.0168		0.0000		876.298		3.863		14.520		10.083771		24.200
5.808		2.0199		0.0000		876.295		3.866		14.520		10.099607		24.240
5.808		2.0231		0.0000		876.292		3.869		14.520		10.115442		24.280
5.808		2.0263		0.0000		876.289		3.872		14.520		10.131278		24.320
5.808		2.0294		0.0000		876.285		3.875		14.520		10.147114		24.360
5.808		2.0326		0.0000		876.282		3.878		14.520		10.162950		24.400
5.808		2.0359		0.0000		876.279		3.882		14.520		10.179472		24.440
5.810		2.0396		0.0000		876.275		3.885		14.525		10.198061		24.480
5.814		2.0435		0.0000		876.271		3.889		14.535		10.217340		24.520
5.824		2.0469		0.0000		876.268		3.893		14.560		10.234554		24.560
5.830		2.0501		0.0000		876.265		3.896		14.575		10.250387		24.600
5.832		2.0532		0.0000		876.262		3.899		14.580		10.266223		24.640
5.832		2.0564		0.0000		876.258		3.902		14.580		10.282059		24.680
5.832		2.0597		0.0000		876.255		3.906		14.580		10.298584		24.720
5.832		2.0629		0.0000		876.252		3.909		14.580		10.314419		24.760
5.832		2.0661		0.0000		876.249		3.912		14.580		10.330256		24.800
5.832		2.0694		0.0000		876.246		3.915		14.580		10.346777		24.840
5.832		2.0728		0.0000		876.242		3.919		14.580		10.363991		24.880
5.836		2.0767		0.0000		876.238		3.923		14.590		10.383270		24.920
5.842		2.0802		0.0000		876.235		3.926		14.605		10.401171		24.960
5.850		2.0835		0.0000		876.231		3.929		14.625		10.417692		25.000
5.854		2.0867		0.0000		876.228		3.933		14.635		10.433529		25.040
5.854		2.0899		0.0000		876.225		3.936		14.635		10.449364		25.080
5.854		2.0930		0.0000		876.222		3.939		14.635		10.465200		25.120
5.854		2.0962		0.0000		876.219		3.942		14.635		10.481035		25.160
5.854		2.0995		0.0000		876.215		3.945		14.635		10.497561		25.200
5.854		2.1027		0.0000		876.212		3.949		14.635		10.513396		25.240
5.854		2.1060		0.0000		876.209		3.952		14.635		10.529919		25.280
5.856		2.1098		0.0000		876.205		3.956		14.640		10.549197		25.320
5.864		2.1137		0.0000		876.201		3.960		14.660		10.568476		25.360
5.872		2.1169		0.0000		876.198		3.963		14.680		10.584311		25.400
5.876		2.1202		0.0000		876.195		3.966		14.690		10.600834		25.440
5.876		2.1232		0.0000		876.192		3.969		14.690		10.615980		25.480
5.876		2.1265		0.0000		876.188		3.972		14.690		10.632505		25.520
5.876		2.1297		0.0000		876.185		3.976		14.690		10.648341		25.560
5.878		2.1328		0.0000		876.182		3.979		14.695		10.664177		25.600
5.878		2.1360		0.0000		876.179		3.982		14.695		10.680013		25.640
5.878		2.1393		0.0000		876.176		3.985		14.695		10.696535		25.680
5.880		2.1429		0.0000		876.172		3.989		14.700		10.714437		25.720
5.886		2.1469		0.0000		876.168		3.993		14.715		10.734404		25.760
5.894		2.1503		0.0000		876.165		3.996		14.735		10.751617		25.800
5.902		2.1535		0.0000		876.161		3.999		14.755		10.767452		25.840
5.902		2.1567		0.0000		876.158		4.003		14.755		10.783286		25.880
5.902		2.1600		0.0000		876.155		4.006		14.755		10.799810		25.920
5.902		2.1630		0.0000		876.152		4.009		14.755		10.814958		25.960
5.902		2.1663		0.0000		876.149		4.012		14.755		10.831482		26.000
5.902		2.1695		0.0000		876.145		4.015		14.755		10.847319		26.040
5.902		2.1726		0.0000		876.142		4.018		14.755		10.863152		26.080
5.904		2.1762		0.0000		876.139		4.022		14.760		10.881054		26.120
5.908		2.1799		0.0000		876.135		4.026		14.770		10.899644		26.160
5.916		2.1838		0.0000		876.131		4.030		14.790		10.918921		26.200
5.926		2.1868		0.0000		876.128		4.033		14.815		10.934069		26.240
5.930		2.1901		0.0000		876.125		4.036		14.825		10.950592		26.280
5.930		2.1933		0.0000		876.122		4.039		14.825		10.966427		26.320
5.930		2.1965		0.0000		876.118		4.042		14.825		10.982264		26.360
5.930		2.1996		0.0000		876.115		4.045		14.825		10.998098		26.400
5.930		2.2028		0.0000		876.112		4.049		14.825		11.013935		26.440
5.930		2.2061		0.0000		876.109		4.052		14.825		11.030457		26.480
5.930		2.2095		0.0000		876.105		4.055		14.825		11.047670		26.520
5.932		2.2133		0.0000		876.102		4.059		14.830		11.066260		26.560
5.938		2.2171		0.0000		876.098		4.063		14.845		11.085539		26.600
5.946		2.2204		0.0000		876.094		4.066		14.865		11.102061		26.640
5.950		2.2234		0.0000		876.091		4.069		14.875		11.117208		26.680
5.950		2.2267		0.0000		876.088		4.073		14.875		11.133733		26.720
5.950		2.2298		0.0000		876.085		4.076		14.875		11.148880		26.760
5.950		2.2331		0.0000		876.082		4.079		14.875		11.165404		26.800
5.950		2.2362		0.0000		876.079		4.082		14.875		11.181240		26.840
5.950		2.2394		0.0000		876.076		4.085		14.875		11.197076		26.880
5.950		2.2427		0.0000		876.072		4.089		14.875		11.213598		26.920
5.950		2.2464		0.0000		876.068		4.092		14.875		11.232187		26.960
5.956		2.2504		0.0000		876.064		4.096		14.890		11.252155		27.000
5.964		2.2539		0.0000		876.061		4.100		14.910		11.269367		27.040
5.970		2.2569		0.0000		876.058		4.103		14.925		11.284515		27.080
5.970		2.2601		0.0000		876.055		4.106		14.925		11.300349		27.120
5.968		2.2632		0.0000		876.052		4.109		14.920		11.316185		27.160
5.968		2.2665		0.0000		876.048		4.112		14.920		11.332710		27.200
5.968		2.2697		0.0000		876.045		4.116		14.920		11.348545		27.240
5.968		2.2729		0.0000		876.042		4.119		14.920		11.364382		27.280
5.968		2.2760		0.0000		876.039		4.122		14.920		11.380217		27.320
5.968		2.2796		0.0000		876.035		4.125		14.920		11.398117		27.360
5.972		2.2835		0.0000		876.031		4.129		14.930		11.417397		27.400
5.980		2.2872		0.0000		876.028		4.133		14.950		11.435986		27.440
5.988		2.2904		0.0000		876.025		4.136		14.970		11.451821		27.480
5.990		2.2934		0.0000		876.021		4.139		14.975		11.466969		27.520
5.988		2.2966		0.0000		876.018		4.142		14.970		11.482803		27.560
5.988		2.2999		0.0000		876.015		4.146		14.970		11.499327		27.600
5.988		2.3030		0.0000		876.012		4.149		14.970		11.515162		27.640
5.988		2.3062		0.0000		876.009		4.152		14.970		11.530998		27.680
5.988		2.3094		0.0000		876.006		4.155		14.970		11.546833		27.720
5.988		2.3128		0.0000		876.002		4.159		14.970		11.564045		27.760
5.990		2.3167		0.0000		875.998		4.163		14.975		11.583323		27.800
5.996		2.3205		0.0000		875.994		4.166		14.990		11.602602		27.840
6.006		2.3237		0.0000		875.991		4.170		15.015		11.618438		27.880
6.010		2.3270		0.0000		875.988		4.173		15.025		11.634960		27.920
6.010		2.3302		0.0000		875.985		4.176		15.025		11.650796		27.960
6.008		2.3333		0.0000		875.982		4.179		15.020		11.666632		28.000
6.008		2.3365		0.0000		875.978		4.182		15.020		11.682467		28.040
6.008		2.3395		0.0000		875.975		4.185		15.020		11.697615		28.080
6.008		2.3428		0.0000		875.972		4.189		15.020		11.714139		28.120
6.006		2.3461		0.0000		875.969		4.192		15.015		11.730663		28.160
6.008		2.3497		0.0000		875.965		4.196		15.020		11.748564		28.200
6.012		2.3538		0.0000		875.961		4.200		15.030		11.769218		28.240
6.022		2.3571		0.0000		875.958		4.203		15.055		11.785744		28.280
6.028		2.3603		0.0000		875.955		4.206		15.070		11.801579		28.320
6.030		2.3635		0.0000		875.951		4.209		15.075		11.817415		28.360
6.028		2.3666		0.0000		875.948		4.213		15.070		11.833248		28.400
6.026		2.3698		0.0000		875.945		4.216		15.065		11.849084		28.440
6.026		2.3730		0.0000		875.942		4.219		15.065		11.864920		28.480
6.026		2.3762		0.0000		875.939		4.222		15.065		11.880755		28.520
6.024		2.3793		0.0000		875.936		4.225		15.060		11.896591		28.560
6.024		2.3829		0.0000		875.932		4.229		15.060		11.914492		28.600
6.028		2.3870		0.0000		875.928		4.233		15.070		11.935148		28.640
6.038		2.3906		0.0000		875.924		4.236		15.095		11.953049		28.680
6.048		2.3938		0.0000		875.921		4.240		15.120		11.968884		28.720
6.050		2.3969		0.0000		875.918		4.243		15.125		11.984720		28.760
6.048		2.4001		0.0000		875.915		4.246		15.120		12.000553		28.800
6.048		2.4033		0.0000		875.912		4.249		15.120		12.016390		28.840
6.046		2.4064		0.0000		875.908		4.252		15.115		12.032225		28.880
6.048		2.4096		0.0000		875.905		4.255		15.120		12.048061		28.920
6.046		2.4128		0.0000		875.902		4.259		15.115		12.063896		28.960
6.046		2.4162		0.0000		875.899		4.262		15.115		12.081108		29.000
6.048		2.4202		0.0000		875.895		4.266		15.120		12.101076		29.040
6.056		2.4239		0.0000		875.891		4.270		15.140		12.119665		29.080
6.064		2.4272		0.0000		875.888		4.273		15.160		12.136190		29.120
6.068		2.4304		0.0000		875.885		4.276		15.170		12.152025		29.160
6.066		2.4334		0.0000		875.881		4.279		15.165		12.167172		29.200
6.064		2.4367		0.0000		875.878		4.283		15.160		12.183695		29.240
6.064		2.4399		0.0000		875.875		4.286		15.160		12.199531		29.280
6.066		2.4431		0.0000		875.872		4.289		15.165		12.215366		29.320
6.064		2.4461		0.0000		875.869		4.292		15.160		12.230513		29.360
6.064		2.4494		0.0000		875.865		4.295		15.160		12.247038		29.400
6.066		2.4534		0.0000		875.862		4.299		15.165		12.267003		29.440
6.072		2.4573		0.0000		875.858		4.303		15.180		12.286282		29.480
6.082		2.4606		0.0000		875.854		4.306		15.205		12.302807		29.520
6.088		2.4637		0.0000		875.851		4.310		15.220		12.318642		29.560
6.088		2.4669		0.0000		875.848		4.313		15.220		12.334478		29.600
6.088		2.4701		0.0000		875.845		4.316		15.220		12.350313		29.640
6.086		2.4734		0.0000		875.842		4.319		15.215		12.366837		29.680
6.086		2.4764		0.0000		875.839		4.322		15.215		12.381983		29.720
6.086		2.4797		0.0000		875.835		4.326		15.215		12.398508		29.760
6.086		2.4829		0.0000		875.832		4.329		15.215		12.414343		29.800
6.086		2.4864		0.0000		875.828		4.332		15.215		12.432243		29.840
6.090		2.4903		0.0000		875.825		4.336		15.225		12.451523		29.880
6.098		2.4940		0.0000		875.821		4.340		15.245		12.470112		29.920
6.106		2.4971		0.0000		875.818		4.343		15.265		12.485258		29.960
6.108		2.5002		0.0000		875.815		4.346		15.270		12.501095		30.000
6.106		2.5035		0.0000		875.811		4.349		15.265		12.517619		30.040
6.106		2.5067		0.0000		875.808		4.353		15.265		12.533453		30.080
6.104		2.5099		0.0000		875.805		4.356		15.260		12.549288		30.120
6.104		2.5129		0.0000		875.802		4.359		15.260		12.564435		30.160
6.104		2.5162		0.0000		875.799		4.362		15.260		12.580959		30.200
6.102		2.5198		0.0000		875.795		4.366		15.255		12.598860		30.240
6.104		2.5235		0.0000		875.791		4.369		15.260		12.617450		30.280
6.112		2.5273		0.0000		875.788		4.373		15.280		12.636728		30.320
6.120		2.5305		0.0000		875.784		4.376		15.300		12.652564		30.360
6.124		2.5337		0.0000		875.781		4.380		15.310		12.668400		30.400
6.122		2.5368		0.0000		875.778		4.383		15.305		12.684236		30.440
6.122		2.5402		0.0000		875.775		4.386		15.305		12.700760		30.480
6.120		2.5432		0.0000		875.772		4.389		15.300		12.715907		30.520
6.120		2.5465		0.0000		875.768		4.392		15.300		12.732430		30.560
6.118		2.5495		0.0000		875.765		4.395		15.295		12.747576		30.600
6.118		2.5530		0.0000		875.762		4.399		15.295		12.764790		30.640
6.118		2.5567		0.0000		875.758		4.403		15.295		12.783380		30.680
6.122		2.5607		0.0000		875.754		4.407		15.305		12.803345		30.720
6.132		2.5640		0.0000		875.751		4.410		15.330		12.819870		30.760
6.136		2.5671		0.0000		875.748		4.413		15.340		12.835705		30.800
6.136		2.5702		0.0000		875.745		4.416		15.340		12.850852		30.840
6.134		2.5735		0.0000		875.741		4.419		15.335		12.867376		30.880
6.132		2.5766		0.0000		875.738		4.423		15.330		12.883213		30.920
6.132		2.5798		0.0000		875.735		4.426		15.330		12.899048		30.960
6.132		2.5830		0.0000		875.732		4.429		15.330		12.914882		31.000
6.130		2.5861		0.0000		875.729		4.432		15.325		12.930717		31.040
6.130		2.5899		0.0000		875.725		4.436		15.325		12.949306		31.080
6.134		2.5939		0.0000		875.721		4.440		15.335		12.969275		31.120
6.144		2.5973		0.0000		875.718		4.443		15.360		12.986486		31.160
6.150		2.6005		0.0000		875.714		4.446		15.375		13.002321		31.200
6.152		2.6036		0.0000		875.711		4.450		15.380		13.018158		31.240
6.150		2.6069		0.0000		875.708		4.453		15.375		13.034682		31.280
6.150		2.6101		0.0000		875.705		4.456		15.375		13.050518		31.320
6.148		2.6133		0.0000		875.702		4.459		15.370		13.066354		31.360
6.148		2.6163		0.0000		875.699		4.462		15.370		13.081501		31.400
6.148		2.6196		0.0000		875.695		4.465		15.370		13.098022		31.440
6.146		2.6232		0.0000		875.692		4.469		15.365		13.115926		31.480
6.150		2.6269		0.0000		875.688		4.473		15.375		13.134516		31.520
6.156		2.6308		0.0000		875.684		4.477		15.390		13.153791		31.560
6.166		2.6339		0.0000		875.681		4.480		15.415		13.169627		31.600
6.170		2.6371		0.0000		875.678		4.483		15.425		13.185463		31.640
6.168		2.6403		0.0000		875.675		4.486		15.420		13.201299		31.680
6.166		2.6436		0.0000		875.671		4.489		15.415		13.217823		31.720
6.166		2.6467		0.0000		875.668		4.493		15.415		13.233660		31.760
6.164		2.6498		0.0000		875.665		4.496		15.410		13.248806		31.800
6.164		2.6529		0.0000		875.662		4.499		15.410		13.264642		31.840
6.162		2.6562		0.0000		875.659		4.502		15.405		13.281164		31.880
6.162		2.6601		0.0000		875.655		4.506		15.405		13.300443		31.920
6.168		2.6641		0.0000		875.651		4.510		15.420		13.320410		31.960
6.178		2.6674		0.0000		875.648		4.513		15.445		13.336933		32.000
6.182		2.6706		0.0000		875.644		4.516		15.455		13.352768		32.040
6.182		2.6736		0.0000		875.641		4.519		15.455		13.367915		32.080
6.180		2.6769		0.0000		875.638		4.523		15.450		13.384439		32.120
6.180		2.6801		0.0000		875.635		4.526		15.450		13.400276		32.160
6.180		2.6832		0.0000		875.632		4.529		15.450		13.416111		32.200
6.180		2.6864		0.0000		875.628		4.532		15.450		13.431948		32.240
6.180		2.6896		0.0000		875.625		4.535		15.450		13.447781		32.280
6.180		2.6933		0.0000		875.622		4.539		15.450		13.466370		32.320
6.182		2.6973		0.0000		875.618		4.543		15.455		13.486338		32.360
6.190		2.7008		0.0000		875.614		4.547		15.475		13.504238		32.400
6.198		2.7039		0.0000		875.611		4.550		15.495		13.519384		32.440
6.198		2.7072		0.0000		875.608		4.553		15.495		13.535910		32.480
6.196		2.7103		0.0000		875.605		4.556		15.490		13.551745		32.520
6.196		2.7135		0.0000		875.601		4.559		15.490		13.567581		32.560
6.196		2.7165		0.0000		875.598		4.562		15.490		13.582727		32.600
6.194		2.7199		0.0000		875.595		4.566		15.485		13.599253		32.640
6.194		2.7230		0.0000		875.592		4.569		15.485		13.615086		32.680
6.192		2.7265		0.0000		875.588		4.572		15.480		13.632299		32.720
6.196		2.7305		0.0000		875.584		4.576		15.490		13.652266		32.760
6.204		2.7342		0.0000		875.581		4.580		15.510		13.670855		32.800
6.214		2.7373		0.0000		875.578		4.583		15.535		13.686690		32.840
6.216		2.7405		0.0000		875.574		4.586		15.540		13.702526		32.880
6.214		2.7437		0.0000		875.571		4.590		15.535		13.718362		32.920
6.212		2.7470		0.0000		875.568		4.593		15.530		13.734886		32.960
6.212		2.7501		0.0000		875.565		4.596		15.530		13.750723		33.000
6.210		2.7532		0.0000		875.562		4.599		15.525		13.765869		33.040
6.210		2.7563		0.0000		875.559		4.602		15.525		13.781705		33.080
6.210		2.7598		0.0000		875.555		4.606		15.525		13.798916		33.120
6.212		2.7636		0.0000		875.551		4.610		15.530		13.818195		33.160
6.218		2.7675		0.0000		875.547		4.613		15.545		13.837473		33.200
6.226		2.7708		0.0000		875.544		4.617		15.565		13.853996		33.240
6.232		2.7740		0.0000		875.541		4.620		15.580		13.869831		33.280
6.230		2.7771		0.0000		875.538		4.623		15.575		13.885668		33.320
6.228		2.7803		0.0000		875.535		4.626		15.570		13.901503		33.360
6.226		2.7835		0.0000		875.531		4.629		15.565		13.917339		33.400
6.224		2.7866		0.0000		875.528		4.633		15.560		13.933174		33.440
6.222		2.7898		0.0000		875.525		4.636		15.555		13.949011		33.480
6.220		2.7931		0.0000		875.522		4.639		15.550		13.965532		33.520
6.220		2.7967		0.0000		875.518		4.643		15.550		13.983436		33.560
6.224		2.8005		0.0000		875.514		4.646		15.560		14.002712		33.600
6.232		2.8043		0.0000		875.511		4.650		15.580		14.021301		33.640
6.240		2.8074		0.0000		875.507		4.653		15.600		14.037137		33.680
6.240		2.8105		0.0000		875.504		4.656		15.600		14.052284		33.720
6.238		2.8138		0.0000		875.501		4.660		15.595		14.068809		33.760
6.236		2.8169		0.0000		875.498		4.663		15.590		14.084644		33.800
6.236		2.8201		0.0000		875.495		4.666		15.590		14.100480		33.840
6.234		2.8233		0.0000		875.492		4.669		15.585		14.116316		33.880
6.232		2.8264		0.0000		875.488		4.672		15.580		14.132152		33.920
6.230		2.8300		0.0000		875.485		4.676		15.575		14.150052		33.960
6.230		2.8337		0.0000		875.481		4.680		15.575		14.168642		34.000
6.236		2.8376		0.0000		875.477		4.683		15.590		14.187920		34.040
6.244		2.8408		0.0000		875.474		4.687		15.610		14.203756		34.080
6.246		2.8439		0.0000		875.471		4.690		15.615		14.219589		34.120
6.242		2.8471		0.0000		875.468		4.693		15.605		14.235425		34.160
6.240		2.8504		0.0000		875.464		4.696		15.600		14.251949		34.200
6.240		2.8534		0.0000		875.461		4.699		15.600		14.267097		34.240
6.238		2.8566		0.0000		875.458		4.702		15.595		14.282932		34.280
6.236		2.8598		0.0000		875.455		4.706		15.590		14.298768		34.320
6.234		2.8633		0.0000		875.452		4.709		15.585		14.316669		34.360
6.234		2.8671		0.0000		875.448		4.713		15.585		14.335258		34.400
6.240		2.8709		0.0000		875.444		4.717		15.600		14.354536		34.440
6.248		2.8742		0.0000		875.441		4.720		15.620		14.371061		34.480
6.252		2.8774		0.0000		875.438		4.723		15.630		14.386894		34.520
6.248		2.8805		0.0000		875.434		4.726		15.620		14.402731		34.560
6.246		2.8837		0.0000		875.431		4.730		15.615		14.418566		34.600
6.244		2.8869		0.0000		875.428		4.733		15.610		14.434402		34.640
6.242		2.8900		0.0000		875.425		4.736		15.605		14.450237		34.680
6.242		2.8932		0.0000		875.422		4.739		15.605		14.466074		34.720
6.240		2.8965		0.0000		875.418		4.742		15.600		14.482598		34.760
6.240		2.9002		0.0000		875.415		4.746		15.600		14.501188		34.800
6.246		2.9041		0.0000		875.411		4.750		15.615		14.520464		34.840
6.254		2.9075		0.0000		875.407		4.753		15.635		14.537678		34.880
6.258		2.9108		0.0000		875.404		4.757		15.645		14.554200		34.920
6.258		2.9140		0.0000		875.401		4.760		15.645		14.570036		34.960
6.256		2.9170		0.0000		875.398		4.763		15.640		14.585182		35.000
6.254		2.9203		0.0000		875.395		4.766		15.635		14.601707		35.040
6.252		2.9235		0.0000		875.391		4.769		15.630		14.617543		35.080
6.252		2.9267		0.0000		875.388		4.773		15.630		14.633379		35.120
6.250		2.9298		0.0000		875.385		4.776		15.625		14.649215		35.160
6.248		2.9334		0.0000		875.381		4.779		15.620		14.667115		35.200
6.250		2.9373		0.0000		875.378		4.783		15.625		14.686394		35.240
6.258		2.9410		0.0000		875.374		4.787		15.645		14.704983		35.280
6.266		2.9442		0.0000		875.371		4.790		15.665		14.720819		35.320
6.268		2.9473		0.0000		875.368		4.793		15.670		14.736654		35.360
6.264		2.9505		0.0000		875.364		4.796		15.660		14.752488		35.400
6.262		2.9538		0.0000		875.361		4.800		15.655		14.769012		35.440
6.260		2.9570		0.0000		875.358		4.803		15.650		14.784849		35.480
6.260		2.9600		0.0000		875.355		4.806		15.650		14.799995		35.520
6.258		2.9632		0.0000		875.352		4.809		15.645		14.815831		35.560
6.256		2.9666		0.0000		875.348		4.812		15.640		14.833042		35.600
6.256		2.9705		0.0000		875.344		4.816		15.640		14.852322		35.640
6.262		2.9743		0.0000		875.341		4.820		15.655		14.871599		35.680
6.270		2.9776		0.0000		875.337		4.823		15.675		14.888124		35.720
6.274		2.9808		0.0000		875.334		4.827		15.685		14.903960		35.760
6.272		2.9838		0.0000		875.331		4.830		15.680		14.919107		35.800
6.270		2.9871		0.0000		875.328		4.833		15.675		14.935629		35.840
6.268		2.9903		0.0000		875.325		4.836		15.670		14.951466		35.880
6.268		2.9935		0.0000		875.321		4.839		15.670		14.967300		35.920
6.266		2.9966		0.0000		875.318		4.842		15.665		14.983137		35.960
6.264		2.9999		0.0000		875.315		4.846		15.660		14.999661		36.000
6.264		3.0037		0.0000		875.311		4.850		15.660		15.018251		36.040
6.268		3.0075		0.0000		875.307		4.853		15.670		15.037527		36.080
6.276		3.0111		0.0000		875.304		4.857		15.690		15.055429		36.120
6.282		3.0141		0.0000		875.301		4.860		15.705		15.070577		36.160
6.280		3.0173		0.0000		875.298		4.863		15.700		15.086412		36.200
6.278		3.0204		0.0000		875.294		4.866		15.695		15.102248		36.240
6.278		3.0238		0.0000		875.291		4.870		15.695		15.118771		36.280
6.276		3.0269		0.0000		875.288		4.873		15.690		15.134606		36.320
6.276		3.0301		0.0000		875.285		4.876		15.690		15.150442		36.360
6.274		3.0333		0.0000		875.282		4.879		15.685		15.166278		36.400
6.274		3.0370		0.0000		875.278		4.883		15.685		15.184868		36.440
6.276		3.0408		0.0000		875.274		4.887		15.690		15.204145		36.480
6.284		3.0444		0.0000		875.271		4.890		15.710		15.222046		36.520
6.290		3.0476		0.0000		875.267		4.893		15.725		15.237883		36.560
6.292		3.0507		0.0000		875.264		4.897		15.730		15.253717		36.600
6.290		3.0539		0.0000		875.261		4.900		15.725		15.269554		36.640
6.288		3.0572		0.0000		875.258		4.903		15.720		15.286076		36.680
6.286		3.0602		0.0000		875.255		4.906		15.715		15.301223		36.720
6.284		3.0634		0.0000		875.251		4.909		15.710		15.317059		36.760
6.282		3.0667		0.0000		875.248		4.913		15.705		15.333584		36.800
6.280		3.0702		0.0000		875.245		4.916		15.700		15.350795		36.840
6.282		3.0739		0.0000		875.241		4.920		15.705		15.369385		36.880
6.286		3.0779		0.0000		875.237		4.924		15.715		15.389352		36.920
6.294		3.0809		0.0000		875.234		4.927		15.735		15.404499		36.960
6.298		3.0841		0.0000		875.231		4.930		15.745		15.420334		37.000
6.296		3.0872		0.0000		875.228		4.933		15.740		15.436171		37.040
6.292		3.0905		0.0000		875.224		4.936		15.730		15.452695		37.080
6.290		3.0938		0.0000		875.221		4.940		15.725		15.469217		37.120
6.290		3.0969		0.0000		875.218		4.943		15.725		15.484364		37.160
6.286		3.1000		0.0000		875.215		4.946		15.715		15.500200		37.200
6.286		3.1033		0.0000		875.212		4.949		15.715		15.516725		37.240
6.284		3.1071		0.0000		875.208		4.953		15.710		15.535315		37.280
6.286		3.1109		0.0000		875.204		4.957		15.715		15.554592		37.320
6.294		3.1144		0.0000		875.201		4.960		15.735		15.571804		37.360
6.298		3.1177		0.0000		875.197		4.964		15.745		15.588329		37.400
6.296		3.1207		0.0000		875.194		4.967		15.740		15.603476		37.440
6.292		3.1240		0.0000		875.191		4.970		15.730		15.620001		37.480
6.290		3.1272		0.0000		875.188		4.973		15.725		15.635834		37.520
6.288		3.1303		0.0000		875.185		4.976		15.720		15.651670		37.560
6.286		3.1335		0.0000		875.181		4.979		15.715		15.667505		37.600
6.284		3.1367		0.0000		875.178		4.983		15.710		15.683341		37.640
6.282		3.1404		0.0000		875.174		4.986		15.705		15.701931		37.680
6.284		3.1442		0.0000		875.171		4.990		15.710		15.721209		37.720
6.292		3.1478		0.0000		875.167		4.994		15.730		15.739109		37.760
6.298		3.1510		0.0000		875.164		4.997		15.745		15.754946		37.800
6.296		3.1542		0.0000		875.161		5.000		15.740		15.770781		37.840
6.292		3.1575		0.0000		875.157		5.003		15.730		15.787306		37.880
6.290		3.1606		0.0000		875.154		5.006		15.725		15.803139		37.920
6.290		3.1638		0.0000		875.151		5.010		15.725		15.818975		37.960
6.288		3.1670		0.0000		875.148		5.013		15.720		15.834810		38.000
6.286		3.1701		0.0000		875.145		5.016		15.715		15.850647		38.040
6.284		3.1736		0.0000		875.141		5.019		15.710		15.867861		38.080
6.286		3.1773		0.0000		875.138		5.023		15.715		15.886450		38.120
6.290		3.1811		0.0000		875.134		5.027		15.725		15.905725		38.160
6.298		3.1843		0.0000		875.131		5.030		15.745		15.921562		38.200
6.300		3.1876		0.0000		875.127		5.033		15.750		15.938087		38.240
6.298		3.1908		0.0000		875.124		5.037		15.745		15.953922		38.280
6.296		3.1940		0.0000		875.121		5.040		15.740		15.969758		38.320
6.292		3.1971		0.0000		875.118		5.043		15.730		15.985594		38.360
6.292		3.2003		0.0000		875.115		5.046		15.730		16.001427		38.400
6.288		3.2035		0.0000		875.111		5.049		15.720		16.017263		38.440
6.286		3.2068		0.0000		875.108		5.053		15.715		16.033787		38.480
6.286		3.2105		0.0000		875.104		5.056		15.715		16.052378		38.521
6.290		3.2143		0.0000		875.101		5.060		15.725		16.071655		38.561
6.298		3.2179		0.0000		875.097		5.064		15.745		16.089556		38.601
6.302		3.2209		0.0000		875.094		5.067		15.755		16.104702		38.641
6.300		3.2242		0.0000		875.091		5.070		15.750		16.121227		38.681
6.296		3.2273		0.0000		875.088		5.073		15.740		16.136375		38.721
6.294		3.2304		0.0000		875.084		5.076		15.735		16.152210		38.761
6.292		3.2337		0.0000		875.081		5.080		15.730		16.168732		38.801
6.288		3.2369		0.0000		875.078		5.083		15.720		16.184568		38.841
6.286		3.2402		0.0000		875.075		5.086		15.715		16.201094		38.881
6.284		3.2438		0.0000		875.071		5.090		15.710		16.218994		38.921
6.284		3.2475		0.0000		875.067		5.093		15.710		16.237583		38.961
6.290		3.2511		0.0000		875.064		5.097		15.725		16.255484		39.001
6.296		3.2544		0.0000		875.060		5.100		15.740		16.272009		39.041
6.296		3.2576		0.0000		875.057		5.103		15.740		16.287844		39.081
6.294		3.2607		0.0000		875.054		5.107		15.735		16.303680		39.121
6.292		3.2640		0.0000		875.051		5.110		15.730		16.320206		39.161
6.290		3.2671		0.0000		875.048		5.113		15.725		16.335352		39.201
6.288		3.2704		0.0000		875.044		5.116		15.720		16.351873		39.241
6.284		3.2735		0.0000		875.041		5.119		15.710		16.367710		39.281
6.282		3.2770		0.0000		875.038		5.123		15.705		16.384924		39.321
6.284		3.2807		0.0000		875.034		5.127		15.710		16.403513		39.361
6.288		3.2846		0.0000		875.030		5.130		15.720		16.422789		39.401
6.296		3.2879		0.0000		875.027		5.134		15.740		16.439314		39.441
6.296		3.2910		0.0000		875.024		5.137		15.740		16.455151		39.481
6.294		3.2942		0.0000		875.021		5.140		15.735		16.470985		39.521
6.292		3.2974		0.0000		875.018		5.143		15.730		16.486820		39.561
6.290		3.3005		0.0000		875.014		5.146		15.725		16.502657		39.601
6.286		3.3037		0.0000		875.011		5.150		15.715		16.518494		39.641
6.284		3.3070		0.0000		875.008		5.153		15.710		16.535015		39.681
6.282		3.3102		0.0000		875.005		5.156		15.705		16.550850		39.721
6.282		3.3139		0.0000		875.001		5.160		15.705		16.569441		39.761
6.286		3.3179		0.0000		874.997		5.164		15.715		16.589409		39.801
6.292		3.3212		0.0000		874.994		5.167		15.730		16.605930		39.841
6.296		3.3244		0.0000		874.991		5.170		15.740		16.621765		39.881
6.294		3.3275		0.0000		874.987		5.173		15.735		16.637602		39.921
6.290		3.3307		0.0000		874.984		5.177		15.725		16.653439		39.961
6.288		3.3340		0.0000		874.981		5.180		15.720		16.669962		40.001
6.284		3.3370		0.0000		874.978		5.183		15.710		16.685108		40.041
6.282		3.3402		0.0000		874.975		5.186		15.705		16.700945		40.081
6.280		3.3436		0.0000		874.971		5.189		15.700		16.718157		40.121
6.280		3.3472		0.0000		874.968		5.193		15.700		16.736057		40.161
6.282		3.3511		0.0000		874.964		5.197		15.705		16.755335		40.201
6.288		3.3546		0.0000		874.960		5.201		15.720		16.773235		40.241
6.292		3.3578		0.0000		874.957		5.204		15.730		16.789072		40.281
6.290		3.3610		0.0000		874.954		5.207		15.725		16.804907		40.321
6.286		3.3641		0.0000		874.951		5.210		15.715		16.820744		40.361
6.282		3.3675		0.0000		874.947		5.213		15.705		16.837269		40.401
6.280		3.3706		0.0000		874.944		5.216		15.700		16.853104		40.441
6.276		3.3737		0.0000		874.941		5.220		15.690		16.868250		40.481
6.272		3.3770		0.0000		874.938		5.223		15.680		16.884773		40.521
6.270		3.3804		0.0000		874.935		5.226		15.675		16.901987		40.561
6.270		3.3843		0.0000		874.931		5.230		15.675		16.921265		40.601
6.276		3.3880		0.0000		874.927		5.234		15.690		16.939854		40.641
6.282		3.3913		0.0000		874.924		5.237		15.705		16.956377		40.681
6.282		3.3943		0.0000		874.921		5.240		15.705		16.971523		40.721
6.278		3.3976		0.0000		874.917		5.243		15.695		16.988049		40.761
6.274		3.4008		0.0000		874.914		5.247		15.685		17.003883		40.801
6.272		3.4039		0.0000		874.911		5.250		15.680		17.019720		40.841
6.268		3.4071		0.0000		874.908		5.253		15.670		17.035557		40.881
6.264		3.4103		0.0000		874.905		5.256		15.660		17.051392		40.921
6.260		3.4137		0.0000		874.901		5.260		15.650		17.068604		40.961
6.258		3.4174		0.0000		874.897		5.263		15.645		17.087193		41.001
6.260		3.4213		0.0000		874.894		5.267		15.650		17.106472		41.041
6.266		3.4246		0.0000		874.890		5.270		15.665		17.122995		41.081
6.268		3.4278		0.0000		874.887		5.274		15.670		17.138828		41.121
6.264		3.4309		0.0000		874.884		5.277		15.660		17.154665		41.161
6.260		3.4342		0.0000		874.881		5.280		15.650		17.171190		41.201
6.256		3.4374		0.0000		874.878		5.283		15.640		17.187025		41.241
6.252		3.4404		0.0000		874.874		5.286		15.630		17.202171		41.281
6.248		3.4437		0.0000		874.871		5.290		15.620		17.218697		41.321
6.246		3.4469		0.0000		874.868		5.293		15.615		17.234533		41.361
6.242		3.4505		0.0000		874.864		5.296		15.605		17.252434		41.401
6.244		3.4545		0.0000		874.860		5.300		15.610		17.272398		41.441
6.248		3.4581		0.0000		874.857		5.304		15.620		17.290302		41.481
6.250		3.4612		0.0000		874.854		5.307		15.625		17.306135		41.521
6.248		3.4643		0.0000		874.851		5.310		15.620		17.321283		41.561
6.244		3.4676		0.0000		874.847		5.313		15.610		17.337807		41.601
6.238		3.4707		0.0000		874.844		5.317		15.595		17.353642		41.641
6.236		3.4740		0.0000		874.841		5.320		15.590		17.370167		41.681
6.232		3.4771		0.0000		874.838		5.323		15.580		17.385313		41.721
6.228		3.4804		0.0000		874.835		5.326		15.570		17.401838		41.761
6.224		3.4838		0.0000		874.831		5.330		15.560		17.419050		41.801
6.224		3.4875		0.0000		874.827		5.333		15.560		17.437639		41.841
6.228		3.4915		0.0000		874.823		5.337		15.570		17.457607		41.881
6.232		3.4946		0.0000		874.820		5.340		15.580		17.472754		41.921
6.232		3.4977		0.0000		874.817		5.344		15.580		17.488590		41.961
6.226		3.5010		0.0000		874.814		5.347		15.565		17.505112		42.001
6.222		3.5041		0.0000		874.811		5.350		15.555		17.520258		42.041
6.216		3.5074		0.0000		874.808		5.353		15.540		17.536783		42.081
6.212		3.5105		0.0000		874.804		5.356		15.530		17.552620		42.121
6.208		3.5137		0.0000		874.801		5.360		15.520		17.568455		42.161
6.206		3.5170		0.0000		874.798		5.363		15.515		17.584976		42.201
6.204		3.5209		0.0000		874.794		5.367		15.510		17.604256		42.241
6.206		3.5247		0.0000		874.790		5.371		15.515		17.623535		42.281
6.212		3.5280		0.0000		874.787		5.374		15.530		17.640059		42.321
6.214		3.5312		0.0000		874.784		5.377		15.535		17.655895		42.361
6.210		3.5343		0.0000		874.781		5.380		15.525		17.671728		42.401
6.204		3.5377		0.0000		874.777		5.384		15.510		17.688253		42.441
6.200		3.5408		0.0000		874.774		5.387		15.500		17.704088		42.481
6.196		3.5438		0.0000		874.771		5.390		15.490		17.719234		42.521
6.190		3.5472		0.0000		874.768		5.393		15.475		17.735760		42.561
6.186		3.5503		0.0000		874.765		5.396		15.465		17.751596		42.601
6.182		3.5540		0.0000		874.761		5.400		15.455		17.770185		42.641
6.182		3.5579		0.0000		874.757		5.404		15.455		17.789461		42.681
6.186		3.5615		0.0000		874.753		5.407		15.465		17.807365		42.721
6.190		3.5645		0.0000		874.750		5.410		15.475		17.822512		42.761
6.186		3.5677		0.0000		874.747		5.414		15.465		17.838346		42.801
6.180		3.5710		0.0000		874.744		5.417		15.450		17.854870		42.841
6.176		3.5741		0.0000		874.741		5.420		15.440		17.870705		42.881
6.172		3.5774		0.0000		874.737		5.423		15.430		17.887230		42.921
6.168		3.5806		0.0000		874.734		5.426		15.420		17.903065		42.961
6.164		3.5838		0.0000		874.731		5.430		15.410		17.918901		43.001
6.162		3.5872		0.0000		874.728		5.433		15.405		17.936113		43.041
6.160		3.5911		0.0000		874.724		5.437		15.400		17.955391		43.081
6.164		3.5948		0.0000		874.720		5.441		15.410		17.973980		43.121
6.168		3.5980		0.0000		874.717		5.444		15.420		17.989817		43.161
6.166		3.6011		0.0000		874.714		5.447		15.415		18.005653		43.201
6.162		3.6044		0.0000		874.710		5.450		15.405		18.022175		43.241
6.158		3.6075		0.0000		874.707		5.453		15.395		18.037321		43.281
6.156		3.6108		0.0000		874.704		5.457		15.390		18.053846		43.321
6.152		3.6139		0.0000		874.701		5.460		15.380		18.069683		43.361
6.150		3.6171		0.0000		874.698		5.463		15.375		18.085518		43.401
6.146		3.6204		0.0000		874.695		5.466		15.365		18.102043		43.441
6.144		3.6243		0.0000		874.691		5.470		15.360		18.121319		43.481
6.148		3.6281		0.0000		874.687		5.474		15.370		18.140598		43.521
6.152		3.6314		0.0000		874.683		5.477		15.380		18.157122		43.561
6.154		3.6345		0.0000		874.680		5.480		15.385		18.172268		43.601
6.148		3.6378		0.0000		874.677		5.484		15.370		18.188793		43.641
6.144		3.6411		0.0000		874.674		5.487		15.360		18.205317		43.681
6.140		3.6442		0.0000		874.671		5.490		15.350		18.221151		43.721
6.136		3.6474		0.0000		874.667		5.493		15.340		18.236988		43.761
6.130		3.6504		0.0000		874.664		5.496		15.325		18.252134		43.801
6.126		3.6539		0.0000		874.661		5.500		15.315		18.269348		43.841
6.124		3.6574		0.0000		874.657		5.503		15.310		18.287249		43.881
6.124		3.6613		0.0000		874.654		5.507		15.310		18.306526		43.921
6.128		3.6647		0.0000		874.650		5.511		15.320		18.323738		43.961
6.132		3.6679		0.0000		874.647		5.514		15.330		18.339575		44.001
6.128		3.6712		0.0000		874.644		5.517		15.320		18.356098		44.041
6.124		3.6744		0.0000		874.641		5.520		15.310		18.371935		44.081
6.120		3.6776		0.0000		874.637		5.523		15.300		18.387768		44.121
6.116		3.6807		0.0000		874.634		5.527		15.290		18.403605		44.161
6.110		3.6839		0.0000		874.631		5.530		15.275		18.419439		44.201
6.106		3.6872		0.0000		874.628		5.533		15.265		18.435965		44.241
6.102		3.6906		0.0000		874.624		5.537		15.255		18.453176		44.281
6.102		3.6945		0.0000		874.620		5.540		15.255		18.472454		44.321
6.108		3.6982		0.0000		874.617		5.544		15.270		18.491043		44.361
6.112		3.7014		0.0000		874.614		5.547		15.280		18.506880		44.401
6.110		3.7045		0.0000		874.610		5.550		15.275		18.522717		44.441
6.106		3.7078		0.0000		874.607		5.554		15.265		18.539240		44.481
6.102		3.7110		0.0000		874.604		5.557		15.255		18.555073		44.521
6.098		3.7140		0.0000		874.601		5.560		15.245		18.570223		44.561
6.094		3.7173		0.0000		874.598		5.563		15.235		18.586746		44.601
6.088		3.7205		0.0000		874.594		5.566		15.220		18.602581		44.641
6.084		3.7238		0.0000		874.591		5.570		15.210		18.619106		44.681
6.082		3.7277		0.0000		874.587		5.574		15.205		18.638384		44.721
6.086		3.7315		0.0000		874.583		5.577		15.215		18.657661		44.761
6.088		3.7347		0.0000		874.580		5.581		15.220		18.673496		44.801
6.088		3.7380		0.0000		874.577		5.584		15.220		18.690022		44.841
6.084		3.7412		0.0000		874.574		5.587		15.210		18.705856		44.881
6.080		3.7443		0.0000		874.571		5.590		15.200		18.721693		44.921
6.076		3.7475		0.0000		874.567		5.593		15.190		18.737528		44.961
6.072		3.7507		0.0000		874.564		5.597		15.180		18.753361		45.001
6.068		3.7540		0.0000		874.561		5.600		15.170		18.769886		45.041
6.066		3.7571		0.0000		874.558		5.603		15.165		18.785723		45.081
6.062		3.7609		0.0000		874.554		5.607		15.155		18.804312		45.121
6.064		3.7647		0.0000		874.550		5.611		15.160		18.823589		45.161
6.070		3.7682		0.0000		874.547		5.614		15.175		18.840801		45.201
6.072		3.7713		0.0000		874.544		5.617		15.180		18.856638		45.241
6.068		3.7746		0.0000		874.540		5.621		15.170		18.873161		45.281
6.062		3.7778		0.0000		874.537		5.624		15.155		18.888998		45.321
6.058		3.7810		0.0000		874.534		5.627		15.145		18.904835		45.361
6.054		3.7841		0.0000		874.531		5.630		15.135		18.920668		45.401
6.050		3.7873		0.0000		874.528		5.633		15.125		18.936502		45.441
6.046		3.7906		0.0000		874.524		5.636		15.115		18.953028		45.481
6.044		3.7940		0.0000		874.521		5.640		15.110		18.970240		45.521
6.044		3.7979		0.0000		874.517		5.644		15.110		18.989517		45.561
6.048		3.8016		0.0000		874.513		5.647		15.120		19.008106		45.601
6.052		3.8048		0.0000		874.510		5.651		15.130		19.023943		45.641
6.050		3.8080		0.0000		874.507		5.654		15.125		19.039780		45.681
6.046		3.8113		0.0000		874.504		5.657		15.115		19.056303		45.721
6.042		3.8143		0.0000		874.501		5.660		15.105		19.071449		45.761
6.038		3.8175		0.0000		874.497		5.663		15.095		19.087286		45.801
6.034		3.8208		0.0000		874.494		5.667		15.085		19.103809		45.841
6.028		3.8239		0.0000		874.491		5.670		15.070		19.119644		45.881
6.024		3.8274		0.0000		874.488		5.673		15.060		19.136858		45.921
6.024		3.8311		0.0000		874.484		5.677		15.060		19.155447		45.961
6.026		3.8349		0.0000		874.480		5.681		15.065		19.174725		46.001
6.032		3.8381		0.0000		874.477		5.684		15.080		19.190559		46.041
6.032		3.8414		0.0000		874.474		5.687		15.080		19.207085		46.081
6.028		3.8446		0.0000		874.470		5.690		15.070		19.222919		46.121
6.024		3.8478		0.0000		874.467		5.694		15.060		19.238756		46.161
6.020		3.8511		0.0000		874.464		5.697		15.050		19.255278		46.201
6.016		3.8542		0.0000		874.461		5.700		15.040		19.271114		46.241
6.012		3.8574		0.0000		874.458		5.703		15.030		19.286949		46.281
6.008		3.8606		0.0000		874.454		5.706		15.020		19.302786		46.321
6.006		3.8643		0.0000		874.451		5.710		15.015		19.321375		46.361
6.006		3.8681		0.0000		874.447		5.714		15.015		19.340652		46.401
6.010		3.8716		0.0000		874.443		5.717		15.025		19.357864		46.441
6.012		3.8749		0.0000		874.440		5.721		15.030		19.374390		46.481
6.010		3.8780		0.0000		874.437		5.724		15.025		19.390224		46.521
6.006		3.8811		0.0000		874.434		5.727		15.015		19.405373		46.561
6.000		3.8844		0.0000		874.431		5.730		15.000		19.421898		46.601
5.998		3.8875		0.0000		874.427		5.733		14.995		19.437733		46.641
5.994		3.8907		0.0000		874.424		5.737		14.985		19.453566		46.681
5.990		3.8939		0.0000		874.421		5.740		14.975		19.469402		46.721
5.986		3.8976		0.0000		874.417		5.743		14.965		19.487991		46.761
5.988		3.9013		0.0000		874.414		5.747		14.970		19.506580		46.801
5.992		3.9050		0.0000		874.410		5.751		14.980		19.525169		46.841
5.998		3.9082		0.0000		874.407		5.754		14.995		19.541006		46.881
5.996		3.9114		0.0000		874.404		5.757		14.990		19.556843		46.921
5.990		3.9145		0.0000		874.400		5.760		14.975		19.572678		46.961
5.988		3.9178		0.0000		874.397		5.764		14.970		19.589203		47.001
