数据量:1121
试验力		变形		扩展变形		位置		位移		应力		应变		时间
0.010		0.0030		0.0000		878.197		1.755		0.025		0.015147		0.040
0.012		0.0062		0.0000		878.194		1.758		0.030		0.030982		0.080
0.014		0.0094		0.0000		878.191		1.761		0.035		0.046818		0.120
0.016		0.0125		0.0000		878.188		1.764		0.040		0.062653		0.160
0.018		0.0158		0.0000		878.185		1.767		0.045		0.079178		0.200
0.020		0.0191		0.0000		878.181		1.771		0.050		0.095702		0.240
0.022		0.0223		0.0000		878.178		1.774		0.055		0.111537		0.280
0.024		0.0255		0.0000		878.175		1.777		0.060		0.127373		0.320
0.028		0.0289		0.0000		878.171		1.780		0.070		0.144585		0.360
0.032		0.0325		0.0000		878.168		1.784		0.080		0.162486		0.400
0.034		0.0361		0.0000		878.164		1.788		0.085		0.180387		0.440
0.040		0.0395		0.0000		878.161		1.791		0.100		0.197600		0.480
0.042		0.0428		0.0000		878.158		1.794		0.105		0.214124		0.520
0.048		0.0460		0.0000		878.154		1.798		0.120		0.229959		0.560
0.054		0.0493		0.0000		878.151		1.801		0.135		0.246483		0.600
0.058		0.0525		0.0000		878.148		1.804		0.145		0.262319		0.640
0.064		0.0558		0.0000		878.145		1.807		0.160		0.278842		0.680
0.070		0.0589		0.0000		878.141		1.810		0.175		0.294678		0.720
0.076		0.0622		0.0000		878.138		1.814		0.190		0.311202		0.760
0.082		0.0658		0.0000		878.135		1.817		0.205		0.329103		0.800
0.092		0.0695		0.0000		878.131		1.821		0.230		0.347692		0.840
0.100		0.0730		0.0000		878.127		1.825		0.250		0.364905		0.880
0.110		0.0761		0.0000		878.124		1.828		0.275		0.380741		0.920
0.118		0.0795		0.0000		878.121		1.831		0.295		0.397264		0.960
0.124		0.0826		0.0000		878.118		1.834		0.310		0.413100		1.000
0.136		0.0859		0.0000		878.114		1.837		0.340		0.429624		1.040
0.146		0.0892		0.0000		878.111		1.841		0.365		0.446148		1.080
0.152		0.0923		0.0000		878.108		1.844		0.380		0.461295		1.120
0.166		0.0956		0.0000		878.105		1.847		0.415		0.477819		1.160
0.176		0.0990		0.0000		878.101		1.851		0.440		0.495031		1.200
0.188		0.1029		0.0000		878.097		1.854		0.470		0.514309		1.240
0.200		0.1063		0.0000		878.094		1.858		0.500		0.531522		1.280
0.214		0.1096		0.0000		878.091		1.861		0.535		0.548046		1.320
0.226		0.1128		0.0000		878.088		1.864		0.565		0.563881		1.360
0.238		0.1161		0.0000		878.084		1.868		0.595		0.580406		1.400
0.250		0.1192		0.0000		878.081		1.871		0.625		0.596241		1.440
0.262		0.1226		0.0000		878.078		1.874		0.655		0.612765		1.480
0.274		0.1257		0.0000		878.075		1.877		0.685		0.628601		1.520
0.286		0.1289		0.0000		878.071		1.880		0.715		0.644436		1.560
0.298		0.1323		0.0000		878.068		1.884		0.745		0.661649		1.600
0.310		0.1359		0.0000		878.064		1.887		0.775		0.679550		1.640
0.324		0.1396		0.0000		878.061		1.891		0.810		0.698139		1.680
0.338		0.1429		0.0000		878.057		1.894		0.845		0.714663		1.720
0.350		0.1462		0.0000		878.054		1.898		0.875		0.731187		1.760
0.362		0.1494		0.0000		878.051		1.901		0.905		0.747023		1.800
0.370		0.1527		0.0000		878.048		1.904		0.925		0.763547		1.840
0.388		0.1559		0.0000		878.044		1.907		0.970		0.779382		1.880
0.402		0.1592		0.0000		878.041		1.911		1.005		0.795906		1.920
0.418		0.1623		0.0000		878.038		1.914		1.045		0.811741		1.960
0.434		0.1657		0.0000		878.035		1.917		1.085		0.828266		2.000
0.450		0.1692		0.0000		878.031		1.921		1.125		0.846167		2.040
0.466		0.1728		0.0000		878.028		1.924		1.165		0.864068		2.080
0.484		0.1764		0.0000		878.024		1.928		1.210		0.881969		2.120
0.504		0.1797		0.0000		878.021		1.931		1.260		0.898492		2.160
0.520		0.1829		0.0000		878.018		1.934		1.300		0.914328		2.200
0.538		0.1860		0.0000		878.014		1.938		1.345		0.930163		2.240
0.554		0.1893		0.0000		878.011		1.941		1.385		0.946687		2.280
0.570		0.1925		0.0000		878.008		1.944		1.425		0.962523		2.320
0.586		0.1957		0.0000		878.005		1.947		1.465		0.978358		2.360
0.602		0.1991		0.0000		878.001		1.951		1.505		0.995571		2.400
0.618		0.2026		0.0000		877.998		1.954		1.545		1.012784		2.440
0.632		0.2061		0.0000		877.994		1.958		1.580		1.030685		2.480
0.646		0.2099		0.0000		877.990		1.961		1.615		1.049274		2.520
0.662		0.2130		0.0000		877.987		1.965		1.655		1.065109		2.560
0.678		0.2162		0.0000		877.984		1.968		1.695		1.080945		2.600
0.694		0.2195		0.0000		877.981		1.971		1.735		1.097469		2.640
0.710		0.2227		0.0000		877.978		1.974		1.775		1.113304		2.680
0.728		0.2258		0.0000		877.975		1.977		1.820		1.129140		2.720
0.746		0.2291		0.0000		877.971		1.981		1.865		1.145664		2.760
0.762		0.2324		0.0000		877.968		1.984		1.905		1.162188		2.800
0.780		0.2357		0.0000		877.965		1.987		1.950		1.178712		2.840
0.798		0.2395		0.0000		877.961		1.991		1.995		1.197302		2.880
0.818		0.2430		0.0000		877.957		1.995		2.045		1.215203		2.920
0.840		0.2465		0.0000		877.954		1.998		2.100		1.232415		2.960
0.860		0.2497		0.0000		877.951		2.001		2.150		1.248250		3.000
0.878		0.2528		0.0000		877.948		2.004		2.195		1.264086		3.040
0.896		0.2561		0.0000		877.944		2.008		2.240		1.280611		3.080
0.916		0.2593		0.0000		877.941		2.011		2.290		1.296445		3.120
0.934		0.2626		0.0000		877.938		2.014		2.335		1.312970		3.160
0.954		0.2658		0.0000		877.935		2.017		2.385		1.328804		3.200
0.972		0.2691		0.0000		877.931		2.021		2.430		1.345329		3.240
0.992		0.2726		0.0000		877.928		2.024		2.480		1.363230		3.280
1.014		0.2764		0.0000		877.924		2.028		2.535		1.381819		3.320
1.036		0.2798		0.0000		877.921		2.031		2.590		1.399032		3.360
1.060		0.2831		0.0000		877.917		2.035		2.650		1.415555		3.400
1.080		0.2863		0.0000		877.914		2.038		2.700		1.431391		3.440
1.102		0.2896		0.0000		877.911		2.041		2.755		1.447916		3.480
1.122		0.2926		0.0000		877.908		2.044		2.805		1.463063		3.520
1.144		0.2961		0.0000		877.904		2.048		2.860		1.480275		3.560
1.166		0.2992		0.0000		877.901		2.051		2.915		1.496111		3.600
1.188		0.3024		0.0000		877.898		2.054		2.970		1.511946		3.640
1.210		0.3060		0.0000		877.894		2.058		3.025		1.529847		3.680
1.236		0.3097		0.0000		877.891		2.061		3.090		1.548437		3.720
1.262		0.3131		0.0000		877.887		2.065		3.155		1.565650		3.760
1.288		0.3164		0.0000		877.884		2.068		3.220		1.582173		3.800
1.314		0.3197		0.0000		877.881		2.071		3.285		1.598697		3.840
1.338		0.3228		0.0000		877.878		2.074		3.345		1.613845		3.880
1.362		0.3262		0.0000		877.874		2.078		3.405		1.631056		3.920
1.386		0.3292		0.0000		877.871		2.081		3.465		1.646204		3.960
1.410		0.3325		0.0000		877.868		2.084		3.525		1.662728		4.000
1.436		0.3357		0.0000		877.865		2.087		3.590		1.678563		4.040
1.460		0.3390		0.0000		877.861		2.091		3.650		1.695087		4.080
1.484		0.3429		0.0000		877.857		2.094		3.710		1.714365		4.120
1.512		0.3466		0.0000		877.854		2.098		3.780		1.732955		4.160
1.540		0.3499		0.0000		877.850		2.101		3.850		1.749479		4.200
1.568		0.3531		0.0000		877.847		2.105		3.920		1.765314		4.240
1.594		0.3562		0.0000		877.844		2.108		3.985		1.781150		4.280
1.618		0.3594		0.0000		877.841		2.111		4.045		1.796985		4.320
1.644		0.3627		0.0000		877.838		2.114		4.110		1.813509		4.360
1.668		0.3660		0.0000		877.834		2.118		4.170		1.830033		4.400
1.694		0.3692		0.0000		877.831		2.121		4.235		1.845869		4.440
1.720		0.3725		0.0000		877.828		2.124		4.300		1.862392		4.480
1.746		0.3761		0.0000		877.824		2.128		4.365		1.880294		4.520
1.772		0.3798		0.0000		877.821		2.131		4.430		1.898884		4.560
1.802		0.3832		0.0000		877.817		2.135		4.505		1.916095		4.600
1.832		0.3865		0.0000		877.814		2.138		4.580		1.932620		4.640
1.860		0.3896		0.0000		877.811		2.141		4.650		1.947767		4.680
1.884		0.3929		0.0000		877.807		2.144		4.710		1.964290		4.720
1.910		0.3962		0.0000		877.804		2.148		4.775		1.980815		4.760
1.936		0.3993		0.0000		877.801		2.151		4.840		1.996650		4.800
1.962		0.4025		0.0000		877.798		2.154		4.905		2.012485		4.840
1.988		0.4057		0.0000		877.795		2.157		4.970		2.028321		4.880
2.014		0.4092		0.0000		877.791		2.161		5.035		2.046221		4.920
2.042		0.4131		0.0000		877.787		2.165		5.105		2.065500		4.960
2.072		0.4167		0.0000		877.784		2.168		5.180		2.083400		5.000
2.104		0.4200		0.0000		877.780		2.172		5.260		2.099925		5.040
2.132		0.4230		0.0000		877.777		2.175		5.330		2.115072		5.080
2.158		0.4262		0.0000		877.774		2.178		5.395		2.130908		5.120
2.184		0.4295		0.0000		877.771		2.181		5.460		2.147431		5.160
2.210		0.4327		0.0000		877.768		2.184		5.525		2.163267		5.200
2.236		0.4358		0.0000		877.765		2.187		5.590		2.179103		5.240
2.262		0.4391		0.0000		877.761		2.191		5.655		2.195626		5.280
2.288		0.4427		0.0000		877.758		2.194		5.720		2.213528		5.320
2.314		0.4461		0.0000		877.754		2.198		5.785		2.230740		5.360
2.344		0.4500		0.0000		877.750		2.202		5.860		2.250018		5.400
2.374		0.4533		0.0000		877.747		2.205		5.935		2.266542		5.440
2.402		0.4565		0.0000		877.744		2.208		6.005		2.282377		5.480
2.430		0.4598		0.0000		877.741		2.211		6.075		2.298901		5.520
2.454		0.4629		0.0000		877.737		2.214		6.135		2.314737		5.560
2.480		0.4661		0.0000		877.734		2.218		6.200		2.330573		5.600
2.506		0.4693		0.0000		877.731		2.221		6.265		2.346408		5.640
2.530		0.4726		0.0000		877.728		2.224		6.325		2.362932		5.680
2.556		0.4759		0.0000		877.724		2.227		6.390		2.379456		5.720
2.582		0.4795		0.0000		877.721		2.231		6.455		2.397357		5.760
2.608		0.4833		0.0000		877.717		2.235		6.520		2.416635		5.800
2.638		0.4868		0.0000		877.714		2.238		6.595		2.433847		5.840
2.668		0.4898		0.0000		877.711		2.241		6.670		2.448995		5.880
2.694		0.4930		0.0000		877.707		2.245		6.735		2.464830		5.920
2.718		0.4963		0.0000		877.704		2.248		6.795		2.481354		5.960
2.742		0.4996		0.0000		877.701		2.251		6.855		2.497878		6.000
2.768		0.5027		0.0000		877.698		2.254		6.920		2.513714		6.040
2.792		0.5059		0.0000		877.694		2.257		6.980		2.529550		6.080
2.818		0.5092		0.0000		877.691		2.261		7.045		2.546073		6.120
2.842		0.5128		0.0000		877.688		2.264		7.105		2.563974		6.160
2.870		0.5165		0.0000		877.684		2.268		7.175		2.582563		6.200
2.900		0.5201		0.0000		877.680		2.272		7.250		2.600465		6.240
2.928		0.5233		0.0000		877.677		2.275		7.320		2.616301		6.280
2.956		0.5264		0.0000		877.674		2.278		7.390		2.632135		6.320
2.980		0.5297		0.0000		877.671		2.281		7.450		2.648660		6.360
3.004		0.5329		0.0000		877.667		2.284		7.510		2.664495		6.400
3.028		0.5362		0.0000		877.664		2.288		7.570		2.681019		6.440
3.052		0.5392		0.0000		877.661		2.291		7.630		2.696166		6.480
3.076		0.5425		0.0000		877.658		2.294		7.690		2.712690		6.520
3.100		0.5460		0.0000		877.654		2.298		7.750		2.729902		6.560
3.126		0.5497		0.0000		877.651		2.301		7.815		2.748492		6.600
3.152		0.5534		0.0000		877.647		2.305		7.880		2.767081		6.640
3.182		0.5567		0.0000		877.644		2.308		7.955		2.783606		6.680
3.210		0.5599		0.0000		877.640		2.311		8.025		2.799441		6.720
3.234		0.5631		0.0000		877.637		2.315		8.085		2.815276		6.760
3.256		0.5664		0.0000		877.634		2.318		8.140		2.831800		6.800
3.278		0.5695		0.0000		877.631		2.321		8.195		2.847636		6.840
3.302		0.5728		0.0000		877.628		2.324		8.255		2.864161		6.880
3.324		0.5759		0.0000		877.625		2.327		8.310		2.879307		6.920
3.348		0.5793		0.0000		877.621		2.331		8.370		2.896520		6.960
3.370		0.5829		0.0000		877.617		2.334		8.425		2.914420		7.000
3.396		0.5867		0.0000		877.614		2.338		8.490		2.933699		7.040
3.422		0.5902		0.0000		877.610		2.342		8.555		2.950912		7.080
3.448		0.5932		0.0000		877.607		2.345		8.620		2.966058		7.120
3.472		0.5965		0.0000		877.604		2.348		8.680		2.982582		7.160
3.494		0.5997		0.0000		877.601		2.351		8.735		2.998418		7.200
3.516		0.6030		0.0000		877.597		2.355		8.790		3.014941		7.240
3.538		0.6062		0.0000		877.594		2.358		8.845		3.030777		7.280
3.558		0.6093		0.0000		877.591		2.361		8.895		3.046613		7.320
3.580		0.6126		0.0000		877.588		2.364		8.950		3.063136		7.360
3.600		0.6162		0.0000		877.584		2.368		9.000		3.081038		7.400
3.622		0.6199		0.0000		877.580		2.371		9.055		3.099627		7.440
3.638		0.6235		0.0000		877.577		2.375		9.095		3.117528		7.480
3.672		0.6267		0.0000		877.574		2.378		9.180		3.133364		7.520
3.696		0.6298		0.0000		877.570		2.381		9.240		3.149199		7.560
3.716		0.6331		0.0000		877.567		2.385		9.290		3.165723		7.600
3.736		0.6363		0.0000		877.564		2.388		9.340		3.181559		7.640
3.756		0.6396		0.0000		877.561		2.391		9.390		3.198082		7.680
3.776		0.6428		0.0000		877.558		2.394		9.440		3.213918		7.720
3.796		0.6460		0.0000		877.554		2.397		9.490		3.229754		7.760
3.814		0.6494		0.0000		877.551		2.401		9.535		3.246967		7.800
3.836		0.6531		0.0000		877.547		2.405		9.590		3.265556		7.840
3.850		0.6568		0.0000		877.544		2.408		9.625		3.284146		7.880
3.874		0.6600		0.0000		877.540		2.412		9.685		3.299980		7.920
3.904		0.6633		0.0000		877.537		2.415		9.760		3.316505		7.960
3.924		0.6666		0.0000		877.534		2.418		9.810		3.333029		8.000
3.936		0.6696		0.0000		877.531		2.421		9.840		3.348175		8.040
3.960		0.6729		0.0000		877.527		2.424		9.900		3.364700		8.080
3.978		0.6761		0.0000		877.524		2.428		9.945		3.380535		8.120
3.990		0.6793		0.0000		877.521		2.431		9.975		3.396370		8.160
4.012		0.6827		0.0000		877.518		2.434		10.030		3.413583		8.200
4.024		0.6863		0.0000		877.514		2.438		10.060		3.431484		8.240
4.050		0.6902		0.0000		877.510		2.442		10.125		3.450762		8.280
4.066		0.6935		0.0000		877.507		2.445		10.165		3.467286		8.320
4.094		0.6968		0.0000		877.504		2.448		10.235		3.483810		8.360
4.112		0.6999		0.0000		877.500		2.451		10.280		3.499645		8.400
4.122		0.7031		0.0000		877.497		2.455		10.305		3.515481		8.440
4.138		0.7063		0.0000		877.494		2.458		10.345		3.531317		8.480
4.160		0.7096		0.0000		877.491		2.461		10.400		3.547840		8.520
4.176		0.7127		0.0000		877.488		2.464		10.440		3.563676		8.560
4.190		0.7160		0.0000		877.484		2.468		10.475		3.580201		8.600
4.206		0.7196		0.0000		877.481		2.471		10.515		3.598101		8.640
4.224		0.7233		0.0000		877.477		2.475		10.560		3.616691		8.680
4.242		0.7269		0.0000		877.473		2.478		10.605		3.634591		8.720
4.256		0.7301		0.0000		877.470		2.482		10.640		3.650427		8.760
4.278		0.7334		0.0000		877.467		2.485		10.695		3.666952		8.800
4.292		0.7366		0.0000		877.464		2.488		10.730		3.682786		8.840
4.300		0.7397		0.0000		877.461		2.491		10.750		3.698622		8.880
4.318		0.7429		0.0000		877.457		2.494		10.795		3.714458		8.920
4.328		0.7461		0.0000		877.454		2.498		10.820		3.730294		8.960
4.344		0.7494		0.0000		877.451		2.501		10.860		3.746817		9.000
4.356		0.7528		0.0000		877.448		2.504		10.890		3.764030		9.040
4.370		0.7565		0.0000		877.444		2.508		10.925		3.782619		9.080
4.380		0.7602		0.0000		877.440		2.512		10.950		3.801209		9.120
4.398		0.7635		0.0000		877.437		2.515		10.995		3.817732		9.160
4.420		0.7667		0.0000		877.434		2.518		11.050		3.833568		9.200
4.430		0.7699		0.0000		877.430		2.521		11.075		3.849404		9.240
4.438		0.7730		0.0000		877.427		2.525		11.095		3.865240		9.280
4.448		0.7764		0.0000		877.424		2.528		11.120		3.881763		9.320
4.464		0.7795		0.0000		877.421		2.531		11.160		3.897599		9.360
4.474		0.7828		0.0000		877.418		2.534		11.185		3.914123		9.400
4.482		0.7860		0.0000		877.414		2.538		11.205		3.929958		9.440
4.496		0.7898		0.0000		877.411		2.541		11.240		3.949236		9.480
4.510		0.7936		0.0000		877.407		2.545		11.275		3.967825		9.520
4.524		0.7970		0.0000		877.403		2.549		11.310		3.985038		9.560
4.538		0.8002		0.0000		877.400		2.552		11.345		4.000874		9.600
4.550		0.8033		0.0000		877.397		2.555		11.375		4.016709		9.640
4.558		0.8065		0.0000		877.394		2.558		11.395		4.032545		9.680
4.566		0.8098		0.0000		877.391		2.561		11.415		4.049068		9.720
4.576		0.8130		0.0000		877.387		2.565		11.440		4.064904		9.760
4.584		0.8161		0.0000		877.384		2.568		11.460		4.080739		9.800
4.590		0.8193		0.0000		877.381		2.571		11.475		4.096575		9.840
4.600		0.8230		0.0000		877.377		2.575		11.500		4.115164		9.880
4.610		0.8268		0.0000		877.374		2.578		11.525		4.133754		9.920
4.618		0.8303		0.0000		877.370		2.582		11.545		4.151655		9.960
4.632		0.8335		0.0000		877.367		2.585		11.580		4.167490		10.000
4.646		0.8367		0.0000		877.364		2.588		11.615		4.183326		10.040
4.650		0.8398		0.0000		877.361		2.591		11.625		4.199162		10.080
4.658		0.8431		0.0000		877.357		2.595		11.645		4.215685		10.120
4.664		0.8463		0.0000		877.354		2.598		11.660		4.231521		10.160
4.672		0.8496		0.0000		877.351		2.601		11.680		4.248044		10.200
4.680		0.8528		0.0000		877.348		2.604		11.700		4.263880		10.240
4.686		0.8562		0.0000		877.344		2.608		11.715		4.281093		10.280
4.692		0.8599		0.0000		877.340		2.611		11.730		4.299683		10.320
4.702		0.8637		0.0000		877.337		2.615		11.755		4.318272		10.360
4.718		0.8670		0.0000		877.333		2.619		11.795		4.334797		10.400
4.726		0.8701		0.0000		877.330		2.622		11.815		4.350631		10.440
4.734		0.8733		0.0000		877.327		2.625		11.835		4.366467		10.480
4.740		0.8766		0.0000		877.324		2.628		11.850		4.382991		10.520
4.746		0.8798		0.0000		877.321		2.631		11.865		4.398827		10.560
4.750		0.8829		0.0000		877.317		2.634		11.875		4.414662		10.600
4.754		0.8861		0.0000		877.314		2.638		11.885		4.430498		10.640
4.760		0.8894		0.0000		877.311		2.641		11.900		4.447021		10.680
4.768		0.8933		0.0000		877.307		2.645		11.920		4.466300		10.720
4.776		0.8970		0.0000		877.303		2.649		11.940		4.484890		10.760
4.788		0.9004		0.0000		877.300		2.652		11.970		4.502102		10.800
4.798		0.9034		0.0000		877.297		2.655		11.995		4.517249		10.840
4.804		0.9068		0.0000		877.294		2.658		12.010		4.533772		10.880
4.808		0.9099		0.0000		877.290		2.661		12.020		4.549608		10.920
4.812		0.9132		0.0000		877.287		2.665		12.030		4.566132		10.960
4.816		0.9164		0.0000		877.284		2.668		12.040		4.581967		11.000
4.820		0.9194		0.0000		877.281		2.671		12.050		4.597115		11.040
4.824		0.9227		0.0000		877.278		2.674		12.060		4.613639		11.080
4.830		0.9264		0.0000		877.274		2.678		12.075		4.632229		11.120
4.834		0.9302		0.0000		877.270		2.682		12.085		4.650818		11.160
4.848		0.9337		0.0000		877.267		2.685		12.120		4.668718		11.200
4.854		0.9369		0.0000		877.263		2.688		12.135		4.684554		11.240
4.862		0.9401		0.0000		877.260		2.692		12.155		4.700390		11.280
4.868		0.9434		0.0000		877.257		2.695		12.170		4.716914		11.320
4.870		0.9465		0.0000		877.254		2.698		12.175		4.732749		11.360
4.874		0.9497		0.0000		877.251		2.701		12.185		4.748584		11.400
4.878		0.9529		0.0000		877.247		2.704		12.195		4.764420		11.440
4.880		0.9561		0.0000		877.244		2.708		12.200		4.780255		11.480
4.886		0.9596		0.0000		877.241		2.711		12.215		4.798156		11.520
4.888		0.9633		0.0000		877.237		2.715		12.220		4.816746		11.560
4.896		0.9671		0.0000		877.233		2.719		12.240		4.835335		11.600
4.908		0.9702		0.0000		877.230		2.722		12.270		4.851171		11.640
4.916		0.9734		0.0000		877.227		2.725		12.290		4.867006		11.680
4.920		0.9767		0.0000		877.224		2.728		12.300		4.883530		11.720
4.922		0.9800		0.0000		877.220		2.732		12.305		4.900055		11.760
4.926		0.9832		0.0000		877.217		2.735		12.315		4.915890		11.800
4.928		0.9862		0.0000		877.214		2.738		12.320		4.931037		11.840
4.932		0.9895		0.0000		877.211		2.741		12.330		4.947561		11.880
4.936		0.9930		0.0000		877.207		2.744		12.340		4.964774		11.920
4.942		0.9967		0.0000		877.204		2.748		12.355		4.983363		11.960
4.950		1.0004		0.0000		877.200		2.752		12.375		5.001953		12.000
4.960		1.0038		0.0000		877.197		2.755		12.400		5.019165		12.040
4.966		1.0069		0.0000		877.193		2.758		12.415		5.034312		12.080
4.972		1.0102		0.0000		877.190		2.762		12.430		5.050836		12.120
4.974		1.0133		0.0000		877.187		2.765		12.435		5.066671		12.160
4.976		1.0165		0.0000		877.184		2.768		12.440		5.082507		12.200
4.978		1.0197		0.0000		877.181		2.771		12.445		5.098343		12.240
4.980		1.0230		0.0000		877.177		2.775		12.450		5.114866		12.280
4.984		1.0261		0.0000		877.174		2.778		12.460		5.130702		12.320
4.984		1.0297		0.0000		877.171		2.781		12.460		5.148602		12.360
4.992		1.0337		0.0000		877.167		2.785		12.480		5.168569		12.400
5.000		1.0373		0.0000		877.163		2.789		12.500		5.186471		12.440
5.006		1.0402		0.0000		877.160		2.792		12.515		5.200930		12.480
5.014		1.0435		0.0000		877.157		2.795		12.535		5.217453		12.520
5.016		1.0468		0.0000		877.154		2.798		12.540		5.233977		12.560
5.016		1.0500		0.0000		877.150		2.802		12.540		5.249813		12.600
5.018		1.0531		0.0000		877.147		2.805		12.545		5.265648		12.640
5.022		1.0563		0.0000		877.144		2.808		12.555		5.281484		12.680
5.024		1.0596		0.0000		877.141		2.811		12.560		5.298008		12.720
5.026		1.0630		0.0000		877.137		2.815		12.565		5.315220		12.760
5.028		1.0668		0.0000		877.134		2.818		12.570		5.333810		12.800
5.038		1.0705		0.0000		877.130		2.822		12.595		5.352399		12.840
5.046		1.0738		0.0000		877.127		2.825		12.615		5.368923		12.880
5.050		1.0768		0.0000		877.124		2.828		12.625		5.384069		12.920
5.054		1.0801		0.0000		877.120		2.832		12.635		5.400595		12.960
5.056		1.0834		0.0000		877.117		2.835		12.640		5.417118		13.000
5.058		1.0865		0.0000		877.114		2.838		12.645		5.432265		13.040
5.060		1.0898		0.0000		877.111		2.841		12.650		5.448790		13.080
5.062		1.0929		0.0000		877.107		2.844		12.655		5.464624		13.120
5.064		1.0962		0.0000		877.104		2.848		12.660		5.481149		13.160
5.066		1.0999		0.0000		877.100		2.851		12.665		5.499739		13.200
5.070		1.1038		0.0000		877.097		2.855		12.675		5.519016		13.240
5.082		1.1072		0.0000		877.093		2.859		12.705		5.536228		13.280
5.088		1.1103		0.0000		877.090		2.862		12.720		5.551375		13.320
5.092		1.1134		0.0000		877.087		2.865		12.730		5.567211		13.360
5.092		1.1167		0.0000		877.084		2.868		12.730		5.583735		13.400
5.094		1.1199		0.0000		877.080		2.871		12.735		5.599570		13.440
5.098		1.1231		0.0000		877.077		2.875		12.745		5.615406		13.480
5.100		1.1264		0.0000		877.074		2.878		12.750		5.631929		13.520
5.100		1.1296		0.0000		877.071		2.881		12.750		5.647765		13.560
5.104		1.1333		0.0000		877.067		2.885		12.760		5.666355		13.600
5.106		1.1370		0.0000		877.063		2.889		12.765		5.684944		13.640
5.116		1.1406		0.0000		877.060		2.892		12.790		5.702846		13.680
5.124		1.1437		0.0000		877.057		2.895		12.810		5.718680		13.720
5.130		1.1469		0.0000		877.053		2.898		12.825		5.734516		13.760
5.130		1.1501		0.0000		877.050		2.902		12.825		5.750352		13.800
5.132		1.1534		0.0000		877.047		2.905		12.830		5.766876		13.840
5.134		1.1565		0.0000		877.044		2.908		12.835		5.782712		13.880
5.136		1.1597		0.0000		877.041		2.911		12.840		5.798547		13.920
5.136		1.1629		0.0000		877.037		2.914		12.840		5.814383		13.960
5.138		1.1663		0.0000		877.034		2.918		12.845		5.831595		14.000
5.140		1.1702		0.0000		877.030		2.922		12.850		5.850873		14.040
5.150		1.1740		0.0000		877.026		2.926		12.875		5.870152		14.080
5.160		1.1772		0.0000		877.023		2.929		12.900		5.885986		14.120
5.164		1.1802		0.0000		877.020		2.932		12.910		5.901134		14.160
5.166		1.1835		0.0000		877.017		2.935		12.915		5.917658		14.200
5.168		1.1867		0.0000		877.014		2.938		12.920		5.933494		14.240
5.168		1.1899		0.0000		877.010		2.941		12.920		5.949329		14.280
5.170		1.1932		0.0000		877.007		2.945		12.925		5.965853		14.320
5.172		1.1962		0.0000		877.004		2.948		12.930		5.980999		14.360
5.174		1.1998		0.0000		877.001		2.951		12.935		5.998901		14.400
5.176		1.2035		0.0000		876.997		2.955		12.940		6.017490		14.440
5.182		1.2072		0.0000		876.993		2.959		12.955		6.036080		14.480
5.188		1.2105		0.0000		876.990		2.962		12.970		6.052604		14.520
5.196		1.2137		0.0000		876.987		2.965		12.990		6.068439		14.560
5.200		1.2169		0.0000		876.984		2.968		13.000		6.084274		14.600
5.202		1.2202		0.0000		876.980		2.972		13.005		6.100799		14.640
5.204		1.2233		0.0000		876.977		2.975		13.010		6.116634		14.680
5.206		1.2265		0.0000		876.974		2.978		13.015		6.132469		14.720
5.206		1.2297		0.0000		876.971		2.981		13.015		6.148305		14.760
5.208		1.2330		0.0000		876.967		2.985		13.020		6.164828		14.800
5.212		1.2367		0.0000		876.964		2.988		13.030		6.183418		14.840
5.214		1.2404		0.0000		876.960		2.992		13.035		6.202007		14.880
5.224		1.2441		0.0000		876.956		2.996		13.060		6.220597		14.920
5.232		1.2471		0.0000		876.953		2.999		13.080		6.235745		14.960
5.236		1.2502		0.0000		876.950		3.002		13.090		6.250892		15.000
5.236		1.2536		0.0000		876.947		3.005		13.090		6.268105		15.040
5.238		1.2567		0.0000		876.944		3.008		13.095		6.283251		15.080
5.240		1.2600		0.0000		876.940		3.011		13.100		6.299775		15.120
5.242		1.2631		0.0000		876.937		3.015		13.105		6.315610		15.160
5.244		1.2663		0.0000		876.934		3.018		13.110		6.331446		15.200
5.246		1.2699		0.0000		876.930		3.021		13.115		6.349347		15.240
5.248		1.2736		0.0000		876.927		3.025		13.120		6.367936		15.280
5.258		1.2773		0.0000		876.923		3.029		13.145		6.386526		15.320
5.266		1.2806		0.0000		876.920		3.032		13.165		6.403050		15.360
5.270		1.2838		0.0000		876.917		3.035		13.175		6.418886		15.400
5.272		1.2869		0.0000		876.913		3.038		13.180		6.434721		15.440
5.274		1.2901		0.0000		876.910		3.042		13.185		6.450557		15.480
5.274		1.2933		0.0000		876.907		3.045		13.185		6.466393		15.520
5.276		1.2964		0.0000		876.904		3.048		13.190		6.482228		15.560
5.278		1.2998		0.0000		876.901		3.051		13.195		6.498752		15.600
5.280		1.3032		0.0000		876.897		3.055		13.200		6.515965		15.640
5.282		1.3068		0.0000		876.894		3.058		13.205		6.533865		15.680
5.286		1.3108		0.0000		876.890		3.062		13.215		6.553831		15.720
5.296		1.3141		0.0000		876.886		3.066		13.240		6.570356		15.760
5.304		1.3171		0.0000		876.883		3.069		13.260		6.585503		15.800
5.306		1.3203		0.0000		876.880		3.072		13.265		6.601338		15.840
5.306		1.3236		0.0000		876.877		3.075		13.265		6.617862		15.880
5.306		1.3267		0.0000		876.874		3.078		13.265		6.633698		15.920
5.308		1.3299		0.0000		876.870		3.081		13.270		6.649533		15.960
5.310		1.3331		0.0000		876.867		3.085		13.275		6.665368		16.000
5.310		1.3364		0.0000		876.864		3.088		13.275		6.681893		16.040
5.312		1.3401		0.0000		876.860		3.092		13.280		6.700482		16.080
5.316		1.3438		0.0000		876.857		3.095		13.290		6.719072		16.120
5.322		1.3474		0.0000		876.853		3.099		13.305		6.736972		16.160
5.332		1.3506		0.0000		876.850		3.102		13.330		6.752808		16.200
5.336		1.3537		0.0000		876.847		3.105		13.340		6.768644		16.240
5.336		1.3569		0.0000		876.843		3.108		13.340		6.784480		16.280
5.338		1.3602		0.0000		876.840		3.112		13.345		6.801003		16.320
5.338		1.3632		0.0000		876.837		3.115		13.345		6.816150		16.360
5.340		1.3665		0.0000		876.834		3.118		13.350		6.832674		16.400
5.340		1.3697		0.0000		876.831		3.121		13.350		6.848509		16.440
5.342		1.3733		0.0000		876.827		3.125		13.355		6.866411		16.480
5.344		1.3771		0.0000		876.823		3.129		13.360		6.885688		16.520
5.350		1.3809		0.0000		876.820		3.132		13.375		6.904278		16.560
5.360		1.3839		0.0000		876.816		3.135		13.400		6.919425		16.600
5.366		1.3871		0.0000		876.813		3.139		13.415		6.935260		16.640
5.366		1.3902		0.0000		876.810		3.142		13.415		6.951096		16.680
5.366		1.3935		0.0000		876.807		3.145		13.415		6.967620		16.720
5.368		1.3967		0.0000		876.804		3.148		13.420		6.983456		16.760
5.370		1.4000		0.0000		876.800		3.152		13.425		6.999979		16.800
5.370		1.4030		0.0000		876.797		3.155		13.425		7.015127		16.840
5.372		1.4065		0.0000		876.794		3.158		13.430		7.032340		16.880
5.374		1.4103		0.0000		876.790		3.162		13.435		7.051617		16.920
5.378		1.4140		0.0000		876.786		3.166		13.445		7.070207		16.960
5.386		1.4173		0.0000		876.783		3.169		13.465		7.086730		17.000
5.392		1.4205		0.0000		876.780		3.172		13.480		7.102566		17.040
5.396		1.4238		0.0000		876.777		3.175		13.490		7.119091		17.080
5.396		1.4270		0.0000		876.773		3.179		13.490		7.134925		17.120
5.396		1.4302		0.0000		876.770		3.182		13.490		7.150761		17.160
5.396		1.4333		0.0000		876.767		3.185		13.490		7.166596		17.200
5.398		1.4365		0.0000		876.764		3.188		13.495		7.182432		17.240
5.400		1.4398		0.0000		876.761		3.191		13.500		7.198956		17.280
5.402		1.4435		0.0000		876.757		3.195		13.505		7.217546		17.320
5.404		1.4474		0.0000		876.753		3.199		13.510		7.236824		17.360
5.412		1.4508		0.0000		876.750		3.202		13.530		7.254037		17.400
5.422		1.4538		0.0000		876.747		3.205		13.555		7.269183		17.440
5.424		1.4571		0.0000		876.743		3.209		13.560		7.285707		17.480
5.424		1.4603		0.0000		876.740		3.212		13.560		7.301543		17.520
5.426		1.4636		0.0000		876.737		3.215		13.565		7.318067		17.560
5.426		1.4668		0.0000		876.734		3.218		13.565		7.333902		17.600
5.426		1.4699		0.0000		876.730		3.221		13.565		7.349738		17.640
5.426		1.4731		0.0000		876.727		3.225		13.565		7.365574		17.680
5.428		1.4767		0.0000		876.724		3.228		13.570		7.383474		17.720
5.430		1.4806		0.0000		876.720		3.232		13.575		7.402753		17.760
5.436		1.4841		0.0000		876.716		3.236		13.590		7.420653		17.800
5.444		1.4874		0.0000		876.713		3.239		13.610		7.437177		17.840
5.450		1.4906		0.0000		876.710		3.242		13.625		7.453012		17.880
5.452		1.4936		0.0000		876.707		3.245		13.630		7.468159		17.920
5.452		1.4969		0.0000		876.703		3.248		13.630		7.484684		17.960
5.452		1.5001		0.0000		876.700		3.252		13.630		7.500519		18.000
5.454		1.5033		0.0000		876.697		3.255		13.635		7.516355		18.040
5.454		1.5066		0.0000		876.694		3.258		13.635		7.532879		18.080
5.456		1.5100		0.0000		876.690		3.262		13.640		7.550091		18.120
5.456		1.5137		0.0000		876.687		3.265		13.640		7.568680		18.160
5.462		1.5175		0.0000		876.683		3.269		13.655		7.587270		18.200
5.470		1.5208		0.0000		876.680		3.272		13.675		7.603794		18.240
5.476		1.5238		0.0000		876.677		3.275		13.690		7.618941		18.280
5.478		1.5271		0.0000		876.673		3.279		13.695		7.635465		18.320
5.478		1.5304		0.0000		876.670		3.282		13.695		7.651989		18.360
5.478		1.5334		0.0000		876.667		3.285		13.695		7.667136		18.400
5.480		1.5367		0.0000		876.664		3.288		13.700		7.683660		18.440
5.482		1.5399		0.0000		876.660		3.291		13.705		7.699495		18.480
5.482		1.5432		0.0000		876.657		3.295		13.705		7.716019		18.520
5.482		1.5469		0.0000		876.653		3.298		13.705		7.734609		18.560
5.486		1.5508		0.0000		876.650		3.302		13.715		7.753887		18.600
5.494		1.5542		0.0000		876.646		3.306		13.735		7.771100		18.640
5.500		1.5572		0.0000		876.643		3.309		13.750		7.786246		18.680
5.504		1.5606		0.0000		876.640		3.312		13.760		7.802770		18.720
5.504		1.5637		0.0000		876.637		3.315		13.760		7.818606		18.760
5.506		1.5669		0.0000		876.633		3.318		13.765		7.834442		18.800
5.506		1.5701		0.0000		876.630		3.322		13.765		7.850277		18.840
5.508		1.5734		0.0000		876.627		3.325		13.770		7.866801		18.880
5.508		1.5767		0.0000		876.624		3.328		13.770		7.883325		18.920
5.510		1.5802		0.0000		876.620		3.332		13.775		7.901226		18.960
5.514		1.5840		0.0000		876.616		3.336		13.785		7.919816		19.000
5.520		1.5877		0.0000		876.613		3.339		13.800		7.938405		19.040
5.528		1.5907		0.0000		876.610		3.342		13.820		7.953552		19.080
5.534		1.5939		0.0000		876.607		3.345		13.835		7.969388		19.120
5.534		1.5970		0.0000		876.603		3.349		13.835		7.985224		19.160
5.534		1.6003		0.0000		876.600		3.352		13.835		8.001747		19.200
5.534		1.6035		0.0000		876.597		3.355		13.835		8.017583		19.240
5.534		1.6067		0.0000		876.594		3.358		13.835		8.033419		19.280
5.534		1.6100		0.0000		876.590		3.362		13.835		8.049942		19.320
5.534		1.6134		0.0000		876.587		3.365		13.835		8.067155		19.360
5.536		1.6171		0.0000		876.583		3.369		13.840		8.085745		19.400
5.540		1.6209		0.0000		876.579		3.372		13.850		8.104334		19.440
5.548		1.6242		0.0000		876.576		3.376		13.870		8.120857		19.480
5.556		1.6273		0.0000		876.573		3.379		13.890		8.136693		19.520
5.558		1.6305		0.0000		876.570		3.382		13.895		8.152529		19.560
5.558		1.6338		0.0000		876.567		3.385		13.895		8.169052		19.600
5.558		1.6370		0.0000		876.563		3.389		13.895		8.184889		19.640
5.560		1.6401		0.0000		876.560		3.392		13.900		8.200724		19.680
5.560		1.6433		0.0000		876.557		3.395		13.900		8.216558		19.720
5.560		1.6466		0.0000		876.554		3.398		13.900		8.233084		19.760
5.560		1.6505		0.0000		876.550		3.402		13.900		8.252361		19.800
5.564		1.6542		0.0000		876.546		3.406		13.910		8.270950		19.840
5.570		1.6576		0.0000		876.543		3.409		13.925		8.288163		19.880
5.578		1.6607		0.0000		876.540		3.412		13.945		8.303309		19.920
5.582		1.6638		0.0000		876.537		3.415		13.955		8.319145		19.960
5.582		1.6671		0.0000		876.533		3.419		13.955		8.335669		20.000
5.584		1.6703		0.0000		876.530		3.422		13.960		8.351505		20.040
5.584		1.6735		0.0000		876.527		3.425		13.960		8.367340		20.080
5.586		1.6768		0.0000		876.524		3.428		13.965		8.383864		20.120
5.588		1.6799		0.0000		876.520		3.431		13.970		8.399700		20.160
5.588		1.6835		0.0000		876.517		3.435		13.970		8.417602		20.200
5.592		1.6874		0.0000		876.513		3.439		13.980		8.436879		20.240
5.598		1.6910		0.0000		876.509		3.443		13.995		8.454781		20.280
5.606		1.6941		0.0000		876.506		3.446		14.015		8.470615		20.320
5.612		1.6973		0.0000		876.503		3.449		14.030		8.486451		20.360
5.612		1.7006		0.0000		876.500		3.452		14.030		8.502975		20.400
5.612		1.7038		0.0000		876.497		3.455		14.030		8.518810		20.440
5.612		1.7069		0.0000		876.493		3.458		14.030		8.534646		20.480
5.614		1.7101		0.0000		876.490		3.462		14.035		8.550482		20.520
5.614		1.7133		0.0000		876.487		3.465		14.035		8.566318		20.560
5.616		1.7168		0.0000		876.484		3.468		14.040		8.584218		20.600
5.618		1.7206		0.0000		876.480		3.472		14.045		8.602808		20.640
5.622		1.7244		0.0000		876.476		3.476		14.055		8.622086		20.680
5.632		1.7276		0.0000		876.473		3.479		14.080		8.637920		20.720
5.638		1.7308		0.0000		876.470		3.482		14.095		8.653756		20.760
5.640		1.7339		0.0000		876.466		3.485		14.100		8.669592		20.800
5.638		1.7372		0.0000		876.463		3.489		14.095		8.686115		20.840
5.638		1.7404		0.0000		876.460		3.492		14.095		8.701952		20.880
5.640		1.7436		0.0000		876.457		3.495		14.100		8.717787		20.920
5.640		1.7467		0.0000		876.454		3.498		14.100		8.733624		20.960
5.640		1.7500		0.0000		876.450		3.502		14.100		8.750147		21.000
5.642		1.7539		0.0000		876.446		3.505		14.105		8.769425		21.040
5.646		1.7576		0.0000		876.443		3.509		14.115		8.788014		21.080
5.654		1.7610		0.0000		876.439		3.513		14.135		8.805226		21.120
5.662		1.7642		0.0000		876.436		3.516		14.155		8.821062		21.160
5.664		1.7674		0.0000		876.433		3.519		14.160		8.836898		21.200
5.664		1.7705		0.0000		876.430		3.522		14.160		8.852734		21.240
5.664		1.7737		0.0000		876.427		3.525		14.160		8.868569		21.280
5.664		1.7769		0.0000		876.423		3.528		14.160		8.884403		21.320
5.664		1.7800		0.0000		876.420		3.532		14.160		8.900240		21.360
5.664		1.7834		0.0000		876.417		3.535		14.160		8.916763		21.400
5.664		1.7871		0.0000		876.413		3.539		14.160		8.935352		21.440
5.668		1.7909		0.0000		876.409		3.542		14.170		8.954631		21.480
5.672		1.7944		0.0000		876.406		3.546		14.180		8.971844		21.520
5.682		1.7975		0.0000		876.403		3.549		14.205		8.987679		21.560
5.686		1.8007		0.0000		876.400		3.552		14.215		9.003514		21.600
5.686		1.8040		0.0000		876.396		3.556		14.215		9.020039		21.640
5.686		1.8073		0.0000		876.393		3.559		14.215		9.036562		21.680
5.686		1.8103		0.0000		876.390		3.562		14.215		9.051709		21.720
5.686		1.8135		0.0000		876.387		3.565		14.215		9.067545		21.760
5.686		1.8167		0.0000		876.384		3.568		14.215		9.083381		21.800
5.686		1.8203		0.0000		876.380		3.572		14.215		9.101281		21.840
5.688		1.8240		0.0000		876.376		3.576		14.220		9.119871		21.880
5.692		1.8278		0.0000		876.373		3.579		14.230		9.139149		21.920
5.700		1.8310		0.0000		876.369		3.583		14.250		9.154985		21.960
5.706		1.8342		0.0000		876.366		3.586		14.265		9.170819		22.000
5.708		1.8373		0.0000		876.363		3.589		14.270		9.186655		22.040
5.708		1.8405		0.0000		876.360		3.592		14.270		9.202491		22.080
5.708		1.8437		0.0000		876.357		3.595		14.270		9.218327		22.120
5.708		1.8468		0.0000		876.354		3.598		14.270		9.234162		22.160
5.708		1.8501		0.0000		876.350		3.602		14.270		9.250687		22.200
5.710		1.8534		0.0000		876.347		3.605		14.275		9.267210		22.240
5.710		1.8572		0.0000		876.343		3.609		14.275		9.285799		22.280
5.718		1.8612		0.0000		876.339		3.613		14.295		9.305765		22.320
5.726		1.8645		0.0000		876.336		3.616		14.315		9.322290		22.360
5.732		1.8676		0.0000		876.333		3.619		14.330		9.338126		22.400
5.734		1.8708		0.0000		876.330		3.622		14.335		9.353961		22.440
5.732		1.8740		0.0000		876.326		3.626		14.330		9.369797		22.480
5.732		1.8771		0.0000		876.323		3.629		14.330		9.385633		22.520
5.734		1.8804		0.0000		876.320		3.632		14.335		9.402156		22.560
5.734		1.8835		0.0000		876.317		3.635		14.335		9.417303		22.600
5.734		1.8868		0.0000		876.314		3.638		14.335		9.433827		22.640
5.734		1.8903		0.0000		876.310		3.642		14.335		9.451728		22.680
5.738		1.8943		0.0000		876.306		3.646		14.345		9.471694		22.720
5.744		1.8978		0.0000		876.303		3.649		14.360		9.488907		22.760
5.752		1.9009		0.0000		876.299		3.652		14.380		9.504743		22.800
5.756		1.9041		0.0000		876.296		3.656		14.390		9.520578		22.840
5.754		1.9074		0.0000		876.293		3.659		14.385		9.537102		22.880
5.754		1.9106		0.0000		876.290		3.662		14.385		9.552938		22.920
5.754		1.9138		0.0000		876.287		3.665		14.385		9.568773		22.960
5.754		1.9169		0.0000		876.283		3.668		14.385		9.584608		23.000
5.754		1.9201		0.0000		876.280		3.672		14.385		9.600444		23.040
5.754		1.9237		0.0000		876.277		3.675		14.385		9.618345		23.080
5.754		1.9275		0.0000		876.273		3.679		14.385		9.637623		23.120
5.762		1.9312		0.0000		876.269		3.683		14.405		9.656212		23.160
5.770		1.9343		0.0000		876.266		3.686		14.425		9.671359		23.200
5.776		1.9376		0.0000		876.263		3.689		14.440		9.687883		23.240
5.776		1.9407		0.0000		876.260		3.692		14.440		9.703720		23.280
5.776		1.9439		0.0000		876.256		3.695		14.440		9.719554		23.320
5.776		1.9472		0.0000		876.253		3.699		14.440		9.736079		23.360
5.776		1.9502		0.0000		876.250		3.702		14.440		9.751225		23.400
5.776		1.9535		0.0000		876.247		3.705		14.440		9.767750		23.440
5.776		1.9570		0.0000		876.243		3.709		14.440		9.784962		23.480
5.778		1.9607		0.0000		876.240		3.712		14.445		9.803552		23.520
5.780		1.9646		0.0000		876.236		3.716		14.450		9.822830		23.560
5.788		1.9679		0.0000		876.232		3.719		14.470		9.839354		23.600
5.796		1.9710		0.0000		876.229		3.723		14.490		9.855189		23.640
5.800		1.9742		0.0000		876.226		3.726		14.500		9.871025		23.680
5.798		1.9774		0.0000		876.223		3.729		14.495		9.886860		23.720
5.798		1.9805		0.0000		876.220		3.732		14.495		9.902696		23.760
5.800		1.9838		0.0000		876.216		3.735		14.500		9.919219		23.800
5.800		1.9870		0.0000		876.213		3.739		14.500		9.935055		23.840
5.800		1.9902		0.0000		876.210		3.742		14.500		9.950891		23.880
5.802		1.9939		0.0000		876.206		3.745		14.505		9.969481		23.920
5.804		1.9978		0.0000		876.203		3.749		14.510		9.988758		23.960
5.812		2.0013		0.0000		876.199		3.753		14.530		10.006659		24.000
5.820		2.0044		0.0000		876.196		3.756		14.550		10.021806		24.040
5.824		2.0075		0.0000		876.193		3.759		14.560		10.037642		24.080
5.824		2.0108		0.0000		876.190		3.762		14.560		10.054165		24.120
5.822		2.0140		0.0000		876.186		3.766		14.555		10.070001		24.160
5.824		2.0172		0.0000		876.183		3.769		14.560		10.085836		24.200
5.824		2.0203		0.0000		876.180		3.772		14.560		10.101672		24.240
5.824		2.0235		0.0000		876.177		3.775		14.560		10.117508		24.280
5.824		2.0271		0.0000		876.173		3.779		14.560		10.135408		24.320
5.826		2.0311		0.0000		876.169		3.783		14.565		10.155375		24.360
5.830		2.0347		0.0000		876.166		3.786		14.575		10.173277		24.400
5.838		2.0378		0.0000		876.163		3.789		14.595		10.189112		24.440
5.844		2.0410		0.0000		876.159		3.793		14.610		10.204947		24.480
5.846		2.0443		0.0000		876.156		3.796		14.615		10.221471		24.520
5.844		2.0475		0.0000		876.153		3.799		14.610		10.237307		24.560
5.842		2.0505		0.0000		876.150		3.802		14.605		10.252453		24.600
5.842		2.0538		0.0000		876.147		3.805		14.605		10.268978		24.640
5.842		2.0570		0.0000		876.143		3.809		14.605		10.284814		24.680
5.842		2.0604		0.0000		876.140		3.812		14.605		10.302025		24.720
5.842		2.0641		0.0000		876.136		3.816		14.605		10.320615		24.760
5.846		2.0680		0.0000		876.132		3.820		14.615		10.339893		24.800
5.854		2.0711		0.0000		876.129		3.823		14.635		10.355729		24.840
5.862		2.0745		0.0000		876.126		3.826		14.655		10.372252		24.880
5.864		2.0776		0.0000		876.123		3.829		14.660		10.388088		24.920
5.864		2.0808		0.0000		876.120		3.832		14.660		10.403924		24.960
5.864		2.0841		0.0000		876.116		3.836		14.660		10.420447		25.000
5.864		2.0873		0.0000		876.113		3.839		14.660		10.436283		25.040
5.862		2.0904		0.0000		876.110		3.842		14.655		10.452119		25.080
5.862		2.0936		0.0000		876.107		3.845		14.655		10.467954		25.120
5.862		2.0973		0.0000		876.103		3.849		14.655		10.486544		25.160
5.866		2.1012		0.0000		876.099		3.853		14.665		10.505821		25.200
5.872		2.1046		0.0000		876.096		3.856		14.680		10.523034		25.240
5.880		2.1079		0.0000		876.092		3.859		14.700		10.539558		25.280
5.884		2.1109		0.0000		876.089		3.862		14.710		10.554705		25.320
5.884		2.1141		0.0000		876.086		3.866		14.710		10.570540		25.360
5.882		2.1174		0.0000		876.083		3.869		14.705		10.587064		25.400
5.882		2.1206		0.0000		876.080		3.872		14.705		10.602900		25.440
5.882		2.1236		0.0000		876.077		3.875		14.705		10.618047		25.480
5.882		2.1269		0.0000		876.073		3.878		14.705		10.634571		25.520
5.882		2.1305		0.0000		876.070		3.882		14.705		10.652472		25.560
5.884		2.1344		0.0000		876.066		3.886		14.710		10.671750		25.600
5.890		2.1381		0.0000		876.062		3.890		14.725		10.690340		25.640
5.898		2.1412		0.0000		876.059		3.893		14.745		10.706176		25.680
5.904		2.1444		0.0000		876.056		3.896		14.760		10.722010		25.720
5.904		2.1476		0.0000		876.053		3.899		14.760		10.737846		25.760
5.904		2.1507		0.0000		876.050		3.902		14.760		10.753681		25.800
5.904		2.1540		0.0000		876.046		3.906		14.760		10.770205		25.840
5.904		2.1571		0.0000		876.043		3.909		14.760		10.785353		25.880
5.904		2.1604		0.0000		876.040		3.912		14.760		10.801877		25.920
5.906		2.1637		0.0000		876.037		3.915		14.765		10.818400		25.960
5.906		2.1677		0.0000		876.033		3.919		14.765		10.838367		26.000
5.910		2.1714		0.0000		876.029		3.923		14.775		10.856956		26.040
5.918		2.1747		0.0000		876.026		3.926		14.795		10.873481		26.080
5.926		2.1779		0.0000		876.023		3.929		14.815		10.889316		26.120
5.928		2.1809		0.0000		876.019		3.932		14.820		10.904464		26.160
5.926		2.1842		0.0000		876.016		3.936		14.815		10.920987		26.200
5.926		2.1874		0.0000		876.013		3.939		14.815		10.936823		26.240
5.926		2.1905		0.0000		876.010		3.942		14.815		10.952659		26.280
5.926		2.1937		0.0000		876.007		3.945		14.815		10.968493		26.320
5.926		2.1970		0.0000		876.003		3.949		14.815		10.985018		26.360
5.926		2.2009		0.0000		876.000		3.952		14.815		11.004295		26.400
5.928		2.2046		0.0000		875.996		3.956		14.820		11.022884		26.440
5.936		2.2082		0.0000		875.992		3.960		14.840		11.040787		26.480
5.944		2.2112		0.0000		875.989		3.963		14.860		11.055933		26.520
5.948		2.2145		0.0000		875.986		3.966		14.870		11.072456		26.560
5.946		2.2175		0.0000		875.983		3.969		14.865		11.087604		26.600
5.946		2.2207		0.0000		875.980		3.972		14.865		11.103439		26.640
5.944		2.2240		0.0000		875.976		3.976		14.860		11.119965		26.680
5.944		2.2272		0.0000		875.973		3.979		14.860		11.135798		26.720
5.944		2.2303		0.0000		875.970		3.982		14.860		11.151634		26.760
5.944		2.2340		0.0000		875.966		3.986		14.860		11.170224		26.800
5.946		2.2378		0.0000		875.963		3.989		14.865		11.188813		26.840
5.952		2.2415		0.0000		875.959		3.993		14.880		11.207403		26.880
5.960		2.2446		0.0000		875.956		3.996		14.900		11.223239		26.920
5.968		2.2478		0.0000		875.953		3.999		14.920		11.239075		26.960
5.968		2.2510		0.0000		875.949		4.003		14.920		11.254910		27.000
5.968		2.2541		0.0000		875.946		4.006		14.920		11.270744		27.040
5.966		2.2573		0.0000		875.943		4.009		14.915		11.286581		27.080
5.966		2.2605		0.0000		875.940		4.012		14.915		11.302416		27.120
5.966		2.2637		0.0000		875.937		4.015		14.915		11.318253		27.160
5.966		2.2671		0.0000		875.933		4.019		14.915		11.335464		27.200
5.966		2.2711		0.0000		875.929		4.023		14.915		11.355431		27.240
5.972		2.2749		0.0000		875.925		4.026		14.930		11.374710		27.280
5.982		2.2781		0.0000		875.922		4.030		14.955		11.390543		27.320
5.990		2.2813		0.0000		875.919		4.033		14.975		11.406379		27.360
5.992		2.2844		0.0000		875.916		4.036		14.980		11.422215		27.400
5.990		2.2876		0.0000		875.913		4.039		14.975		11.438050		27.440
5.990		2.2908		0.0000		875.910		4.042		14.975		11.453886		27.480
5.990		2.2939		0.0000		875.906		4.045		14.975		11.469722		27.520
5.990		2.2971		0.0000		875.903		4.049		14.975		11.485558		27.560
5.990		2.3004		0.0000		875.900		4.052		14.975		11.502080		27.600
5.990		2.3043		0.0000		875.896		4.056		14.975		11.521358		27.640
5.992		2.3081		0.0000		875.892		4.060		14.980		11.540637		27.680
5.998		2.3114		0.0000		875.889		4.063		14.995		11.557161		27.720
6.006		2.3147		0.0000		875.886		4.066		15.015		11.573685		27.760
6.008		2.3178		0.0000		875.883		4.069		15.020		11.588831		27.800
6.006		2.3211		0.0000		875.879		4.073		15.015		11.605356		27.840
6.004		2.3242		0.0000		875.876		4.076		15.010		11.621191		27.880
6.004		2.3274		0.0000		875.873		4.079		15.010		11.637028		27.920
6.004		2.3304		0.0000		875.870		4.082		15.010		11.652174		27.960
6.002		2.3337		0.0000		875.867		4.085		15.005		11.668699		28.000
6.002		2.3375		0.0000		875.863		4.089		15.005		11.687288		28.040
6.004		2.3412		0.0000		875.859		4.093		15.010		11.705877		28.080
6.010		2.3449		0.0000		875.855		4.096		15.025		11.724467		28.120
6.018		2.3479		0.0000		875.852		4.099		15.045		11.739614		28.160
6.022		2.3512		0.0000		875.849		4.103		15.055		11.756139		28.200
6.022		2.3544		0.0000		875.846		4.106		15.055		11.771973		28.240
6.020		2.3577		0.0000		875.843		4.109		15.050		11.788497		28.280
6.020		2.3609		0.0000		875.839		4.112		15.050		11.804333		28.320
6.018		2.3640		0.0000		875.836		4.116		15.045		11.820168		28.360
6.018		2.3672		0.0000		875.833		4.119		15.045		11.836004		28.400
6.016		2.3705		0.0000		875.830		4.122		15.040		11.852527		28.440
6.016		2.3745		0.0000		875.826		4.126		15.040		11.872494		28.480
6.020		2.3782		0.0000		875.822		4.130		15.050		11.891084		28.520
6.028		2.3815		0.0000		875.819		4.133		15.070		11.907608		28.560
6.036		2.3847		0.0000		875.816		4.136		15.090		11.923445		28.600
6.036		2.3879		0.0000		875.812		4.139		15.090		11.939278		28.640
6.036		2.3910		0.0000		875.809		4.143		15.090		11.955113		28.680
6.034		2.3942		0.0000		875.806		4.146		15.085		11.970949		28.720
6.034		2.3974		0.0000		875.803		4.149		15.085		11.986785		28.760
6.032		2.4005		0.0000		875.800		4.152		15.080		12.002621		28.800
6.032		2.4040		0.0000		875.796		4.156		15.080		12.019833		28.840
6.032		2.4077		0.0000		875.793		4.159		15.080		12.038422		28.880
6.034		2.4115		0.0000		875.789		4.163		15.085		12.057700		28.920
6.040		2.4150		0.0000		875.785		4.167		15.100		12.074914		28.960
6.048		2.4180		0.0000		875.782		4.170		15.120		12.090061		29.000
6.050		2.4212		0.0000		875.779		4.173		15.125		12.105896		29.040
6.048		2.4245		0.0000		875.776		4.176		15.120		12.122419		29.080
6.048		2.4277		0.0000		875.773		4.179		15.120		12.138254		29.120
6.048		2.4308		0.0000		875.770		4.182		15.120		12.154091		29.160
6.048		2.4340		0.0000		875.766		4.186		15.120		12.169926		29.200
6.046		2.4372		0.0000		875.763		4.189		15.115		12.185762		29.240
6.046		2.4407		0.0000		875.760		4.192		15.115		12.203663		29.280
6.048		2.4447		0.0000		875.756		4.196		15.120		12.223630		29.320
6.054		2.4483		0.0000		875.752		4.200		15.135		12.241530		29.360
6.062		2.4515		0.0000		875.749		4.203		15.155		12.257366		29.400
6.066		2.4545		0.0000		875.746		4.206		15.165		12.272512		29.440
6.066		2.4578		0.0000		875.743		4.209		15.165		12.289038		29.480
6.064		2.4610		0.0000		875.739		4.213		15.160		12.304871		29.520
6.064		2.4641		0.0000		875.736		4.216		15.160		12.320707		29.560
6.064		2.4673		0.0000		875.733		4.219		15.160		12.336542		29.600
6.064		2.4705		0.0000		875.730		4.222		15.160		12.352379		29.640
6.062		2.4741		0.0000		875.726		4.226		15.155		12.370279		29.680
6.064		2.4779		0.0000		875.722		4.229		15.160		12.389557		29.720
6.068		2.4818		0.0000		875.719		4.233		15.170		12.408836		29.760
6.078		2.4848		0.0000		875.716		4.236		15.195		12.423983		29.800
6.084		2.4880		0.0000		875.712		4.240		15.210		12.439818		29.840
6.084		2.4913		0.0000		875.709		4.243		15.210		12.456343		29.880
6.082		2.4944		0.0000		875.706		4.246		15.205		12.472177		29.920
6.080		2.4976		0.0000		875.703		4.249		15.200		12.488012		29.960
6.080		2.5006		0.0000		875.700		4.252		15.200		12.503159		30.000
6.078		2.5039		0.0000		875.696		4.255		15.195		12.519684		30.040
6.078		2.5072		0.0000		875.693		4.259		15.195		12.536209		30.080
6.078		2.5111		0.0000		875.689		4.263		15.195		12.555487		30.120
6.080		2.5148		0.0000		875.686		4.266		15.200		12.574077		30.160
6.088		2.5183		0.0000		875.682		4.270		15.220		12.591288		30.200
6.096		2.5214		0.0000		875.679		4.273		15.240		12.607124		30.240
6.098		2.5246		0.0000		875.676		4.276		15.245		12.622959		30.280
6.098		2.5279		0.0000		875.672		4.279		15.245		12.639482		30.320
6.096		2.5311		0.0000		875.669		4.283		15.240		12.655317		30.360
6.096		2.5342		0.0000		875.666		4.286		15.240		12.671154		30.400
6.096		2.5373		0.0000		875.663		4.289		15.240		12.686300		30.440
6.094		2.5406		0.0000		875.660		4.292		15.235		12.702826		30.480
6.094		2.5443		0.0000		875.656		4.296		15.235		12.721415		30.520
6.096		2.5481		0.0000		875.652		4.300		15.240		12.740693		30.560
6.102		2.5517		0.0000		875.649		4.303		15.255		12.758594		30.600
6.110		2.5549		0.0000		875.645		4.306		15.275		12.774429		30.640
6.116		2.5581		0.0000		875.642		4.310		15.290		12.790265		30.680
6.116		2.5612		0.0000		875.639		4.313		15.290		12.806101		30.720
6.114		2.5644		0.0000		875.636		4.316		15.285		12.821937		30.760
6.114		2.5676		0.0000		875.633		4.319		15.285		12.837770		30.800
6.114		2.5707		0.0000		875.630		4.322		15.285		12.853605		30.840
6.114		2.5740		0.0000		875.626		4.326		15.285		12.870131		30.880
6.114		2.5773		0.0000		875.623		4.329		15.285		12.886656		30.920
6.114		2.5813		0.0000		875.619		4.333		15.285		12.906620		30.960
6.118		2.5850		0.0000		875.615		4.337		15.295		12.925210		31.000
6.128		2.5882		0.0000		875.612		4.340		15.320		12.941046		31.040
6.134		2.5915		0.0000		875.609		4.343		15.335		12.957571		31.080
6.134		2.5945		0.0000		875.606		4.346		15.335		12.972717		31.120
6.130		2.5978		0.0000		875.603		4.349		15.325		12.989243		31.160
6.130		2.6010		0.0000		875.599		4.353		15.325		13.005075		31.200
6.128		2.6042		0.0000		875.596		4.356		15.320		13.020911		31.240
6.128		2.6073		0.0000		875.593		4.359		15.320		13.036747		31.280
6.126		2.6107		0.0000		875.590		4.362		15.315		13.053272		31.320
6.124		2.6144		0.0000		875.586		4.366		15.310		13.071861		31.360
6.128		2.6184		0.0000		875.582		4.370		15.320		13.091826		31.400
6.136		2.6217		0.0000		875.579		4.373		15.340		13.108351		31.440
6.144		2.6248		0.0000		875.576		4.376		15.360		13.124187		31.480
6.146		2.6280		0.0000		875.572		4.380		15.365		13.140022		31.520
6.142		2.6312		0.0000		875.569		4.383		15.355		13.155859		31.560
6.140		2.6343		0.0000		875.566		4.386		15.350		13.171694		31.600
6.138		2.6376		0.0000		875.563		4.389		15.345		13.188217		31.640
6.138		2.6407		0.0000		875.560		4.392		15.345		13.203365		31.680
6.136		2.6440		0.0000		875.556		4.396		15.340		13.219889		31.720
6.136		2.6477		0.0000		875.553		4.399		15.340		13.238478		31.760
6.136		2.6516		0.0000		875.549		4.403		15.340		13.257756		31.800
6.142		2.6551		0.0000		875.545		4.407		15.355		13.275657		31.840
6.152		2.6583		0.0000		875.542		4.410		15.380		13.291492		31.880
6.156		2.6613		0.0000		875.539		4.413		15.390		13.306639		31.920
6.154		2.6645		0.0000		875.536		4.416		15.385		13.322475		31.960
6.152		2.6678		0.0000		875.533		4.419		15.380		13.339000		32.000
6.150		2.6710		0.0000		875.529		4.423		15.375		13.354836		32.040
6.148		2.6741		0.0000		875.526		4.426		15.370		13.370671		32.080
6.146		2.6773		0.0000		875.523		4.429		15.365		13.386505		32.120
6.144		2.6807		0.0000		875.520		4.432		15.360		13.403719		32.160
6.142		2.6847		0.0000		875.516		4.436		15.355		13.423683		32.200
6.146		2.6886		0.0000		875.512		4.440		15.365		13.442963		32.240
6.156		2.6918		0.0000		875.509		4.443		15.390		13.458797		32.280
6.162		2.6948		0.0000		875.506		4.446		15.405		13.473945		32.320
6.160		2.6980		0.0000		875.502		4.450		15.400		13.489780		32.360
6.158		2.7013		0.0000		875.499		4.453		15.395		13.506306		32.400
6.156		2.7043		0.0000		875.496		4.456		15.390		13.521452		32.440
6.154		2.7076		0.0000		875.493		4.459		15.385		13.537977		32.480
6.152		2.7108		0.0000		875.490		4.462		15.380		13.553810		32.520
6.150		2.7141		0.0000		875.486		4.466		15.375		13.570335		32.560
6.150		2.7179		0.0000		875.482		4.469		15.375		13.589613		32.600
6.152		2.7218		0.0000		875.479		4.473		15.380		13.608892		32.640
6.158		2.7251		0.0000		875.475		4.477		15.395		13.625414		32.680
6.166		2.7283		0.0000		875.472		4.480		15.415		13.641251		32.720
6.166		2.7314		0.0000		875.469		4.483		15.415		13.657085		32.760
6.164		2.7346		0.0000		875.466		4.486		15.410		13.672922		32.800
6.162		2.7378		0.0000		875.463		4.489		15.405		13.688757		32.840
6.160		2.7409		0.0000		875.459		4.492		15.400		13.704594		32.880
6.158		2.7441		0.0000		875.456		4.496		15.395		13.720428		32.920
6.158		2.7474		0.0000		875.453		4.499		15.395		13.736952		32.960
6.156		2.7510		0.0000		875.449		4.503		15.390		13.754854		33.000
6.158		2.7551		0.0000		875.445		4.507		15.395		13.775509		33.040
6.164		2.7585		0.0000		875.442		4.510		15.410		13.792720		33.080
6.172		2.7617		0.0000		875.439		4.513		15.430		13.808556		33.120
6.176		2.7649		0.0000		875.435		4.516		15.440		13.824391		33.160
6.172		2.7679		0.0000		875.432		4.519		15.430		13.839539		33.200
6.170		2.7712		0.0000		875.429		4.523		15.425		13.856063		33.240
6.168		2.7744		0.0000		875.426		4.526		15.420		13.871899		33.280
6.166		2.7775		0.0000		875.423		4.529		15.415		13.887734		33.320
6.166		2.7809		0.0000		875.419		4.532		15.415		13.904257		33.360
6.164		2.7842		0.0000		875.416		4.536		15.410		13.920782		33.400
6.164		2.7880		0.0000		875.412		4.540		15.410		13.940060		33.440
6.168		2.7919		0.0000		875.409		4.543		15.420		13.959339		33.480
6.176		2.7950		0.0000		875.405		4.547		15.440		13.975172		33.520
6.180		2.7982		0.0000		875.402		4.550		15.450		13.991008		33.560
6.180		2.8014		0.0000		875.399		4.553		15.450		14.006844		33.600
6.178		2.8045		0.0000		875.396		4.556		15.445		14.022679		33.640
6.174		2.8078		0.0000		875.393		4.559		15.435		14.039204		33.680
6.174		2.8110		0.0000		875.389		4.563		15.435		14.055040		33.720
6.172		2.8142		0.0000		875.386		4.566		15.430		14.070875		33.760
6.170		2.8175		0.0000		875.383		4.569		15.425		14.087399		33.800
6.170		2.8212		0.0000		875.379		4.573		15.425		14.105988		33.840
6.174		2.8252		0.0000		875.375		4.577		15.435		14.125956		33.880
6.182		2.8285		0.0000		875.372		4.580		15.455		14.142477		33.920
6.190		2.8315		0.0000		875.369		4.583		15.475		14.157627		33.960
6.192		2.8348		0.0000		875.366		4.586		15.480		14.174149		34.000
6.190		2.8380		0.0000		875.362		4.590		15.475		14.189985		34.040
6.188		2.8413		0.0000		875.359		4.593		15.470		14.206510		34.080
6.186		2.8445		0.0000		875.356		4.596		15.465		14.222345		34.120
6.184		2.8475		0.0000		875.353		4.599		15.460		14.237492		34.160
6.184		2.8508		0.0000		875.350		4.602		15.460		14.254015		34.200
6.182		2.8545		0.0000		875.346		4.606		15.455		14.272604		34.240
6.184		2.8584		0.0000		875.342		4.610		15.460		14.291883		34.280
6.190		2.8620		0.0000		875.338		4.614		15.475		14.309783		34.320
6.198		2.8650		0.0000		875.335		4.617		15.495		14.324932		34.360
6.202		2.8683		0.0000		875.332		4.620		15.505		14.341455		34.400
6.200		2.8715		0.0000		875.329		4.623		15.500		14.357290		34.440
6.198		2.8746		0.0000		875.326		4.626		15.495		14.373126		34.480
6.196		2.8778		0.0000		875.323		4.629		15.490		14.388962		34.520
6.194		2.8808		0.0000		875.320		4.632		15.485		14.404108		34.560
6.192		2.8841		0.0000		875.316		4.636		15.480		14.420633		34.600
6.190		2.8877		0.0000		875.313		4.639		15.475		14.438534		34.640
6.188		2.8916		0.0000		875.309		4.643		15.470		14.457812		34.680
6.194		2.8953		0.0000		875.305		4.647		15.485		14.476402		34.720
6.202		2.8984		0.0000		875.302		4.650		15.505		14.492237		34.760
6.206		2.9016		0.0000		875.299		4.653		15.515		14.508071		34.800
6.204		2.9048		0.0000		875.296		4.656		15.510		14.523907		34.840
6.200		2.9081		0.0000		875.292		4.660		15.500		14.540432		34.880
6.198		2.9113		0.0000		875.289		4.663		15.495		14.556267		34.920
6.198		2.9143		0.0000		875.286		4.666		15.495		14.571414		34.960
6.196		2.9174		0.0000		875.283		4.669		15.490		14.587250		35.000
6.194		2.9210		0.0000		875.279		4.673		15.485		14.605150		35.040
6.192		2.9247		0.0000		875.276		4.676		15.480		14.623739		35.080
6.194		2.9286		0.0000		875.272		4.680		15.485		14.643019		35.120
6.200		2.9319		0.0000		875.268		4.683		15.500		14.659543		35.160
6.206		2.9349		0.0000		875.265		4.686		15.515		14.674690		35.200
6.208		2.9382		0.0000		875.262		4.690		15.520		14.691212		35.240
6.204		2.9414		0.0000		875.259		4.693		15.510		14.707048		35.280
6.202		2.9446		0.0000		875.256		4.696		15.505		14.722883		35.320
6.198		2.9477		0.0000		875.253		4.699		15.495		14.738720		35.360
6.196		2.9509		0.0000		875.249		4.702		15.490		14.754555		35.400
6.194		2.9542		0.0000		875.246		4.706		15.485		14.771080		35.440
6.192		2.9579		0.0000		875.242		4.709		15.480		14.789669		35.480
6.194		2.9618		0.0000		875.239		4.713		15.485		14.808946		35.520
6.200		2.9654		0.0000		875.235		4.717		15.500		14.826849		35.560
6.208		2.9684		0.0000		875.232		4.720		15.520		14.841995		35.600
6.210		2.9716		0.0000		875.229		4.723		15.525		14.857831		35.640
6.206		2.9749		0.0000		875.225		4.726		15.515		14.874353		35.680
6.204		2.9780		0.0000		875.222		4.730		15.510		14.890189		35.720
6.202		2.9812		0.0000		875.219		4.733		15.505		14.906025		35.760
6.200		2.9844		0.0000		875.216		4.736		15.500		14.921861		35.800
6.196		2.9877		0.0000		875.213		4.739		15.490		14.938385		35.840
6.194		2.9911		0.0000		875.209		4.743		15.485		14.955597		35.880
6.194		2.9950		0.0000		875.205		4.747		15.485		14.974875		35.920
6.196		2.9986		0.0000		875.202		4.750		15.490		14.992776		35.960
6.202		3.0019		0.0000		875.198		4.753		15.505		15.009300		36.000
6.206		3.0049		0.0000		875.195		4.756		15.515		15.024447		36.040
6.204		3.0082		0.0000		875.192		4.760		15.510		15.040972		36.080
6.200		3.0114		0.0000		875.189		4.763		15.500		15.056806		36.120
6.198		3.0147		0.0000		875.186		4.766		15.495		15.073330		36.160
6.196		3.0177		0.0000		875.183		4.769		15.490		15.088477		36.200
6.194		3.0210		0.0000		875.179		4.773		15.485		15.105001		36.240
6.192		3.0244		0.0000		875.176		4.776		15.480		15.122213		36.280
6.190		3.0282		0.0000		875.172		4.780		15.475		15.140802		36.320
6.194		3.0320		0.0000		875.168		4.784		15.485		15.160082		36.360
6.202		3.0352		0.0000		875.165		4.787		15.505		15.175917		36.400
6.206		3.0385		0.0000		875.162		4.790		15.515		15.192442		36.440
6.206		3.0417		0.0000		875.159		4.793		15.515		15.208278		36.480
6.202		3.0448		0.0000		875.156		4.796		15.505		15.224112		36.520
6.200		3.0480		0.0000		875.152		4.800		15.500		15.239946		36.560
6.200		3.0512		0.0000		875.149		4.803		15.500		15.255783		36.600
6.198		3.0545		0.0000		875.146		4.806		15.495		15.272307		36.640
6.196		3.0576		0.0000		875.143		4.809		15.490		15.288143		36.680
6.194		3.0613		0.0000		875.139		4.813		15.485		15.306732		36.720
6.196		3.0652		0.0000		875.135		4.817		15.490		15.326012		36.760
6.202		3.0686		0.0000		875.132		4.820		15.505		15.343223		36.800
6.208		3.0718		0.0000		875.129		4.823		15.520		15.359058		36.840
6.208		3.0750		0.0000		875.125		4.827		15.520		15.374894		36.880
6.206		3.0783		0.0000		875.122		4.830		15.515		15.391417		36.920
6.202		3.0813		0.0000		875.119		4.833		15.505		15.406566		36.960
6.200		3.0846		0.0000		875.116		4.836		15.500		15.423088		37.000
6.198		3.0876		0.0000		875.113		4.839		15.495		15.438234		37.040
6.196		3.0910		0.0000		875.109		4.842		15.490		15.454760		37.080
6.194		3.0945		0.0000		875.106		4.846		15.485		15.472660		37.120
6.192		3.0984		0.0000		875.102		4.850		15.480		15.491939		37.160
6.198		3.1021		0.0000		875.098		4.854		15.495		15.510529		37.200
6.206		3.1053		0.0000		875.095		4.857		15.515		15.526363		37.240
6.210		3.1083		0.0000		875.092		4.860		15.525		15.541511		37.280
6.208		3.1116		0.0000		875.089		4.863		15.520		15.558035		37.320
6.204		3.1148		0.0000		875.086		4.866		15.510		15.573872		37.360
6.202		3.1181		0.0000		875.082		4.870		15.505		15.590393		37.400
6.200		3.1212		0.0000		875.079		4.873		15.500		15.606230		37.440
6.198		3.1244		0.0000		875.076		4.876		15.495		15.622065		37.480
6.196		3.1277		0.0000		875.073		4.879		15.490		15.638590		37.520
6.194		3.1317		0.0000		875.069		4.883		15.485		15.658555		37.560
6.196		3.1354		0.0000		875.065		4.887		15.490		15.677145		37.600
6.204		3.1387		0.0000		875.062		4.890		15.510		15.693669		37.640
6.210		3.1419		0.0000		875.058		4.893		15.525		15.709505		37.680
6.210		3.1451		0.0000		875.055		4.897		15.525		15.725341		37.720
6.206		3.1481		0.0000		875.052		4.900		15.515		15.740488		37.760
6.204		3.1514		0.0000		875.049		4.903		15.510		15.757010		37.800
6.204		3.1544		0.0000		875.046		4.906		15.510		15.772160		37.840
6.200		3.1577		0.0000		875.043		4.909		15.500		15.788681		37.880
6.198		3.1610		0.0000		875.039		4.913		15.495		15.805206		37.920
6.196		3.1649		0.0000		875.035		4.916		15.490		15.824485		37.960
6.196		3.1686		0.0000		875.032		4.920		15.490		15.843075		38.000
6.202		3.1721		0.0000		875.028		4.924		15.505		15.860286		38.040
6.208		3.1751		0.0000		875.025		4.927		15.520		15.875433		38.080
6.208		3.1784		0.0000		875.022		4.930		15.520		15.891957		38.120
6.204		3.1817		0.0000		875.019		4.933		15.510		15.908482		38.160
6.200		3.1849		0.0000		875.016		4.936		15.500		15.924318		38.200
6.198		3.1880		0.0000		875.012		4.940		15.495		15.940151		38.240
6.194		3.1912		0.0000		875.009		4.943		15.485		15.955987		38.280
6.190		3.1944		0.0000		875.006		4.946		15.475		15.971823		38.320
6.188		3.1981		0.0000		875.002		4.950		15.470		15.990412		38.360
6.186		3.2018		0.0000		874.999		4.953		15.465		16.009003		38.400
6.190		3.2055		0.0000		874.995		4.957		15.475		16.027592		38.440
6.194		3.2087		0.0000		874.992		4.960		15.485		16.043427		38.480
6.196		3.2119		0.0000		874.989		4.963		15.490		16.059263		38.521
6.192		3.2152		0.0000		874.985		4.967		15.480		16.075787		38.561
6.188		3.2182		0.0000		874.982		4.970		15.470		16.090935		38.601
6.184		3.2214		0.0000		874.979		4.973		15.460		16.106770		38.641
6.180		3.2245		0.0000		874.976		4.976		15.450		16.122606		38.681
6.178		3.2277		0.0000		874.973		4.979		15.445		16.138439		38.721
6.174		3.2313		0.0000		874.969		4.983		15.435		16.156342		38.761
6.172		3.2350		0.0000		874.965		4.987		15.430		16.174931		38.801
6.174		3.2388		0.0000		874.962		4.990		15.435		16.194208		38.841
6.178		3.2421		0.0000		874.958		4.994		15.445		16.210732		38.881
6.182		3.2452		0.0000		874.955		4.997		15.455		16.225880		38.921
6.180		3.2485		0.0000		874.952		5.000		15.450		16.242405		38.961
6.174		3.2516		0.0000		874.949		5.003		15.435		16.258240		39.001
6.172		3.2548		0.0000		874.946		5.006		15.430		16.274075		39.041
6.168		3.2580		0.0000		874.942		5.010		15.420		16.289911		39.081
6.164		3.2613		0.0000		874.939		5.013		15.410		16.306435		39.121
6.160		3.2645		0.0000		874.936		5.016		15.400		16.322269		39.161
6.158		3.2683		0.0000		874.932		5.020		15.395		16.341549		39.201
6.156		3.2720		0.0000		874.928		5.024		15.390		16.360138		39.241
6.162		3.2755		0.0000		874.925		5.027		15.405		16.377350		39.281
6.166		3.2786		0.0000		874.922		5.030		15.415		16.393185		39.321
6.164		3.2818		0.0000		874.919		5.033		15.410		16.409019		39.361
6.160		3.2850		0.0000		874.915		5.037		15.400		16.424856		39.401
6.156		3.2883		0.0000		874.912		5.040		15.390		16.441381		39.441
6.152		3.2914		0.0000		874.909		5.043		15.380		16.457216		39.481
6.150		3.2946		0.0000		874.906		5.046		15.375		16.473049		39.521
6.146		3.2978		0.0000		874.903		5.049		15.365		16.488886		39.561
6.142		3.3015		0.0000		874.899		5.053		15.355		16.507475		39.601
6.140		3.3054		0.0000		874.895		5.057		15.350		16.526754		39.641
6.144		3.3089		0.0000		874.891		5.060		15.360		16.544655		39.681
6.148		3.3120		0.0000		874.888		5.064		15.370		16.559801		39.721
6.150		3.3151		0.0000		874.885		5.067		15.375		16.575638		39.761
6.146		3.3184		0.0000		874.882		5.070		15.365		16.592161		39.801
6.142		3.3217		0.0000		874.879		5.073		15.355		16.608686		39.841
6.138		3.3248		0.0000		874.876		5.076		15.345		16.623833		39.881
6.136		3.3279		0.0000		874.872		5.079		15.340		16.639669		39.921
6.132		3.3312		0.0000		874.869		5.083		15.330		16.656191		39.961
6.128		3.3347		0.0000		874.866		5.086		15.320		16.673405		40.001
6.126		3.3385		0.0000		874.862		5.090		15.315		16.692684		40.041
6.128		3.3423		0.0000		874.858		5.094		15.320		16.711273		40.081
6.134		3.3454		0.0000		874.855		5.097		15.335		16.727106		40.121
6.136		3.3486		0.0000		874.852		5.100		15.340		16.742943		40.161
6.134		3.3519		0.0000		874.848		5.103		15.335		16.759468		40.201
6.130		3.3551		0.0000		874.845		5.107		15.325		16.775303		40.241
6.124		3.3582		0.0000		874.842		5.110		15.310		16.791138		40.281
6.122		3.3614		0.0000		874.839		5.113		15.305		16.806974		40.321
6.118		3.3647		0.0000		874.836		5.116		15.295		16.823498		40.361
6.114		3.3679		0.0000		874.833		5.119		15.285		16.839333		40.401
6.110		3.3717		0.0000		874.829		5.123		15.275		16.858612		40.441
6.110		3.3756		0.0000		874.825		5.127		15.275		16.877890		40.481
6.116		3.3789		0.0000		874.821		5.130		15.290		16.894413		40.521
6.120		3.3820		0.0000		874.818		5.134		15.300		16.910248		40.561
6.120		3.3852		0.0000		874.815		5.137		15.300		16.926083		40.601
6.114		3.3884		0.0000		874.812		5.140		15.285		16.941919		40.641
6.110		3.3917		0.0000		874.809		5.143		15.275		16.958445		40.681
6.106		3.3949		0.0000		874.805		5.146		15.265		16.974279		40.721
6.102		3.3982		0.0000		874.802		5.150		15.255		16.990803		40.761
6.098		3.4012		0.0000		874.799		5.153		15.245		17.005949		40.801
6.094		3.4049		0.0000		874.795		5.156		15.235		17.024538		40.841
6.094		3.4089		0.0000		874.791		5.160		15.235		17.044506		40.881
6.096		3.4123		0.0000		874.788		5.164		15.240		17.061718		40.921
6.102		3.4155		0.0000		874.785		5.167		15.255		17.077553		40.961
6.102		3.4187		0.0000		874.782		5.170		15.255		17.093390		41.001
6.098		3.4218		0.0000		874.779		5.173		15.245		17.109224		41.041
6.092		3.4250		0.0000		874.775		5.177		15.230		17.125061		41.081
6.088		3.4283		0.0000		874.772		5.180		15.220		17.141586		41.121
6.084		3.4315		0.0000		874.769		5.183		15.210		17.157421		41.161
6.080		3.4347		0.0000		874.766		5.186		15.200		17.173254		41.201
6.076		3.4381		0.0000		874.762		5.190		15.190		17.190468		41.241
6.074		3.4419		0.0000		874.758		5.193		15.185		17.209747		41.281
6.074		3.4457		0.0000		874.755		5.197		15.185		17.228336		41.321
6.080		3.4490		0.0000		874.751		5.201		15.200		17.244858		41.361
6.082		3.4520		0.0000		874.748		5.204		15.205		17.260006		41.401
6.078		3.4552		0.0000		874.745		5.207		15.195		17.275841		41.441
6.072		3.4585		0.0000		874.742		5.210		15.180		17.292366		41.481
6.068		3.4616		0.0000		874.739		5.213		15.170		17.308201		41.521
6.064		3.4648		0.0000		874.736		5.216		15.160		17.324038		41.561
6.058		3.4680		0.0000		874.732		5.220		15.145		17.339874		41.601
6.054		3.4714		0.0000		874.729		5.223		15.135		17.357084		41.641
6.050		3.4753		0.0000		874.725		5.227		15.125		17.376364		41.681
6.048		3.4789		0.0000		874.721		5.230		15.120		17.394264		41.721
6.052		3.4823		0.0000		874.718		5.234		15.130		17.411478		41.761
6.054		3.4855		0.0000		874.715		5.237		15.135		17.427313		41.801
6.052		3.4886		0.0000		874.712		5.240		15.130		17.443146		41.841
6.046		3.4918		0.0000		874.709		5.243		15.115		17.458982		41.881
6.040		3.4951		0.0000		874.705		5.247		15.100		17.475508		41.921
6.036		3.4981		0.0000		874.702		5.250		15.090		17.490654		41.961
6.032		3.5014		0.0000		874.699		5.253		15.080		17.507179		42.001
6.026		3.5046		0.0000		874.696		5.256		15.065		17.523014		42.041
6.022		3.5085		0.0000		874.692		5.260		15.055		17.542290		42.081
6.020		3.5122		0.0000		874.688		5.264		15.050		17.560881		42.121
6.022		3.5158		0.0000		874.685		5.267		15.055		17.578783		42.161
6.026		3.5188		0.0000		874.682		5.270		15.065		17.593929		42.201
6.026		3.5221		0.0000		874.678		5.274		15.065		17.610453		42.241
6.020		3.5253		0.0000		874.675		5.277		15.050		17.626287		42.281
6.014		3.5284		0.0000		874.672		5.280		15.035		17.642124		42.321
6.010		3.5316		0.0000		874.669		5.283		15.025		17.657959		42.361
6.004		3.5349		0.0000		874.665		5.286		15.010		17.674484		42.401
6.000		3.5381		0.0000		874.662		5.290		15.000		17.690319		42.441
5.998		3.5415		0.0000		874.659		5.293		14.995		17.707531		42.481
5.994		3.5452		0.0000		874.655		5.297		14.985		17.726120		42.521
5.996		3.5491		0.0000		874.651		5.301		14.990		17.745399		42.561
6.000		3.5522		0.0000		874.648		5.304		15.000		17.761234		42.601
6.002		3.5554		0.0000		874.645		5.307		15.005		17.777071		42.641
5.998		3.5587		0.0000		874.642		5.310		14.995		17.793594		42.681
5.994		3.5619		0.0000		874.638		5.313		14.985		17.809429		42.721
5.988		3.5651		0.0000		874.635		5.317		14.970		17.825264		42.761
5.984		3.5682		0.0000		874.632		5.320		14.960		17.841101		42.801
5.980		3.5714		0.0000		874.629		5.323		14.950		17.856937		42.841
5.976		3.5748		0.0000		874.626		5.326		14.940		17.874147		42.881
5.972		3.5785		0.0000		874.622		5.330		14.930		17.892738		42.921
5.970		3.5824		0.0000		874.618		5.334		14.925		17.912016		42.961
5.976		3.5857		0.0000		874.615		5.337		14.940		17.928541		43.001
5.978		3.5887		0.0000		874.612		5.340		14.945		17.943687		43.041
5.976		3.5920		0.0000		874.608		5.344		14.940		17.960213		43.081
5.972		3.5953		0.0000		874.605		5.347		14.930		17.976734		43.121
5.968		3.5985		0.0000		874.602		5.350		14.920		17.992571		43.161
5.964		3.6017		0.0000		874.599		5.353		14.910		18.008406		43.201
5.960		3.6048		0.0000		874.596		5.356		14.900		18.024242		43.241
5.956		3.6082		0.0000		874.592		5.360		14.890		18.040768		43.281
5.952		3.6117		0.0000		874.589		5.363		14.880		18.058666		43.321
5.952		3.6156		0.0000		874.585		5.367		14.880		18.077946		43.361
5.954		3.6190		0.0000		874.581		5.371		14.885		18.095158		43.401
5.958		3.6222		0.0000		874.578		5.374		14.895		18.110992		43.441
5.958		3.6255		0.0000		874.575		5.377		14.895		18.127518		43.481
5.954		3.6287		0.0000		874.572		5.380		14.885		18.143351		43.521
5.950		3.6318		0.0000		874.569		5.383		14.875		18.159187		43.561
5.946		3.6350		0.0000		874.565		5.387		14.865		18.175022		43.601
5.944		3.6383		0.0000		874.562		5.390		14.860		18.191547		43.641
5.940		3.6415		0.0000		874.559		5.393		14.850		18.207382		43.681
5.936		3.6449		0.0000		874.555		5.396		14.840		18.224594		43.721
5.934		3.6489		0.0000		874.551		5.400		14.835		18.244562		43.761
5.936		3.6526		0.0000		874.548		5.404		14.840		18.263151		43.801
5.942		3.6557		0.0000		874.545		5.407		14.855		18.278297		43.841
5.944		3.6588		0.0000		874.542		5.410		14.860		18.294134		43.881
5.938		3.6621		0.0000		874.538		5.414		14.845		18.310658		43.921
5.934		3.6653		0.0000		874.535		5.417		14.835		18.326492		43.961
5.928		3.6685		0.0000		874.532		5.420		14.820		18.342327		44.001
5.926		3.6716		0.0000		874.529		5.423		14.815		18.358164		44.041
5.922		3.6748		0.0000		874.526		5.426		14.805		18.374001		44.081
5.918		3.6782		0.0000		874.522		5.430		14.795		18.391211		44.121
5.916		3.6821		0.0000		874.518		5.434		14.790		18.410490		44.161
5.916		3.6858		0.0000		874.515		5.437		14.790		18.429079		44.201
5.920		3.6891		0.0000		874.511		5.441		14.800		18.445604		44.241
5.924		3.6923		0.0000		874.508		5.444		14.810		18.461439		44.281
5.922		3.6955		0.0000		874.505		5.447		14.805		18.477276		44.321
5.918		3.6986		0.0000		874.502		5.450		14.795		18.493111		44.361
5.914		3.7018		0.0000		874.499		5.453		14.785		18.508945		44.401
5.910		3.7051		0.0000		874.495		5.457		14.775		18.525469		44.441
5.908		3.7081		0.0000		874.492		5.460		14.770		18.540615		44.481
5.904		3.7114		0.0000		874.489		5.463		14.760		18.557140		44.521
5.900		3.7151		0.0000		874.485		5.467		14.750		18.575729		44.561
5.900		3.7191		0.0000		874.481		5.471		14.750		18.595695		44.601
5.904		3.7224		0.0000		874.478		5.474		14.760		18.612221		44.641
5.908		3.7256		0.0000		874.475		5.477		14.770		18.628056		44.681
5.910		3.7288		0.0000		874.472		5.480		14.775		18.643892		44.721
5.904		3.7321		0.0000		874.468		5.484		14.760		18.660416		44.761
5.900		3.7352		0.0000		874.465		5.487		14.750		18.676250		44.801
5.898		3.7386		0.0000		874.462		5.490		14.745		18.692776		44.841
