数据量:1153
试验力		变形		扩展变形		位置		位移		应力		应变		时间
0.010		0.0023		0.0000		878.233		0.692		0.025		0.011705		0.040
0.012		0.0056		0.0000		878.230		0.695		0.030		0.028228		0.080
0.014		0.0090		0.0000		878.226		0.699		0.035		0.044753		0.120
0.014		0.0121		0.0000		878.223		0.702		0.035		0.060588		0.160
0.016		0.0153		0.0000		878.220		0.705		0.040		0.076424		0.200
0.018		0.0185		0.0000		878.217		0.708		0.045		0.092259		0.240
0.020		0.0218		0.0000		878.213		0.711		0.050		0.108783		0.280
0.024		0.0249		0.0000		878.210		0.715		0.060		0.124618		0.320
0.026		0.0282		0.0000		878.207		0.718		0.065		0.141143		0.360
0.028		0.0318		0.0000		878.203		0.721		0.070		0.159043		0.400
0.032		0.0357		0.0000		878.200		0.725		0.080		0.178322		0.440
0.034		0.0391		0.0000		878.196		0.729		0.085		0.195534		0.480
0.038		0.0421		0.0000		878.193		0.732		0.095		0.210681		0.520
0.042		0.0454		0.0000		878.190		0.735		0.105		0.227205		0.560
0.046		0.0486		0.0000		878.187		0.738		0.115		0.243041		0.600
0.050		0.0519		0.0000		878.183		0.742		0.125		0.259565		0.640
0.054		0.0552		0.0000		878.180		0.745		0.135		0.276088		0.680
0.058		0.0584		0.0000		878.177		0.748		0.145		0.291924		0.720
0.062		0.0616		0.0000		878.174		0.751		0.155		0.307760		0.760
0.068		0.0650		0.0000		878.170		0.755		0.170		0.324972		0.800
0.072		0.0688		0.0000		878.166		0.758		0.180		0.344250		0.840
0.078		0.0723		0.0000		878.163		0.762		0.195		0.361463		0.880
0.086		0.0756		0.0000		878.160		0.765		0.215		0.377986		0.920
0.092		0.0789		0.0000		878.156		0.769		0.230		0.394511		0.960
0.098		0.0821		0.0000		878.153		0.772		0.245		0.410346		1.000
0.104		0.0854		0.0000		878.150		0.775		0.260		0.426870		1.040
0.112		0.0885		0.0000		878.147		0.778		0.280		0.442705		1.080
0.120		0.0918		0.0000		878.143		0.781		0.300		0.459230		1.120
0.126		0.0950		0.0000		878.140		0.785		0.315		0.475065		1.160
0.134		0.0983		0.0000		878.137		0.788		0.335		0.491589		1.200
0.144		0.1019		0.0000		878.133		0.791		0.360		0.509490		1.240
0.154		0.1058		0.0000		878.129		0.795		0.385		0.528768		1.280
0.164		0.1091		0.0000		878.126		0.799		0.410		0.545292		1.320
0.174		0.1122		0.0000		878.123		0.802		0.435		0.561128		1.360
0.184		0.1155		0.0000		878.120		0.805		0.460		0.577652		1.400
0.194		0.1186		0.0000		878.117		0.808		0.485		0.592799		1.440
0.204		0.1220		0.0000		878.113		0.812		0.510		0.610011		1.480
0.214		0.1252		0.0000		878.110		0.815		0.535		0.625846		1.520
0.226		0.1285		0.0000		878.107		0.818		0.565		0.642371		1.560
0.236		0.1316		0.0000		878.104		0.821		0.590		0.658206		1.600
0.248		0.1354		0.0000		878.100		0.825		0.620		0.676796		1.640
0.262		0.1388		0.0000		878.096		0.828		0.655		0.694008		1.680
0.274		0.1422		0.0000		878.093		0.832		0.685		0.711221		1.720
0.288		0.1457		0.0000		878.090		0.835		0.720		0.728433		1.760
0.300		0.1489		0.0000		878.086		0.838		0.750		0.744269		1.800
0.312		0.1522		0.0000		878.083		0.842		0.780		0.760792		1.840
0.324		0.1553		0.0000		878.080		0.845		0.810		0.776628		1.880
0.334		0.1586		0.0000		878.077		0.848		0.835		0.793152		1.920
0.346		0.1618		0.0000		878.073		0.851		0.865		0.808988		1.960
0.356		0.1650		0.0000		878.070		0.855		0.890		0.824823		2.000
0.368		0.1685		0.0000		878.067		0.858		0.920		0.842724		2.040
0.380		0.1723		0.0000		878.063		0.862		0.950		0.861314		2.080
0.396		0.1758		0.0000		878.059		0.865		0.990		0.879214		2.120
0.414		0.1790		0.0000		878.056		0.869		1.035		0.895050		2.160
0.430		0.1822		0.0000		878.053		0.872		1.075		0.910886		2.200
0.446		0.1853		0.0000		878.050		0.875		1.115		0.926721		2.240
0.462		0.1888		0.0000		878.046		0.878		1.155		0.943933		2.280
0.478		0.1920		0.0000		878.043		0.882		1.195		0.959769		2.320
0.492		0.1951		0.0000		878.040		0.885		1.230		0.975605		2.360
0.508		0.1984		0.0000		878.037		0.888		1.270		0.992129		2.400
0.524		0.2019		0.0000		878.033		0.891		1.310		1.009341		2.440
0.540		0.2054		0.0000		878.030		0.895		1.350		1.027242		2.480
0.556		0.2090		0.0000		878.026		0.899		1.390		1.045143		2.520
0.574		0.2125		0.0000		878.023		0.902		1.435		1.062356		2.560
0.592		0.2156		0.0000		878.020		0.905		1.480		1.078191		2.600
0.610		0.2188		0.0000		878.016		0.908		1.525		1.094027		2.640
0.626		0.2221		0.0000		878.013		0.912		1.565		1.110550		2.680
0.640		0.2253		0.0000		878.010		0.915		1.600		1.126386		2.720
0.654		0.2284		0.0000		878.007		0.918		1.635		1.142221		2.760
0.666		0.2317		0.0000		878.003		0.921		1.665		1.158746		2.800
0.680		0.2351		0.0000		878.000		0.925		1.700		1.175269		2.840
0.696		0.2386		0.0000		877.997		0.928		1.740		1.193171		2.880
0.714		0.2424		0.0000		877.993		0.932		1.785		1.211760		2.920
0.732		0.2458		0.0000		877.989		0.935		1.830		1.228973		2.960
0.752		0.2490		0.0000		877.986		0.939		1.880		1.244808		3.000
0.770		0.2523		0.0000		877.983		0.942		1.925		1.261332		3.040
0.786		0.2556		0.0000		877.980		0.945		1.965		1.277856		3.080
0.802		0.2587		0.0000		877.976		0.948		2.005		1.293691		3.120
0.820		0.2619		0.0000		877.973		0.952		2.050		1.309527		3.160
0.836		0.2652		0.0000		877.970		0.955		2.090		1.326051		3.200
0.856		0.2684		0.0000		877.967		0.958		2.140		1.341887		3.240
0.874		0.2720		0.0000		877.963		0.962		2.185		1.359788		3.280
0.892		0.2757		0.0000		877.960		0.965		2.230		1.378377		3.320
0.912		0.2791		0.0000		877.956		0.969		2.280		1.395589		3.360
0.934		0.2824		0.0000		877.953		0.972		2.335		1.412114		3.400
0.954		0.2856		0.0000		877.950		0.975		2.385		1.427949		3.440
0.972		0.2889		0.0000		877.946		0.978		2.430		1.444473		3.480
0.990		0.2921		0.0000		877.943		0.982		2.475		1.460308		3.520
1.010		0.2954		0.0000		877.940		0.985		2.525		1.476833		3.560
1.028		0.2985		0.0000		877.937		0.988		2.570		1.492668		3.600
1.048		0.3018		0.0000		877.933		0.991		2.620		1.509192		3.640
1.068		0.3053		0.0000		877.930		0.995		2.670		1.526405		3.680
1.088		0.3089		0.0000		877.926		0.998		2.720		1.544305		3.720
1.110		0.3126		0.0000		877.923		1.002		2.775		1.562895		3.760
1.134		0.3157		0.0000		877.919		1.005		2.835		1.578731		3.800
1.156		0.3191		0.0000		877.916		1.009		2.890		1.595254		3.840
1.178		0.3222		0.0000		877.913		1.012		2.945		1.611090		3.880
1.200		0.3254		0.0000		877.910		1.015		3.000		1.626926		3.920
1.220		0.3287		0.0000		877.906		1.018		3.050		1.643449		3.960
1.242		0.3320		0.0000		877.903		1.022		3.105		1.659974		4.000
1.266		0.3352		0.0000		877.900		1.025		3.165		1.675809		4.040
1.288		0.3386		0.0000		877.897		1.028		3.220		1.693021		4.080
1.312		0.3420		0.0000		877.893		1.032		3.280		1.710234		4.120
1.336		0.3456		0.0000		877.890		1.035		3.340		1.728135		4.160
1.362		0.3492		0.0000		877.886		1.039		3.405		1.746036		4.200
1.388		0.3524		0.0000		877.883		1.042		3.470		1.761871		4.240
1.414		0.3557		0.0000		877.880		1.045		3.535		1.778395		4.280
1.438		0.3588		0.0000		877.876		1.048		3.595		1.794231		4.320
1.462		0.3622		0.0000		877.873		1.052		3.655		1.810755		4.360
1.486		0.3653		0.0000		877.870		1.055		3.715		1.826591		4.400
1.510		0.3686		0.0000		877.867		1.058		3.775		1.843115		4.440
1.534		0.3717		0.0000		877.864		1.061		3.835		1.858262		4.480
1.558		0.3752		0.0000		877.860		1.065		3.895		1.876163		4.520
1.584		0.3791		0.0000		877.856		1.069		3.960		1.895441		4.560
1.610		0.3827		0.0000		877.853		1.072		4.025		1.913342		4.600
1.640		0.3858		0.0000		877.849		1.075		4.100		1.929177		4.640
1.666		0.3891		0.0000		877.846		1.079		4.165		1.945701		4.680
1.690		0.3922		0.0000		877.843		1.082		4.225		1.960848		4.720
1.714		0.3955		0.0000		877.840		1.085		4.285		1.977372		4.760
1.738		0.3988		0.0000		877.836		1.088		4.345		1.993896		4.800
1.764		0.4019		0.0000		877.833		1.092		4.410		2.009731		4.840
1.788		0.4051		0.0000		877.830		1.095		4.470		2.025567		4.880
1.814		0.4086		0.0000		877.827		1.098		4.535		2.042780		4.920
1.840		0.4123		0.0000		877.823		1.102		4.600		2.061369		4.960
1.866		0.4159		0.0000		877.819		1.105		4.665		2.079270		5.000
1.896		0.4192		0.0000		877.816		1.109		4.740		2.095794		5.040
1.924		0.4225		0.0000		877.813		1.112		4.810		2.112318		5.080
1.950		0.4256		0.0000		877.810		1.115		4.875		2.128154		5.120
1.976		0.4288		0.0000		877.806		1.118		4.940		2.143989		5.160
2.000		0.4322		0.0000		877.803		1.122		5.000		2.161201		5.200
2.026		0.4353		0.0000		877.800		1.125		5.065		2.176348		5.240
2.050		0.4384		0.0000		877.797		1.128		5.125		2.192184		5.280
2.074		0.4419		0.0000		877.793		1.131		5.185		2.209397		5.320
2.100		0.4455		0.0000		877.790		1.135		5.250		2.227298		5.360
2.128		0.4492		0.0000		877.786		1.139		5.320		2.245887		5.400
2.158		0.4528		0.0000		877.782		1.142		5.395		2.263788		5.440
2.188		0.4558		0.0000		877.779		1.145		5.470		2.278935		5.480
2.214		0.4590		0.0000		877.776		1.149		5.535		2.294771		5.520
2.238		0.4623		0.0000		877.773		1.152		5.595		2.311294		5.560
2.262		0.4654		0.0000		877.770		1.155		5.655		2.327130		5.600
2.288		0.4687		0.0000		877.766		1.158		5.720		2.343654		5.640
2.314		0.4719		0.0000		877.763		1.161		5.785		2.359489		5.680
2.338		0.4752		0.0000		877.760		1.165		5.845		2.376014		5.720
2.364		0.4788		0.0000		877.756		1.168		5.910		2.393915		5.760
2.390		0.4824		0.0000		877.753		1.172		5.975		2.411816		5.800
2.418		0.4859		0.0000		877.749		1.176		6.045		2.429716		5.840
2.448		0.4892		0.0000		877.746		1.179		6.120		2.446240		5.880
2.476		0.4924		0.0000		877.743		1.182		6.190		2.462076		5.920
2.500		0.4957		0.0000		877.740		1.185		6.250		2.478600		5.960
2.526		0.4989		0.0000		877.736		1.188		6.315		2.494436		6.000
2.550		0.5021		0.0000		877.733		1.192		6.375		2.510271		6.040
2.576		0.5052		0.0000		877.730		1.195		6.440		2.526107		6.080
2.600		0.5085		0.0000		877.727		1.198		6.500		2.542631		6.120
2.624		0.5120		0.0000		877.723		1.202		6.560		2.559843		6.160
2.650		0.5157		0.0000		877.720		1.205		6.625		2.578432		6.200
2.678		0.5194		0.0000		877.716		1.209		6.695		2.597022		6.240
2.706		0.5227		0.0000		877.713		1.212		6.765		2.613546		6.280
2.734		0.5257		0.0000		877.709		1.215		6.835		2.628693		6.320
2.758		0.5289		0.0000		877.706		1.219		6.895		2.644528		6.360
2.780		0.5323		0.0000		877.703		1.222		6.950		2.661741		6.400
2.804		0.5355		0.0000		877.700		1.225		7.010		2.677576		6.440
2.828		0.5387		0.0000		877.697		1.228		7.070		2.693412		6.480
2.852		0.5420		0.0000		877.693		1.232		7.130		2.709936		6.520
2.876		0.5452		0.0000		877.690		1.235		7.190		2.725771		6.560
2.900		0.5489		0.0000		877.686		1.238		7.250		2.744361		6.600
2.924		0.5526		0.0000		877.683		1.242		7.310		2.762950		6.640
2.954		0.5560		0.0000		877.679		1.246		7.385		2.780163		6.680
2.980		0.5592		0.0000		877.676		1.249		7.450		2.795999		6.720
3.004		0.5625		0.0000		877.673		1.252		7.510		2.812522		6.760
3.028		0.5658		0.0000		877.669		1.255		7.570		2.829046		6.800
3.050		0.5688		0.0000		877.666		1.258		7.625		2.844193		6.840
3.072		0.5721		0.0000		877.663		1.262		7.680		2.860718		6.880
3.094		0.5752		0.0000		877.660		1.265		7.735		2.875865		6.920
3.116		0.5786		0.0000		877.657		1.268		7.790		2.893077		6.960
3.140		0.5822		0.0000		877.653		1.272		7.850		2.910978		7.000
3.164		0.5859		0.0000		877.649		1.276		7.910		2.929567		7.040
3.190		0.5895		0.0000		877.646		1.279		7.975		2.947469		7.080
3.218		0.5927		0.0000		877.643		1.282		8.045		2.963304		7.120
3.244		0.5958		0.0000		877.639		1.285		8.110		2.979139		7.160
3.264		0.5991		0.0000		877.636		1.289		8.160		2.995664		7.200
3.286		0.6023		0.0000		877.633		1.292		8.215		3.011499		7.240
3.308		0.6055		0.0000		877.630		1.295		8.270		3.027334		7.280
3.330		0.6086		0.0000		877.627		1.298		8.325		3.043170		7.320
3.350		0.6119		0.0000		877.623		1.302		8.375		3.059694		7.360
3.372		0.6155		0.0000		877.620		1.305		8.430		3.077595		7.400
3.394		0.6191		0.0000		877.616		1.309		8.485		3.095496		7.440
3.418		0.6228		0.0000		877.612		1.312		8.545		3.114085		7.480
3.444		0.6261		0.0000		877.609		1.316		8.610		3.130610		7.520
3.468		0.6292		0.0000		877.606		1.319		8.670		3.145756		7.560
3.490		0.6325		0.0000		877.603		1.322		8.725		3.162281		7.600
3.510		0.6358		0.0000		877.599		1.325		8.775		3.178805		7.640
3.530		0.6389		0.0000		877.596		1.329		8.825		3.194640		7.680
3.550		0.6421		0.0000		877.593		1.332		8.875		3.210476		7.720
3.568		0.6454		0.0000		877.590		1.335		8.920		3.226999		7.760
3.588		0.6487		0.0000		877.586		1.338		8.970		3.243524		7.800
3.608		0.6523		0.0000		877.583		1.342		9.020		3.261425		7.840
3.630		0.6561		0.0000		877.579		1.346		9.075		3.280703		7.880
3.654		0.6596		0.0000		877.576		1.349		9.135		3.297915		7.920
3.678		0.6626		0.0000		877.573		1.352		9.195		3.313062		7.960
3.698		0.6658		0.0000		877.569		1.355		9.245		3.328898		8.000
3.714		0.6691		0.0000		877.566		1.359		9.285		3.345421		8.040
3.732		0.6724		0.0000		877.563		1.362		9.330		3.361945		8.080
3.752		0.6756		0.0000		877.560		1.365		9.380		3.377781		8.120
3.770		0.6787		0.0000		877.556		1.368		9.425		3.393616		8.160
3.788		0.6820		0.0000		877.553		1.372		9.470		3.410141		8.200
3.804		0.6856		0.0000		877.550		1.375		9.510		3.428042		8.240
3.824		0.6893		0.0000		877.546		1.379		9.560		3.446631		8.280
3.846		0.6929		0.0000		877.542		1.383		9.615		3.464532		8.320
3.870		0.6961		0.0000		877.539		1.386		9.675		3.480367		8.360
3.888		0.6992		0.0000		877.536		1.389		9.720		3.496203		8.400
3.906		0.7025		0.0000		877.533		1.392		9.765		3.512727		8.440
3.922		0.7057		0.0000		877.529		1.395		9.805		3.528563		8.480
3.938		0.7089		0.0000		877.526		1.398		9.845		3.544398		8.520
3.954		0.7120		0.0000		877.523		1.402		9.885		3.560233		8.560
3.970		0.7152		0.0000		877.520		1.405		9.925		3.576069		8.600
3.986		0.7188		0.0000		877.516		1.408		9.965		3.593970		8.640
4.004		0.7225		0.0000		877.513		1.412		10.010		3.612560		8.680
4.022		0.7262		0.0000		877.509		1.416		10.055		3.631149		8.720
4.044		0.7295		0.0000		877.506		1.419		10.110		3.647673		8.760
4.064		0.7327		0.0000		877.503		1.422		10.160		3.663509		8.800
4.078		0.7359		0.0000		877.499		1.425		10.195		3.679344		8.840
4.092		0.7392		0.0000		877.496		1.429		10.230		3.695868		8.880
4.106		0.7423		0.0000		877.493		1.432		10.265		3.711704		8.920
4.120		0.7455		0.0000		877.490		1.435		10.300		3.727539		8.960
4.134		0.7487		0.0000		877.487		1.438		10.335		3.743375		9.000
4.146		0.7520		0.0000		877.483		1.442		10.365		3.759898		9.040
4.160		0.7557		0.0000		877.479		1.445		10.400		3.778488		9.080
4.176		0.7594		0.0000		877.476		1.449		10.440		3.797078		9.120
4.194		0.7629		0.0000		877.472		1.452		10.485		3.814290		9.160
4.212		0.7660		0.0000		877.469		1.456		10.530		3.830126		9.200
4.228		0.7693		0.0000		877.466		1.459		10.570		3.846650		9.240
4.238		0.7725		0.0000		877.463		1.462		10.595		3.862485		9.280
4.250		0.7758		0.0000		877.459		1.465		10.625		3.879009		9.320
4.262		0.7790		0.0000		877.456		1.469		10.655		3.894844		9.360
4.274		0.7820		0.0000		877.453		1.472		10.685		3.909992		9.400
4.284		0.7853		0.0000		877.450		1.475		10.710		3.926515		9.440
4.296		0.7889		0.0000		877.446		1.478		10.740		3.944416		9.480
4.310		0.7927		0.0000		877.442		1.482		10.775		3.963694		9.520
4.326		0.7963		0.0000		877.439		1.486		10.815		3.981595		9.560
4.342		0.7995		0.0000		877.436		1.489		10.855		3.997431		9.600
4.354		0.8027		0.0000		877.433		1.492		10.885		4.013266		9.640
4.364		0.8060		0.0000		877.429		1.496		10.910		4.029790		9.680
4.374		0.8091		0.0000		877.426		1.499		10.935		4.045626		9.720
4.384		0.8123		0.0000		877.423		1.502		10.960		4.061461		9.760
4.394		0.8156		0.0000		877.420		1.505		10.985		4.077986		9.800
4.404		0.8188		0.0000		877.416		1.508		11.010		4.093821		9.840
4.412		0.8222		0.0000		877.413		1.512		11.030		4.111033		9.880
4.422		0.8259		0.0000		877.409		1.516		11.055		4.129623		9.920
4.436		0.8296		0.0000		877.406		1.519		11.090		4.148212		9.960
4.450		0.8328		0.0000		877.402		1.522		11.125		4.164048		10.000
4.462		0.8360		0.0000		877.399		1.526		11.155		4.179883		10.040
4.470		0.8393		0.0000		877.396		1.529		11.175		4.196407		10.080
4.478		0.8426		0.0000		877.393		1.532		11.195		4.212932		10.120
4.484		0.8456		0.0000		877.390		1.535		11.210		4.228078		10.160
4.492		0.8488		0.0000		877.386		1.538		11.230		4.243914		10.200
4.500		0.8521		0.0000		877.383		1.542		11.250		4.260438		10.240
4.508		0.8555		0.0000		877.380		1.545		11.270		4.277650		10.280
4.514		0.8592		0.0000		877.376		1.549		11.285		4.296240		10.320
4.526		0.8630		0.0000		877.372		1.553		11.315		4.314829		10.360
4.538		0.8664		0.0000		877.369		1.556		11.345		4.332042		10.400
4.550		0.8694		0.0000		877.366		1.559		11.375		4.347189		10.440
4.558		0.8727		0.0000		877.362		1.562		11.395		4.363713		10.480
4.564		0.8759		0.0000		877.359		1.566		11.410		4.379549		10.520
4.570		0.8791		0.0000		877.356		1.569		11.425		4.395384		10.560
4.576		0.8824		0.0000		877.353		1.572		11.440		4.411908		10.600
4.582		0.8854		0.0000		877.350		1.575		11.455		4.427055		10.640
4.590		0.8889		0.0000		877.346		1.578		11.475		4.444267		10.680
4.596		0.8924		0.0000		877.343		1.582		11.490		4.462169		10.720
4.604		0.8962		0.0000		877.339		1.586		11.510		4.480758		10.760
4.616		0.8997		0.0000		877.335		1.589		11.540		4.498659		10.800
4.628		0.9029		0.0000		877.332		1.593		11.570		4.514495		10.840
4.636		0.9061		0.0000		877.329		1.596		11.590		4.530330		10.880
4.642		0.9094		0.0000		877.326		1.599		11.605		4.546854		10.920
4.646		0.9125		0.0000		877.323		1.602		11.615		4.562689		10.960
4.652		0.9156		0.0000		877.320		1.605		11.630		4.577837		11.000
4.656		0.9189		0.0000		877.316		1.608		11.640		4.594360		11.040
4.662		0.9222		0.0000		877.313		1.612		11.655		4.610885		11.080
4.666		0.9256		0.0000		877.310		1.615		11.665		4.628097		11.120
4.672		0.9293		0.0000		877.306		1.619		11.680		4.646687		11.160
4.682		0.9331		0.0000		877.302		1.623		11.705		4.665276		11.200
4.694		0.9364		0.0000		877.299		1.626		11.735		4.681800		11.240
4.702		0.9395		0.0000		877.296		1.629		11.755		4.697636		11.280
4.706		0.9427		0.0000		877.292		1.632		11.765		4.713471		11.320
4.710		0.9459		0.0000		877.289		1.635		11.775		4.729306		11.360
4.714		0.9492		0.0000		877.286		1.639		11.785		4.745831		11.400
4.720		0.9523		0.0000		877.283		1.642		11.800		4.761666		11.440
4.724		0.9555		0.0000		877.280		1.645		11.810		4.777502		11.480
4.728		0.9588		0.0000		877.276		1.648		11.820		4.794026		11.520
4.732		0.9625		0.0000		877.273		1.652		11.830		4.812615		11.560
4.740		0.9664		0.0000		877.269		1.656		11.850		4.831893		11.600
4.750		0.9697		0.0000		877.266		1.659		11.875		4.848417		11.640
4.758		0.9729		0.0000		877.262		1.662		11.895		4.864253		11.680
4.764		0.9762		0.0000		877.259		1.666		11.910		4.880777		11.720
4.766		0.9793		0.0000		877.256		1.669		11.915		4.896612		11.760
4.770		0.9825		0.0000		877.253		1.672		11.925		4.912447		11.800
4.774		0.9857		0.0000		877.250		1.675		11.935		4.928283		11.840
4.778		0.9888		0.0000		877.246		1.678		11.945		4.944118		11.880
4.782		0.9920		0.0000		877.243		1.682		11.955		4.959954		11.920
4.786		0.9958		0.0000		877.239		1.685		11.965		4.979232		11.960
4.792		0.9997		0.0000		877.235		1.689		11.980		4.998510		12.000
4.802		1.0031		0.0000		877.232		1.693		12.005		5.015722		12.040
4.810		1.0062		0.0000		877.229		1.696		12.025		5.030869		12.080
4.816		1.0095		0.0000		877.226		1.699		12.040		5.047394		12.120
4.818		1.0126		0.0000		877.223		1.702		12.045		5.063229		12.160
4.820		1.0158		0.0000		877.219		1.705		12.050		5.079064		12.200
4.822		1.0191		0.0000		877.216		1.709		12.055		5.095588		12.240
4.826		1.0221		0.0000		877.213		1.712		12.065		5.110736		12.280
4.828		1.0256		0.0000		877.210		1.715		12.070		5.127949		12.320
4.832		1.0290		0.0000		877.206		1.719		12.080		5.145160		12.360
4.836		1.0327		0.0000		877.202		1.722		12.090		5.163750		12.400
4.844		1.0365		0.0000		877.199		1.726		12.110		5.182339		12.440
4.854		1.0396		0.0000		877.196		1.729		12.135		5.198174		12.480
4.860		1.0428		0.0000		877.192		1.732		12.150		5.214010		12.520
4.864		1.0461		0.0000		877.189		1.736		12.160		5.230534		12.560
4.866		1.0493		0.0000		877.186		1.739		12.165		5.246370		12.600
4.868		1.0526		0.0000		877.183		1.742		12.170		5.262895		12.640
4.870		1.0556		0.0000		877.180		1.745		12.175		5.278041		12.680
4.872		1.0589		0.0000		877.176		1.749		12.180		5.294565		12.720
4.874		1.0624		0.0000		877.173		1.752		12.185		5.311778		12.760
4.878		1.0661		0.0000		877.169		1.756		12.195		5.330367		12.800
4.884		1.0698		0.0000		877.165		1.759		12.210		5.348957		12.840
4.894		1.0732		0.0000		877.162		1.763		12.235		5.366169		12.880
4.902		1.0763		0.0000		877.159		1.766		12.255		5.381316		12.920
4.904		1.0794		0.0000		877.156		1.769		12.260		5.397152		12.960
4.906		1.0827		0.0000		877.152		1.772		12.265		5.413675		13.000
4.908		1.0859		0.0000		877.149		1.776		12.270		5.429511		13.040
4.910		1.0891		0.0000		877.146		1.779		12.275		5.445347		13.080
4.912		1.0922		0.0000		877.143		1.782		12.280		5.461183		13.120
4.914		1.0955		0.0000		877.140		1.785		12.285		5.477706		13.160
4.916		1.0991		0.0000		877.136		1.789		12.290		5.495606		13.200
4.922		1.1030		0.0000		877.132		1.793		12.305		5.514885		13.240
4.930		1.1064		0.0000		877.129		1.796		12.325		5.532098		13.280
4.938		1.1097		0.0000		877.125		1.799		12.345		5.548621		13.320
4.942		1.1128		0.0000		877.122		1.802		12.355		5.563768		13.360
4.944		1.1161		0.0000		877.119		1.806		12.360		5.580293		13.400
4.946		1.1192		0.0000		877.116		1.809		12.365		5.596128		13.440
4.948		1.1225		0.0000		877.113		1.812		12.370		5.612652		13.480
4.950		1.1256		0.0000		877.110		1.815		12.375		5.627799		13.520
4.952		1.1289		0.0000		877.106		1.818		12.380		5.644322		13.560
4.954		1.1323		0.0000		877.103		1.822		12.385		5.661535		13.600
4.958		1.1363		0.0000		877.099		1.826		12.395		5.681501		13.640
4.964		1.1399		0.0000		877.095		1.829		12.410		5.699403		13.680
4.974		1.1432		0.0000		877.092		1.833		12.435		5.715927		13.720
4.978		1.1462		0.0000		877.089		1.836		12.445		5.731073		13.760
4.980		1.1495		0.0000		877.086		1.839		12.450		5.747599		13.800
4.980		1.1527		0.0000		877.083		1.842		12.450		5.763433		13.840
4.982		1.1559		0.0000		877.079		1.845		12.455		5.779269		13.880
4.986		1.1592		0.0000		877.076		1.849		12.465		5.795794		13.920
4.988		1.1622		0.0000		877.073		1.852		12.470		5.810940		13.960
4.990		1.1656		0.0000		877.070		1.855		12.475		5.828153		14.000
4.992		1.1695		0.0000		877.066		1.859		12.480		5.847430		14.040
5.000		1.1732		0.0000		877.062		1.863		12.500		5.866020		14.080
5.008		1.1765		0.0000		877.059		1.866		12.520		5.882545		14.120
5.016		1.1798		0.0000		877.055		1.869		12.540		5.899068		14.160
5.020		1.1830		0.0000		877.052		1.873		12.550		5.914904		14.200
5.022		1.1861		0.0000		877.049		1.876		12.555		5.930739		14.240
5.022		1.1893		0.0000		877.046		1.879		12.555		5.946574		14.280
5.026		1.1925		0.0000		877.043		1.882		12.565		5.962410		14.320
5.028		1.1956		0.0000		877.040		1.885		12.570		5.978246		14.360
5.030		1.1988		0.0000		877.036		1.888		12.575		5.994081		14.400
5.032		1.2027		0.0000		877.033		1.892		12.580		6.013359		14.440
5.038		1.2064		0.0000		877.029		1.896		12.595		6.031948		14.480
5.046		1.2100		0.0000		877.025		1.900		12.615		6.049850		14.520
5.056		1.2131		0.0000		877.022		1.903		12.640		6.065684		14.560
5.060		1.2163		0.0000		877.019		1.906		12.650		6.081520		14.600
5.060		1.2195		0.0000		877.016		1.909		12.650		6.097356		14.640
5.062		1.2228		0.0000		877.012		1.912		12.655		6.113880		14.680
5.064		1.2259		0.0000		877.009		1.916		12.660		6.129715		14.720
5.066		1.2291		0.0000		877.006		1.919		12.665		6.145551		14.760
5.066		1.2323		0.0000		877.003		1.922		12.665		6.161387		14.800
5.068		1.2359		0.0000		876.999		1.925		12.670		6.179287		14.840
5.072		1.2397		0.0000		876.995		1.929		12.680		6.198566		14.880
5.078		1.2433		0.0000		876.992		1.933		12.695		6.216466		14.920
5.088		1.2466		0.0000		876.989		1.936		12.720		6.232990		14.960
5.092		1.2498		0.0000		876.985		1.939		12.730		6.248826		15.000
5.094		1.2529		0.0000		876.982		1.943		12.735		6.264662		15.040
5.094		1.2561		0.0000		876.979		1.946		12.735		6.280498		15.080
5.096		1.2593		0.0000		876.976		1.949		12.740		6.296333		15.120
5.098		1.2624		0.0000		876.973		1.952		12.745		6.312168		15.160
5.100		1.2656		0.0000		876.970		1.955		12.750		6.328003		15.200
5.102		1.2692		0.0000		876.966		1.959		12.755		6.345905		15.240
5.104		1.2729		0.0000		876.962		1.963		12.760		6.364494		15.280
5.112		1.2768		0.0000		876.958		1.966		12.780		6.383772		15.320
5.120		1.2801		0.0000		876.955		1.970		12.800		6.400295		15.360
5.126		1.2831		0.0000		876.952		1.973		12.815		6.415443		15.400
5.128		1.2863		0.0000		876.949		1.976		12.820		6.431278		15.440
5.128		1.2896		0.0000		876.946		1.979		12.820		6.447803		15.480
5.130		1.2927		0.0000		876.943		1.982		12.825		6.463638		15.520
5.132		1.2959		0.0000		876.939		1.985		12.830		6.479473		15.560
5.134		1.2991		0.0000		876.936		1.989		12.835		6.495309		15.600
5.136		1.3024		0.0000		876.933		1.992		12.840		6.511832		15.640
5.138		1.3061		0.0000		876.929		1.996		12.845		6.530422		15.680
5.142		1.3099		0.0000		876.925		2.000		12.855		6.549701		15.720
5.152		1.3134		0.0000		876.922		2.003		12.880		6.566913		15.760
5.158		1.3165		0.0000		876.919		2.006		12.895		6.582747		15.800
5.162		1.3197		0.0000		876.915		2.009		12.905		6.598583		15.840
5.162		1.3229		0.0000		876.912		2.012		12.905		6.614419		15.880
5.164		1.3262		0.0000		876.909		2.016		12.910		6.630943		15.920
5.164		1.3294		0.0000		876.906		2.019		12.910		6.646779		15.960
5.166		1.3325		0.0000		876.903		2.022		12.915		6.662614		16.000
5.168		1.3357		0.0000		876.900		2.025		12.920		6.678450		16.040
5.170		1.3393		0.0000		876.896		2.029		12.925		6.696351		16.080
5.174		1.3433		0.0000		876.892		2.033		12.935		6.716317		16.120
5.180		1.3468		0.0000		876.888		2.036		12.950		6.734219		16.160
5.190		1.3499		0.0000		876.885		2.039		12.975		6.749365		16.200
5.194		1.3530		0.0000		876.882		2.043		12.985		6.765201		16.240
5.196		1.3563		0.0000		876.879		2.046		12.990		6.781725		16.280
5.196		1.3596		0.0000		876.876		2.049		12.990		6.798248		16.320
5.198		1.3627		0.0000		876.872		2.052		12.995		6.813396		16.360
5.198		1.3660		0.0000		876.869		2.056		12.995		6.829920		16.400
5.200		1.3692		0.0000		876.866		2.059		13.000		6.845756		16.440
5.202		1.3725		0.0000		876.863		2.062		13.005		6.862279		16.480
5.204		1.3763		0.0000		876.859		2.066		13.010		6.881557		16.520
5.210		1.3800		0.0000		876.855		2.070		13.025		6.900147		16.560
5.218		1.3833		0.0000		876.852		2.073		13.045		6.916671		16.600
5.224		1.3866		0.0000		876.849		2.076		13.060		6.933194		16.640
5.226		1.3897		0.0000		876.846		2.079		13.065		6.948342		16.680
5.228		1.3930		0.0000		876.842		2.083		13.070		6.964866		16.720
5.228		1.3961		0.0000		876.839		2.086		13.070		6.980701		16.760
5.230		1.3993		0.0000		876.836		2.089		13.075		6.996536		16.800
5.230		1.4025		0.0000		876.833		2.092		13.075		7.012372		16.840
5.232		1.4058		0.0000		876.829		2.095		13.080		7.028897		16.880
5.234		1.4095		0.0000		876.826		2.099		13.085		7.047486		16.920
5.238		1.4134		0.0000		876.822		2.103		13.095		7.066764		16.960
5.246		1.4168		0.0000		876.818		2.106		13.115		7.083976		17.000
5.252		1.4198		0.0000		876.815		2.109		13.130		7.099123		17.040
5.254		1.4231		0.0000		876.812		2.113		13.135		7.115648		17.080
5.254		1.4263		0.0000		876.809		2.116		13.135		7.131482		17.120
5.256		1.4296		0.0000		876.806		2.119		13.140		7.148007		17.160
5.256		1.4328		0.0000		876.802		2.122		13.140		7.163842		17.200
5.258		1.4359		0.0000		876.799		2.126		13.145		7.179677		17.240
5.258		1.4391		0.0000		876.796		2.129		13.145		7.195513		17.280
5.260		1.4427		0.0000		876.793		2.132		13.150		7.213414		17.320
5.262		1.4467		0.0000		876.789		2.136		13.155		7.233381		17.360
5.270		1.4501		0.0000		876.785		2.140		13.175		7.250593		17.400
5.278		1.4534		0.0000		876.782		2.143		13.195		7.267118		17.440
5.282		1.4566		0.0000		876.779		2.146		13.205		7.282953		17.480
5.284		1.4598		0.0000		876.775		2.149		13.210		7.298788		17.520
5.284		1.4631		0.0000		876.772		2.153		13.210		7.315312		17.560
5.286		1.4661		0.0000		876.769		2.156		13.215		7.330460		17.600
5.286		1.4693		0.0000		876.766		2.159		13.215		7.346295		17.640
5.288		1.4726		0.0000		876.763		2.162		13.220		7.362819		17.680
5.290		1.4759		0.0000		876.759		2.165		13.225		7.379342		17.720
5.292		1.4797		0.0000		876.755		2.169		13.230		7.398621		17.760
5.298		1.4834		0.0000		876.752		2.173		13.245		7.417211		17.800
5.308		1.4867		0.0000		876.748		2.176		13.270		7.433734		17.840
5.314		1.4899		0.0000		876.745		2.180		13.285		7.449570		17.880
5.314		1.4931		0.0000		876.742		2.183		13.285		7.465405		17.920
5.314		1.4964		0.0000		876.739		2.186		13.285		7.481929		17.960
5.316		1.4996		0.0000		876.736		2.189		13.290		7.497765		18.000
5.318		1.5027		0.0000		876.732		2.192		13.295		7.513600		18.040
5.318		1.5060		0.0000		876.729		2.196		13.295		7.530124		18.080
5.318		1.5093		0.0000		876.726		2.199		13.295		7.546648		18.120
5.320		1.5129		0.0000		876.722		2.203		13.300		7.564549		18.160
5.326		1.5169		0.0000		876.718		2.207		13.315		7.584516		18.200
5.334		1.5202		0.0000		876.715		2.210		13.335		7.601039		18.240
5.340		1.5234		0.0000		876.712		2.213		13.350		7.616875		18.280
5.342		1.5265		0.0000		876.709		2.216		13.355		7.632711		18.320
5.342		1.5297		0.0000		876.706		2.219		13.355		7.648547		18.360
5.344		1.5330		0.0000		876.702		2.223		13.360		7.665071		18.400
5.344		1.5362		0.0000		876.699		2.226		13.360		7.680906		18.440
5.344		1.5392		0.0000		876.696		2.229		13.360		7.696053		18.480
5.346		1.5427		0.0000		876.693		2.232		13.365		7.713265		18.520
5.346		1.5464		0.0000		876.689		2.236		13.365		7.731855		18.560
5.350		1.5500		0.0000		876.685		2.240		13.375		7.749755		18.600
5.358		1.5535		0.0000		876.682		2.243		13.395		7.767657		18.640
5.366		1.5567		0.0000		876.679		2.246		13.415		7.783493		18.680
5.368		1.5599		0.0000		876.675		2.249		13.420		7.799327		18.720
5.370		1.5632		0.0000		876.672		2.253		13.425		7.815852		18.760
5.370		1.5663		0.0000		876.669		2.256		13.425		7.831687		18.800
5.372		1.5696		0.0000		876.666		2.259		13.430		7.848211		18.840
5.372		1.5727		0.0000		876.663		2.262		13.430		7.863358		18.880
5.372		1.5760		0.0000		876.659		2.266		13.430		7.879882		18.920
5.374		1.5794		0.0000		876.656		2.269		13.435		7.897095		18.960
5.376		1.5831		0.0000		876.652		2.273		13.440		7.915684		19.000
5.382		1.5869		0.0000		876.648		2.276		13.455		7.934274		19.040
5.388		1.5902		0.0000		876.645		2.280		13.470		7.950798		19.080
5.394		1.5935		0.0000		876.642		2.283		13.485		7.967322		19.120
5.394		1.5965		0.0000		876.639		2.286		13.485		7.982469		19.160
5.394		1.5998		0.0000		876.635		2.289		13.485		7.998992		19.200
5.394		1.6030		0.0000		876.632		2.293		13.485		8.014828		19.240
5.396		1.6061		0.0000		876.629		2.296		13.490		8.030663		19.280
5.396		1.6093		0.0000		876.626		2.299		13.490		8.046499		19.320
5.398		1.6127		0.0000		876.622		2.302		13.495		8.063712		19.360
5.400		1.6165		0.0000		876.619		2.306		13.500		8.082302		19.400
5.404		1.6202		0.0000		876.615		2.310		13.510		8.100891		19.440
5.412		1.6236		0.0000		876.612		2.313		13.530		8.118104		19.480
5.418		1.6267		0.0000		876.609		2.316		13.545		8.133250		19.520
5.420		1.6300		0.0000		876.605		2.320		13.550		8.149775		19.560
5.420		1.6333		0.0000		876.602		2.323		13.550		8.166298		19.600
5.422		1.6364		0.0000		876.599		2.326		13.555		8.182134		19.640
5.422		1.6396		0.0000		876.596		2.329		13.555		8.197969		19.680
5.422		1.6428		0.0000		876.592		2.332		13.555		8.213805		19.720
5.424		1.6459		0.0000		876.589		2.336		13.560		8.229641		19.760
5.424		1.6495		0.0000		876.586		2.339		13.560		8.247541		19.800
5.428		1.6535		0.0000		876.582		2.343		13.570		8.267508		19.840
5.436		1.6571		0.0000		876.578		2.347		13.590		8.285409		19.880
5.442		1.6602		0.0000		876.575		2.350		13.605		8.301244		19.920
5.446		1.6634		0.0000		876.572		2.353		13.615		8.317080		19.960
5.446		1.6666		0.0000		876.569		2.356		13.615		8.332915		20.000
5.446		1.6698		0.0000		876.565		2.359		13.615		8.348751		20.040
5.448		1.6729		0.0000		876.562		2.363		13.620		8.364587		20.080
5.448		1.6761		0.0000		876.559		2.366		13.620		8.380422		20.120
5.450		1.6794		0.0000		876.556		2.369		13.625		8.396946		20.160
5.450		1.6830		0.0000		876.552		2.373		13.625		8.414846		20.200
5.452		1.6865		0.0000		876.549		2.376		13.630		8.432749		20.240
5.458		1.6904		0.0000		876.545		2.380		13.645		8.452025		20.280
5.466		1.6936		0.0000		876.542		2.383		13.665		8.467861		20.320
5.472		1.6966		0.0000		876.539		2.386		13.680		8.483008		20.360
5.472		1.7000		0.0000		876.535		2.390		13.680		8.500221		20.400
5.472		1.7032		0.0000		876.532		2.393		13.680		8.516056		20.440
5.472		1.7064		0.0000		876.529		2.396		13.680		8.531893		20.480
5.474		1.7095		0.0000		876.526		2.399		13.685		8.547727		20.520
5.474		1.7127		0.0000		876.522		2.402		13.685		8.563562		20.560
5.476		1.7160		0.0000		876.519		2.406		13.690		8.580086		20.600
5.476		1.7197		0.0000		876.515		2.409		13.690		8.598676		20.640
5.482		1.7237		0.0000		876.511		2.413		13.705		8.618643		20.680
5.490		1.7269		0.0000		876.508		2.416		13.725		8.634478		20.720
5.496		1.7302		0.0000		876.505		2.420		13.740		8.651003		20.760
5.498		1.7334		0.0000		876.502		2.423		13.745		8.666838		20.800
5.498		1.7365		0.0000		876.499		2.426		13.745		8.682673		20.840
5.498		1.7398		0.0000		876.495		2.429		13.745		8.699198		20.880
5.498		1.7430		0.0000		876.492		2.433		13.745		8.715033		20.920
5.500		1.7460		0.0000		876.489		2.436		13.750		8.730181		20.960
5.500		1.7493		0.0000		876.486		2.439		13.750		8.746704		21.000
5.502		1.7529		0.0000		876.482		2.443		13.755		8.764605		21.040
5.506		1.7569		0.0000		876.478		2.447		13.765		8.784571		21.080
5.514		1.7604		0.0000		876.475		2.450		13.785		8.801784		21.120
5.522		1.7635		0.0000		876.472		2.453		13.805		8.817619		21.160
5.526		1.7667		0.0000		876.469		2.456		13.815		8.833455		21.200
5.526		1.7700		0.0000		876.465		2.460		13.815		8.849978		21.240
5.526		1.7732		0.0000		876.462		2.463		13.815		8.865814		21.280
5.528		1.7763		0.0000		876.459		2.466		13.820		8.881650		21.320
5.530		1.7796		0.0000		876.456		2.469		13.825		8.898173		21.360
5.530		1.7828		0.0000		876.452		2.472		13.825		8.914009		21.400
5.532		1.7862		0.0000		876.449		2.476		13.830		8.931222		21.440
5.534		1.7901		0.0000		876.445		2.480		13.835		8.950500		21.480
5.542		1.7938		0.0000		876.441		2.483		13.855		8.969089		21.520
5.550		1.7970		0.0000		876.438		2.487		13.875		8.984924		21.560
5.554		1.8002		0.0000		876.435		2.490		13.885		9.000760		21.600
5.556		1.8035		0.0000		876.432		2.493		13.890		9.017284		21.640
5.556		1.8066		0.0000		876.429		2.496		13.890		9.033119		21.680
5.556		1.8098		0.0000		876.425		2.499		13.890		9.048956		21.720
5.556		1.8130		0.0000		876.422		2.503		13.890		9.064791		21.760
5.556		1.8161		0.0000		876.419		2.506		13.890		9.080626		21.800
5.556		1.8196		0.0000		876.416		2.509		13.890		9.097838		21.840
5.558		1.8233		0.0000		876.412		2.513		13.895		9.116428		21.880
5.562		1.8270		0.0000		876.408		2.517		13.905		9.135017		21.920
5.570		1.8303		0.0000		876.405		2.520		13.925		9.151543		21.960
5.576		1.8335		0.0000		876.402		2.523		13.940		9.167377		22.000
5.578		1.8366		0.0000		876.399		2.526		13.945		9.183212		22.040
5.576		1.8401		0.0000		876.395		2.530		13.940		9.200425		22.080
5.578		1.8433		0.0000		876.392		2.533		13.945		9.216261		22.120
5.578		1.8463		0.0000		876.389		2.536		13.945		9.231407		22.160
5.578		1.8494		0.0000		876.386		2.539		13.945		9.247244		22.200
5.578		1.8529		0.0000		876.382		2.542		13.945		9.264456		22.240
5.580		1.8565		0.0000		876.379		2.546		13.950		9.282356		22.280
5.584		1.8602		0.0000		876.375		2.550		13.960		9.300946		22.320
5.590		1.8638		0.0000		876.371		2.553		13.975		9.318848		22.360
5.598		1.8669		0.0000		876.368		2.557		13.995		9.334682		22.400
5.602		1.8702		0.0000		876.365		2.560		14.005		9.351207		22.440
5.600		1.8733		0.0000		876.362		2.563		14.000		9.366354		22.480
5.602		1.8766		0.0000		876.359		2.566		14.005		9.382877		22.520
5.602		1.8797		0.0000		876.355		2.569		14.005		9.398713		22.560
5.602		1.8829		0.0000		876.352		2.573		14.005		9.414549		22.600
5.602		1.8861		0.0000		876.349		2.576		14.005		9.430385		22.640
5.602		1.8897		0.0000		876.346		2.579		14.005		9.448285		22.680
5.604		1.8934		0.0000		876.342		2.583		14.010		9.466875		22.720
5.610		1.8974		0.0000		876.338		2.587		14.025		9.486841		22.760
5.618		1.9004		0.0000		876.335		2.590		14.045		9.501987		22.800
5.622		1.9036		0.0000		876.332		2.593		14.055		9.517823		22.840
5.622		1.9069		0.0000		876.328		2.596		14.055		9.534348		22.880
5.622		1.9100		0.0000		876.325		2.600		14.055		9.550182		22.920
5.622		1.9131		0.0000		876.322		2.603		14.055		9.565331		22.960
5.622		1.9164		0.0000		876.319		2.606		14.055		9.581854		23.000
5.622		1.9195		0.0000		876.316		2.609		14.055		9.597691		23.040
5.624		1.9230		0.0000		876.312		2.613		14.060		9.614902		23.080
5.624		1.9267		0.0000		876.309		2.616		14.060		9.633492		23.120
5.630		1.9306		0.0000		876.305		2.620		14.075		9.652769		23.160
5.638		1.9337		0.0000		876.301		2.623		14.095		9.668606		23.200
5.644		1.9370		0.0000		876.298		2.627		14.110		9.685129		23.240
5.644		1.9402		0.0000		876.295		2.630		14.110		9.700965		23.280
5.644		1.9434		0.0000		876.292		2.633		14.110		9.716801		23.320
5.644		1.9467		0.0000		876.289		2.636		14.110		9.733324		23.360
5.644		1.9498		0.0000		876.285		2.639		14.110		9.749160		23.400
5.646		1.9529		0.0000		876.282		2.642		14.115		9.764307		23.440
5.646		1.9562		0.0000		876.279		2.646		14.115		9.780831		23.480
5.646		1.9599		0.0000		876.275		2.649		14.115		9.799421		23.520
5.650		1.9639		0.0000		876.271		2.653		14.125		9.819387		23.560
5.658		1.9673		0.0000		876.268		2.657		14.145		9.836599		23.600
5.666		1.9703		0.0000		876.265		2.660		14.165		9.851747		23.640
5.668		1.9735		0.0000		876.262		2.663		14.170		9.867582		23.680
5.668		1.9767		0.0000		876.259		2.666		14.170		9.883417		23.720
5.668		1.9800		0.0000		876.255		2.670		14.170		9.899941		23.760
5.668		1.9832		0.0000		876.252		2.673		14.170		9.915776		23.800
5.668		1.9863		0.0000		876.249		2.676		14.170		9.931612		23.840
5.668		1.9896		0.0000		876.246		2.679		14.170		9.948137		23.880
5.668		1.9931		0.0000		876.242		2.683		14.170		9.965348		23.920
5.670		1.9969		0.0000		876.238		2.687		14.175		9.984627		23.960
5.676		2.0006		0.0000		876.235		2.690		14.190		10.003216		24.000
5.684		2.0038		0.0000		876.231		2.693		14.210		10.019053		24.040
5.690		2.0070		0.0000		876.228		2.697		14.225		10.034887		24.080
5.690		2.0101		0.0000		876.225		2.700		14.225		10.050722		24.120
5.690		2.0133		0.0000		876.222		2.703		14.225		10.066558		24.160
5.690		2.0165		0.0000		876.219		2.706		14.225		10.082394		24.200
5.690		2.0196		0.0000		876.216		2.709		14.225		10.098229		24.240
5.690		2.0228		0.0000		876.212		2.712		14.225		10.114064		24.280
5.690		2.0263		0.0000		876.209		2.716		14.225		10.131277		24.320
5.692		2.0301		0.0000		876.205		2.720		14.230		10.150556		24.360
5.698		2.0340		0.0000		876.201		2.724		14.245		10.169832		24.400
5.706		2.0371		0.0000		876.198		2.727		14.265		10.185669		24.440
5.712		2.0403		0.0000		876.195		2.730		14.280		10.201504		24.480
5.714		2.0436		0.0000		876.192		2.733		14.285		10.218028		24.520
5.712		2.0468		0.0000		876.188		2.736		14.280		10.233864		24.560
5.712		2.0499		0.0000		876.185		2.740		14.280		10.249700		24.600
5.714		2.0531		0.0000		876.182		2.743		14.285		10.265535		24.640
5.716		2.0564		0.0000		876.179		2.746		14.290		10.282059		24.680
5.716		2.0596		0.0000		876.176		2.749		14.290		10.297894		24.720
5.718		2.0633		0.0000		876.172		2.753		14.295		10.316484		24.760
5.722		2.0672		0.0000		876.168		2.757		14.305		10.335761		24.800
5.730		2.0706		0.0000		876.165		2.760		14.325		10.352974		24.840
5.738		2.0738		0.0000		876.161		2.763		14.345		10.368810		24.880
5.742		2.0769		0.0000		876.158		2.767		14.355		10.384645		24.920
5.740		2.0802		0.0000		876.155		2.770		14.350		10.401169		24.960
5.740		2.0834		0.0000		876.152		2.773		14.350		10.417005		25.000
5.740		2.0866		0.0000		876.149		2.776		14.350		10.432840		25.040
5.740		2.0896		0.0000		876.146		2.779		14.350		10.447988		25.080
5.738		2.0929		0.0000		876.142		2.783		14.345		10.464511		25.120
5.738		2.0965		0.0000		876.139		2.786		14.345		10.482412		25.160
5.742		2.1003		0.0000		876.135		2.790		14.355		10.501690		25.200
5.748		2.1041		0.0000		876.131		2.794		14.370		10.520279		25.240
5.758		2.1072		0.0000		876.128		2.797		14.395		10.536116		25.280
5.762		2.1104		0.0000		876.125		2.800		14.405		10.551950		25.320
5.760		2.1136		0.0000		876.122		2.803		14.400		10.567787		25.360
5.760		2.1167		0.0000		876.118		2.806		14.400		10.583621		25.400
5.760		2.1200		0.0000		876.115		2.810		14.400		10.600146		25.440
5.760		2.1231		0.0000		876.112		2.813		14.400		10.615293		25.480
5.758		2.1264		0.0000		876.109		2.816		14.395		10.631817		25.520
5.758		2.1298		0.0000		876.105		2.819		14.395		10.649029		25.560
5.760		2.1337		0.0000		876.102		2.823		14.400		10.668307		25.600
5.764		2.1372		0.0000		876.098		2.827		14.410		10.686208		25.640
5.772		2.1407		0.0000		876.095		2.830		14.430		10.703421		25.680
5.778		2.1439		0.0000		876.091		2.833		14.445		10.719256		25.720
5.780		2.1470		0.0000		876.088		2.837		14.450		10.735092		25.760
5.778		2.1502		0.0000		876.085		2.840		14.445		10.750927		25.800
5.778		2.1534		0.0000		876.082		2.843		14.445		10.766763		25.840
5.778		2.1565		0.0000		876.079		2.846		14.445		10.782598		25.880
5.778		2.1597		0.0000		876.076		2.849		14.445		10.798434		25.920
5.778		2.1630		0.0000		876.072		2.853		14.445		10.814958		25.960
5.778		2.1668		0.0000		876.068		2.856		14.445		10.834236		26.000
5.782		2.1707		0.0000		876.065		2.860		14.455		10.853514		26.040
5.790		2.1740		0.0000		876.061		2.864		14.475		10.870038		26.080
5.798		2.1772		0.0000		876.058		2.867		14.495		10.885873		26.120
5.798		2.1803		0.0000		876.055		2.870		14.495		10.901709		26.160
5.796		2.1835		0.0000		876.052		2.873		14.490		10.917544		26.200
5.796		2.1868		0.0000		876.048		2.876		14.490		10.934068		26.240
5.796		2.1898		0.0000		876.045		2.879		14.490		10.949215		26.280
5.796		2.1931		0.0000		876.042		2.883		14.490		10.965739		26.320
5.796		2.1963		0.0000		876.039		2.886		14.490		10.981575		26.360
5.796		2.2000		0.0000		876.035		2.890		14.490		11.000165		26.400
5.798		2.2039		0.0000		876.031		2.893		14.495		11.019442		26.440
5.806		2.2075		0.0000		876.028		2.897		14.515		11.037344		26.480
5.814		2.2106		0.0000		876.025		2.900		14.535		11.053179		26.520
5.816		2.2138		0.0000		876.021		2.903		14.540		11.069014		26.560
5.816		2.2170		0.0000		876.018		2.907		14.540		11.084850		26.600
5.814		2.2203		0.0000		876.015		2.910		14.535		11.101374		26.640
5.814		2.2233		0.0000		876.012		2.913		14.535		11.116522		26.680
5.812		2.2265		0.0000		876.009		2.916		14.530		11.132356		26.720
5.812		2.2296		0.0000		876.006		2.919		14.530		11.148191		26.760
5.812		2.2332		0.0000		876.002		2.923		14.530		11.166094		26.800
5.814		2.2369		0.0000		875.998		2.927		14.535		11.184683		26.840
5.820		2.2408		0.0000		875.994		2.930		14.550		11.203960		26.880
5.830		2.2441		0.0000		875.991		2.934		14.575		11.220484		26.920
5.836		2.2473		0.0000		875.988		2.937		14.590		11.236320		26.960
5.836		2.2504		0.0000		875.985		2.940		14.590		11.252155		27.000
5.834		2.2536		0.0000		875.982		2.943		14.585		11.267991		27.040
5.834		2.2568		0.0000		875.978		2.946		14.585		11.283827		27.080
5.834		2.2599		0.0000		875.975		2.950		14.585		11.299662		27.120
5.834		2.2632		0.0000		875.972		2.953		14.585		11.316186		27.160
5.834		2.2665		0.0000		875.969		2.956		14.585		11.332710		27.200
5.834		2.2701		0.0000		875.965		2.960		14.585		11.350611		27.240
5.838		2.2741		0.0000		875.961		2.964		14.595		11.370578		27.280
5.846		2.2776		0.0000		875.958		2.967		14.615		11.387789		27.320
5.854		2.2807		0.0000		875.954		2.970		14.635		11.403625		27.360
5.856		2.2838		0.0000		875.951		2.973		14.640		11.418772		27.400
5.854		2.2869		0.0000		875.948		2.977		14.635		11.434608		27.440
5.854		2.2902		0.0000		875.945		2.980		14.635		11.451132		27.480
5.852		2.2934		0.0000		875.942		2.983		14.630		11.466967		27.520
5.852		2.2964		0.0000		875.939		2.986		14.630		11.482115		27.560
5.852		2.2997		0.0000		875.935		2.989		14.630		11.498638		27.600
5.852		2.3033		0.0000		875.932		2.993		14.630		11.516539		27.640
5.854		2.3073		0.0000		875.928		2.997		14.635		11.536505		27.680
5.862		2.3109		0.0000		875.924		3.000		14.655		11.554407		27.720
5.872		2.3140		0.0000		875.921		3.004		14.680		11.570243		27.760
5.876		2.3172		0.0000		875.918		3.007		14.690		11.586077		27.800
5.874		2.3204		0.0000		875.915		3.010		14.685		11.601913		27.840
5.872		2.3235		0.0000		875.912		3.013		14.680		11.617748		27.880
5.872		2.3267		0.0000		875.909		3.016		14.680		11.633585		27.920
5.872		2.3299		0.0000		875.905		3.019		14.680		11.649420		27.960
5.872		2.3332		0.0000		875.902		3.023		14.680		11.665944		28.000
5.872		2.3365		0.0000		875.899		3.026		14.680		11.682467		28.040
5.874		2.3405		0.0000		875.895		3.030		14.685		11.702434		28.080
5.880		2.3442		0.0000		875.891		3.034		14.700		11.721024		28.120
5.890		2.3475		0.0000		875.888		3.037		14.725		11.737548		28.160
5.896		2.3507		0.0000		875.885		3.040		14.740		11.753384		28.200
5.896		2.3537		0.0000		875.881		3.043		14.740		11.768531		28.240
5.894		2.3569		0.0000		875.878		3.046		14.735		11.784367		28.280
5.892		2.3602		0.0000		875.875		3.050		14.730		11.800890		28.320
5.892		2.3633		0.0000		875.872		3.053		14.730		11.816726		28.360
5.892		2.3665		0.0000		875.869		3.056		14.730		11.832561		28.400
5.892		2.3698		0.0000		875.865		3.059		14.730		11.849085		28.440
5.892		2.3737		0.0000		875.862		3.063		14.730		11.868362		28.480
5.896		2.3775		0.0000		875.858		3.067		14.740		11.887641		28.520
5.906		2.3808		0.0000		875.854		3.070		14.765		11.904164		28.560
5.912		2.3840		0.0000		875.851		3.074		14.780		11.920000		28.600
5.912		2.3872		0.0000		875.848		3.077		14.780		11.935836		28.640
5.910		2.3905		0.0000		875.845		3.080		14.775		11.952360		28.680
5.908		2.3936		0.0000		875.842		3.083		14.770		11.968195		28.720
5.908		2.3968		0.0000		875.838		3.086		14.770		11.984032		28.760
5.906		2.4000		0.0000		875.835		3.090		14.765		11.999866		28.800
5.906		2.4031		0.0000		875.832		3.093		14.765		12.015701		28.840
5.904		2.4069		0.0000		875.828		3.096		14.760		12.034291		28.880
5.908		2.4107		0.0000		875.824		3.100		14.770		12.053570		28.920
5.914		2.4143		0.0000		875.821		3.104		14.785		12.071470		28.960
5.922		2.4175		0.0000		875.818		3.107		14.805		12.087306		29.000
5.924		2.4205		0.0000		875.815		3.110		14.810		12.102452		29.040
5.922		2.4238		0.0000		875.811		3.113		14.805		12.118978		29.080
5.922		2.4270		0.0000		875.808		3.117		14.805		12.134811		29.120
5.920		2.4301		0.0000		875.805		3.120		14.800		12.150648		29.160
5.920		2.4333		0.0000		875.802		3.123		14.800		12.166483		29.200
5.918		2.4366		0.0000		875.799		3.126		14.795		12.183007		29.240
5.918		2.4399		0.0000		875.795		3.130		14.795		12.199532		29.280
5.920		2.4438		0.0000		875.791		3.133		14.800		12.218809		29.320
5.924		2.4476		0.0000		875.788		3.137		14.810		12.238088		29.360
5.932		2.4508		0.0000		875.784		3.140		14.830		12.253922		29.400
5.938		2.4540		0.0000		875.781		3.144		14.845		12.269758		29.440
5.936		2.4571		0.0000		875.778		3.147		14.840		12.285594		29.480
5.936		2.4603		0.0000		875.775		3.150		14.840		12.301430		29.520
5.934		2.4636		0.0000		875.772		3.153		14.835		12.317953		29.560
5.934		2.4668		0.0000		875.768		3.156		14.835		12.333789		29.600
5.932		2.4699		0.0000		875.765		3.160		14.830		12.349625		29.640
5.932		2.4732		0.0000		875.762		3.163		14.830		12.366148		29.680
5.930		2.4771		0.0000		875.758		3.167		14.825		12.385427		29.720
5.934		2.4808		0.0000		875.754		3.170		14.835		12.404016		29.760
5.942		2.4842		0.0000		875.751		3.174		14.855		12.421228		29.800
5.948		2.4874		0.0000		875.748		3.177		14.870		12.437063		29.840
5.948		2.4906		0.0000		875.745		3.180		14.870		12.452899		29.880
5.946		2.4937		0.0000		875.741		3.183		14.865		12.468735		29.920
5.944		2.4971		0.0000		875.738		3.187		14.860		12.485258		29.960
5.944		2.5001		0.0000		875.735		3.190		14.860		12.500405		30.000
5.942		2.5032		0.0000		875.732		3.193		14.855		12.516241		30.040
5.942		2.5064		0.0000		875.729		3.196		14.855		12.532077		30.080
5.940		2.5103		0.0000		875.725		3.200		14.850		12.551355		30.120
5.944		2.5141		0.0000		875.721		3.204		14.860		12.570633		30.160
5.950		2.5177		0.0000		875.717		3.207		14.875		12.588534		30.200
5.958		2.5207		0.0000		875.714		3.210		14.895		12.603682		30.240
5.962		2.5239		0.0000		875.711		3.214		14.905		12.619516		30.280
5.960		2.5272		0.0000		875.708		3.217		14.900		12.636041		30.320
5.958		2.5304		0.0000		875.705		3.220		14.895		12.651876		30.360
5.958		2.5335		0.0000		875.702		3.223		14.895		12.667711		30.400
5.958		2.5367		0.0000		875.698		3.226		14.895		12.683546		30.440
5.956		2.5399		0.0000		875.695		3.229		14.890		12.699383		30.480
5.956		2.5435		0.0000		875.692		3.233		14.890		12.717283		30.520
5.958		2.5472		0.0000		875.688		3.237		14.895		12.735872		30.560
5.964		2.5510		0.0000		875.684		3.241		14.910		12.755151		30.600
5.972		2.5543		0.0000		875.681		3.244		14.930		12.771674		30.640
5.976		2.5574		0.0000		875.678		3.247		14.940		12.786822		30.680
5.976		2.5607		0.0000		875.675		3.250		14.940		12.803346		30.720
5.974		2.5638		0.0000		875.671		3.253		14.935		12.819181		30.760
5.972		2.5669		0.0000		875.668		3.256		14.930		12.834329		30.800
5.972		2.5702		0.0000		875.665		3.260		14.930		12.850852		30.840
5.970		2.5732		0.0000		875.662		3.263		14.925		12.865999		30.880
5.970		2.5766		0.0000		875.659		3.266		14.925		12.883211		30.920
5.970		2.5804		0.0000		875.655		3.270		14.925		12.901801		30.960
5.974		2.5844		0.0000		875.651		3.274		14.935		12.921767		31.000
5.982		2.5877		0.0000		875.648		3.277		14.955		12.938292		31.040
5.990		2.5908		0.0000		875.644		3.280		14.975		12.954128		31.080
5.990		2.5940		0.0000		875.641		3.284		14.975		12.969962		31.120
5.988		2.5972		0.0000		875.638		3.287		14.970		12.985798		31.160
5.988		2.6003		0.0000		875.635		3.290		14.970		13.001634		31.200
5.988		2.6035		0.0000		875.632		3.293		14.970		13.017469		31.240
5.988		2.6068		0.0000		875.628		3.296		14.970		13.033993		31.280
5.986		2.6100		0.0000		875.625		3.300		14.965		13.049829		31.320
5.986		2.6137		0.0000		875.622		3.303		14.965		13.068419		31.360
5.988		2.6175		0.0000		875.618		3.307		14.970		13.087696		31.400
5.996		2.6210		0.0000		875.614		3.311		14.990		13.104908		31.440
6.004		2.6243		0.0000		875.611		3.314		15.010		13.121433		31.480
6.006		2.6275		0.0000		875.608		3.317		15.015		13.137268		31.520
6.006		2.6306		0.0000		875.605		3.320		15.015		13.153104		31.560
6.004		2.6338		0.0000		875.601		3.323		15.010		13.168940		31.600
6.004		2.6370		0.0000		875.598		3.327		15.010		13.184775		31.640
6.004		2.6400		0.0000		875.595		3.330		15.010		13.199922		31.680
6.002		2.6433		0.0000		875.592		3.333		15.005		13.216446		31.720
6.002		2.6467		0.0000		875.589		3.336		15.005		13.233658		31.760
6.004		2.6507		0.0000		875.584		3.340		15.010		13.253624		31.800
6.010		2.6544		0.0000		875.581		3.344		15.025		13.272214		31.840
6.018		2.6576		0.0000		875.578		3.347		15.045		13.288050		31.880
6.022		2.6609		0.0000		875.574		3.351		15.055		13.304573		31.920
6.020		2.6639		0.0000		875.571		3.354		15.050		13.319721		31.960
6.018		2.6672		0.0000		875.568		3.357		15.045		13.336245		32.000
6.016		2.6704		0.0000		875.565		3.360		15.040		13.352080		32.040
6.014		2.6734		0.0000		875.562		3.363		15.035		13.367228		32.080
6.012		2.6768		0.0000		875.558		3.366		15.030		13.383751		32.120
6.010		2.6801		0.0000		875.555		3.370		15.025		13.400276		32.160
6.010		2.6838		0.0000		875.551		3.373		15.025		13.418865		32.200
6.014		2.6878		0.0000		875.547		3.377		15.035		13.438831		32.240
6.022		2.6911		0.0000		875.544		3.381		15.055		13.455355		32.280
6.028		2.6942		0.0000		875.541		3.384		15.070		13.471191		32.320
6.028		2.6973		0.0000		875.538		3.387		15.070		13.486338		32.360
6.024		2.7006		0.0000		875.535		3.390		15.060		13.502861		32.400
6.022		2.7039		0.0000		875.531		3.393		15.055		13.519386		32.440
6.022		2.7069		0.0000		875.528		3.397		15.055		13.534533		32.480
6.018		2.7101		0.0000		875.525		3.400		15.045		13.550368		32.520
6.018		2.7134		0.0000		875.522		3.403		15.045		13.566893		32.560
6.016		2.7171		0.0000		875.518		3.407		15.040		13.585482		32.600
6.018		2.7208		0.0000		875.514		3.410		15.045		13.604071		32.640
6.026		2.7245		0.0000		875.511		3.414		15.065		13.622661		32.680
6.034		2.7277		0.0000		875.508		3.417		15.085		13.638496		32.720
6.036		2.7307		0.0000		875.504		3.420		15.090		13.653643		32.760
6.032		2.7340		0.0000		875.501		3.424		15.080		13.670167		32.800
6.032		2.7372		0.0000		875.498		3.427		15.080		13.686003		32.840
6.030		2.7404		0.0000		875.495		3.430		15.075		13.701838		32.880
6.028		2.7435		0.0000		875.492		3.433		15.070		13.717674		32.920
6.028		2.7467		0.0000		875.489		3.436		15.070		13.733510		32.960
6.026		2.7503		0.0000		875.485		3.440		15.065		13.751410		33.000
6.026		2.7541		0.0000		875.481		3.444		15.065		13.770689		33.040
6.032		2.7579		0.0000		875.477		3.447		15.080		13.789278		33.080
6.038		2.7610		0.0000		875.474		3.451		15.095		13.805113		33.120
6.042		2.7642		0.0000		875.471		3.454		15.105		13.820949		33.160
6.040		2.7674		0.0000		875.468		3.457		15.100		13.836784		33.200
6.036		2.7707		0.0000		875.465		3.460		15.090		13.853308		33.240
6.036		2.7738		0.0000		875.461		3.463		15.090		13.869143		33.280
6.034		2.7769		0.0000		875.458		3.466		15.085		13.884291		33.320
6.032		2.7802		0.0000		875.455		3.470		15.080		13.900815		33.360
6.030		2.7835		0.0000		875.452		3.473		15.075		13.917339		33.400
6.030		2.7873		0.0000		875.448		3.477		15.075		13.936617		33.440
6.034		2.7913		0.0000		875.444		3.481		15.085		13.956584		33.480
6.042		2.7943		0.0000		875.441		3.484		15.105		13.971730		33.520
6.046		2.7977		0.0000		875.438		3.487		15.115		13.988255		33.560
6.044		2.8008		0.0000		875.434		3.490		15.110		14.004089		33.600
6.042		2.8040		0.0000		875.431		3.494		15.105		14.019926		33.640
6.040		2.8072		0.0000		875.428		3.497		15.100		14.035761		33.680
6.038		2.8103		0.0000		875.425		3.500		15.095		14.051596		33.720
6.036		2.8136		0.0000		875.422		3.503		15.090		14.068121		33.760
6.036		2.8168		0.0000		875.418		3.506		15.090		14.083956		33.800
6.036		2.8205		0.0000		875.415		3.510		15.090		14.102545		33.840
6.038		2.8244		0.0000		875.411		3.514		15.095		14.121823		33.880
6.046		2.8279		0.0000		875.407		3.518		15.115		14.139724		33.920
6.054		2.8311		0.0000		875.404		3.521		15.135		14.155560		33.960
6.054		2.8341		0.0000		875.401		3.524		15.135		14.170706		34.000
6.052		2.8374		0.0000		875.398		3.527		15.130		14.187231		34.040
6.050		2.8405		0.0000		875.395		3.530		15.125		14.202377		34.080
6.048		2.8438		0.0000		875.391		3.533		15.120		14.218902		34.120
6.046		2.8468		0.0000		875.388		3.536		15.115		14.234049		34.160
6.044		2.8501		0.0000		875.385		3.540		15.110		14.250573		34.200
6.042		2.8537		0.0000		875.382		3.543		15.105		14.268474		34.240
6.044		2.8576		0.0000		875.378		3.547		15.110		14.287752		34.280
6.050		2.8613		0.0000		875.374		3.551		15.125		14.306341		34.320
6.058		2.8644		0.0000		875.371		3.554		15.145		14.322177		34.360
6.060		2.8676		0.0000		875.368		3.557		15.150		14.338012		34.400
6.058		2.8708		0.0000		875.364		3.560		15.145		14.353848		34.440
6.056		2.8739		0.0000		875.361		3.564		15.140		14.369683		34.480
6.054		2.8772		0.0000		875.358		3.567		15.135		14.386207		34.520
6.052		2.8804		0.0000		875.355		3.570		15.130		14.402042		34.560
6.052		2.8836		0.0000		875.352		3.573		15.130		14.417878		34.600
6.050		2.8869		0.0000		875.348		3.576		15.125		14.434402		34.640
6.050		2.8907		0.0000		875.344		3.580		15.125		14.453680		34.680
6.054		2.8946		0.0000		875.341		3.584		15.135		14.472958		34.720
6.062		2.8979		0.0000		875.337		3.587		15.155		14.489483		34.760
6.066		2.9011		0.0000		875.334		3.591		15.165		14.505318		34.800
6.064		2.9042		0.0000		875.331		3.594		15.160		14.521152		34.840
6.062		2.9074		0.0000		875.328		3.597		15.155		14.536989		34.880
6.060		2.9106		0.0000		875.325		3.600		15.150		14.552824		34.920
6.060		2.9137		0.0000		875.321		3.603		15.150		14.568661		34.960
6.058		2.9169		0.0000		875.318		3.607		15.145		14.584495		35.000
6.056		2.9202		0.0000		875.315		3.610		15.140		14.601020		35.040
6.056		2.9239		0.0000		875.311		3.614		15.140		14.619609		35.080
6.060		2.9279		0.0000		875.307		3.618		15.150		14.639576		35.120
6.068		2.9314		0.0000		875.304		3.621		15.170		14.656788		35.160
6.074		2.9345		0.0000		875.301		3.624		15.185		14.672624		35.200
6.074		2.9376		0.0000		875.298		3.627		15.185		14.687771		35.240
6.072		2.9407		0.0000		875.294		3.630		15.180		14.703607		35.280
6.070		2.9440		0.0000		875.291		3.634		15.175		14.720130		35.320
6.068		2.9472		0.0000		875.288		3.637		15.170		14.735966		35.360
6.066		2.9504		0.0000		875.285		3.640		15.165		14.751801		35.400
6.064		2.9537		0.0000		875.282		3.643		15.160		14.768325		35.440
6.062		2.9572		0.0000		875.278		3.647		15.155		14.786225		35.480
6.064		2.9610		0.0000		875.274		3.651		15.160		14.804815		35.520
6.068		2.9648		0.0000		875.270		3.654		15.170		14.824094		35.560
6.074		2.9678		0.0000		875.267		3.657		15.185		14.839240		35.600
6.076		2.9710		0.0000		875.264		3.661		15.190		14.855076		35.640
6.072		2.9742		0.0000		875.261		3.664		15.180		14.870912		35.680
6.068		2.9775		0.0000		875.258		3.667		15.170		14.887436		35.720
6.066		2.9807		0.0000		875.255		3.670		15.165		14.903271		35.760
6.062		2.9837		0.0000		875.252		3.673		15.155		14.918418		35.800
6.060		2.9870		0.0000		875.248		3.677		15.150		14.934941		35.840
6.058		2.9904		0.0000		875.245		3.680		15.145		14.952154		35.880
6.058		2.9941		0.0000		875.241		3.684		15.145		14.970743		35.920
6.062		2.9981		0.0000		875.237		3.688		15.155		14.990710		35.960
6.070		3.0013		0.0000		875.234		3.691		15.175		15.006546		36.000
6.074		3.0045		0.0000		875.231		3.694		15.185		15.022382		36.040
6.070		3.0076		0.0000		875.228		3.697		15.175		15.038218		36.080
6.068		3.0108		0.0000		875.224		3.700		15.170		15.054052		36.120
6.066		3.0140		0.0000		875.221		3.704		15.165		15.069887		36.160
6.064		3.0171		0.0000		875.218		3.707		15.160		15.085724		36.200
6.060		3.0204		0.0000		875.215		3.710		15.150		15.102247		36.240
6.058		3.0238		0.0000		875.211		3.713		15.145		15.118772		36.280
6.056		3.0275		0.0000		875.208		3.717		15.140		15.137362		36.320
6.058		3.0312		0.0000		875.204		3.721		15.145		15.155951		36.360
6.064		3.0348		0.0000		875.200		3.724		15.160		15.173851		36.400
6.070		3.0379		0.0000		875.197		3.728		15.175		15.189687		36.440
6.068		3.0410		0.0000		875.194		3.731		15.170		15.204834		36.480
6.066		3.0443		0.0000		875.191		3.734		15.165		15.221357		36.520
6.062		3.0474		0.0000		875.188		3.737		15.155		15.237193		36.560
6.060		3.0506		0.0000		875.185		3.740		15.150		15.253029		36.600
6.056		3.0538		0.0000		875.181		3.743		15.140		15.268865		36.640
6.054		3.0571		0.0000		875.178		3.747		15.135		15.285388		36.680
6.050		3.0605		0.0000		875.175		3.750		15.125		15.302601		36.720
6.052		3.0645		0.0000		875.171		3.754		15.130		15.322567		36.760
6.056		3.0681		0.0000		875.167		3.758		15.140		15.340469		36.800
6.064		3.0713		0.0000		875.164		3.761		15.160		15.356303		36.840
6.064		3.0744		0.0000		875.161		3.764		15.160		15.372139		36.880
6.060		3.0776		0.0000		875.158		3.767		15.150		15.387975		36.920
6.058		3.0808		0.0000		875.154		3.770		15.145		15.403811		36.960
6.054		3.0839		0.0000		875.151		3.774		15.135		15.419645		37.000
6.052		3.0872		0.0000		875.148		3.777		15.130		15.436171		37.040
6.050		3.0905		0.0000		875.145		3.780		15.125		15.452694		37.080
6.048		3.0938		0.0000		875.141		3.783		15.120		15.469217		37.120
6.046		3.0977		0.0000		875.138		3.787		15.115		15.488496		37.160
6.050		3.1014		0.0000		875.134		3.791		15.125		15.507086		37.200
6.056		3.1047		0.0000		875.130		3.794		15.140		15.523609		37.240
6.060		3.1079		0.0000		875.127		3.797		15.150		15.539445		37.280
6.058		3.1111		0.0000		875.124		3.801		15.145		15.555281		37.320
6.054		3.1142		0.0000		875.121		3.804		15.135		15.571116		37.360
6.050		3.1174		0.0000		875.118		3.807		15.125		15.586950		37.400
6.048		3.1207		0.0000		875.115		3.810		15.120		15.603476		37.440
6.046		3.1239		0.0000		875.111		3.813		15.115		15.619311		37.480
6.044		3.1270		0.0000		875.108		3.817		15.110		15.635146		37.520
6.040		3.1307		0.0000		875.104		3.820		15.100		15.653735		37.560
6.042		3.1347		0.0000		875.100		3.824		15.105		15.673702		37.600
6.048		3.1382		0.0000		875.097		3.828		15.120		15.690914		37.640
6.054		3.1412		0.0000		875.094		3.831		15.135		15.706062		37.680
6.052		3.1444		0.0000		875.091		3.834		15.130		15.721897		37.720
6.048		3.1477		0.0000		875.088		3.837		15.120		15.738421		37.760
6.044		3.1509		0.0000		875.084		3.840		15.110		15.754256		37.800
6.042		3.1540		0.0000		875.081		3.844		15.105		15.770092		37.840
6.038		3.1572		0.0000		875.078		3.847		15.095		15.785928		37.880
6.034		3.1605		0.0000		875.075		3.850		15.085		15.802451		37.920
6.032		3.1641		0.0000		875.071		3.854		15.080		15.820353		37.960
6.032		3.1679		0.0000		875.067		3.858		15.080		15.839630		38.000
6.036		3.1715		0.0000		875.064		3.861		15.090		15.857533		38.040
6.042		3.1747		0.0000		875.061		3.864		15.105		15.873367		38.080
6.042		3.1778		0.0000		875.057		3.867		15.105		15.889202		38.120
6.038		3.1811		0.0000		875.054		3.871		15.095		15.905727		38.160
6.036		3.1842		0.0000		875.051		3.874		15.090		15.920874		38.200
6.034		3.1873		0.0000		875.048		3.877		15.085		15.936709		38.240
6.030		3.1906		0.0000		875.045		3.880		15.075		15.953234		38.280
6.028		3.1938		0.0000		875.041		3.883		15.070		15.969069		38.320
6.024		3.1974		0.0000		875.038		3.887		15.060		15.986969		38.360
6.024		3.2011		0.0000		875.034		3.891		15.060		16.005558		38.400
6.028		3.2048		0.0000		875.030		3.894		15.070		16.024149		38.440
6.034		3.2081		0.0000		875.027		3.898		15.085		16.040672		38.480
6.038		3.2112		0.0000		875.024		3.901		15.095		16.055820		38.521
6.036		3.2145		0.0000		875.021		3.904		15.090		16.072344		38.561
6.032		3.2176		0.0000		875.018		3.907		15.080		16.088179		38.601
6.030		3.2208		0.0000		875.014		3.910		15.075		16.104015		38.641
6.028		3.2240		0.0000		875.011		3.914		15.070		16.119850		38.681
6.024		3.2271		0.0000		875.008		3.917		15.060		16.135685		38.721
6.022		3.2306		0.0000		875.005		3.920		15.055		16.152899		38.761
6.020		3.2342		0.0000		875.001		3.924		15.050		16.170799		38.801
6.020		3.2380		0.0000		874.997		3.928		15.050		16.190077		38.841
6.026		3.2415		0.0000		874.994		3.931		15.065		16.207291		38.881
6.030		3.2446		0.0000		874.991		3.934		15.075		16.223125		38.921
6.028		3.2479		0.0000		874.987		3.938		15.070		16.239649		38.961
6.024		3.2510		0.0000		874.984		3.941		15.060		16.254795		39.001
6.018		3.2543		0.0000		874.981		3.944		15.045		16.271320		39.041
6.016		3.2574		0.0000		874.978		3.947		15.040		16.287157		39.081
6.012		3.2606		0.0000		874.975		3.950		15.030		16.302990		39.121
6.008		3.2638		0.0000		874.971		3.953		15.020		16.318827		39.161
6.004		3.2675		0.0000		874.968		3.957		15.010		16.337416		39.201
6.004		3.2713		0.0000		874.964		3.961		15.010		16.356695		39.241
6.008		3.2751		0.0000		874.960		3.965		15.020		16.375284		39.281
6.012		3.2779		0.0000		874.957		3.968		15.030		16.389742		39.321
6.012		3.2813		0.0000		874.954		3.971		15.030		16.406267		39.361
6.006		3.2844		0.0000		874.951		3.974		15.015		16.422102		39.401
6.002		3.2877		0.0000		874.947		3.977		15.005		16.438625		39.441
6.000		3.2909		0.0000		874.944		3.980		15.000		16.454462		39.481
5.996		3.2941		0.0000		874.941		3.984		14.990		16.470297		39.521
5.992		3.2974		0.0000		874.938		3.987		14.980		16.486820		39.561
5.990		3.3007		0.0000		874.935		3.990		14.975		16.503345		39.601
5.988		3.3045		0.0000		874.931		3.994		14.970		16.522623		39.641
5.990		3.3082		0.0000		874.927		3.998		14.975		16.541212		39.681
5.996		3.3115		0.0000		874.924		4.001		14.990		16.557735		39.721
5.998		3.3147		0.0000		874.920		4.004		14.995		16.573570		39.761
5.994		3.3179		0.0000		874.917		4.007		14.985		16.589407		39.801
5.990		3.3210		0.0000		874.914		4.011		14.975		16.605242		39.841
5.986		3.3242		0.0000		874.911		4.014		14.965		16.621078		39.881
5.982		3.3275		0.0000		874.908		4.017		14.955		16.637604		39.921
5.978		3.3307		0.0000		874.905		4.020		14.945		16.653439		39.961
5.974		3.3339		0.0000		874.901		4.023		14.935		16.669271		40.001
5.970		3.3377		0.0000		874.898		4.027		14.925		16.688551		40.041
5.970		3.3416		0.0000		874.894		4.031		14.925		16.707829		40.081
5.976		3.3450		0.0000		874.890		4.035		14.940		16.725040		40.121
5.978		3.3480		0.0000		874.887		4.038		14.945		16.740191		40.161
5.974		3.3512		0.0000		874.884		4.041		14.935		16.756023		40.201
5.968		3.3545		0.0000		874.881		4.044		14.920		16.772549		40.241
5.966		3.3577		0.0000		874.878		4.047		14.915		16.788383		40.281
5.962		3.3608		0.0000		874.874		4.050		14.905		16.804220		40.321
5.958		3.3640		0.0000		874.871		4.054		14.895		16.820055		40.361
5.954		3.3673		0.0000		874.868		4.057		14.885		16.836578		40.401
5.952		3.3709		0.0000		874.864		4.060		14.880		16.854481		40.441
5.950		3.3748		0.0000		874.860		4.064		14.875		16.873756		40.481
5.954		3.3782		0.0000		874.857		4.068		14.885		16.890970		40.521
5.958		3.3815		0.0000		874.854		4.071		14.895		16.907495		40.561
5.958		3.3847		0.0000		874.851		4.074		14.895		16.923328		40.601
5.952		3.3878		0.0000		874.847		4.077		14.880		16.939165		40.641
5.948		3.3911		0.0000		874.844		4.081		14.870		16.955688		40.681
5.944		3.3943		0.0000		874.841		4.084		14.860		16.971525		40.721
5.942		3.3975		0.0000		874.838		4.087		14.855		16.987360		40.761
5.938		3.4006		0.0000		874.835		4.090		14.845		17.003197		40.801
5.936		3.4041		0.0000		874.831		4.094		14.840		17.020409		40.841
5.934		3.4079		0.0000		874.827		4.098		14.835		17.039686		40.881
5.938		3.4118		0.0000		874.823		4.101		14.845		17.058966		40.921
5.944		3.4150		0.0000		874.820		4.105		14.860		17.074800		40.961
5.946		3.4181		0.0000		874.817		4.108		14.865		17.090637		41.001
5.942		3.4213		0.0000		874.814		4.111		14.855		17.106470		41.041
5.936		3.4245		0.0000		874.811		4.114		14.840		17.122305		41.081
5.934		3.4276		0.0000		874.808		4.117		14.835		17.138142		41.121
5.930		3.4309		0.0000		874.804		4.121		14.825		17.154667		41.161
5.926		3.4340		0.0000		874.801		4.124		14.815		17.169813		41.201
5.922		3.4373		0.0000		874.798		4.127		14.805		17.186338		41.241
5.920		3.4411		0.0000		874.794		4.131		14.800		17.205614		41.281
5.922		3.4450		0.0000		874.790		4.135		14.805		17.224892		41.321
5.928		3.4483		0.0000		874.787		4.138		14.820		17.241417		41.361
5.932		3.4516		0.0000		874.784		4.141		14.830		17.257942		41.401
5.930		3.4546		0.0000		874.781		4.144		14.825		17.273088		41.441
5.926		3.4578		0.0000		874.777		4.147		14.815		17.288925		41.481
5.922		3.4610		0.0000		874.774		4.151		14.805		17.304758		41.521
5.918		3.4643		0.0000		874.771		4.154		14.795		17.321283		41.561
5.916		3.4674		0.0000		874.768		4.157		14.790		17.337118		41.601
5.912		3.4706		0.0000		874.765		4.160		14.780		17.352955		41.641
5.908		3.4744		0.0000		874.761		4.164		14.770		17.372232		41.681
5.908		3.4783		0.0000		874.757		4.168		14.770		17.391508		41.721
5.914		3.4816		0.0000		874.754		4.171		14.785		17.408033		41.761
5.918		3.4848		0.0000		874.750		4.174		14.795		17.423870		41.801
5.918		3.4881		0.0000		874.747		4.178		14.795		17.440393		41.841
5.914		3.4912		0.0000		874.744		4.181		14.785		17.456230		41.881
5.910		3.4946		0.0000		874.741		4.184		14.775		17.472752		41.921
5.908		3.4976		0.0000		874.738		4.187		14.770		17.487900		41.961
5.906		3.5007		0.0000		874.734		4.190		14.765		17.503735		42.001
5.904		3.5041		0.0000		874.731		4.194		14.760		17.520260		42.041
5.902		3.5075		0.0000		874.728		4.197		14.755		17.537472		42.081
5.900		3.5113		0.0000		874.724		4.201		14.750		17.556749		42.121
5.904		3.5151		0.0000		874.720		4.205		14.760		17.575338		42.161
5.908		3.5182		0.0000		874.717		4.208		14.770		17.591175		42.201
5.910		3.5215		0.0000		874.714		4.211		14.775		17.607700		42.241
5.906		3.5247		0.0000		874.711		4.214		14.765		17.623535		42.281
5.902		3.5279		0.0000		874.707		4.217		14.755		17.639368		42.321
5.898		3.5310		0.0000		874.704		4.221		14.745		17.655205		42.361
5.896		3.5342		0.0000		874.701		4.224		14.740		17.671040		42.401
5.892		3.5374		0.0000		874.698		4.227		14.730		17.686876		42.441
5.888		3.5407		0.0000		874.695		4.230		14.720		17.703402		42.481
5.886		3.5445		0.0000		874.691		4.234		14.715		17.722679		42.521
5.888		3.5484		0.0000		874.687		4.238		14.720		17.741955		42.561
5.892		3.5518		0.0000		874.683		4.241		14.730		17.759169		42.601
5.894		3.5549		0.0000		874.680		4.244		14.735		17.774317		42.641
5.890		3.5580		0.0000		874.677		4.248		14.725		17.790152		42.681
5.886		3.5612		0.0000		874.674		4.251		14.715		17.805988		42.721
5.882		3.5645		0.0000		874.671		4.254		14.705		17.822510		42.761
5.878		3.5675		0.0000		874.668		4.257		14.695		17.837656		42.801
5.876		3.5708		0.0000		874.664		4.260		14.690		17.854181		42.841
5.872		3.5740		0.0000		874.661		4.264		14.680		17.870018		42.881
5.868		3.5776		0.0000		874.658		4.267		14.670		17.887918		42.921
5.868		3.5816		0.0000		874.654		4.271		14.670		17.907885		42.961
5.874		3.5850		0.0000		874.650		4.275		14.685		17.925097		43.001
5.878		3.5882		0.0000		874.647		4.278		14.695		17.940933		43.041
5.876		3.5914		0.0000		874.644		4.281		14.690		17.956768		43.081
5.872		3.5947		0.0000		874.641		4.284		14.680		17.973293		43.121
5.870		3.5980		0.0000		874.637		4.288		14.675		17.989815		43.161
5.866		3.6010		0.0000		874.634		4.291		14.665		18.004963		43.201
5.864		3.6042		0.0000		874.631		4.294		14.660		18.020798		43.241
5.860		3.6073		0.0000		874.628		4.297		14.650		18.036634		43.281
5.856		3.6109		0.0000		874.624		4.301		14.640		18.054535		43.321
5.856		3.6148		0.0000		874.620		4.304		14.640		18.073812		43.361
5.860		3.6185		0.0000		874.617		4.308		14.650		18.092402		43.401
5.866		3.6216		0.0000		874.614		4.311		14.665		18.108238		43.441
5.866		3.6248		0.0000		874.610		4.314		14.665		18.124073		43.481
5.862		3.6281		0.0000		874.607		4.318		14.655		18.140598		43.521
5.858		3.6313		0.0000		874.604		4.321		14.645		18.156435		43.561
5.854		3.6345		0.0000		874.601		4.324		14.635		18.172268		43.601
5.852		3.6376		0.0000		874.598		4.327		14.630		18.188103		43.641
5.848		3.6409		0.0000		874.594		4.331		14.620		18.204628		43.681
5.844		3.6442		0.0000		874.591		4.334		14.610		18.221153		43.721
5.842		3.6481		0.0000		874.587		4.338		14.605		18.240429		43.761
5.844		3.6518		0.0000		874.583		4.341		14.610		18.259018		43.801
5.850		3.6551		0.0000		874.580		4.345		14.625		18.275543		43.841
5.852		3.6583		0.0000		874.577		4.348		14.630		18.291380		43.881
5.850		3.6614		0.0000		874.574		4.351		14.625		18.307215		43.921
5.846		3.6647		0.0000		874.570		4.354		14.615		18.323740		43.961
5.842		3.6679		0.0000		874.567		4.358		14.605		18.339573		44.001
5.840		3.6709		0.0000		874.564		4.361		14.600		18.354723		44.041
5.836		3.6742		0.0000		874.561		4.364		14.590		18.371244		44.081
5.834		3.6776		0.0000		874.558		4.367		14.585		18.387770		44.121
5.830		3.6813		0.0000		874.554		4.371		14.575		18.406359		44.161
5.830		3.6851		0.0000		874.550		4.375		14.575		18.425638		44.201
5.836		3.6886		0.0000		874.547		4.378		14.590		18.442848		44.241
5.840		3.6916		0.0000		874.544		4.381		14.600		18.457996		44.281
5.838		3.6949		0.0000		874.540		4.385		14.595		18.474520		44.321
5.834		3.6981		0.0000		874.537		4.388		14.585		18.490356		44.361
5.830		3.7012		0.0000		874.534		4.391		14.575		18.506191		44.401
5.828		3.7045		0.0000		874.531		4.394		14.570		18.522715		44.441
5.824		3.7076		0.0000		874.528		4.397		14.560		18.537863		44.481
5.820		3.7107		0.0000		874.524		4.400		14.550		18.553698		44.521
5.818		3.7145		0.0000		874.521		4.404		14.545		18.572287		44.561
5.816		3.7183		0.0000		874.517		4.408		14.540		18.591564		44.601
5.820		3.7219		0.0000		874.513		4.411		14.550		18.609465		44.641
5.826		3.7251		0.0000		874.510		4.415		14.565		18.625301		44.681
5.826		3.7284		0.0000		874.507		4.418		14.565		18.641827		44.721
5.822		3.7314		0.0000		874.504		4.421		14.555		18.656973		44.761
5.818		3.7347		0.0000		874.500		4.424		14.545		18.673498		44.801
5.814		3.7379		0.0000		874.497		4.427		14.535		18.689333		44.841
5.812		3.7410		0.0000		874.494		4.431		14.530		18.705170		44.881
5.808		3.7442		0.0000		874.491		4.434		14.520		18.721003		44.921
5.804		3.7476		0.0000		874.488		4.437		14.510		18.738216		44.961
5.804		3.7515		0.0000		874.484		4.441		14.510		18.757494		45.001
5.806		3.7552		0.0000		874.480		4.445		14.515		18.776085		45.041
5.812		3.7585		0.0000		874.477		4.448		14.530		18.792606		45.081
5.816		3.7616		0.0000		874.474		4.451		14.540		18.807753		45.121
5.812		3.7649		0.0000		874.470		4.454		14.530		18.824278		45.161
5.808		3.7682		0.0000		874.467		4.458		14.520		18.840803		45.201
5.806		3.7713		0.0000		874.464		4.461		14.515		18.856638		45.241
5.804		3.7745		0.0000		874.461		4.464		14.510		18.872475		45.281
5.800		3.7775		0.0000		874.458		4.467		14.500		18.887621		45.321
5.796		3.7810		0.0000		874.454		4.471		14.490		18.904833		45.361
5.794		3.7847		0.0000		874.451		4.474		14.485		18.923422		45.401
5.794		3.7884		0.0000		874.447		4.478		14.485		18.942011		45.441
5.798		3.7918		0.0000		874.443		4.481		14.495		18.959225		45.481
5.802		3.7950		0.0000		874.440		4.485		14.505		18.975060		45.521
5.802		3.7983		0.0000		874.437		4.488		14.505		18.991583		45.561
5.798		3.8015		0.0000		874.434		4.491		14.495		19.007420		45.601
5.794		3.8047		0.0000		874.431		4.494		14.485		19.023254		45.641
5.792		3.8078		0.0000		874.427		4.497		14.480		19.039091		45.681
5.788		3.8110		0.0000		874.424		4.501		14.470		19.054926		45.721
5.784		3.8142		0.0000		874.421		4.504		14.460		19.070763		45.761
5.782		3.8177		0.0000		874.417		4.507		14.455		19.088663		45.801
5.780		3.8217		0.0000		874.413		4.511		14.450		19.108627		45.841
5.784		3.8253		0.0000		874.410		4.515		14.460		19.126532		45.881
5.790		3.8285		0.0000		874.407		4.518		14.475		19.142365		45.921
5.788		3.8316		0.0000		874.404		4.521		14.470		19.158199		45.961
5.784		3.8349		0.0000		874.400		4.525		14.460		19.174725		46.001
5.778		3.8380		0.0000		874.397		4.528		14.445		19.189871		46.041
5.776		3.8413		0.0000		874.394		4.531		14.440		19.206396		46.081
5.772		3.8444		0.0000		874.391		4.534		14.430		19.222233		46.121
