数据量:1301
试验力		变形		扩展变形		位置		位移		应力		应变		时间
0.010		0.0006		0.0000		878.216		1.052		0.025		0.002754		0.040
0.012		0.0037		0.0000		878.213		1.055		0.030		0.018589		0.080
0.012		0.0069		0.0000		878.210		1.058		0.030		0.034425		0.120
0.014		0.0102		0.0000		878.207		1.061		0.035		0.050949		0.160
0.016		0.0139		0.0000		878.203		1.065		0.040		0.069538		0.200
0.018		0.0178		0.0000		878.199		1.069		0.045		0.088816		0.240
0.020		0.0211		0.0000		878.196		1.072		0.050		0.105340		0.280
0.022		0.0242		0.0000		878.193		1.075		0.055		0.121176		0.320
0.024		0.0274		0.0000		878.189		1.079		0.060		0.137011		0.360
0.026		0.0307		0.0000		878.186		1.082		0.065		0.153536		0.400
0.030		0.0340		0.0000		878.183		1.085		0.075		0.170059		0.440
0.032		0.0372		0.0000		878.180		1.088		0.080		0.185895		0.480
0.036		0.0403		0.0000		878.176		1.092		0.090		0.201730		0.520
0.040		0.0437		0.0000		878.173		1.095		0.100		0.218254		0.560
0.042		0.0471		0.0000		878.170		1.098		0.105		0.235467		0.600
0.046		0.0508		0.0000		878.166		1.102		0.115		0.254056		0.640
0.052		0.0544		0.0000		878.162		1.106		0.130		0.271958		0.680
0.056		0.0577		0.0000		878.159		1.109		0.140		0.288482		0.720
0.062		0.0609		0.0000		878.156		1.112		0.155		0.304317		0.760
0.066		0.0640		0.0000		878.153		1.115		0.165		0.320153		0.800
0.072		0.0673		0.0000		878.149		1.119		0.180		0.336676		0.840
0.078		0.0705		0.0000		878.146		1.122		0.195		0.352512		0.880
0.084		0.0738		0.0000		878.143		1.125		0.210		0.369036		0.920
0.090		0.0770		0.0000		878.140		1.128		0.225		0.384871		0.960
0.098		0.0804		0.0000		878.136		1.132		0.245		0.402084		1.000
0.104		0.0840		0.0000		878.133		1.135		0.260		0.419985		1.040
0.114		0.0877		0.0000		878.129		1.139		0.285		0.438575		1.080
0.122		0.0910		0.0000		878.126		1.142		0.305		0.455098		1.120
0.130		0.0943		0.0000		878.122		1.146		0.325		0.471622		1.160
0.138		0.0975		0.0000		878.119		1.149		0.345		0.487458		1.200
0.146		0.1007		0.0000		878.116		1.152		0.365		0.503293		1.240
0.156		0.1038		0.0000		878.113		1.155		0.390		0.519129		1.280
0.164		0.1071		0.0000		878.110		1.158		0.410		0.535653		1.320
0.172		0.1104		0.0000		878.106		1.162		0.430		0.552177		1.360
0.182		0.1137		0.0000		878.103		1.165		0.455		0.568701		1.400
0.192		0.1175		0.0000		878.099		1.169		0.480		0.587291		1.440
0.202		0.1209		0.0000		878.096		1.172		0.505		0.604503		1.480
0.214		0.1243		0.0000		878.092		1.176		0.535		0.621715		1.520
0.226		0.1276		0.0000		878.089		1.179		0.565		0.638239		1.560
0.236		0.1310		0.0000		878.086		1.182		0.590		0.654764		1.600
0.246		0.1341		0.0000		878.083		1.185		0.615		0.670599		1.640
0.258		0.1374		0.0000		878.079		1.189		0.645		0.687123		1.680
0.268		0.1406		0.0000		878.076		1.192		0.670		0.702959		1.720
0.278		0.1438		0.0000		878.073		1.195		0.695		0.718794		1.760
0.290		0.1469		0.0000		878.070		1.198		0.725		0.734630		1.800
0.300		0.1506		0.0000		878.066		1.202		0.750		0.753219		1.840
0.312		0.1544		0.0000		878.062		1.206		0.780		0.771809		1.880
0.326		0.1578		0.0000		878.059		1.209		0.815		0.789021		1.920
0.338		0.1610		0.0000		878.056		1.212		0.845		0.804856		1.960
0.348		0.1641		0.0000		878.053		1.215		0.870		0.820692		2.000
0.358		0.1676		0.0000		878.049		1.219		0.895		0.837904		2.040
0.370		0.1706		0.0000		878.046		1.222		0.925		0.853052		2.080
0.382		0.1739		0.0000		878.043		1.225		0.955		0.869575		2.120
0.394		0.1772		0.0000		878.040		1.228		0.985		0.886099		2.160
0.408		0.1805		0.0000		878.036		1.232		1.020		0.902624		2.200
0.424		0.1838		0.0000		878.033		1.235		1.060		0.919148		2.240
0.440		0.1874		0.0000		878.029		1.239		1.100		0.937048		2.280
0.456		0.1911		0.0000		878.026		1.242		1.140		0.955638		2.320
0.472		0.1944		0.0000		878.022		1.246		1.180		0.972162		2.360
0.488		0.1977		0.0000		878.019		1.249		1.220		0.988686		2.400
0.504		0.2009		0.0000		878.016		1.252		1.260		1.004521		2.440
0.518		0.2041		0.0000		878.013		1.255		1.295		1.020357		2.480
0.534		0.2074		0.0000		878.009		1.259		1.335		1.036881		2.520
0.548		0.2105		0.0000		878.006		1.262		1.370		1.052716		2.560
0.564		0.2137		0.0000		878.003		1.265		1.410		1.068552		2.600
0.580		0.2172		0.0000		878.000		1.268		1.450		1.085764		2.640
0.596		0.2207		0.0000		877.996		1.272		1.490		1.103665		2.680
0.614		0.2245		0.0000		877.992		1.276		1.535		1.122255		2.720
0.630		0.2279		0.0000		877.989		1.279		1.575		1.139467		2.760
0.644		0.2311		0.0000		877.986		1.282		1.610		1.155303		2.800
0.656		0.2342		0.0000		877.983		1.285		1.640		1.171138		2.840
0.670		0.2375		0.0000		877.979		1.289		1.675		1.187662		2.880
0.684		0.2407		0.0000		877.976		1.292		1.710		1.203498		2.920
0.698		0.2440		0.0000		877.973		1.295		1.745		1.220022		2.960
0.714		0.2472		0.0000		877.970		1.298		1.785		1.235858		3.000
0.730		0.2505		0.0000		877.966		1.302		1.825		1.252381		3.040
0.746		0.2541		0.0000		877.963		1.305		1.865		1.270282		3.080
0.764		0.2578		0.0000		877.959		1.309		1.910		1.288872		3.120
0.782		0.2612		0.0000		877.956		1.312		1.955		1.306084		3.160
0.802		0.2645		0.0000		877.952		1.316		2.005		1.322609		3.200
0.818		0.2676		0.0000		877.949		1.319		2.045		1.337755		3.240
0.836		0.2710		0.0000		877.946		1.322		2.090		1.354968		3.280
0.852		0.2742		0.0000		877.943		1.325		2.130		1.370804		3.320
0.868		0.2773		0.0000		877.939		1.329		2.170		1.386639		3.360
0.886		0.2805		0.0000		877.936		1.332		2.215		1.402475		3.400
0.904		0.2838		0.0000		877.933		1.335		2.260		1.418998		3.440
0.922		0.2872		0.0000		877.930		1.338		2.305		1.436211		3.480
0.942		0.2908		0.0000		877.926		1.342		2.355		1.454112		3.520
0.964		0.2947		0.0000		877.922		1.346		2.410		1.473390		3.560
0.986		0.2978		0.0000		877.919		1.349		2.465		1.489226		3.600
1.006		0.3011		0.0000		877.916		1.352		2.515		1.505749		3.640
1.026		0.3042		0.0000		877.913		1.355		2.565		1.520897		3.680
1.044		0.3075		0.0000		877.909		1.359		2.610		1.537420		3.720
1.064		0.3107		0.0000		877.906		1.362		2.660		1.553256		3.760
1.084		0.3140		0.0000		877.903		1.365		2.710		1.569780		3.800
1.104		0.3173		0.0000		877.899		1.368		2.760		1.586304		3.840
1.124		0.3206		0.0000		877.896		1.372		2.810		1.602828		3.880
1.144		0.3241		0.0000		877.893		1.375		2.860		1.620729		3.920
1.166		0.3279		0.0000		877.889		1.379		2.915		1.639318		3.960
1.192		0.3312		0.0000		877.886		1.382		2.980		1.655843		4.000
1.216		0.3343		0.0000		877.882		1.386		3.040		1.671678		4.040
1.238		0.3376		0.0000		877.879		1.389		3.095		1.688202		4.080
1.262		0.3409		0.0000		877.876		1.392		3.155		1.704726		4.120
1.284		0.3441		0.0000		877.873		1.395		3.210		1.720561		4.160
1.308		0.3474		0.0000		877.869		1.399		3.270		1.737086		4.200
1.332		0.3506		0.0000		877.866		1.402		3.330		1.752921		4.240
1.354		0.3539		0.0000		877.863		1.405		3.385		1.769445		4.280
1.378		0.3575		0.0000		877.859		1.409		3.445		1.787346		4.320
1.404		0.3612		0.0000		877.856		1.412		3.510		1.805936		4.360
1.432		0.3646		0.0000		877.852		1.416		3.580		1.823148		4.400
1.460		0.3678		0.0000		877.849		1.419		3.650		1.838983		4.440
1.486		0.3711		0.0000		877.846		1.422		3.715		1.855507		4.480
1.510		0.3741		0.0000		877.843		1.425		3.775		1.870654		4.520
1.536		0.3774		0.0000		877.839		1.429		3.840		1.887178		4.560
1.560		0.3807		0.0000		877.836		1.432		3.900		1.903703		4.600
1.586		0.3839		0.0000		877.833		1.435		3.965		1.919538		4.640
1.612		0.3872		0.0000		877.830		1.438		4.030		1.936062		4.680
1.636		0.3907		0.0000		877.826		1.442		4.090		1.953275		4.720
1.662		0.3942		0.0000		877.823		1.445		4.155		1.971176		4.760
1.690		0.3980		0.0000		877.819		1.449		4.225		1.989765		4.800
1.718		0.4013		0.0000		877.815		1.452		4.295		2.006289		4.840
1.744		0.4046		0.0000		877.812		1.456		4.360		2.022813		4.880
1.770		0.4076		0.0000		877.809		1.459		4.425		2.037960		4.920
1.794		0.4110		0.0000		877.806		1.462		4.485		2.055172		4.960
1.818		0.4142		0.0000		877.803		1.465		4.545		2.071008		5.000
1.844		0.4174		0.0000		877.799		1.469		4.610		2.086843		5.040
1.868		0.4205		0.0000		877.796		1.472		4.670		2.102679		5.080
1.892		0.4240		0.0000		877.793		1.475		4.730		2.119892		5.120
1.918		0.4277		0.0000		877.789		1.479		4.795		2.138481		5.160
1.948		0.4313		0.0000		877.785		1.482		4.870		2.156382		5.200
1.978		0.4347		0.0000		877.782		1.486		4.945		2.173594		5.240
2.006		0.4379		0.0000		877.779		1.489		5.015		2.189430		5.280
2.030		0.4411		0.0000		877.776		1.492		5.075		2.205265		5.320
2.054		0.4444		0.0000		877.772		1.496		5.135		2.221789		5.360
2.080		0.4475		0.0000		877.769		1.499		5.200		2.237625		5.400
2.106		0.4507		0.0000		877.766		1.502		5.265		2.253460		5.440
2.130		0.4539		0.0000		877.763		1.505		5.325		2.269296		5.480
2.156		0.4573		0.0000		877.759		1.509		5.390		2.286509		5.520
2.182		0.4609		0.0000		877.756		1.512		5.455		2.304409		5.560
2.210		0.4645		0.0000		877.752		1.516		5.525		2.322310		5.600
2.240		0.4682		0.0000		877.749		1.519		5.600		2.340900		5.640
2.270		0.4713		0.0000		877.745		1.523		5.675		2.356735		5.680
2.296		0.4744		0.0000		877.742		1.526		5.740		2.371882		5.720
2.322		0.4777		0.0000		877.739		1.529		5.805		2.388406		5.760
2.348		0.4810		0.0000		877.736		1.532		5.870		2.404931		5.800
2.374		0.4842		0.0000		877.733		1.535		5.935		2.420766		5.840
2.398		0.4873		0.0000		877.729		1.539		5.995		2.436602		5.880
2.424		0.4906		0.0000		877.726		1.542		6.060		2.453126		5.920
2.450		0.4941		0.0000		877.723		1.545		6.125		2.470338		5.960
2.476		0.4978		0.0000		877.719		1.549		6.190		2.488927		6.000
2.506		0.5015		0.0000		877.715		1.553		6.265		2.507517		6.040
2.536		0.5048		0.0000		877.712		1.556		6.340		2.524041		6.080
2.564		0.5078		0.0000		877.709		1.559		6.410		2.539188		6.120
2.588		0.5110		0.0000		877.706		1.562		6.470		2.555023		6.160
2.612		0.5143		0.0000		877.702		1.566		6.530		2.571548		6.200
2.638		0.5176		0.0000		877.699		1.569		6.595		2.588071		6.240
2.664		0.5208		0.0000		877.696		1.572		6.660		2.603907		6.280
2.690		0.5239		0.0000		877.693		1.575		6.725		2.619742		6.320
2.714		0.5273		0.0000		877.690		1.578		6.785		2.636266		6.360
2.740		0.5311		0.0000		877.686		1.582		6.850		2.655544		6.400
2.770		0.5348		0.0000		877.682		1.586		6.925		2.674134		6.440
2.800		0.5380		0.0000		877.679		1.589		7.000		2.689970		6.480
2.828		0.5413		0.0000		877.675		1.593		7.070		2.706494		6.520
2.852		0.5445		0.0000		877.672		1.596		7.130		2.722329		6.560
2.876		0.5478		0.0000		877.669		1.599		7.190		2.738853		6.600
2.900		0.5509		0.0000		877.666		1.602		7.250		2.754688		6.640
2.924		0.5541		0.0000		877.663		1.605		7.310		2.770524		6.680
2.948		0.5573		0.0000		877.659		1.608		7.370		2.786359		6.720
2.972		0.5606		0.0000		877.656		1.612		7.430		2.802883		6.760
2.998		0.5642		0.0000		877.653		1.615		7.495		2.820785		6.800
3.024		0.5680		0.0000		877.649		1.619		7.560		2.840062		6.840
3.054		0.5716		0.0000		877.645		1.623		7.635		2.857964		6.880
3.082		0.5746		0.0000		877.642		1.626		7.705		2.873110		6.920
3.106		0.5778		0.0000		877.639		1.629		7.765		2.888946		6.960
3.128		0.5811		0.0000		877.636		1.632		7.820		2.905470		7.000
3.152		0.5843		0.0000		877.633		1.635		7.880		2.921305		7.040
3.174		0.5876		0.0000		877.629		1.639		7.935		2.937829		7.080
3.198		0.5907		0.0000		877.626		1.642		7.995		2.953665		7.120
3.220		0.5939		0.0000		877.623		1.645		8.050		2.969501		7.160
3.242		0.5975		0.0000		877.619		1.649		8.105		2.987401		7.200
3.268		0.6011		0.0000		877.616		1.652		8.170		3.005302		7.240
3.296		0.6049		0.0000		877.612		1.656		8.240		3.024580		7.280
3.322		0.6081		0.0000		877.609		1.659		8.305		3.040416		7.320
3.348		0.6113		0.0000		877.605		1.662		8.370		3.056252		7.360
3.370		0.6146		0.0000		877.602		1.666		8.425		3.072776		7.400
3.392		0.6177		0.0000		877.599		1.669		8.480		3.088611		7.440
3.414		0.6209		0.0000		877.596		1.672		8.535		3.104446		7.480
3.436		0.6241		0.0000		877.593		1.675		8.590		3.120282		7.520
3.458		0.6274		0.0000		877.589		1.679		8.645		3.136806		7.560
3.480		0.6308		0.0000		877.586		1.682		8.700		3.154018		7.600
3.502		0.6344		0.0000		877.582		1.686		8.755		3.171920		7.640
3.528		0.6381		0.0000		877.579		1.689		8.820		3.190509		7.680
3.554		0.6415		0.0000		877.575		1.693		8.885		3.207722		7.720
3.580		0.6447		0.0000		877.572		1.696		8.950		3.223557		7.760
3.600		0.6479		0.0000		877.569		1.699		9.000		3.239393		7.800
3.620		0.6512		0.0000		877.566		1.702		9.050		3.255916		7.840
3.642		0.6544		0.0000		877.562		1.706		9.105		3.271752		7.880
3.662		0.6575		0.0000		877.559		1.709		9.155		3.287587		7.920
3.684		0.6607		0.0000		877.556		1.712		9.210		3.303423		7.960
3.704		0.6640		0.0000		877.553		1.715		9.260		3.319947		8.000
3.726		0.6676		0.0000		877.549		1.719		9.315		3.337848		8.040
3.748		0.6714		0.0000		877.545		1.723		9.370		3.357126		8.080
3.774		0.6749		0.0000		877.542		1.726		9.435		3.374338		8.120
3.798		0.6782		0.0000		877.539		1.729		9.495		3.390862		8.160
3.818		0.6813		0.0000		877.535		1.733		9.545		3.406698		8.200
3.836		0.6845		0.0000		877.532		1.736		9.590		3.422533		8.240
3.856		0.6878		0.0000		877.529		1.739		9.640		3.439057		8.280
3.874		0.6908		0.0000		877.526		1.742		9.685		3.454204		8.320
3.892		0.6941		0.0000		877.523		1.745		9.730		3.470728		8.360
3.910		0.6973		0.0000		877.519		1.749		9.775		3.486564		8.400
3.928		0.7009		0.0000		877.516		1.752		9.820		3.504465		8.440
3.950		0.7046		0.0000		877.512		1.756		9.875		3.523055		8.480
3.972		0.7083		0.0000		877.508		1.760		9.930		3.541644		8.520
3.996		0.7115		0.0000		877.505		1.763		9.990		3.557479		8.560
4.014		0.7147		0.0000		877.502		1.766		10.035		3.573315		8.600
4.030		0.7180		0.0000		877.499		1.769		10.075		3.589839		8.640
4.046		0.7211		0.0000		877.496		1.772		10.115		3.605675		8.680
4.062		0.7244		0.0000		877.492		1.776		10.155		3.622199		8.720
4.078		0.7276		0.0000		877.489		1.779		10.195		3.638034		8.760
4.094		0.7308		0.0000		877.486		1.782		10.235		3.653870		8.800
4.110		0.7342		0.0000		877.483		1.785		10.275		3.671082		8.840
4.128		0.7378		0.0000		877.479		1.789		10.320		3.688983		8.880
4.148		0.7415		0.0000		877.475		1.793		10.370		3.707572		8.920
4.168		0.7450		0.0000		877.472		1.796		10.420		3.724785		8.960
4.188		0.7481		0.0000		877.469		1.799		10.470		3.740621		9.000
4.202		0.7513		0.0000		877.465		1.802		10.505		3.756456		9.040
4.216		0.7546		0.0000		877.462		1.806		10.540		3.772980		9.080
4.230		0.7578		0.0000		877.459		1.809		10.575		3.788816		9.120
4.244		0.7609		0.0000		877.456		1.812		10.610		3.804651		9.160
4.258		0.7641		0.0000		877.453		1.815		10.645		3.820487		9.200
4.272		0.7674		0.0000		877.449		1.819		10.680		3.837010		9.240
4.286		0.7711		0.0000		877.446		1.822		10.715		3.855600		9.280
4.302		0.7748		0.0000		877.442		1.826		10.755		3.874189		9.320
4.322		0.7784		0.0000		877.438		1.830		10.805		3.892090		9.360
4.338		0.7816		0.0000		877.435		1.833		10.845		3.907926		9.400
4.350		0.7846		0.0000		877.432		1.836		10.875		3.923073		9.440
4.362		0.7879		0.0000		877.429		1.839		10.905		3.939597		9.480
4.374		0.7912		0.0000		877.426		1.842		10.935		3.956121		9.520
4.386		0.7944		0.0000		877.422		1.846		10.965		3.971956		9.560
4.398		0.7976		0.0000		877.419		1.849		10.995		3.987792		9.600
4.408		0.8009		0.0000		877.416		1.852		11.020		4.004316		9.640
4.420		0.8043		0.0000		877.412		1.856		11.050		4.021528		9.680
4.434		0.8080		0.0000		877.409		1.859		11.085		4.040118		9.720
4.452		0.8117		0.0000		877.405		1.863		11.130		4.058707		9.760
4.468		0.8149		0.0000		877.402		1.866		11.170		4.074543		9.800
4.478		0.8181		0.0000		877.399		1.869		11.195		4.090378		9.840
4.488		0.8214		0.0000		877.395		1.873		11.220		4.106903		9.880
4.498		0.8247		0.0000		877.392		1.876		11.245		4.123426		9.920
4.508		0.8277		0.0000		877.389		1.879		11.270		4.138574		9.960
4.518		0.8309		0.0000		877.386		1.882		11.295		4.154409		10.000
4.526		0.8342		0.0000		877.383		1.885		11.315		4.170933		10.040
4.536		0.8376		0.0000		877.379		1.889		11.340		4.188146		10.080
4.546		0.8413		0.0000		877.375		1.893		11.365		4.206735		10.120
4.560		0.8451		0.0000		877.372		1.896		11.400		4.225325		10.160
4.576		0.8484		0.0000		877.368		1.900		11.440		4.241848		10.200
4.586		0.8515		0.0000		877.365		1.903		11.465		4.257684		10.240
4.594		0.8547		0.0000		877.362		1.906		11.485		4.273520		10.280
4.600		0.8580		0.0000		877.359		1.909		11.500		4.290044		10.320
4.610		0.8612		0.0000		877.356		1.912		11.525		4.305879		10.360
4.618		0.8643		0.0000		877.352		1.916		11.545		4.321714		10.400
4.626		0.8675		0.0000		877.349		1.919		11.565		4.337550		10.440
4.634		0.8708		0.0000		877.346		1.922		11.585		4.354074		10.480
4.642		0.8747		0.0000		877.342		1.926		11.605		4.373352		10.520
4.654		0.8784		0.0000		877.338		1.930		11.635		4.391942		10.560
4.666		0.8818		0.0000		877.335		1.933		11.665		4.409154		10.600
4.678		0.8850		0.0000		877.332		1.936		11.695		4.424989		10.640
4.686		0.8882		0.0000		877.329		1.939		11.715		4.440825		10.680
4.692		0.8915		0.0000		877.325		1.943		11.730		4.457349		10.720
4.698		0.8945		0.0000		877.322		1.946		11.745		4.472496		10.760
4.704		0.8977		0.0000		877.319		1.949		11.760		4.488332		10.800
4.710		0.9010		0.0000		877.316		1.952		11.775		4.504855		10.840
4.718		0.9041		0.0000		877.313		1.955		11.795		4.520691		10.880
4.724		0.9077		0.0000		877.309		1.959		11.810		4.538592		10.920
4.734		0.9116		0.0000		877.305		1.963		11.835		4.557870		10.960
4.746		0.9152		0.0000		877.302		1.966		11.865		4.575771		11.000
4.758		0.9185		0.0000		877.298		1.970		11.895		4.592295		11.040
4.764		0.9215		0.0000		877.295		1.973		11.910		4.607442		11.080
4.770		0.9248		0.0000		877.292		1.976		11.925		4.623966		11.120
4.774		0.9281		0.0000		877.289		1.979		11.935		4.640490		11.160
4.780		0.9311		0.0000		877.286		1.982		11.950		4.655637		11.200
4.786		0.9343		0.0000		877.282		1.985		11.965		4.671473		11.240
4.792		0.9376		0.0000		877.279		1.989		11.980		4.687996		11.280
4.796		0.9409		0.0000		877.276		1.992		11.990		4.704521		11.320
4.804		0.9448		0.0000		877.272		1.996		12.010		4.723799		11.360
4.814		0.9485		0.0000		877.268		2.000		12.035		4.742388		11.400
4.826		0.9518		0.0000		877.265		2.003		12.065		4.758912		11.440
4.834		0.9549		0.0000		877.262		2.006		12.085		4.774747		11.480
4.840		0.9583		0.0000		877.258		2.009		12.100		4.791272		11.520
4.844		0.9614		0.0000		877.255		2.013		12.110		4.807107		11.560
4.848		0.9646		0.0000		877.252		2.016		12.120		4.822942		11.600
4.854		0.9678		0.0000		877.249		2.019		12.135		4.838778		11.640
4.858		0.9709		0.0000		877.246		2.022		12.145		4.854613		11.680
4.862		0.9742		0.0000		877.242		2.025		12.155		4.871137		11.720
4.868		0.9781		0.0000		877.239		2.029		12.170		4.890416		11.760
4.878		0.9819		0.0000		877.235		2.033		12.195		4.909693		11.800
4.888		0.9852		0.0000		877.232		2.036		12.220		4.926218		11.840
4.896		0.9883		0.0000		877.228		2.039		12.240		4.941364		11.880
4.900		0.9916		0.0000		877.225		2.043		12.250		4.957888		11.920
4.902		0.9947		0.0000		877.222		2.046		12.255		4.973724		11.960
4.906		0.9979		0.0000		877.219		2.049		12.265		4.989560		12.000
4.910		1.0012		0.0000		877.216		2.052		12.275		5.006083		12.040
4.914		1.0044		0.0000		877.212		2.056		12.285		5.021919		12.080
4.916		1.0077		0.0000		877.209		2.059		12.290		5.038443		12.120
4.922		1.0113		0.0000		877.205		2.062		12.305		5.056344		12.160
4.928		1.0150		0.0000		877.202		2.066		12.320		5.074934		12.200
4.938		1.0187		0.0000		877.198		2.070		12.345		5.093523		12.240
4.948		1.0217		0.0000		877.195		2.073		12.370		5.108670		12.280
4.952		1.0250		0.0000		877.192		2.076		12.380		5.125194		12.320
4.954		1.0282		0.0000		877.189		2.079		12.385		5.141029		12.360
4.956		1.0314		0.0000		877.185		2.083		12.390		5.156865		12.400
4.960		1.0345		0.0000		877.182		2.086		12.400		5.172701		12.440
4.962		1.0378		0.0000		877.179		2.089		12.405		5.189224		12.480
4.964		1.0410		0.0000		877.176		2.092		12.410		5.205060		12.520
4.968		1.0445		0.0000		877.172		2.096		12.420		5.222273		12.560
4.972		1.0483		0.0000		877.168		2.100		12.430		5.241550		12.600
4.982		1.0520		0.0000		877.165		2.103		12.455		5.260139		12.640
4.992		1.0553		0.0000		877.161		2.107		12.480		5.276665		12.680
4.998		1.0584		0.0000		877.158		2.110		12.495		5.291811		12.720
4.998		1.0617		0.0000		877.155		2.113		12.495		5.308335		12.760
5.002		1.0648		0.0000		877.152		2.116		12.505		5.324171		12.800
5.004		1.0680		0.0000		877.149		2.119		12.510		5.340006		12.840
5.006		1.0712		0.0000		877.146		2.122		12.515		5.355841		12.880
5.010		1.0745		0.0000		877.142		2.126		12.525		5.372366		12.920
5.012		1.0778		0.0000		877.139		2.129		12.530		5.388889		12.960
5.016		1.0814		0.0000		877.135		2.133		12.540		5.406791		13.000
5.022		1.0852		0.0000		877.132		2.136		12.555		5.426068		13.040
5.032		1.0885		0.0000		877.128		2.140		12.580		5.442592		13.080
5.038		1.0918		0.0000		877.125		2.143		12.595		5.459117		13.120
5.042		1.0950		0.0000		877.122		2.146		12.605		5.474953		13.160
5.044		1.0983		0.0000		877.118		2.149		12.610		5.491476		13.200
5.046		1.1015		0.0000		877.115		2.153		12.615		5.507312		13.240
5.050		1.1045		0.0000		877.112		2.156		12.625		5.522459		13.280
5.052		1.1077		0.0000		877.109		2.159		12.630		5.538294		13.320
5.054		1.1110		0.0000		877.106		2.162		12.635		5.554818		13.360
5.056		1.1147		0.0000		877.102		2.166		12.640		5.573407		13.400
5.062		1.1184		0.0000		877.098		2.170		12.655		5.591997		13.440
5.072		1.1220		0.0000		877.095		2.173		12.680		5.609898		13.480
5.080		1.1251		0.0000		877.092		2.176		12.700		5.625733		13.520
5.084		1.1285		0.0000		877.088		2.180		12.710		5.642258		13.560
5.084		1.1316		0.0000		877.085		2.183		12.710		5.658092		13.600
5.086		1.1348		0.0000		877.082		2.186		12.715		5.673928		13.640
5.090		1.1380		0.0000		877.079		2.189		12.725		5.689764		13.680
5.092		1.1411		0.0000		877.076		2.192		12.730		5.705600		13.720
5.094		1.1444		0.0000		877.072		2.196		12.735		5.722123		13.760
5.096		1.1479		0.0000		877.069		2.199		12.740		5.739336		13.800
5.102		1.1517		0.0000		877.065		2.203		12.755		5.758615		13.840
5.110		1.1554		0.0000		877.061		2.207		12.775		5.777204		13.880
5.120		1.1586		0.0000		877.058		2.210		12.800		5.793038		13.920
5.126		1.1619		0.0000		877.055		2.213		12.815		5.809564		13.960
5.128		1.1649		0.0000		877.052		2.216		12.820		5.824710		14.000
5.128		1.1681		0.0000		877.049		2.219		12.820		5.840546		14.040
5.130		1.1714		0.0000		877.045		2.223		12.825		5.857069		14.080
5.132		1.1746		0.0000		877.042		2.226		12.830		5.872905		14.120
5.134		1.1777		0.0000		877.039		2.229		12.835		5.888741		14.160
5.136		1.1811		0.0000		877.036		2.232		12.840		5.905265		14.200
5.140		1.1848		0.0000		877.032		2.236		12.850		5.923854		14.240
5.148		1.1886		0.0000		877.028		2.240		12.870		5.943131		14.280
5.158		1.1921		0.0000		877.025		2.243		12.895		5.960344		14.320
5.166		1.1951		0.0000		877.022		2.246		12.915		5.975492		14.360
5.168		1.1983		0.0000		877.018		2.249		12.920		5.991326		14.400
5.168		1.2016		0.0000		877.015		2.253		12.920		6.007852		14.440
5.170		1.2049		0.0000		877.012		2.256		12.925		6.024375		14.480
5.172		1.2080		0.0000		877.009		2.259		12.930		6.040211		14.520
5.174		1.2111		0.0000		877.006		2.262		12.935		6.055357		14.560
5.176		1.2144		0.0000		877.002		2.266		12.940		6.071881		14.600
5.178		1.2181		0.0000		876.999		2.269		12.945		6.090470		14.640
5.184		1.2218		0.0000		876.995		2.273		12.960		6.109060		14.680
5.194		1.2255		0.0000		876.991		2.277		12.985		6.127649		14.720
5.202		1.2287		0.0000		876.988		2.280		13.005		6.143485		14.760
5.204		1.2319		0.0000		876.985		2.283		13.010		6.159321		14.800
5.206		1.2350		0.0000		876.982		2.286		13.015		6.175157		14.840
5.208		1.2382		0.0000		876.979		2.289		13.020		6.190991		14.880
5.210		1.2414		0.0000		876.975		2.293		13.025		6.206827		14.920
5.212		1.2445		0.0000		876.972		2.296		13.030		6.222663		14.960
5.214		1.2477		0.0000		876.969		2.299		13.035		6.238499		15.000
5.216		1.2513		0.0000		876.965		2.302		13.040		6.256399		15.040
5.222		1.2550		0.0000		876.962		2.306		13.055		6.274989		15.080
5.230		1.2589		0.0000		876.958		2.310		13.075		6.294267		15.120
5.238		1.2620		0.0000		876.955		2.313		13.095		6.310103		15.160
5.242		1.2652		0.0000		876.952		2.316		13.105		6.325937		15.200
5.242		1.2684		0.0000		876.948		2.320		13.105		6.341773		15.240
5.244		1.2717		0.0000		876.945		2.323		13.110		6.358297		15.280
5.246		1.2748		0.0000		876.942		2.326		13.115		6.374133		15.320
5.248		1.2779		0.0000		876.939		2.329		13.120		6.389280		15.360
5.250		1.2812		0.0000		876.936		2.332		13.125		6.405804		15.400
5.252		1.2845		0.0000		876.932		2.336		13.130		6.422328		15.440
5.254		1.2882		0.0000		876.929		2.339		13.135		6.440917		15.480
5.262		1.2920		0.0000		876.925		2.343		13.155		6.460196		15.520
5.270		1.2955		0.0000		876.921		2.347		13.175		6.477408		15.560
5.276		1.2986		0.0000		876.918		2.350		13.190		6.493243		15.600
5.278		1.3018		0.0000		876.915		2.353		13.195		6.509079		15.640
5.278		1.3050		0.0000		876.912		2.356		13.195		6.524915		15.680
5.278		1.3083		0.0000		876.908		2.359		13.195		6.541438		15.720
5.280		1.3113		0.0000		876.905		2.363		13.200		6.556586		15.760
5.280		1.3146		0.0000		876.902		2.366		13.200		6.573110		15.800
5.282		1.3178		0.0000		876.899		2.369		13.205		6.588945		15.840
5.284		1.3214		0.0000		876.895		2.373		13.210		6.606846		15.880
5.290		1.3254		0.0000		876.891		2.377		13.225		6.626812		15.920
5.298		1.3289		0.0000		876.888		2.380		13.245		6.644714		15.960
5.306		1.3320		0.0000		876.885		2.383		13.265		6.659861		16.000
5.308		1.3351		0.0000		876.882		2.386		13.270		6.675696		16.040
5.308		1.3383		0.0000		876.878		2.390		13.270		6.691531		16.080
5.310		1.3416		0.0000		876.875		2.393		13.275		6.708055		16.120
5.310		1.3448		0.0000		876.872		2.396		13.275		6.723891		16.160
5.312		1.3481		0.0000		876.869		2.399		13.280		6.740415		16.200
5.314		1.3513		0.0000		876.865		2.402		13.285		6.756251		16.240
5.316		1.3546		0.0000		876.862		2.406		13.290		6.772775		16.280
5.320		1.3585		0.0000		876.858		2.410		13.300		6.792741		16.320
5.326		1.3623		0.0000		876.854		2.413		13.315		6.811330		16.360
5.336		1.3654		0.0000		876.851		2.417		13.340		6.827166		16.400
5.340		1.3686		0.0000		876.848		2.420		13.350		6.843002		16.440
5.340		1.3718		0.0000		876.845		2.423		13.350		6.858836		16.480
5.340		1.3751		0.0000		876.842		2.426		13.350		6.875361		16.520
5.342		1.3782		0.0000		876.839		2.429		13.355		6.891197		16.560
5.342		1.3813		0.0000		876.835		2.432		13.355		6.906343		16.600
5.344		1.3846		0.0000		876.832		2.436		13.360		6.922867		16.640
5.346		1.3880		0.0000		876.829		2.439		13.365		6.940080		16.680
5.348		1.3917		0.0000		876.825		2.443		13.370		6.958670		16.720
5.356		1.3956		0.0000		876.821		2.447		13.390		6.977948		16.760
5.364		1.3989		0.0000		876.818		2.450		13.410		6.994472		16.800
5.370		1.4021		0.0000		876.815		2.453		13.425		7.010307		16.840
5.370		1.4052		0.0000		876.812		2.456		13.425		7.026142		16.880
5.370		1.4084		0.0000		876.808		2.460		13.425		7.041978		16.920
5.372		1.4116		0.0000		876.805		2.463		13.430		7.057814		16.960
5.374		1.4149		0.0000		876.802		2.466		13.435		7.074337		17.000
5.376		1.4179		0.0000		876.799		2.469		13.440		7.089485		17.040
5.376		1.4212		0.0000		876.796		2.472		13.440		7.106009		17.080
5.378		1.4249		0.0000		876.792		2.476		13.445		7.124598		17.120
5.384		1.4288		0.0000		876.788		2.480		13.460		7.143877		17.160
5.394		1.4322		0.0000		876.785		2.483		13.485		7.161088		17.200
5.400		1.4355		0.0000		876.781		2.487		13.500		7.177613		17.240
5.402		1.4387		0.0000		876.778		2.490		13.505		7.193449		17.280
5.402		1.4417		0.0000		876.775		2.493		13.505		7.208595		17.320
5.402		1.4449		0.0000		876.772		2.496		13.505		7.224431		17.360
5.404		1.4482		0.0000		876.769		2.499		13.510		7.240954		17.400
5.406		1.4514		0.0000		876.765		2.503		13.515		7.256790		17.440
5.406		1.4547		0.0000		876.762		2.506		13.515		7.273314		17.480
5.408		1.4581		0.0000		876.759		2.509		13.520		7.290526		17.520
5.412		1.4620		0.0000		876.755		2.513		13.530		7.309804		17.560
5.422		1.4657		0.0000		876.751		2.517		13.555		7.328393		17.600
5.430		1.4688		0.0000		876.748		2.520		13.575		7.344229		17.640
5.432		1.4720		0.0000		876.745		2.523		13.580		7.360065		17.680
5.432		1.4752		0.0000		876.742		2.526		13.580		7.375901		17.720
5.434		1.4785		0.0000		876.738		2.530		13.585		7.392425		17.760
5.436		1.4815		0.0000		876.735		2.533		13.590		7.407571		17.800
5.436		1.4847		0.0000		876.732		2.536		13.590		7.423407		17.840
5.438		1.4880		0.0000		876.729		2.539		13.595		7.439930		17.880
5.438		1.4914		0.0000		876.725		2.543		13.595		7.457143		17.920
5.442		1.4951		0.0000		876.722		2.546		13.605		7.475733		17.960
5.450		1.4989		0.0000		876.718		2.550		13.625		7.494322		18.000
5.458		1.5022		0.0000		876.715		2.553		13.645		7.510847		18.040
5.464		1.5053		0.0000		876.711		2.557		13.660		7.526681		18.080
5.464		1.5085		0.0000		876.708		2.560		13.660		7.542517		18.120
5.464		1.5118		0.0000		876.705		2.563		13.660		7.559042		18.160
5.466		1.5151		0.0000		876.702		2.566		13.665		7.575565		18.200
5.468		1.5183		0.0000		876.698		2.569		13.670		7.591401		18.240
5.470		1.5213		0.0000		876.695		2.573		13.675		7.606548		18.280
5.470		1.5246		0.0000		876.692		2.576		13.675		7.623072		18.320
5.472		1.5285		0.0000		876.688		2.580		13.680		7.642350		18.360
5.478		1.5321		0.0000		876.685		2.583		13.695		7.660251		18.400
5.488		1.5358		0.0000		876.681		2.587		13.720		7.678840		18.440
5.494		1.5388		0.0000		876.678		2.590		13.735		7.693987		18.480
5.496		1.5420		0.0000		876.675		2.593		13.740		7.709823		18.520
5.498		1.5451		0.0000		876.672		2.596		13.745		7.725658		18.560
5.498		1.5484		0.0000		876.668		2.600		13.745		7.742182		18.600
5.500		1.5516		0.0000		876.665		2.603		13.750		7.758018		18.640
5.502		1.5548		0.0000		876.662		2.606		13.755		7.773853		18.680
5.502		1.5581		0.0000		876.659		2.609		13.755		7.790377		18.720
5.504		1.5617		0.0000		876.655		2.613		13.760		7.808279		18.760
5.508		1.5654		0.0000		876.651		2.617		13.770		7.826868		18.800
5.516		1.5691		0.0000		876.648		2.620		13.790		7.845458		18.840
5.522		1.5723		0.0000		876.644		2.623		13.805		7.861294		18.880
5.526		1.5754		0.0000		876.641		2.627		13.815		7.877128		18.920
5.526		1.5786		0.0000		876.638		2.630		13.815		7.892964		18.960
5.526		1.5819		0.0000		876.635		2.633		13.815		7.909488		19.000
5.526		1.5851		0.0000		876.632		2.636		13.815		7.925323		19.040
5.528		1.5882		0.0000		876.629		2.639		13.820		7.941159		19.080
5.528		1.5914		0.0000		876.625		2.643		13.820		7.956995		19.120
5.530		1.5947		0.0000		876.622		2.646		13.825		7.973518		19.160
5.534		1.5986		0.0000		876.618		2.650		13.835		7.992797		19.200
5.540		1.6024		0.0000		876.614		2.654		13.850		8.012074		19.240
5.548		1.6057		0.0000		876.611		2.657		13.870		8.028599		19.280
5.552		1.6087		0.0000		876.608		2.660		13.880		8.043746		19.320
5.550		1.6119		0.0000		876.605		2.663		13.875		8.059582		19.360
5.550		1.6152		0.0000		876.602		2.666		13.875		8.076105		19.400
5.550		1.6185		0.0000		876.598		2.670		13.875		8.092628		19.440
5.552		1.6216		0.0000		876.595		2.673		13.880		8.107776		19.480
5.552		1.6249		0.0000		876.592		2.676		13.880		8.124300		19.520
5.552		1.6280		0.0000		876.589		2.679		13.880		8.140136		19.560
5.554		1.6317		0.0000		876.585		2.683		13.885		8.158726		19.600
5.560		1.6356		0.0000		876.581		2.687		13.900		8.178003		19.640
5.568		1.6390		0.0000		876.578		2.690		13.920		8.195215		19.680
5.574		1.6422		0.0000		876.575		2.693		13.935		8.211051		19.720
5.576		1.6454		0.0000		876.571		2.697		13.940		8.226887		19.760
5.576		1.6487		0.0000		876.568		2.700		13.940		8.243410		19.800
5.578		1.6518		0.0000		876.565		2.703		13.945		8.259247		19.840
5.580		1.6550		0.0000		876.562		2.706		13.950		8.275081		19.880
5.580		1.6582		0.0000		876.559		2.709		13.950		8.290916		19.920
5.580		1.6615		0.0000		876.555		2.713		13.950		8.307442		19.960
5.582		1.6649		0.0000		876.552		2.716		13.955		8.324653		20.000
5.586		1.6688		0.0000		876.548		2.720		13.965		8.343931		20.040
5.594		1.6725		0.0000		876.544		2.724		13.985		8.362521		20.080
5.602		1.6755		0.0000		876.541		2.727		14.005		8.377667		20.120
5.604		1.6787		0.0000		876.538		2.730		14.010		8.393503		20.160
5.604		1.6820		0.0000		876.535		2.733		14.010		8.410027		20.200
5.606		1.6852		0.0000		876.532		2.736		14.015		8.425863		20.240
5.606		1.6883		0.0000		876.528		2.740		14.015		8.441698		20.280
5.608		1.6916		0.0000		876.525		2.743		14.020		8.458222		20.320
5.608		1.6948		0.0000		876.522		2.746		14.020		8.474058		20.360
5.610		1.6981		0.0000		876.519		2.749		14.025		8.490582		20.400
5.614		1.7020		0.0000		876.515		2.753		14.035		8.509860		20.440
5.620		1.7058		0.0000		876.511		2.757		14.050		8.529139		20.480
5.630		1.7090		0.0000		876.508		2.760		14.075		8.544973		20.520
5.634		1.7123		0.0000		876.504		2.764		14.085		8.561498		20.560
5.634		1.7153		0.0000		876.501		2.767		14.085		8.576645		20.600
5.634		1.7186		0.0000		876.498		2.770		14.085		8.593168		20.640
5.634		1.7217		0.0000		876.495		2.773		14.085		8.608315		20.680
5.636		1.7250		0.0000		876.492		2.776		14.090		8.624840		20.720
5.636		1.7281		0.0000		876.489		2.779		14.090		8.640676		20.760
5.638		1.7314		0.0000		876.485		2.783		14.095		8.657199		20.800
5.640		1.7352		0.0000		876.482		2.786		14.100		8.675789		20.840
5.646		1.7390		0.0000		876.478		2.790		14.115		8.695066		20.880
5.656		1.7425		0.0000		876.474		2.794		14.140		8.712278		20.920
5.662		1.7456		0.0000		876.471		2.797		14.155		8.728114		20.960
5.662		1.7488		0.0000		876.468		2.800		14.155		8.743950		21.000
5.662		1.7520		0.0000		876.465		2.803		14.155		8.759786		21.040
5.662		1.7553		0.0000		876.461		2.806		14.155		8.776310		21.080
5.664		1.7584		0.0000		876.458		2.810		14.160		8.792145		21.120
5.664		1.7615		0.0000		876.455		2.813		14.160		8.807292		21.160
5.664		1.7648		0.0000		876.452		2.816		14.160		8.823815		21.200
5.666		1.7683		0.0000		876.448		2.820		14.165		8.841717		21.240
5.670		1.7722		0.0000		876.445		2.823		14.175		8.860994		21.280
5.680		1.7759		0.0000		876.441		2.827		14.200		8.879584		21.320
5.686		1.7789		0.0000		876.438		2.830		14.215		8.894732		21.360
5.690		1.7821		0.0000		876.435		2.833		14.225		8.910566		21.400
5.688		1.7854		0.0000		876.431		2.837		14.220		8.927092		21.440
5.690		1.7886		0.0000		876.428		2.840		14.225		8.942926		21.480
5.690		1.7919		0.0000		876.425		2.843		14.225		8.959451		21.520
5.690		1.7949		0.0000		876.422		2.846		14.225		8.974598		21.560
5.690		1.7982		0.0000		876.419		2.849		14.225		8.991121		21.600
5.692		1.8017		0.0000		876.415		2.853		14.230		9.008333		21.640
5.694		1.8054		0.0000		876.411		2.857		14.235		9.026923		21.680
5.702		1.8092		0.0000		876.408		2.860		14.255		9.046202		21.720
5.712		1.8124		0.0000		876.404		2.864		14.280		9.062037		21.760
5.714		1.8156		0.0000		876.401		2.867		14.285		9.077872		21.800
5.714		1.8189		0.0000		876.398		2.870		14.285		9.094397		21.840
5.716		1.8219		0.0000		876.395		2.873		14.290		9.109544		21.880
5.716		1.8252		0.0000		876.392		2.876		14.290		9.126067		21.920
5.718		1.8282		0.0000		876.388		2.879		14.295		9.141214		21.960
5.718		1.8315		0.0000		876.385		2.883		14.295		9.157739		22.000
5.718		1.8349		0.0000		876.382		2.886		14.295		9.174262		22.040
5.722		1.8386		0.0000		876.378		2.890		14.305		9.192852		22.080
5.726		1.8424		0.0000		876.374		2.894		14.315		9.212131		22.120
5.736		1.8459		0.0000		876.371		2.897		14.340		9.229343		22.160
5.740		1.8490		0.0000		876.368		2.900		14.350		9.245177		22.200
5.740		1.8522		0.0000		876.365		2.903		14.350		9.261013		22.240
5.740		1.8554		0.0000		876.361		2.907		14.350		9.276849		22.280
5.740		1.8587		0.0000		876.358		2.910		14.350		9.293373		22.320
5.740		1.8618		0.0000		876.355		2.913		14.350		9.309208		22.360
5.740		1.8650		0.0000		876.352		2.916		14.350		9.325045		22.400
5.742		1.8682		0.0000		876.349		2.919		14.355		9.340879		22.440
5.742		1.8718		0.0000		876.345		2.923		14.355		9.358780		22.480
5.746		1.8756		0.0000		876.341		2.927		14.365		9.378059		22.520
5.756		1.8793		0.0000		876.337		2.931		14.390		9.396648		22.560
5.762		1.8825		0.0000		876.334		2.934		14.405		9.412483		22.600
5.764		1.8857		0.0000		876.331		2.937		14.410		9.428319		22.640
5.762		1.8888		0.0000		876.328		2.940		14.405		9.444155		22.680
5.762		1.8920		0.0000		876.325		2.943		14.405		9.459991		22.720
5.762		1.8952		0.0000		876.322		2.946		14.405		9.475826		22.760
5.762		1.8983		0.0000		876.318		2.950		14.405		9.491661		22.800
5.764		1.9015		0.0000		876.315		2.953		14.410		9.507496		22.840
5.764		1.9051		0.0000		876.312		2.956		14.410		9.525398		22.880
5.766		1.9088		0.0000		876.308		2.960		14.415		9.543987		22.920
5.774		1.9127		0.0000		876.304		2.964		14.435		9.563265		22.960
5.782		1.9158		0.0000		876.301		2.967		14.455		9.579101		23.000
5.786		1.9190		0.0000		876.298		2.970		14.465		9.594936		23.040
5.786		1.9223		0.0000		876.294		2.973		14.465		9.611460		23.080
5.786		1.9255		0.0000		876.291		2.977		14.465		9.627295		23.120
5.786		1.9286		0.0000		876.288		2.980		14.465		9.643131		23.160
5.786		1.9317		0.0000		876.285		2.983		14.465		9.658278		23.200
5.786		1.9350		0.0000		876.282		2.986		14.465		9.674802		23.240
5.786		1.9383		0.0000		876.279		2.989		14.465		9.691325		23.280
5.788		1.9420		0.0000		876.275		2.993		14.470		9.709915		23.320
5.796		1.9460		0.0000		876.271		2.997		14.490		9.729882		23.360
5.806		1.9493		0.0000		876.267		3.000		14.515		9.746407		23.400
5.812		1.9523		0.0000		876.264		3.004		14.530		9.761553		23.440
5.812		1.9556		0.0000		876.261		3.007		14.530		9.778076		23.480
5.812		1.9588		0.0000		876.258		3.010		14.530		9.793912		23.520
5.812		1.9621		0.0000		876.255		3.013		14.530		9.810437		23.560
5.812		1.9653		0.0000		876.251		3.016		14.530		9.826271		23.600
5.812		1.9684		0.0000		876.248		3.020		14.530		9.842108		23.640
5.812		1.9716		0.0000		876.245		3.023		14.530		9.857943		23.680
5.814		1.9752		0.0000		876.242		3.026		14.535		9.875843		23.720
5.818		1.9792		0.0000		876.238		3.030		14.545		9.895810		23.760
5.826		1.9827		0.0000		876.234		3.034		14.565		9.913712		23.800
5.832		1.9859		0.0000		876.231		3.037		14.580		9.929547		23.840
5.834		1.9891		0.0000		876.228		3.040		14.585		9.945383		23.880
5.834		1.9921		0.0000		876.225		3.043		14.585		9.960529		23.920
5.834		1.9954		0.0000		876.221		3.047		14.585		9.977054		23.960
5.834		1.9986		0.0000		876.218		3.050		14.585		9.992889		24.000
5.834		2.0017		0.0000		876.215		3.053		14.585		10.008725		24.040
5.834		2.0049		0.0000		876.212		3.056		14.585		10.024559		24.080
5.834		2.0085		0.0000		876.208		3.060		14.585		10.042461		24.120
5.838		2.0123		0.0000		876.204		3.064		14.595		10.061739		24.160
5.844		2.0161		0.0000		876.201		3.067		14.610		10.080328		24.200
5.854		2.0192		0.0000		876.198		3.070		14.635		10.096164		24.240
5.856		2.0224		0.0000		876.194		3.074		14.640		10.112000		24.280
5.854		2.0257		0.0000		876.191		3.077		14.635		10.128523		24.320
5.854		2.0287		0.0000		876.188		3.080		14.635		10.143671		24.360
5.854		2.0320		0.0000		876.185		3.083		14.635		10.160194		24.400
5.856		2.0352		0.0000		876.182		3.086		14.640		10.176030		24.440
5.856		2.0384		0.0000		876.178		3.090		14.640		10.191865		24.480
5.856		2.0417		0.0000		876.175		3.093		14.640		10.208389		24.520
5.858		2.0454		0.0000		876.171		3.097		14.645		10.226979		24.560
5.864		2.0494		0.0000		876.167		3.101		14.660		10.246945		24.600
5.874		2.0527		0.0000		876.164		3.104		14.685		10.263470		24.640
5.880		2.0559		0.0000		876.161		3.107		14.700		10.279305		24.680
5.880		2.0590		0.0000		876.158		3.110		14.700		10.295141		24.720
5.878		2.0622		0.0000		876.155		3.113		14.695		10.310976		24.760
5.878		2.0654		0.0000		876.151		3.117		14.695		10.326811		24.800
5.880		2.0685		0.0000		876.148		3.120		14.700		10.342647		24.840
5.880		2.0717		0.0000		876.145		3.123		14.700		10.358482		24.880
5.880		2.0750		0.0000		876.142		3.126		14.700		10.375006		24.920
5.880		2.0786		0.0000		876.138		3.130		14.700		10.392908		24.960
5.886		2.0824		0.0000		876.134		3.134		14.715		10.412186		25.000
5.896		2.0862		0.0000		876.131		3.137		14.740		10.430775		25.040
5.902		2.0892		0.0000		876.128		3.140		14.755		10.445921		25.080
5.904		2.0925		0.0000		876.124		3.144		14.760		10.462446		25.120
5.902		2.0957		0.0000		876.121		3.147		14.755		10.478282		25.160
5.902		2.0988		0.0000		876.118		3.150		14.755		10.494117		25.200
5.902		2.1020		0.0000		876.115		3.153		14.755		10.509953		25.240
5.902		2.1052		0.0000		876.112		3.156		14.755		10.525788		25.280
5.902		2.1083		0.0000		876.108		3.160		14.755		10.541624		25.320
5.902		2.1119		0.0000		876.105		3.163		14.755		10.559525		25.360
5.906		2.1158		0.0000		876.101		3.167		14.765		10.578803		25.400
5.914		2.1193		0.0000		876.097		3.171		14.785		10.596704		25.440
5.922		2.1226		0.0000		876.094		3.174		14.805		10.613228		25.480
5.926		2.1258		0.0000		876.091		3.177		14.815		10.629063		25.520
5.924		2.1290		0.0000		876.088		3.180		14.810		10.644898		25.560
5.924		2.1321		0.0000		876.085		3.183		14.810		10.660734		25.600
5.924		2.1355		0.0000		876.081		3.187		14.810		10.677258		25.640
5.924		2.1386		0.0000		876.078		3.190		14.810		10.693093		25.680
5.924		2.1416		0.0000		876.075		3.193		14.810		10.708241		25.720
5.924		2.1451		0.0000		876.072		3.196		14.810		10.725452		25.760
5.926		2.1489		0.0000		876.068		3.200		14.815		10.744732		25.800
5.932		2.1528		0.0000		876.064		3.204		14.830		10.764009		25.840
5.940		2.1561		0.0000		876.061		3.207		14.850		10.780534		25.880
5.946		2.1593		0.0000		876.057		3.210		14.865		10.796368		25.920
5.944		2.1623		0.0000		876.054		3.214		14.860		10.811516		25.960
5.944		2.1656		0.0000		876.051		3.217		14.860		10.828039		26.000
5.944		2.1688		0.0000		876.048		3.220		14.860		10.843876		26.040
5.944		2.1719		0.0000		876.045		3.223		14.860		10.859710		26.080
5.944		2.1752		0.0000		876.042		3.226		14.860		10.876235		26.120
5.944		2.1784		0.0000		876.038		3.230		14.860		10.892071		26.160
5.946		2.1821		0.0000		876.035		3.233		14.865		10.910660		26.200
5.950		2.1858		0.0000		876.031		3.237		14.875		10.929250		26.240
5.958		2.1896		0.0000		876.027		3.241		14.895		10.947839		26.280
5.964		2.1926		0.0000		876.024		3.244		14.910		10.962986		26.320
5.964		2.1959		0.0000		876.021		3.247		14.910		10.979509		26.360
5.964		2.1991		0.0000		876.018		3.250		14.910		10.995345		26.400
5.962		2.2022		0.0000		876.015		3.253		14.905		11.011181		26.440
5.962		2.2054		0.0000		876.011		3.257		14.905		11.027016		26.480
5.962		2.2084		0.0000		876.008		3.260		14.905		11.042164		26.520
5.962		2.2117		0.0000		876.005		3.263		14.905		11.058687		26.560
5.962		2.2153		0.0000		876.001		3.267		14.905		11.076588		26.600
5.966		2.2190		0.0000		875.998		3.270		14.915		11.095177		26.640
5.976		2.2229		0.0000		875.994		3.274		14.940		11.114455		26.680
5.984		2.2261		0.0000		875.991		3.277		14.960		11.130291		26.720
5.986		2.2292		0.0000		875.987		3.280		14.965		11.146127		26.760
5.984		2.2324		0.0000		875.984		3.284		14.960		11.161962		26.800
5.984		2.2357		0.0000		875.981		3.287		14.960		11.178486		26.840
5.984		2.2389		0.0000		875.978		3.290		14.960		11.194321		26.880
5.986		2.2420		0.0000		875.975		3.293		14.965		11.210156		26.920
5.986		2.2452		0.0000		875.972		3.296		14.965		11.225992		26.960
5.986		2.2485		0.0000		875.968		3.300		14.965		11.242516		27.000
5.988		2.2524		0.0000		875.964		3.304		14.970		11.261795		27.040
5.996		2.2562		0.0000		875.961		3.307		14.990		11.281072		27.080
6.004		2.2595		0.0000		875.957		3.311		15.010		11.297597		27.120
6.008		2.2627		0.0000		875.954		3.314		15.020		11.313433		27.160
6.008		2.2657		0.0000		875.951		3.317		15.020		11.328579		27.200
6.008		2.2690		0.0000		875.948		3.320		15.020		11.345102		27.240
6.006		2.2722		0.0000		875.945		3.323		15.015		11.360939		27.280
6.006		2.2752		0.0000		875.942		3.326		15.015		11.376085		27.320
6.006		2.2785		0.0000		875.938		3.330		15.015		11.392611		27.360
6.004		2.2817		0.0000		875.935		3.333		15.010		11.408444		27.400
6.006		2.2854		0.0000		875.931		3.337		15.015		11.427034		27.440
6.010		2.2895		0.0000		875.927		3.341		15.025		11.447689		27.480
6.020		2.2930		0.0000		875.924		3.344		15.050		11.464902		27.520
6.028		2.2960		0.0000		875.921		3.347		15.070		11.480049		27.560
6.026		2.2992		0.0000		875.918		3.350		15.065		11.495885		27.600
6.024		2.3025		0.0000		875.914		3.354		15.060		11.512408		27.640
6.024		2.3056		0.0000		875.911		3.357		15.060		11.528244		27.680
6.024		2.3087		0.0000		875.908		3.360		15.060		11.543390		27.720
6.024		2.3120		0.0000		875.905		3.363		15.060		11.559916		27.760
6.024		2.3152		0.0000		875.902		3.366		15.060		11.575750		27.800
6.024		2.3187		0.0000		875.898		3.370		15.060		11.593652		27.840
6.028		2.3226		0.0000		875.894		3.374		15.070		11.612929		27.880
6.036		2.3263		0.0000		875.890		3.378		15.090		11.631518		27.920
6.042		2.3295		0.0000		875.887		3.381		15.105		11.647354		27.960
6.044		2.3326		0.0000		875.884		3.384		15.110		11.663190		28.000
6.042		2.3358		0.0000		875.881		3.387		15.105		11.679026		28.040
6.040		2.3390		0.0000		875.878		3.390		15.100		11.694860		28.080
6.040		2.3421		0.0000		875.875		3.393		15.100		11.710696		28.120
6.040		2.3454		0.0000		875.871		3.397		15.100		11.727221		28.160
6.040		2.3485		0.0000		875.868		3.400		15.100		11.742368		28.200
6.038		2.3519		0.0000		875.865		3.403		15.095		11.759581		28.240
6.042		2.3558		0.0000		875.861		3.407		15.105		11.778858		28.280
6.048		2.3596		0.0000		875.857		3.411		15.120		11.798136		28.320
6.058		2.3629		0.0000		875.854		3.414		15.145		11.814660		28.360
6.062		2.3661		0.0000		875.851		3.417		15.155		11.830496		28.400
6.060		2.3693		0.0000		875.847		3.420		15.150		11.846332		28.440
6.058		2.3726		0.0000		875.844		3.424		15.145		11.862855		28.480
6.058		2.3756		0.0000		875.841		3.427		15.145		11.878002		28.520
6.056		2.3788		0.0000		875.838		3.430		15.140		11.893837		28.560
6.056		2.3819		0.0000		875.835		3.433		15.140		11.909674		28.600
6.056		2.3852		0.0000		875.831		3.436		15.140		11.926197		28.640
6.058		2.3890		0.0000		875.828		3.440		15.145		11.944786		28.680
6.064		2.3928		0.0000		875.824		3.444		15.160		11.964065		28.720
6.072		2.3963		0.0000		875.820		3.447		15.180		11.981277		28.760
6.080		2.3996		0.0000		875.817		3.451		15.200		11.997801		28.800
6.080		2.4026		0.0000		875.814		3.454		15.200		12.012948		28.840
6.078		2.4058		0.0000		875.811		3.457		15.195		12.028784		28.880
6.078		2.4091		0.0000		875.808		3.460		15.195		12.045307		28.920
6.076		2.4122		0.0000		875.805		3.463		15.190		12.061143		28.960
6.076		2.4154		0.0000		875.801		3.467		15.190		12.076979		29.000
6.074		2.4186		0.0000		875.798		3.470		15.185		12.092814		29.040
6.074		2.4221		0.0000		875.795		3.473		15.185		12.110715		29.080
6.078		2.4260		0.0000		875.791		3.477		15.195		12.129993		29.120
6.086		2.4297		0.0000		875.787		3.481		15.215		12.148582		29.160
6.092		2.4329		0.0000		875.784		3.484		15.230		12.164417		29.200
6.094		2.4361		0.0000		875.781		3.487		15.235		12.180253		29.240
6.092		2.4392		0.0000		875.778		3.490		15.230		12.196089		29.280
6.092		2.4424		0.0000		875.774		3.494		15.230		12.211925		29.320
6.090		2.4456		0.0000		875.771		3.497		15.225		12.227760		29.360
6.090		2.4487		0.0000		875.768		3.500		15.225		12.243595		29.400
6.090		2.4520		0.0000		875.765		3.503		15.225		12.260120		29.440
6.088		2.4553		0.0000		875.761		3.507		15.220		12.276644		29.480
6.090		2.4592		0.0000		875.758		3.510		15.225		12.295922		29.520
6.098		2.4630		0.0000		875.754		3.514		15.245		12.315199		29.560
6.106		2.4663		0.0000		875.750		3.518		15.265		12.331723		29.600
6.110		2.4695		0.0000		875.747		3.521		15.275		12.347559		29.640
6.108		2.4727		0.0000		875.744		3.524		15.270		12.363395		29.680
6.106		2.4758		0.0000		875.741		3.527		15.265		12.379230		29.720
6.106		2.4790		0.0000		875.738		3.530		15.265		12.395066		29.760
6.106		2.4823		0.0000		875.734		3.534		15.265		12.411590		29.800
6.104		2.4853		0.0000		875.731		3.537		15.260		12.426737		29.840
6.104		2.4887		0.0000		875.728		3.540		15.260		12.443260		29.880
6.104		2.4924		0.0000		875.724		3.544		15.260		12.461849		29.920
6.110		2.4962		0.0000		875.721		3.547		15.275		12.481128		29.960
6.120		2.4998		0.0000		875.717		3.551		15.300		12.499028		30.000
6.126		2.5028		0.0000		875.714		3.554		15.315		12.514176		30.040
6.126		2.5061		0.0000		875.711		3.557		15.315		12.530700		30.080
6.124		2.5093		0.0000		875.707		3.561		15.310		12.546535		30.120
6.122		2.5125		0.0000		875.704		3.564		15.305		12.562371		30.160
6.122		2.5156		0.0000		875.701		3.567		15.305		12.578206		30.200
6.122		2.5188		0.0000		875.698		3.570		15.305		12.594042		30.240
6.122		2.5221		0.0000		875.695		3.573		15.305		12.610565		30.280
6.122		2.5256		0.0000		875.691		3.577		15.305		12.627778		30.320
6.126		2.5294		0.0000		875.687		3.581		15.315		12.647057		30.360
6.134		2.5331		0.0000		875.684		3.584		15.335		12.665646		30.400
6.142		2.5363		0.0000		875.680		3.587		15.355		12.681482		30.440
6.144		2.5396		0.0000		875.677		3.591		15.360		12.698006		30.480
6.144		2.5426		0.0000		875.674		3.594		15.360		12.713152		30.520
6.142		2.5458		0.0000		875.671		3.597		15.355		12.728988		30.560
6.140		2.5490		0.0000		875.668		3.600		15.350		12.744823		30.600
6.140		2.5523		0.0000		875.664		3.603		15.350		12.761347		30.640
6.140		2.5554		0.0000		875.661		3.607		15.350		12.777184		30.680
6.138		2.5589		0.0000		875.658		3.610		15.345		12.794395		30.720
6.140		2.5626		0.0000		875.654		3.614		15.350		12.812985		30.760
6.146		2.5666		0.0000		875.650		3.618		15.365		12.832952		30.800
6.156		2.5696		0.0000		875.647		3.621		15.390		12.848099		30.840
6.160		2.5729		0.0000		875.644		3.624		15.400		12.864623		30.880
6.158		2.5761		0.0000		875.641		3.627		15.395		12.880458		30.920
6.156		2.5793		0.0000		875.638		3.630		15.390		12.896294		30.960
6.156		2.5824		0.0000		875.634		3.634		15.390		12.912129		31.000
6.154		2.5857		0.0000		875.631		3.637		15.385		12.928653		31.040
6.154		2.5888		0.0000		875.628		3.640		15.385		12.943800		31.080
6.154		2.5922		0.0000		875.625		3.643		15.385		12.961012		31.120
6.154		2.5958		0.0000		875.621		3.647		15.385		12.978914		31.160
6.160		2.5998		0.0000		875.617		3.651		15.400		12.998880		31.200
6.168		2.6032		0.0000		875.614		3.654		15.420		13.016092		31.240
6.174		2.6064		0.0000		875.610		3.658		15.435		13.031929		31.280
6.174		2.6094		0.0000		875.607		3.661		15.435		13.047075		31.320
6.172		2.6127		0.0000		875.604		3.664		15.430		13.063599		31.360
6.170		2.6159		0.0000		875.601		3.667		15.425		13.079434		31.400
6.170		2.6191		0.0000		875.598		3.670		15.425		13.095270		31.440
6.168		2.6222		0.0000		875.595		3.673		15.420		13.111105		31.480
6.168		2.6253		0.0000		875.591		3.676		15.420		13.126253		31.520
6.166		2.6291		0.0000		875.588		3.680		15.415		13.145531		31.560
6.172		2.6330		0.0000		875.584		3.684		15.430		13.164808		31.600
6.180		2.6365		0.0000		875.580		3.688		15.450		13.182709		31.640
6.188		2.6397		0.0000		875.577		3.691		15.470		13.198545		31.680
6.188		2.6429		0.0000		875.574		3.694		15.470		13.214380		31.720
6.184		2.6462		0.0000		875.571		3.697		15.460		13.230905		31.760
6.184		2.6493		0.0000		875.567		3.701		15.460		13.246740		31.800
6.182		2.6524		0.0000		875.564		3.704		15.455		13.261887		31.840
6.182		2.6555		0.0000		875.561		3.707		15.455		13.277722		31.880
6.180		2.6587		0.0000		875.558		3.710		15.450		13.293558		31.920
6.180		2.6623		0.0000		875.554		3.713		15.450		13.311459		31.960
6.182		2.6661		0.0000		875.551		3.717		15.455		13.330737		32.000
6.190		2.6699		0.0000		875.547		3.721		15.475		13.349327		32.040
6.198		2.6732		0.0000		875.544		3.724		15.495		13.365850		32.080
6.200		2.6763		0.0000		875.540		3.728		15.500		13.381686		32.120
6.198		2.6794		0.0000		875.537		3.731		15.495		13.396833		32.160
6.196		2.6827		0.0000		875.534		3.734		15.490		13.413357		32.200
6.196		2.6858		0.0000		875.531		3.737		15.490		13.429193		32.240
6.194		2.6890		0.0000		875.528		3.740		15.485		13.445028		32.280
6.192		2.6922		0.0000		875.525		3.743		15.480		13.460864		32.320
6.192		2.6955		0.0000		875.521		3.747		15.480		13.477387		32.360
6.192		2.6992		0.0000		875.518		3.750		15.480		13.495977		32.400
6.198		2.7032		0.0000		875.514		3.754		15.495		13.515944		32.440
6.208		2.7066		0.0000		875.510		3.758		15.520		13.533155		32.480
6.212		2.7098		0.0000		875.507		3.761		15.530		13.548992		32.520
6.212		2.7128		0.0000		875.504		3.764		15.530		13.564138		32.560
6.210		2.7161		0.0000		875.501		3.767		15.525		13.580662		32.600
6.208		2.7193		0.0000		875.497		3.771		15.520		13.596498		32.640
6.208		2.7223		0.0000		875.494		3.774		15.520		13.611645		32.680
6.206		2.7256		0.0000		875.491		3.777		15.515		13.628169		32.720
6.206		2.7289		0.0000		875.488		3.780		15.515		13.644693		32.760
6.206		2.7325		0.0000		875.484		3.784		15.515		13.662595		32.800
6.208		2.7364		0.0000		875.480		3.788		15.520		13.681871		32.840
6.216		2.7400		0.0000		875.477		3.791		15.540		13.699774		32.880
6.222		2.7431		0.0000		875.474		3.794		15.555		13.715609		32.920
6.222		2.7463		0.0000		875.470		3.797		15.555		13.731443		32.960
6.220		2.7495		0.0000		875.467		3.801		15.550		13.747280		33.000
6.218		2.7528		0.0000		875.464		3.804		15.545		13.763803		33.040
6.216		2.7559		0.0000		875.461		3.807		15.540		13.779639		33.080
6.214		2.7590		0.0000		875.458		3.810		15.535		13.794785		33.120
6.214		2.7621		0.0000		875.455		3.813		15.535		13.810621		33.160
6.212		2.7657		0.0000		875.451		3.817		15.530		13.828522		33.200
6.214		2.7694		0.0000		875.447		3.821		15.535		13.847112		33.240
6.222		2.7734		0.0000		875.443		3.825		15.555		13.867079		33.280
6.228		2.7766		0.0000		875.440		3.828		15.570		13.882914		33.320
6.230		2.7796		0.0000		875.437		3.831		15.575		13.898062		33.360
6.226		2.7829		0.0000		875.434		3.834		15.565		13.914585		33.400
6.224		2.7861		0.0000		875.431		3.837		15.560		13.930421		33.440
6.222		2.7893		0.0000		875.427		3.840		15.555		13.946256		33.480
6.222		2.7924		0.0000		875.424		3.844		15.555		13.962091		33.520
6.220		2.7957		0.0000		875.421		3.847		15.550		13.978616		33.560
6.220		2.7990		0.0000		875.418		3.850		15.550		13.995140		33.600
6.222		2.8026		0.0000		875.414		3.854		15.555		14.013041		33.640
6.228		2.8066		0.0000		875.410		3.858		15.570		14.033007		33.680
6.236		2.8099		0.0000		875.407		3.861		15.590		14.049531		33.720
6.240		2.8131		0.0000		875.404		3.864		15.600		14.065367		33.760
6.240		2.8164		0.0000		875.400		3.868		15.600		14.081890		33.800
6.238		2.8195		0.0000		875.397		3.871		15.595		14.097727		33.840
6.236		2.8227		0.0000		875.394		3.874		15.590		14.113561		33.880
6.234		2.8259		0.0000		875.391		3.877		15.585		14.129396		33.920
6.234		2.8289		0.0000		875.388		3.880		15.585		14.144545		33.960
6.232		2.8321		0.0000		875.385		3.883		15.580		14.160379		34.000
6.232		2.8359		0.0000		875.381		3.887		15.580		14.179658		34.040
6.236		2.8398		0.0000		875.377		3.891		15.590		14.198935		34.080
6.246		2.8434		0.0000		875.373		3.895		15.615		14.216837		34.120
6.252		2.8464		0.0000		875.370		3.898		15.630		14.231983		34.160
6.252		2.8497		0.0000		875.367		3.901		15.630		14.248507		34.200
6.248		2.8529		0.0000		875.364		3.904		15.620		14.264343		34.240
6.246		2.8560		0.0000		875.361		3.907		15.615		14.280178		34.280
6.246		2.8593		0.0000		875.357		3.911		15.615		14.296702		34.320
6.244		2.8624		0.0000		875.354		3.914		15.610		14.311850		34.360
6.242		2.8657		0.0000		875.351		3.917		15.605		14.328374		34.400
6.240		2.8690		0.0000		875.348		3.920		15.600		14.344897		34.440
6.242		2.8730		0.0000		875.344		3.924		15.605		14.364863		34.480
6.250		2.8767		0.0000		875.340		3.928		15.625		14.383453		34.520
6.256		2.8800		0.0000		875.337		3.931		15.640		14.399978		34.560
6.258		2.8832		0.0000		875.334		3.934		15.645		14.415812		34.600
6.256		2.8862		0.0000		875.331		3.937		15.640		14.430961		34.640
6.254		2.8895		0.0000		875.327		3.941		15.635		14.447484		34.680
6.252		2.8927		0.0000		875.324		3.944		15.630		14.463320		34.720
6.252		2.8958		0.0000		875.321		3.947		15.630		14.479156		34.760
6.250		2.8990		0.0000		875.318		3.950		15.625		14.494990		34.800
6.248		2.9023		0.0000		875.314		3.954		15.620		14.511515		34.840
6.248		2.9062		0.0000		875.311		3.957		15.620		14.530792		34.880
6.254		2.9100		0.0000		875.307		3.961		15.635		14.550071		34.920
6.262		2.9133		0.0000		875.303		3.965		15.655		14.566594		34.960
6.266		2.9165		0.0000		875.300		3.968		15.665		14.582430		35.000
6.264		2.9197		0.0000		875.297		3.971		15.660		14.598266		35.040
6.262		2.9228		0.0000		875.294		3.974		15.655		14.614100		35.080
6.260		2.9260		0.0000		875.291		3.977		15.650		14.629936		35.120
6.260		2.9292		0.0000		875.288		3.980		15.650		14.645772		35.160
6.260		2.9325		0.0000		875.284		3.984		15.650		14.662295		35.200
6.258		2.9356		0.0000		875.281		3.987		15.645		14.678131		35.240
6.258		2.9393		0.0000		875.277		3.991		15.645		14.696721		35.280
6.262		2.9432		0.0000		875.274		3.994		15.655		14.716000		35.320
6.268		2.9468		0.0000		875.270		3.998		15.670		14.733900		35.360
6.274		2.9499		0.0000		875.267		4.001		15.685		14.749735		35.400
6.274		2.9531		0.0000		875.264		4.004		15.685		14.765570		35.440
6.270		2.9563		0.0000		875.260		4.007		15.675		14.781406		35.480
6.268		2.9596		0.0000		875.257		4.011		15.670		14.797931		35.520
6.266		2.9628		0.0000		875.254		4.014		15.665		14.813766		35.560
6.264		2.9658		0.0000		875.251		4.017		15.660		14.828913		35.600
6.262		2.9691		0.0000		875.248		4.020		15.655		14.845438		35.640
6.260		2.9725		0.0000		875.244		4.024		15.650		14.862650		35.680
6.262		2.9764		0.0000		875.240		4.028		15.655		14.881927		35.720
6.270		2.9801		0.0000		875.237		4.031		15.675		14.900517		35.760
6.276		2.9833		0.0000		875.233		4.034		15.690		14.916353		35.800
6.276		2.9864		0.0000		875.230		4.038		15.690		14.932189		35.840
6.272		2.9896		0.0000		875.227		4.041		15.680		14.948023		35.880
6.270		2.9929		0.0000		875.224		4.044		15.675		14.964547		35.920
6.268		2.9961		0.0000		875.221		4.047		15.670		14.980383		35.960
6.266		2.9992		0.0000		875.218		4.050		15.665		14.996219		36.000
6.264		3.0025		0.0000		875.214		4.054		15.660		15.012743		36.040
6.262		3.0059		0.0000		875.211		4.057		15.655		15.029266		36.080
6.262		3.0096		0.0000		875.207		4.061		15.655		15.047855		36.120
6.266		3.0133		0.0000		875.203		4.064		15.665		15.066444		36.160
6.272		3.0167		0.0000		875.200		4.068		15.680		15.083658		36.200
6.274		3.0199		0.0000		875.197		4.071		15.685		15.099495		36.240
6.272		3.0231		0.0000		875.194		4.074		15.680		15.115328		36.280
6.270		3.0262		0.0000		875.190		4.077		15.675		15.131164		36.320
6.268		3.0294		0.0000		875.187		4.081		15.670		15.146999		36.360
6.266		3.0326		0.0000		875.184		4.084		15.665		15.162835		36.400
6.264		3.0359		0.0000		875.181		4.087		15.660		15.179359		36.440
6.262		3.0390		0.0000		875.178		4.090		15.655		15.195196		36.480
6.262		3.0428		0.0000		875.174		4.094		15.655		15.213785		36.520
6.266		3.0468		0.0000		875.170		4.098		15.665		15.233750		36.560
6.276		3.0502		0.0000		875.167		4.101		15.690		15.250964		36.600
6.280		3.0534		0.0000		875.163		4.105		15.700		15.266800		36.640
6.278		3.0565		0.0000		875.160		4.108		15.695		15.282636		36.680
6.276		3.0597		0.0000		875.157		4.111		15.690		15.298470		36.720
6.274		3.0629		0.0000		875.154		4.114		15.685		15.314304		36.760
6.272		3.0660		0.0000		875.151		4.117		15.680		15.330141		36.800
6.270		3.0693		0.0000		875.147		4.121		15.675		15.346665		36.840
6.268		3.0724		0.0000		875.144		4.124		15.670		15.361813		36.880
6.266		3.0759		0.0000		875.141		4.127		15.665		15.379713		36.920
6.268		3.0797		0.0000		875.137		4.131		15.670		15.398302		36.960
6.274		3.0835		0.0000		875.133		4.135		15.685		15.417581		37.000
6.282		3.0867		0.0000		875.130		4.138		15.705		15.433416		37.040
6.282		3.0899		0.0000		875.127		4.141		15.705		15.449252		37.080
6.280		3.0932		0.0000		875.124		4.144		15.700		15.465775		37.120
6.278		3.0962		0.0000		875.121		4.147		15.695		15.480924		37.160
6.274		3.0994		0.0000		875.117		4.151		15.685		15.496758		37.200
6.274		3.1027		0.0000		875.114		4.154		15.685		15.513282		37.240
6.272		3.1058		0.0000		875.111		4.157		15.680		15.529118		37.280
6.270		3.1093		0.0000		875.107		4.160		15.675		15.546329		37.320
6.272		3.1130		0.0000		875.104		4.164		15.680		15.564919		37.360
6.278		3.1168		0.0000		875.100		4.168		15.695		15.584197		37.400
6.286		3.1201		0.0000		875.097		4.171		15.715		15.600721		37.440
6.288		3.1233		0.0000		875.093		4.175		15.720		15.616558		37.480
6.286		3.1265		0.0000		875.090		4.178		15.715		15.632393		37.520
6.282		3.1296		0.0000		875.087		4.181		15.705		15.648230		37.560
6.280		3.1330		0.0000		875.084		4.184		15.700		15.664751		37.600
6.278		3.1361		0.0000		875.081		4.187		15.695		15.680588		37.640
6.276		3.1393		0.0000		875.077		4.190		15.690		15.696423		37.680
6.274		3.1426		0.0000		875.074		4.194		15.685		15.712948		37.720
6.272		3.1462		0.0000		875.071		4.197		15.680		15.730848		37.760
6.276		3.1500		0.0000		875.067		4.201		15.690		15.750127		37.800
6.282		3.1536		0.0000		875.063		4.205		15.705		15.768027		37.840
6.286		3.1568		0.0000		875.060		4.208		15.715		15.783863		37.880
6.284		3.1599		0.0000		875.057		4.211		15.710		15.799699		37.920
6.280		3.1631		0.0000		875.054		4.214		15.700		15.815535		37.960
6.278		3.1663		0.0000		875.050		4.217		15.695		15.831367		38.000
6.276		3.1694		0.0000		875.047		4.221		15.690		15.847204		38.040
6.272		3.1726		0.0000		875.044		4.224		15.680		15.863039		38.080
6.270		3.1759		0.0000		875.041		4.227		15.675		15.879564		38.120
6.268		3.1795		0.0000		875.037		4.231		15.670		15.897465		38.160
6.270		3.1832		0.0000		875.034		4.234		15.675		15.916054		38.200
6.276		3.1869		0.0000		875.030		4.238		15.690		15.934644		38.240
6.282		3.1901		0.0000		875.027		4.241		15.705		15.950480		38.280
6.282		3.1933		0.0000		875.023		4.244		15.705		15.966315		38.320
6.278		3.1966		0.0000		875.020		4.248		15.695		15.982840		38.360
6.276		3.1997		0.0000		875.017		4.251		15.690		15.998673		38.400
6.274		3.2028		0.0000		875.014		4.254		15.685		16.013823		38.440
6.272		3.2059		0.0000		875.011		4.257		15.680		16.029655		38.480
6.268		3.2092		0.0000		875.008		4.260		15.670		16.046181		38.521
6.266		3.2127		0.0000		875.004		4.264		15.665		16.063395		38.561
6.268		3.2164		0.0000		875.000		4.268		15.670		16.081984		38.601
6.272		3.2201		0.0000		874.997		4.271		15.680		16.100574		38.641
6.278		3.2236		0.0000		874.993		4.275		15.695		16.117785		38.681
6.280		3.2267		0.0000		874.990		4.278		15.700		16.133621		38.721
6.276		3.2299		0.0000		874.987		4.281		15.690		16.149456		38.761
6.272		3.2331		0.0000		874.984		4.284		15.680		16.165293		38.801
6.270		3.2364		0.0000		874.980		4.288		15.675		16.181814		38.841
6.266		3.2394		0.0000		874.977		4.291		15.665		16.196960		38.881
6.264		3.2426		0.0000		874.974		4.294		15.660		16.212797		38.921
6.262		3.2459		0.0000		874.971		4.297		15.655		16.229322		38.961
6.260		3.2494		0.0000		874.967		4.301		15.650		16.247223		39.001
6.262		3.2534		0.0000		874.963		4.305		15.655		16.267189		39.041
6.270		3.2570		0.0000		874.960		4.308		15.675		16.285091		39.081
6.272		3.2600		0.0000		874.957		4.311		15.680		16.300238		39.121
6.270		3.2634		0.0000		874.953		4.315		15.675		16.316761		39.161
6.264		3.2665		0.0000		874.950		4.318		15.660		16.332598		39.201
6.260		3.2697		0.0000		874.947		4.321		15.650		16.348434		39.241
6.258		3.2729		0.0000		874.944		4.324		15.645		16.364267		39.281
6.254		3.2760		0.0000		874.941		4.327		15.635		16.380102		39.321
6.250		3.2793		0.0000		874.937		4.331		15.625		16.396627		39.361
6.248		3.2828		0.0000		874.934		4.334		15.620		16.413839		39.401
6.248		3.2866		0.0000		874.930		4.338		15.620		16.433117		39.441
6.254		3.2903		0.0000		874.926		4.342		15.635		16.451706		39.481
6.258		3.2935		0.0000		874.923		4.345		15.645		16.467543		39.521
6.258		3.2967		0.0000		874.920		4.348		15.645		16.483379		39.561
6.254		3.3000		0.0000		874.917		4.351		15.635		16.499903		39.601
6.252		3.3031		0.0000		874.914		4.354		15.630		16.515739		39.641
6.248		3.3063		0.0000		874.910		4.358		15.620		16.531572		39.681
6.246		3.3093		0.0000		874.907		4.361		15.615		16.546722		39.721
6.242		3.3126		0.0000		874.904		4.364		15.605		16.563244		39.761
6.238		3.3161		0.0000		874.901		4.367		15.595		16.580458		39.801
6.238		3.3198		0.0000		874.897		4.371		15.595		16.599047		39.841
6.244		3.3237		0.0000		874.893		4.375		15.610		16.618326		39.881
6.250		3.3270		0.0000		874.890		4.378		15.625		16.634848		39.921
6.250		3.3301		0.0000		874.887		4.381		15.625		16.650684		39.961
6.246		3.3332		0.0000		874.884		4.384		15.615		16.665831		40.001
6.244		3.3365		0.0000		874.880		4.388		15.610		16.682356		40.041
6.242		3.3398		0.0000		874.877		4.391		15.605		16.698879		40.081
6.238		3.3428		0.0000		874.874		4.394		15.595		16.714027		40.121
6.236		3.3461		0.0000		874.871		4.397		15.590		16.730549		40.161
6.234		3.3494		0.0000		874.867		4.401		15.585		16.747074		40.201
6.232		3.3530		0.0000		874.864		4.404		15.580		16.764975		40.241
6.236		3.3569		0.0000		874.860		4.408		15.590		16.784252		40.281
6.242		3.3603		0.0000		874.856		4.411		15.605		16.801464		40.321
6.244		3.3636		0.0000		874.853		4.415		15.610		16.817989		40.361
6.242		3.3668		0.0000		874.850		4.418		15.605		16.833824		40.401
6.238		3.3699		0.0000		874.847		4.421		15.595		16.849661		40.441
6.236		3.3731		0.0000		874.844		4.424		15.590		16.865498		40.481
6.234		3.3763		0.0000		874.840		4.427		15.585		16.881332		40.521
6.232		3.3794		0.0000		874.837		4.431		15.580		16.897167		40.561
6.228		3.3826		0.0000		874.834		4.434		15.570		16.913002		40.601
6.226		3.3863		0.0000		874.830		4.438		15.565		16.931591		40.641
6.230		3.3902		0.0000		874.827		4.441		15.575		16.950871		40.681
6.236		3.3938		0.0000		874.823		4.445		15.590		16.968769		40.721
6.242		3.3968		0.0000		874.820		4.448		15.605		16.983919		40.761
6.240		3.4000		0.0000		874.817		4.451		15.600		16.999752		40.801
6.236		3.4033		0.0000		874.813		4.454		15.590		17.016277		40.841
6.232		3.4066		0.0000		874.810		4.458		15.580		17.032803		40.881
6.230		3.4097		0.0000		874.807		4.461		15.575		17.048637		40.921
6.226		3.4129		0.0000		874.804		4.464		15.565		17.064474		40.961
6.224		3.4161		0.0000		874.801		4.467		15.560		17.080307		41.001
6.222		3.4194		0.0000		874.797		4.471		15.555		17.096832		41.041
6.222		3.4232		0.0000		874.794		4.474		15.555		17.116110		41.081
6.226		3.4269		0.0000		874.790		4.478		15.565		17.134701		41.121
6.232		3.4302		0.0000		874.786		4.481		15.580		17.151224		41.161
6.232		3.4334		0.0000		874.783		4.485		15.580		17.167057		41.201
6.228		3.4367		0.0000		874.780		4.488		15.570		17.183582		41.241
6.226		3.4399		0.0000		874.777		4.491		15.565		17.199419		41.281
6.222		3.4431		0.0000		874.774		4.494		15.555		17.215254		41.321
6.218		3.4462		0.0000		874.771		4.497		15.545		17.231091		41.361
6.216		3.4494		0.0000		874.767		4.501		15.540		17.246925		41.401
6.212		3.4527		0.0000		874.764		4.504		15.530		17.263449		41.441
6.210		3.4565		0.0000		874.760		4.508		15.525		17.282726		41.481
6.214		3.4604		0.0000		874.756		4.512		15.535		17.302006		41.521
6.220		3.4638		0.0000		874.753		4.515		15.550		17.319218		41.561
6.222		3.4667		0.0000		874.750		4.518		15.555		17.333677		41.601
6.220		3.4700		0.0000		874.747		4.521		15.550		17.350199		41.641
6.216		3.4732		0.0000		874.744		4.524		15.540		17.366035		41.681
6.214		3.4765		0.0000		874.740		4.528		15.535		17.382561		41.721
6.210		3.4797		0.0000		874.737		4.531		15.525		17.398396		41.761
6.208		3.4828		0.0000		874.734		4.534		15.520		17.414230		41.801
6.204		3.4860		0.0000		874.731		4.537		15.510		17.430067		41.841
6.202		3.4896		0.0000		874.727		4.541		15.505		17.447968		41.881
6.202		3.4934		0.0000		874.723		4.545		15.505		17.467247		41.921
6.208		3.4972		0.0000		874.720		4.548		15.520		17.485836		41.961
6.212		3.5003		0.0000		874.716		4.552		15.530		17.501669		42.001
6.210		3.5035		0.0000		874.713		4.555		15.525		17.517506		42.041
6.206		3.5067		0.0000		874.710		4.558		15.515		17.533340		42.081
6.204		3.5098		0.0000		874.707		4.561		15.510		17.549175		42.121
6.202		3.5131		0.0000		874.704		4.564		15.505		17.565701		42.161
6.198		3.5163		0.0000		874.700		4.568		15.495		17.581537		42.201
6.196		3.5195		0.0000		874.697		4.571		15.490		17.597372		42.241
6.194		3.5229		0.0000		874.694		4.574		15.485		17.614584		42.281
6.194		3.5266		0.0000		874.690		4.578		15.485		17.633173		42.321
6.198		3.5304		0.0000		874.686		4.582		15.495		17.651764		42.361
6.204		3.5338		0.0000		874.683		4.585		15.510		17.668974		42.401
6.204		3.5368		0.0000		874.680		4.588		15.510		17.684124		42.441
6.198		3.5401		0.0000		874.677		4.591		15.495		17.700645		42.481
6.194		3.5433		0.0000		874.673		4.594		15.485		17.716482		42.521
6.192		3.5465		0.0000		874.670		4.598		15.480		17.732317		42.561
6.190		3.5496		0.0000		874.667		4.601		15.475		17.748154		42.601
6.186		3.5529		0.0000		874.664		4.604		15.465		17.764679		42.641
6.184		3.5562		0.0000		874.661		4.607		15.460		17.781200		42.681
6.182		3.5598		0.0000		874.657		4.611		15.455		17.799101		42.721
6.184		3.5637		0.0000		874.653		4.615		15.460		17.818378		42.761
6.192		3.5671		0.0000		874.650		4.618		15.480		17.835594		42.801
6.194		3.5703		0.0000		874.646		4.621		15.485		17.851429		42.841
6.190		3.5735		0.0000		874.643		4.625		15.475		17.867262		42.881
6.186		3.5768		0.0000		874.640		4.628		15.465		17.883787		42.921
6.184		3.5799		0.0000		874.637		4.631		15.460		17.899624		42.961
6.180		3.5830		0.0000		874.634		4.634		15.450		17.914770		43.001
6.176		3.5863		0.0000		874.630		4.637		15.440		17.931293		43.041
6.174		3.5894		0.0000		874.627		4.641		15.435		17.947130		43.081
6.172		3.5930		0.0000		874.624		4.644		15.430		17.965031		43.121
6.174		3.5970		0.0000		874.620		4.648		15.435		17.984997		43.161
6.180		3.6004		0.0000		874.616		4.652		15.450		18.002209		43.201
6.184		3.6036		0.0000		874.613		4.655		15.460		18.018045		43.241
6.182		3.6069		0.0000		874.610		4.658		15.455		18.034571		43.281
6.178		3.6101		0.0000		874.607		4.661		15.445		18.050404		43.321
6.174		3.6134		0.0000		874.603		4.665		15.435		18.066929		43.361
6.172		3.6166		0.0000		874.600		4.668		15.430		18.082764		43.401
6.170		3.6197		0.0000		874.597		4.671		15.425		18.098600		43.441
6.166		3.6229		0.0000		874.594		4.674		15.415		18.114435		43.481
6.164		3.6263		0.0000		874.590		4.678		15.410		18.131647		43.521
6.164		3.6302		0.0000		874.587		4.681		15.410		18.150925		43.561
6.170		3.6339		0.0000		874.583		4.685		15.425		18.169516		43.601
6.174		3.6371		0.0000		874.580		4.688		15.435		18.185350		43.641
6.176		3.6404		0.0000		874.576		4.692		15.440		18.201876		43.681
6.172		3.6434		0.0000		874.573		4.695		15.430		18.217022		43.721
6.170		3.6467		0.0000		874.570		4.698		15.425		18.233545		43.761
6.166		3.6499		0.0000		874.567		4.701		15.415		18.249380		43.801
6.164		3.6530		0.0000		874.564		4.704		15.410		18.265217		43.841
6.162		3.6562		0.0000		874.561		4.707		15.405		18.281052		43.881
6.158		3.6595		0.0000		874.557		4.711		15.395		18.297577		43.921
6.158		3.6634		0.0000		874.553		4.715		15.395		18.316853		43.961
6.162		3.6671		0.0000		874.550		4.718		15.405		18.335442		44.001
6.170		3.6705		0.0000		874.546		4.722		15.425		18.352657		44.041
6.172		3.6737		0.0000		874.543		4.725		15.430		18.368492		44.081
6.168		3.6769		0.0000		874.540		4.728		15.420		18.384327		44.121
6.164		3.6802		0.0000		874.537		4.731		15.410		18.400850		44.161
6.162		3.6833		0.0000		874.533		4.735		15.405		18.416687		44.201
6.160		3.6865		0.0000		874.530		4.738		15.400		18.432522		44.241
6.158		3.6897		0.0000		874.527		4.741		15.395		18.448357		44.281
6.156		3.6930		0.0000		874.524		4.744		15.390		18.464882		44.321
6.156		3.6966		0.0000		874.520		4.748		15.390		18.482782		44.361
6.158		3.7004		0.0000		874.516		4.752		15.395		18.502062		44.401
6.166		3.7039		0.0000		874.513		4.755		15.415		18.519272		44.441
6.170		3.7070		0.0000		874.510		4.758		15.425		18.535109		44.481
6.168		3.7102		0.0000		874.507		4.761		15.420		18.550945		44.521
6.164		3.7135		0.0000		874.503		4.765		15.410		18.567469		44.561
6.162		3.7167		0.0000		874.500		4.768		15.405		18.583302		44.601
6.158		3.7200		0.0000		874.497		4.771		15.395		18.599827		44.641
6.156		3.7231		0.0000		874.494		4.774		15.390		18.615664		44.681
6.152		3.7262		0.0000		874.491		4.777		15.380		18.630810		44.721
6.148		3.7297		0.0000		874.487		4.781		15.370		18.648710		44.761
6.148		3.7335		0.0000		874.483		4.785		15.370		18.667299		44.801
6.154		3.7373		0.0000		874.479		4.789		15.385		18.686579		44.841
6.160		3.7405		0.0000		874.476		4.792		15.400		18.702414		44.881
6.160		3.7436		0.0000		874.473		4.795		15.400		18.718250		44.921
6.156		3.7470		0.0000		874.470		4.798		15.390		18.734776		44.961
6.152		3.7500		0.0000		874.467		4.801		15.380		18.749922		45.001
6.150		3.7533		0.0000		874.463		4.804		15.375		18.766443		45.041
6.146		3.7565		0.0000		874.460		4.808		15.365		18.782280		45.081
6.144		3.7598		0.0000		874.457		4.811		15.360		18.798805		45.121
6.142		3.7631		0.0000		874.454		4.814		15.355		18.815329		45.161
6.140		3.7666		0.0000		874.450		4.818		15.350		18.833229		45.201
6.144		3.7705		0.0000		874.446		4.822		15.360		18.852509		45.241
6.150		3.7739		0.0000		874.443		4.825		15.375		18.869720		45.281
6.150		3.7771		0.0000		874.440		4.828		15.375		18.885555		45.321
6.148		3.7803		0.0000		874.436		4.831		15.370		18.901390		45.361
6.144		3.7836		0.0000		874.433		4.835		15.360		18.917913		45.401
6.140		3.7867		0.0000		874.430		4.838		15.350		18.933750		45.441
6.138		3.7899		0.0000		874.427		4.841		15.345		18.949585		45.481
6.134		3.7931		0.0000		874.424		4.844		15.335		18.965420		45.521
6.132		3.7963		0.0000		874.420		4.847		15.330		18.981256		45.561
6.130		3.8000		0.0000		874.417		4.851		15.325		18.999846		45.601
6.132		3.8038		0.0000		874.413		4.855		15.330		19.019125		45.641
6.138		3.8074		0.0000		874.409		4.859		15.345		19.037025		45.681
6.142		3.8106		0.0000		874.406		4.862		15.355		19.052860		45.721
6.140		3.8136		0.0000		874.403		4.865		15.350		19.068008		45.761
6.134		3.8169		0.0000		874.400		4.868		15.335		19.084532		45.801
6.132		3.8201		0.0000		874.397		4.871		15.330		19.100368		45.841
6.128		3.8232		0.0000		874.393		4.874		15.320		19.116201		45.881
6.126		3.8265		0.0000		874.390		4.878		15.315		19.132727		45.921
6.124		3.8297		0.0000		874.387		4.881		15.310		19.148561		45.961
6.120		3.8330		0.0000		874.384		4.884		15.300		19.165087		46.001
6.122		3.8369		0.0000		874.380		4.888		15.305		19.184362		46.041
6.126		3.8407		0.0000		874.376		4.892		15.315		19.203642		46.081
6.132		3.8439		0.0000		874.373		4.895		15.330		19.219477		46.121
6.132		3.8471		0.0000		874.370		4.898		15.330		19.235313		46.161
6.128		3.8504		0.0000		874.366		4.902		15.320		19.251839		46.201
6.122		3.8535		0.0000		874.363		4.905		15.305		19.267673		46.241
6.120		3.8567		0.0000		874.360		4.908		15.300		19.283506		46.281
6.116		3.8599		0.0000		874.357		4.911		15.290		19.299343		46.321
6.112		3.8630		0.0000		874.354		4.914		15.280		19.315178		46.361
6.110		3.8665		0.0000		874.350		4.918		15.275		19.332392		46.401
6.110		3.8702		0.0000		874.347		4.921		15.275		19.350983		46.441
6.114		3.8741		0.0000		874.343		4.925		15.285		19.370258		46.481
6.120		3.8774		0.0000		874.339		4.929		15.300		19.386784		46.521
6.122		3.8805		0.0000		874.336		4.932		15.305		19.402618		46.561
6.120		3.8836		0.0000		874.333		4.935		15.300		19.417765		46.601
6.116		3.8870		0.0000		874.330		4.938		15.290		19.434978		46.641
6.112		3.8902		0.0000		874.327		4.941		15.280		19.450815		46.681
6.110		3.8932		0.0000		874.324		4.944		15.275		19.465961		46.721
6.106		3.8964		0.0000		874.320		4.948		15.265		19.481796		46.761
6.104		3.8998		0.0000		874.317		4.951		15.260		19.499008		46.801
6.102		3.9032		0.0000		874.313		4.954		15.255		19.516220		46.841
6.104		3.9072		0.0000		874.310		4.958		15.260		19.536188		46.881
6.110		3.9108		0.0000		874.306		4.962		15.275		19.554089		46.921
6.114		3.9138		0.0000		874.303		4.965		15.285		19.569235		46.961
6.112		3.9172		0.0000		874.300		4.968		15.280		19.585760		47.001
6.110		3.9203		0.0000		874.296		4.972		15.275		19.601595		47.041
6.106		3.9235		0.0000		874.293		4.975		15.265		19.617432		47.081
6.104		3.9267		0.0000		874.290		4.978		15.260		19.633266		47.121
6.102		3.9298		0.0000		874.287		4.981		15.255		19.649103		47.161
6.100		3.9331		0.0000		874.284		4.984		15.250		19.665625		47.201
6.096		3.9366		0.0000		874.280		4.988		15.240		19.682838		47.241
6.098		3.9404		0.0000		874.276		4.992		15.245		19.702114		47.281
6.104		3.9441		0.0000		874.273		4.995		15.260		19.720705		47.321
6.108		3.9473		0.0000		874.269		4.999		15.270		19.736540		47.361
6.108		3.9505		0.0000		874.266		5.002		15.270		19.752377		47.401
6.104		3.9536		0.0000		874.263		5.005		15.260		19.768211		47.441
6.100		3.9569		0.0000		874.260		5.008		15.250		19.784737		47.481
6.098		3.9601		0.0000		874.257		5.011		15.245		19.800571		47.521
6.096		3.9633		0.0000		874.253		5.014		15.240		19.816408		47.561
6.094		3.9664		0.0000		874.250		5.018		15.235		19.832241		47.601
6.092		3.9699		0.0000		874.247		5.021		15.230		19.849455		47.641
6.092		3.9736		0.0000		874.243		5.025		15.230		19.868046		47.681
6.096		3.9775		0.0000		874.239		5.029		15.240		19.887323		47.721
6.102		3.9808		0.0000		874.236		5.032		15.255		19.903847		47.761
6.104		3.9839		0.0000		874.233		5.035		15.260		19.919682		47.801
6.100		3.9871		0.0000		874.230		5.038		15.250		19.935516		47.841
6.098		3.9903		0.0000		874.227		5.041		15.245		19.951353		47.881
6.094		3.9934		0.0000		874.223		5.045		15.235		19.967190		47.921
6.092		3.9967		0.0000		874.220		5.048		15.230		19.983713		47.961
6.088		3.9998		0.0000		874.217		5.051		15.220		19.998859		48.001
6.086		4.0031		0.0000		874.214		5.054		15.215		20.015383		48.041
6.084		4.0068		0.0000		874.210		5.058		15.210		20.033972		48.081
6.088		4.0107		0.0000		874.206		5.062		15.220		20.053251		48.121
6.094		4.0142		0.0000		874.203		5.065		15.235		20.071152		48.161
6.098		4.0173		0.0000		874.199		5.068		15.245		20.086298		48.201
6.096		4.0204		0.0000		874.196		5.072		15.240		20.102135		48.241
6.092		4.0237		0.0000		874.193		5.075		15.230		20.118658		48.281
6.088		4.0269		0.0000		874.190		5.078		15.220		20.134495		48.321
6.086		4.0302		0.0000		874.187		5.081		15.215		20.151020		48.361
6.082		4.0334		0.0000		874.183		5.085		15.205		20.166853		48.401
6.078		4.0365		0.0000		874.180		5.088		15.195		20.182688		48.441
6.076		4.0401		0.0000		874.177		5.091		15.190		20.200592		48.481
6.078		4.0438		0.0000		874.173		5.095		15.195		20.219181		48.521
6.082		4.0476		0.0000		874.169		5.099		15.205		20.237770		48.561
6.088		4.0507		0.0000		874.166		5.102		15.220		20.253603		48.601
6.088		4.0540		0.0000		874.163		5.105		15.220		20.270128		48.641
6.084		4.0571		0.0000		874.160		5.108		15.210		20.285275		48.681
6.080		4.0604		0.0000		874.156		5.112		15.200		20.301800		48.721
6.076		4.0635		0.0000		874.153		5.115		15.190		20.317635		48.761
6.072		4.0667		0.0000		874.150		5.118		15.180		20.333471		48.801
6.068		4.0700		0.0000		874.147		5.121		15.170		20.349995		48.841
6.066		4.0733		0.0000		874.143		5.125		15.165		20.366518		48.881
6.064		4.0770		0.0000		874.140		5.128		15.160		20.385109		48.921
6.068		4.0809		0.0000		874.136		5.132		15.170		20.404387		48.961
6.074		4.0842		0.0000		874.133		5.135		15.185		20.420910		49.001
6.074		4.0872		0.0000		874.130		5.138		15.185		20.436058		49.041
6.070		4.0905		0.0000		874.126		5.142		15.175		20.452579		49.081
6.066		4.0937		0.0000		874.123		5.145		15.165		20.468416		49.121
6.064		4.0969		0.0000		874.120		5.148		15.160		20.484253		49.161
6.060		4.1000		0.0000		874.117		5.151		15.150		20.500088		49.201
6.058		4.1033		0.0000		874.113		5.155		15.145		20.516613		49.241
6.056		4.1065		0.0000		874.110		5.158		15.140		20.532446		49.281
6.054		4.1102		0.0000		874.107		5.161		15.135		20.551035		49.321
6.056		4.1142		0.0000		874.103		5.165		15.140		20.571003		49.361
6.062		4.1176		0.0000		874.099		5.169		15.155		20.588215		49.401
6.064		4.1208		0.0000		874.096		5.172		15.160		20.604050		49.441
6.060		4.1240		0.0000		874.093		5.175		15.150		20.619886		49.481
6.056		4.1271		0.0000		874.090		5.178		15.140		20.635721		49.521
6.052		4.1303		0.0000		874.086		5.182		15.130		20.651558		49.561
6.048		4.1335		0.0000		874.083		5.185		15.120		20.667393		49.601
6.044		4.1366		0.0000		874.080		5.188		15.110		20.683229		49.641
6.040		4.1400		0.0000		874.077		5.191		15.100		20.699751		49.681
6.036		4.1434		0.0000		874.073		5.195		15.090		20.716965		49.721
6.038		4.1472		0.0000		874.070		5.198		15.095		20.736244		49.761
6.044		4.1511		0.0000		874.066		5.202		15.110		20.755520		49.801
6.048		4.1541		0.0000		874.063		5.205		15.120		20.770668		49.841
6.046		4.1574		0.0000		874.059		5.209		15.115		20.787191		49.881
6.042		4.1605		0.0000		874.056		5.212		15.105		20.802338		49.921
6.038		4.1638		0.0000		874.053		5.215		15.095		20.818863		49.961
6.034		4.1669		0.0000		874.050		5.218		15.085		20.834698		50.001
6.030		4.1701		0.0000		874.047		5.221		15.075		20.850534		50.041
6.028		4.1734		0.0000		874.043		5.225		15.070		20.867060		50.081
6.024		4.1767		0.0000		874.040		5.228		15.060		20.883581		50.121
6.024		4.1804		0.0000		874.036		5.232		15.060		20.902172		50.161
6.028		4.1844		0.0000		874.032		5.236		15.070		20.922138		50.201
6.034		4.1876		0.0000		874.029		5.239		15.085		20.937975		50.241
6.034		4.1909		0.0000		874.026		5.242		15.085		20.954496		50.281
6.030		4.1941		0.0000		874.023		5.245		15.075		20.970333		50.321
6.024		4.1972		0.0000		874.020		5.248		15.060		20.986168		50.361
6.020		4.2004		0.0000		874.016		5.252		15.050		21.002005		50.401
6.018		4.2034		0.0000		874.013		5.255		15.045		21.017151		50.441
6.014		4.2066		0.0000		874.010		5.258		15.035		21.032986		50.481
6.010		4.2099		0.0000		874.007		5.261		15.025		21.049511		50.521
6.008		4.2136		0.0000		874.003		5.265		15.020		21.068100		50.561
6.012		4.2176		0.0000		873.999		5.269		15.030		21.088066		50.601
6.020		4.2211		0.0000		873.996		5.272		15.050		21.105280		50.641
6.022		4.2242		0.0000		873.992		5.275		15.055		21.121117		50.681
6.020		4.2274		0.0000		873.989		5.279		15.050		21.136950		50.721
6.016		4.2306		0.0000		873.986		5.282		15.040		21.152784		50.761
6.012		4.2337		0.0000		873.983		5.285		15.030		21.168621		50.801
6.010		4.2369		0.0000		873.980		5.288		15.025		21.184456		50.841
6.006		4.2402		0.0000		873.977		5.291		15.015		21.200981		50.881
6.004		4.2434		0.0000		873.973		5.295		15.010		21.216816		50.921
6.000		4.2468		0.0000		873.970		5.298		15.000		21.234028		50.961
6.002		4.2508		0.0000		873.966		5.302		15.005		21.253996		51.001
6.008		4.2544		0.0000		873.962		5.306		15.020		21.271896		51.041
6.014		4.2577		0.0000		873.959		5.309		15.035		21.288422		51.081
6.012		4.2609		0.0000		873.956		5.312		15.030		21.304255		51.121
6.006		4.2640		0.0000		873.953		5.315		15.015		21.320091		51.161
6.002		4.2672		0.0000		873.950		5.318		15.005		21.335926		51.201
5.998		4.2704		0.0000		873.946		5.322		14.995		21.351761		51.241
5.996		4.2734		0.0000		873.943		5.325		14.990		21.366909		51.281
5.992		4.2767		0.0000		873.940		5.328		14.980		21.383434		51.321
5.990		4.2801		0.0000		873.937		5.331		14.975		21.400644		51.361
5.990		4.2838		0.0000		873.933		5.335		14.975		21.419235		51.401
5.994		4.2877		0.0000		873.929		5.339		14.985		21.438513		51.441
6.000		4.2910		0.0000		873.926		5.342		15.000		21.455038		51.481
6.000		4.2942		0.0000		873.923		5.345		15.000		21.470873		51.521
5.994		4.2973		0.0000		873.919		5.349		14.985		21.486710		51.561
5.990		4.3006		0.0000		873.916		5.352		14.975		21.503231		51.601
5.986		4.3037		0.0000		873.913		5.355		14.965		21.518379		51.641
5.982		4.3068		0.0000		873.910		5.358		14.955		21.534214		51.681
5.976		4.3100		0.0000		873.907		5.361		14.940		21.550049		51.721
5.974		4.3135		0.0000		873.903		5.365		14.935		21.567265		51.761
5.972		4.3170		0.0000		873.900		5.368		14.930		21.585163		51.801
5.974		4.3210		0.0000		873.896		5.372		14.935		21.605129		51.841
5.980		4.3245		0.0000		873.892		5.376		14.950		21.622343		51.881
5.982		4.3276		0.0000		873.889		5.379		14.955		21.638180		51.921
5.978		4.3307		0.0000		873.886		5.382		14.945		21.653326		51.961
5.974		4.3340		0.0000		873.883		5.385		14.935		21.669847		52.001
5.970		4.3371		0.0000		873.880		5.388		14.925		21.685684		52.041
