数据量:1192
试验力		变形		扩展变形		位置		位移		应力		应变		时间
0.010		0.0000		0.0000		878.234		0.889		0.025		0.000000		0.040
0.010		0.0034		0.0000		878.230		0.892		0.025		0.017213		0.080
0.012		0.0067		0.0000		878.227		0.895		0.030		0.033737		0.120
0.014		0.0099		0.0000		878.224		0.899		0.035		0.049572		0.160
0.016		0.0132		0.0000		878.220		0.902		0.040		0.066096		0.200
0.018		0.0164		0.0000		878.217		0.905		0.045		0.081932		0.240
0.020		0.0196		0.0000		878.214		0.908		0.050		0.097767		0.280
0.022		0.0229		0.0000		878.211		0.912		0.055		0.114291		0.320
0.024		0.0260		0.0000		878.208		0.915		0.060		0.130126		0.360
0.026		0.0296		0.0000		878.204		0.918		0.065		0.148028		0.400
0.028		0.0332		0.0000		878.201		0.922		0.070		0.165929		0.440
0.030		0.0370		0.0000		878.197		0.926		0.075		0.185207		0.480
0.034		0.0401		0.0000		878.194		0.929		0.085		0.200354		0.520
0.036		0.0432		0.0000		878.190		0.932		0.090		0.216189		0.560
0.040		0.0465		0.0000		878.187		0.935		0.100		0.232713		0.600
0.042		0.0497		0.0000		878.184		0.938		0.105		0.248548		0.640
0.046		0.0530		0.0000		878.181		0.942		0.115		0.265073		0.680
0.048		0.0562		0.0000		878.177		0.945		0.120		0.280908		0.720
0.054		0.0595		0.0000		878.174		0.948		0.135		0.297432		0.760
0.058		0.0628		0.0000		878.171		0.952		0.145		0.313956		0.800
0.062		0.0665		0.0000		878.167		0.955		0.155		0.332546		0.840
0.066		0.0701		0.0000		878.164		0.959		0.165		0.350446		0.880
0.072		0.0735		0.0000		878.160		0.962		0.180		0.367659		0.920
0.076		0.0767		0.0000		878.157		0.965		0.190		0.383494		0.960
0.082		0.0800		0.0000		878.154		0.969		0.205		0.400018		1.000
0.088		0.0832		0.0000		878.151		0.972		0.220		0.415854		1.040
0.092		0.0863		0.0000		878.147		0.975		0.230		0.431690		1.080
0.100		0.0896		0.0000		878.144		0.978		0.250		0.448214		1.120
0.106		0.0928		0.0000		878.141		0.982		0.265		0.464049		1.160
0.114		0.0961		0.0000		878.138		0.985		0.285		0.480573		1.200
0.122		0.0997		0.0000		878.134		0.988		0.305		0.498474		1.240
0.130		0.1036		0.0000		878.130		0.992		0.325		0.517752		1.280
0.140		0.1069		0.0000		878.127		0.996		0.350		0.534276		1.320
0.152		0.1102		0.0000		878.123		0.999		0.380		0.550800		1.360
0.160		0.1133		0.0000		878.120		1.002		0.400		0.566635		1.400
0.170		0.1165		0.0000		878.117		1.005		0.425		0.582471		1.440
0.180		0.1198		0.0000		878.114		1.009		0.450		0.598995		1.480
0.190		0.1231		0.0000		878.111		1.012		0.475		0.615519		1.520
0.202		0.1263		0.0000		878.107		1.015		0.505		0.631355		1.560
0.212		0.1294		0.0000		878.104		1.018		0.530		0.647190		1.600
0.224		0.1330		0.0000		878.101		1.022		0.560		0.665091		1.640
0.236		0.1367		0.0000		878.097		1.025		0.590		0.683680		1.680
0.248		0.1403		0.0000		878.093		1.029		0.620		0.701582		1.720
0.262		0.1435		0.0000		878.090		1.032		0.655		0.717417		1.760
0.274		0.1467		0.0000		878.087		1.035		0.685		0.733252		1.800
0.286		0.1500		0.0000		878.084		1.039		0.715		0.749777		1.840
0.298		0.1531		0.0000		878.081		1.042		0.745		0.765612		1.880
0.310		0.1564		0.0000		878.077		1.045		0.775		0.782136		1.920
0.322		0.1597		0.0000		878.074		1.048		0.805		0.798660		1.960
0.332		0.1629		0.0000		878.071		1.052		0.830		0.814495		2.000
0.344		0.1663		0.0000		878.067		1.055		0.860		0.831708		2.040
0.356		0.1699		0.0000		878.064		1.059		0.890		0.849609		2.080
0.368		0.1736		0.0000		878.060		1.062		0.920		0.868199		2.120
0.384		0.1768		0.0000		878.057		1.066		0.960		0.884034		2.160
0.400		0.1801		0.0000		878.054		1.069		1.000		0.900558		2.200
0.416		0.1834		0.0000		878.050		1.072		1.040		0.917082		2.240
0.430		0.1866		0.0000		878.047		1.075		1.075		0.932917		2.280
0.446		0.1898		0.0000		878.044		1.078		1.115		0.948753		2.320
0.460		0.1929		0.0000		878.041		1.082		1.150		0.964588		2.360
0.476		0.1964		0.0000		878.037		1.085		1.190		0.981801		2.400
0.490		0.1997		0.0000		878.034		1.088		1.225		0.998325		2.440
0.506		0.2032		0.0000		878.030		1.092		1.265		1.016226		2.480
0.522		0.2070		0.0000		878.027		1.096		1.305		1.034816		2.520
0.540		0.2103		0.0000		878.023		1.099		1.350		1.051340		2.560
0.560		0.2134		0.0000		878.020		1.102		1.400		1.067175		2.600
0.576		0.2167		0.0000		878.017		1.105		1.440		1.083699		2.640
0.592		0.2199		0.0000		878.014		1.109		1.480		1.099534		2.680
0.608		0.2232		0.0000		878.010		1.112		1.520		1.116059		2.720
0.624		0.2264		0.0000		878.007		1.115		1.560		1.131894		2.760
0.638		0.2297		0.0000		878.004		1.118		1.595		1.148418		2.800
0.652		0.2329		0.0000		878.001		1.122		1.630		1.164254		2.840
0.664		0.2364		0.0000		877.997		1.125		1.660		1.182155		2.880
0.680		0.2401		0.0000		877.994		1.129		1.700		1.200744		2.920
0.696		0.2437		0.0000		877.990		1.132		1.740		1.218645		2.960
0.714		0.2469		0.0000		877.987		1.136		1.785		1.234480		3.000
0.732		0.2501		0.0000		877.984		1.139		1.830		1.250316		3.040
0.748		0.2534		0.0000		877.980		1.142		1.870		1.266840		3.080
0.766		0.2567		0.0000		877.977		1.145		1.915		1.283364		3.120
0.784		0.2597		0.0000		877.974		1.148		1.960		1.298511		3.160
0.802		0.2630		0.0000		877.971		1.152		2.005		1.315035		3.200
0.820		0.2663		0.0000		877.967		1.155		2.050		1.331559		3.240
0.838		0.2696		0.0000		877.964		1.158		2.095		1.348083		3.280
0.856		0.2733		0.0000		877.960		1.162		2.140		1.366672		3.320
0.876		0.2771		0.0000		877.957		1.166		2.190		1.385262		3.360
0.896		0.2804		0.0000		877.953		1.169		2.240		1.401786		3.400
0.914		0.2835		0.0000		877.950		1.172		2.285		1.417622		3.440
0.932		0.2868		0.0000		877.947		1.176		2.330		1.434145		3.480
0.950		0.2900		0.0000		877.944		1.179		2.375		1.449981		3.520
0.968		0.2932		0.0000		877.940		1.182		2.420		1.465817		3.560
0.988		0.2965		0.0000		877.937		1.185		2.470		1.482340		3.600
1.006		0.2996		0.0000		877.934		1.188		2.515		1.498176		3.640
1.026		0.3029		0.0000		877.931		1.192		2.565		1.514700		3.680
1.046		0.3065		0.0000		877.927		1.195		2.615		1.532601		3.720
1.066		0.3104		0.0000		877.923		1.199		2.665		1.551879		3.760
1.090		0.3137		0.0000		877.920		1.202		2.725		1.568403		3.800
1.112		0.3170		0.0000		877.917		1.206		2.780		1.584927		3.840
1.132		0.3202		0.0000		877.914		1.209		2.830		1.600762		3.880
1.152		0.3233		0.0000		877.910		1.212		2.880		1.616598		3.920
1.172		0.3266		0.0000		877.907		1.215		2.930		1.633122		3.960
1.192		0.3299		0.0000		877.904		1.219		2.980		1.649646		4.000
1.214		0.3331		0.0000		877.901		1.222		3.035		1.665482		4.040
1.234		0.3363		0.0000		877.897		1.225		3.085		1.681317		4.080
1.256		0.3400		0.0000		877.894		1.229		3.140		1.699906		4.120
1.280		0.3436		0.0000		877.890		1.232		3.200		1.717807		4.160
1.306		0.3470		0.0000		877.887		1.236		3.265		1.735020		4.200
1.332		0.3503		0.0000		877.883		1.239		3.330		1.751544		4.240
1.358		0.3536		0.0000		877.880		1.242		3.395		1.768068		4.280
1.382		0.3568		0.0000		877.877		1.245		3.455		1.783904		4.320
1.406		0.3601		0.0000		877.874		1.249		3.515		1.800428		4.360
1.430		0.3633		0.0000		877.870		1.252		3.575		1.816263		4.400
1.454		0.3664		0.0000		877.867		1.255		3.635		1.832099		4.440
1.478		0.3697		0.0000		877.864		1.258		3.695		1.848622		4.480
1.502		0.3732		0.0000		877.860		1.262		3.755		1.865835		4.520
1.528		0.3769		0.0000		877.857		1.266		3.820		1.884424		4.560
1.554		0.3806		0.0000		877.853		1.269		3.885		1.903014		4.600
1.582		0.3838		0.0000		877.850		1.272		3.955		1.918850		4.640
1.610		0.3869		0.0000		877.847		1.276		4.025		1.934685		4.680
1.634		0.3901		0.0000		877.844		1.279		4.085		1.950521		4.720
1.658		0.3934		0.0000		877.840		1.282		4.145		1.967045		4.760
1.682		0.3966		0.0000		877.837		1.285		4.205		1.982880		4.800
1.706		0.3999		0.0000		877.834		1.289		4.265		1.999404		4.840
1.732		0.4030		0.0000		877.831		1.292		4.330		2.015239		4.880
1.756		0.4064		0.0000		877.827		1.295		4.390		2.031764		4.920
1.780		0.4101		0.0000		877.824		1.299		4.450		2.050353		4.960
1.808		0.4137		0.0000		877.820		1.302		4.520		2.068254		5.000
1.836		0.4171		0.0000		877.817		1.306		4.590		2.085467		5.040
1.864		0.4203		0.0000		877.813		1.309		4.660		2.101302		5.080
1.890		0.4236		0.0000		877.810		1.312		4.725		2.117826		5.120
1.914		0.4267		0.0000		877.807		1.315		4.785		2.133662		5.160
1.940		0.4300		0.0000		877.804		1.319		4.850		2.150185		5.200
1.964		0.4332		0.0000		877.800		1.322		4.910		2.166021		5.240
1.990		0.4364		0.0000		877.797		1.325		4.975		2.181856		5.280
2.014		0.4395		0.0000		877.794		1.328		5.035		2.197692		5.320
2.040		0.4434		0.0000		877.790		1.332		5.100		2.216970		5.360
2.066		0.4470		0.0000		877.787		1.336		5.165		2.234871		5.400
2.096		0.4506		0.0000		877.783		1.339		5.240		2.252772		5.440
2.126		0.4539		0.0000		877.780		1.343		5.315		2.269296		5.480
2.154		0.4569		0.0000		877.777		1.346		5.385		2.284443		5.520
2.178		0.4602		0.0000		877.773		1.349		5.445		2.300967		5.560
2.202		0.4634		0.0000		877.770		1.352		5.505		2.316803		5.600
2.228		0.4667		0.0000		877.767		1.355		5.570		2.333327		5.640
2.254		0.4698		0.0000		877.764		1.359		5.635		2.349162		5.680
2.278		0.4731		0.0000		877.760		1.362		5.695		2.365686		5.720
2.302		0.4766		0.0000		877.757		1.365		5.755		2.382899		5.760
2.330		0.4803		0.0000		877.753		1.369		5.825		2.401488		5.800
2.358		0.4839		0.0000		877.750		1.373		5.895		2.419389		5.840
2.388		0.4872		0.0000		877.746		1.376		5.970		2.435913		5.880
2.416		0.4903		0.0000		877.743		1.379		6.040		2.451749		5.920
2.440		0.4937		0.0000		877.740		1.382		6.100		2.468273		5.960
2.466		0.4968		0.0000		877.737		1.386		6.165		2.484108		6.000
2.490		0.5000		0.0000		877.734		1.389		6.225		2.499944		6.040
2.516		0.5032		0.0000		877.731		1.392		6.290		2.515779		6.080
2.540		0.5065		0.0000		877.727		1.395		6.350		2.532303		6.120
2.564		0.5098		0.0000		877.724		1.398		6.410		2.548827		6.160
2.590		0.5135		0.0000		877.720		1.402		6.475		2.567417		6.200
2.618		0.5172		0.0000		877.716		1.406		6.545		2.586006		6.240
2.646		0.5206		0.0000		877.713		1.409		6.615		2.603218		6.280
2.676		0.5238		0.0000		877.710		1.413		6.690		2.619054		6.320
2.700		0.5268		0.0000		877.707		1.416		6.750		2.634201		6.360
2.724		0.5301		0.0000		877.703		1.419		6.810		2.650725		6.400
2.748		0.5333		0.0000		877.700		1.422		6.870		2.666561		6.440
2.772		0.5366		0.0000		877.697		1.425		6.930		2.683084		6.480
2.798		0.5399		0.0000		877.694		1.429		6.995		2.699609		6.520
2.822		0.5431		0.0000		877.691		1.432		7.055		2.715444		6.560
2.846		0.5467		0.0000		877.687		1.435		7.115		2.733345		6.600
2.872		0.5504		0.0000		877.683		1.439		7.180		2.751934		6.640
2.900		0.5540		0.0000		877.680		1.443		7.250		2.769835		6.680
2.930		0.5571		0.0000		877.677		1.446		7.325		2.785671		6.720
2.954		0.5604		0.0000		877.673		1.449		7.385		2.802195		6.760
2.978		0.5636		0.0000		877.670		1.452		7.445		2.818030		6.800
3.000		0.5669		0.0000		877.667		1.456		7.500		2.834555		6.840
3.024		0.5699		0.0000		877.664		1.459		7.560		2.849701		6.880
3.046		0.5731		0.0000		877.661		1.462		7.615		2.865537		6.920
3.070		0.5764		0.0000		877.657		1.465		7.675		2.882061		6.960
3.092		0.5799		0.0000		877.654		1.469		7.730		2.899273		7.000
3.116		0.5837		0.0000		877.650		1.472		7.790		2.918551		7.040
3.144		0.5874		0.0000		877.646		1.476		7.860		2.937141		7.080
3.172		0.5906		0.0000		877.643		1.479		7.930		2.952976		7.120
3.198		0.5938		0.0000		877.640		1.482		7.995		2.968812		7.160
3.222		0.5969		0.0000		877.637		1.486		8.055		2.984648		7.200
3.242		0.6002		0.0000		877.633		1.489		8.105		3.001172		7.240
3.264		0.6034		0.0000		877.630		1.492		8.160		3.017007		7.280
3.286		0.6067		0.0000		877.627		1.495		8.215		3.033531		7.320
3.308		0.6099		0.0000		877.624		1.499		8.270		3.049367		7.360
3.330		0.6133		0.0000		877.620		1.502		8.325		3.066579		7.400
3.352		0.6168		0.0000		877.617		1.505		8.380		3.083791		7.440
3.376		0.6206		0.0000		877.613		1.509		8.440		3.103069		7.480
3.402		0.6239		0.0000		877.610		1.513		8.505		3.119594		7.520
3.428		0.6271		0.0000		877.607		1.516		8.570		3.135429		7.560
3.450		0.6303		0.0000		877.603		1.519		8.625		3.151264		7.600
3.470		0.6336		0.0000		877.600		1.522		8.675		3.167789		7.640
3.492		0.6369		0.0000		877.597		1.526		8.730		3.184312		7.680
3.512		0.6399		0.0000		877.594		1.529		8.780		3.199460		7.720
3.532		0.6432		0.0000		877.590		1.532		8.830		3.215984		7.760
3.552		0.6464		0.0000		877.587		1.535		8.880		3.231819		7.800
3.574		0.6501		0.0000		877.584		1.539		8.935		3.250408		7.840
3.596		0.6538		0.0000		877.580		1.543		8.990		3.268998		7.880
3.620		0.6574		0.0000		877.576		1.546		9.050		3.286899		7.920
3.646		0.6605		0.0000		877.573		1.549		9.115		3.302735		7.960
3.666		0.6637		0.0000		877.570		1.552		9.165		3.318570		8.000
3.686		0.6669		0.0000		877.567		1.556		9.215		3.334406		8.040
3.704		0.6703		0.0000		877.563		1.559		9.260		3.351618		8.080
3.722		0.6735		0.0000		877.560		1.562		9.305		3.367454		8.120
3.742		0.6767		0.0000		877.557		1.565		9.355		3.383289		8.160
3.760		0.6798		0.0000		877.554		1.569		9.400		3.399124		8.200
3.778		0.6834		0.0000		877.550		1.572		9.445		3.417026		8.240
3.798		0.6871		0.0000		877.547		1.576		9.495		3.435615		8.280
3.820		0.6907		0.0000		877.543		1.579		9.550		3.453516		8.320
3.842		0.6940		0.0000		877.540		1.583		9.605		3.470040		8.360
3.862		0.6972		0.0000		877.536		1.586		9.655		3.485875		8.400
3.880		0.7003		0.0000		877.533		1.589		9.700		3.501711		8.440
3.896		0.7035		0.0000		877.530		1.592		9.740		3.517546		8.480
3.914		0.7068		0.0000		877.527		1.596		9.785		3.534070		8.520
3.930		0.7100		0.0000		877.524		1.599		9.825		3.549906		8.560
3.946		0.7131		0.0000		877.521		1.602		9.865		3.565742		8.600
3.964		0.7166		0.0000		877.517		1.605		9.910		3.582954		8.640
3.980		0.7203		0.0000		877.513		1.609		9.950		3.601544		8.680
3.994		0.7240		0.0000		877.510		1.613		9.985		3.620133		8.720
4.022		0.7275		0.0000		877.506		1.616		10.055		3.637346		8.760
4.036		0.7305		0.0000		877.503		1.619		10.090		3.652493		8.800
4.054		0.7337		0.0000		877.500		1.622		10.135		3.668328		8.840
4.072		0.7371		0.0000		877.497		1.626		10.180		3.685540		8.880
4.082		0.7401		0.0000		877.494		1.629		10.205		3.700688		8.920
4.102		0.7434		0.0000		877.490		1.632		10.255		3.717212		8.960
4.116		0.7466		0.0000		877.487		1.635		10.290		3.733047		9.000
4.130		0.7499		0.0000		877.484		1.639		10.325		3.749571		9.040
4.138		0.7535		0.0000		877.480		1.642		10.345		3.767472		9.080
4.160		0.7572		0.0000		877.476		1.646		10.400		3.786062		9.120
4.172		0.7607		0.0000		877.473		1.649		10.430		3.803274		9.160
4.190		0.7640		0.0000		877.470		1.653		10.475		3.819798		9.200
4.212		0.7673		0.0000		877.466		1.656		10.530		3.836322		9.240
4.220		0.7703		0.0000		877.463		1.659		10.550		3.851469		9.280
4.236		0.7736		0.0000		877.460		1.662		10.590		3.867993		9.320
4.248		0.7768		0.0000		877.457		1.665		10.620		3.883829		9.360
4.260		0.7799		0.0000		877.454		1.669		10.650		3.899664		9.400
4.270		0.7832		0.0000		877.450		1.672		10.675		3.916188		9.440
4.282		0.7868		0.0000		877.447		1.676		10.705		3.934089		9.480
4.290		0.7904		0.0000		877.443		1.679		10.725		3.951990		9.520
4.310		0.7943		0.0000		877.439		1.683		10.775		3.971268		9.560
4.328		0.7974		0.0000		877.436		1.686		10.820		3.987103		9.600
4.342		0.8006		0.0000		877.433		1.689		10.855		4.002939		9.640
4.350		0.8038		0.0000		877.430		1.692		10.875		4.018775		9.680
4.362		0.8071		0.0000		877.427		1.696		10.905		4.035298		9.720
4.370		0.8102		0.0000		877.423		1.699		10.925		4.051134		9.760
4.380		0.8134		0.0000		877.420		1.702		10.950		4.066969		9.800
4.394		0.8167		0.0000		877.417		1.705		10.985		4.083494		9.840
4.400		0.8200		0.0000		877.414		1.709		11.000		4.100017		9.880
4.414		0.8237		0.0000		877.410		1.712		11.035		4.118607		9.920
4.422		0.8274		0.0000		877.406		1.716		11.055		4.137196		9.960
4.442		0.8309		0.0000		877.403		1.720		11.105		4.154409		10.000
4.454		0.8340		0.0000		877.400		1.723		11.135		4.170245		10.040
4.464		0.8372		0.0000		877.396		1.726		11.160		4.186080		10.080
4.470		0.8404		0.0000		877.393		1.729		11.175		4.201916		10.120
4.476		0.8436		0.0000		877.390		1.732		11.190		4.217752		10.160
4.484		0.8467		0.0000		877.387		1.735		11.210		4.233586		10.200
4.494		0.8500		0.0000		877.384		1.739		11.235		4.250111		10.240
4.502		0.8533		0.0000		877.380		1.742		11.255		4.266634		10.280
4.510		0.8570		0.0000		877.377		1.746		11.275		4.285224		10.320
4.520		0.8608		0.0000		877.373		1.749		11.300		4.303813		10.360
4.532		0.8643		0.0000		877.369		1.753		11.330		4.321714		10.400
4.544		0.8674		0.0000		877.366		1.756		11.360		4.336862		10.440
4.550		0.8705		0.0000		877.363		1.759		11.375		4.352697		10.480
4.556		0.8737		0.0000		877.360		1.762		11.390		4.368533		10.520
4.564		0.8770		0.0000		877.357		1.766		11.410		4.385057		10.560
4.572		0.8802		0.0000		877.353		1.769		11.430		4.400892		10.600
4.576		0.8833		0.0000		877.350		1.772		11.440		4.416728		10.640
4.584		0.8867		0.0000		877.347		1.775		11.460		4.433251		10.680
4.588		0.8901		0.0000		877.344		1.779		11.470		4.450464		10.720
4.598		0.8939		0.0000		877.340		1.783		11.495		4.469742		10.760
4.606		0.8975		0.0000		877.336		1.786		11.515		4.487643		10.800
4.618		0.9007		0.0000		877.333		1.789		11.545		4.503479		10.840
4.628		0.9040		0.0000		877.330		1.793		11.570		4.520002		10.880
4.632		0.9072		0.0000		877.326		1.796		11.580		4.535838		10.920
4.640		0.9105		0.0000		877.323		1.799		11.600		4.552362		10.960
4.644		0.9136		0.0000		877.320		1.802		11.610		4.568197		11.000
4.650		0.9168		0.0000		877.317		1.806		11.625		4.584033		11.040
4.652		0.9200		0.0000		877.314		1.809		11.630		4.599868		11.080
4.658		0.9233		0.0000		877.310		1.812		11.645		4.616393		11.120
4.666		0.9271		0.0000		877.307		1.816		11.665		4.635671		11.160
4.676		0.9310		0.0000		877.303		1.820		11.690		4.654948		11.200
4.686		0.9343		0.0000		877.299		1.823		11.715		4.671473		11.240
4.696		0.9373		0.0000		877.296		1.826		11.740		4.686619		11.280
4.702		0.9406		0.0000		877.293		1.829		11.755		4.703144		11.320
4.704		0.9438		0.0000		877.290		1.833		11.760		4.718979		11.360
4.712		0.9471		0.0000		877.287		1.836		11.780		4.735503		11.400
4.716		0.9503		0.0000		877.283		1.839		11.790		4.751338		11.440
4.720		0.9534		0.0000		877.280		1.842		11.800		4.767174		11.480
4.724		0.9567		0.0000		877.277		1.845		11.810		4.783698		11.520
4.728		0.9605		0.0000		877.273		1.849		11.820		4.802288		11.560
4.736		0.9642		0.0000		877.269		1.853		11.840		4.820877		11.600
4.742		0.9676		0.0000		877.266		1.856		11.855		4.838089		11.640
4.752		0.9708		0.0000		877.263		1.860		11.880		4.853925		11.680
4.758		0.9740		0.0000		877.260		1.863		11.895		4.869761		11.720
4.762		0.9773		0.0000		877.256		1.866		11.905		4.886285		11.760
4.764		0.9804		0.0000		877.253		1.869		11.910		4.902120		11.800
4.770		0.9836		0.0000		877.250		1.872		11.925		4.917956		11.840
4.774		0.9868		0.0000		877.247		1.875		11.935		4.933791		11.880
4.776		0.9899		0.0000		877.244		1.879		11.940		4.949626		11.920
4.780		0.9935		0.0000		877.240		1.882		11.950		4.967528		11.960
4.786		0.9975		0.0000		877.236		1.886		11.965		4.987494		12.000
4.792		1.0009		0.0000		877.233		1.890		11.980		5.004706		12.040
4.806		1.0042		0.0000		877.229		1.893		12.015		5.021230		12.080
4.810		1.0073		0.0000		877.226		1.896		12.025		5.036378		12.120
4.814		1.0106		0.0000		877.223		1.899		12.035		5.052901		12.160
4.816		1.0139		0.0000		877.220		1.903		12.040		5.069425		12.200
4.820		1.0171		0.0000		877.217		1.906		12.050		5.085261		12.240
4.822		1.0202		0.0000		877.213		1.909		12.055		5.101097		12.280
4.826		1.0234		0.0000		877.210		1.912		12.065		5.116932		12.320
4.830		1.0268		0.0000		877.207		1.916		12.075		5.134145		12.360
4.834		1.0307		0.0000		877.203		1.919		12.085		5.153422		12.400
4.838		1.0343		0.0000		877.199		1.923		12.095		5.171324		12.440
4.850		1.0377		0.0000		877.196		1.926		12.125		5.188536		12.480
4.856		1.0407		0.0000		877.193		1.929		12.140		5.203683		12.520
4.862		1.0439		0.0000		877.190		1.933		12.155		5.219518		12.560
4.864		1.0472		0.0000		877.186		1.936		12.160		5.236043		12.600
4.866		1.0504		0.0000		877.183		1.939		12.165		5.251879		12.640
4.868		1.0535		0.0000		877.180		1.942		12.170		5.267713		12.680
4.870		1.0567		0.0000		877.177		1.945		12.175		5.283549		12.720
4.872		1.0600		0.0000		877.174		1.949		12.180		5.300074		12.760
4.878		1.0639		0.0000		877.170		1.953		12.195		5.319351		12.800
4.882		1.0676		0.0000		877.166		1.956		12.205		5.337940		12.840
4.892		1.0712		0.0000		877.162		1.960		12.230		5.355842		12.880
4.900		1.0741		0.0000		877.160		1.963		12.250		5.370300		12.920
4.904		1.0774		0.0000		877.156		1.966		12.260		5.386825		12.960
4.908		1.0807		0.0000		877.153		1.969		12.270		5.403348		13.000
4.910		1.0838		0.0000		877.150		1.973		12.275		5.419184		13.040
4.912		1.0870		0.0000		877.147		1.976		12.280		5.435019		13.080
4.914		1.0902		0.0000		877.143		1.979		12.285		5.450854		13.120
4.918		1.0935		0.0000		877.140		1.982		12.295		5.467379		13.160
4.920		1.0969		0.0000		877.137		1.986		12.300		5.484591		13.200
4.924		1.1008		0.0000		877.133		1.989		12.310		5.503869		13.240
4.930		1.1044		0.0000		877.129		1.993		12.325		5.521770		13.280
4.940		1.1075		0.0000		877.126		1.996		12.350		5.537605		13.320
4.946		1.1107		0.0000		877.123		1.999		12.365		5.553441		13.360
4.948		1.1140		0.0000		877.120		2.003		12.370		5.569966		13.400
4.950		1.1173		0.0000		877.116		2.006		12.375		5.586490		13.440
4.954		1.1205		0.0000		877.113		2.009		12.385		5.602325		13.480
4.954		1.1235		0.0000		877.110		2.012		12.385		5.617472		13.520
4.956		1.1268		0.0000		877.107		2.016		12.390		5.633996		13.560
4.960		1.1302		0.0000		877.103		2.019		12.400		5.651208		13.600
4.964		1.1341		0.0000		877.100		2.023		12.410		5.670486		13.640
4.970		1.1378		0.0000		877.096		2.027		12.425		5.689076		13.680
4.976		1.1410		0.0000		877.093		2.030		12.440		5.704911		13.720
4.984		1.1441		0.0000		877.090		2.033		12.460		5.720747		13.760
4.986		1.1475		0.0000		877.086		2.036		12.465		5.737271		13.800
4.988		1.1506		0.0000		877.083		2.039		12.470		5.753106		13.840
4.990		1.1538		0.0000		877.080		2.043		12.475		5.768942		13.880
4.992		1.1570		0.0000		877.077		2.046		12.480		5.784778		13.920
4.994		1.1603		0.0000		877.073		2.049		12.485		5.801301		13.960
4.996		1.1636		0.0000		877.070		2.052		12.490		5.817826		14.000
4.998		1.1673		0.0000		877.066		2.056		12.495		5.836415		14.040
5.004		1.1711		0.0000		877.062		2.060		12.510		5.855693		14.080
5.010		1.1744		0.0000		877.059		2.063		12.525		5.872217		14.120
5.020		1.1776		0.0000		877.056		2.066		12.550		5.888052		14.160
5.024		1.1808		0.0000		877.053		2.069		12.560		5.903888		14.200
5.026		1.1839		0.0000		877.050		2.073		12.565		5.919724		14.240
5.026		1.1871		0.0000		877.047		2.076		12.565		5.935559		14.280
5.030		1.1904		0.0000		877.043		2.079		12.575		5.952083		14.320
5.032		1.1936		0.0000		877.040		2.082		12.580		5.967918		14.360
5.032		1.1968		0.0000		877.037		2.085		12.580		5.983754		14.400
5.034		1.2003		0.0000		877.033		2.089		12.585		6.001655		14.440
5.038		1.2042		0.0000		877.029		2.093		12.595		6.020933		14.480
5.048		1.2079		0.0000		877.026		2.097		12.620		6.039523		14.520
5.056		1.2111		0.0000		877.023		2.100		12.640		6.055357		14.560
5.062		1.2142		0.0000		877.019		2.103		12.655		6.071193		14.600
5.064		1.2174		0.0000		877.016		2.106		12.660		6.087029		14.640
5.064		1.2206		0.0000		877.013		2.109		12.660		6.102865		14.680
5.066		1.2239		0.0000		877.010		2.113		12.665		6.119389		14.720
5.068		1.2269		0.0000		877.007		2.116		12.670		6.134535		14.760
5.070		1.2301		0.0000		877.004		2.119		12.675		6.150371		14.800
5.072		1.2337		0.0000		877.000		2.122		12.680		6.168271		14.840
5.076		1.2375		0.0000		876.996		2.126		12.690		6.187550		14.880
5.082		1.2412		0.0000		876.992		2.130		12.705		6.206140		14.920
5.092		1.2444		0.0000		876.989		2.133		12.730		6.221975		14.960
5.096		1.2476		0.0000		876.986		2.136		12.740		6.237811		15.000
5.100		1.2509		0.0000		876.983		2.140		12.750		6.254334		15.040
5.100		1.2540		0.0000		876.980		2.143		12.750		6.270170		15.080
5.102		1.2572		0.0000		876.976		2.146		12.755		6.286005		15.120
5.102		1.2604		0.0000		876.973		2.149		12.755		6.301841		15.160
5.104		1.2635		0.0000		876.970		2.152		12.760		6.317677		15.200
5.106		1.2670		0.0000		876.967		2.156		12.765		6.334889		15.240
5.108		1.2707		0.0000		876.963		2.159		12.770		6.353478		15.280
5.114		1.2746		0.0000		876.959		2.163		12.785		6.372756		15.320
5.122		1.2780		0.0000		876.956		2.167		12.805		6.389968		15.360
5.128		1.2810		0.0000		876.953		2.170		12.820		6.405116		15.400
5.130		1.2842		0.0000		876.949		2.173		12.825		6.420951		15.440
5.130		1.2874		0.0000		876.946		2.176		12.825		6.436787		15.480
5.134		1.2907		0.0000		876.943		2.179		12.835		6.453310		15.520
5.134		1.2937		0.0000		876.940		2.182		12.835		6.468458		15.560
5.138		1.2970		0.0000		876.937		2.186		12.845		6.484982		15.600
5.138		1.3003		0.0000		876.933		2.189		12.845		6.501505		15.640
5.142		1.3039		0.0000		876.930		2.193		12.855		6.519407		15.680
5.146		1.3077		0.0000		876.926		2.196		12.865		6.538684		15.720
5.154		1.3113		0.0000		876.922		2.200		12.885		6.556586		15.760
5.160		1.3145		0.0000		876.919		2.203		12.900		6.572422		15.800
5.164		1.3177		0.0000		876.916		2.206		12.910		6.588256		15.840
5.166		1.3208		0.0000		876.913		2.210		12.915		6.604092		15.880
5.166		1.3240		0.0000		876.910		2.213		12.915		6.619928		15.920
5.166		1.3272		0.0000		876.906		2.216		12.915		6.635764		15.960
5.168		1.3303		0.0000		876.903		2.219		12.920		6.651599		16.000
5.168		1.3335		0.0000		876.900		2.222		12.920		6.667434		16.040
5.170		1.3371		0.0000		876.897		2.226		12.925		6.685336		16.080
5.174		1.3409		0.0000		876.893		2.230		12.935		6.704613		16.120
5.180		1.3446		0.0000		876.889		2.233		12.950		6.723203		16.160
5.190		1.3478		0.0000		876.886		2.237		12.975		6.739038		16.200
5.194		1.3510		0.0000		876.883		2.240		12.985		6.754874		16.240
5.196		1.3543		0.0000		876.879		2.243		12.990		6.771398		16.280
5.196		1.3574		0.0000		876.876		2.246		12.990		6.787233		16.320
5.196		1.3606		0.0000		876.873		2.249		12.990		6.803069		16.360
5.198		1.3638		0.0000		876.870		2.252		12.995		6.818905		16.400
5.200		1.3671		0.0000		876.867		2.256		13.000		6.835428		16.440
5.200		1.3703		0.0000		876.863		2.259		13.000		6.851264		16.480
5.202		1.3741		0.0000		876.860		2.263		13.005		6.870542		16.520
5.206		1.3778		0.0000		876.856		2.267		13.015		6.889131		16.560
5.216		1.3813		0.0000		876.852		2.270		13.040		6.906343		16.600
5.222		1.3844		0.0000		876.849		2.273		13.055		6.922179		16.640
5.226		1.3876		0.0000		876.846		2.276		13.065		6.938015		16.680
5.226		1.3908		0.0000		876.843		2.279		13.065		6.953850		16.720
5.226		1.3941		0.0000		876.840		2.283		13.065		6.970375		16.760
5.226		1.3972		0.0000		876.836		2.286		13.065		6.986210		16.800
5.228		1.4003		0.0000		876.833		2.289		13.070		7.001357		16.840
5.228		1.4036		0.0000		876.830		2.292		13.070		7.017880		16.880
5.228		1.4073		0.0000		876.826		2.296		13.070		7.036470		16.920
5.232		1.4111		0.0000		876.823		2.300		13.080		7.055749		16.960
5.238		1.4147		0.0000		876.819		2.303		13.095		7.073649		17.000
5.246		1.4178		0.0000		876.816		2.306		13.115		7.088796		17.040
5.250		1.4211		0.0000		876.813		2.310		13.125		7.105321		17.080
5.250		1.4242		0.0000		876.809		2.313		13.125		7.121155		17.120
5.250		1.4274		0.0000		876.806		2.316		13.125		7.136991		17.160
5.250		1.4306		0.0000		876.803		2.319		13.125		7.152827		17.200
5.252		1.4337		0.0000		876.800		2.322		13.130		7.168663		17.240
5.252		1.4370		0.0000		876.797		2.326		13.130		7.185186		17.280
5.252		1.4405		0.0000		876.793		2.329		13.130		7.202399		17.320
5.254		1.4442		0.0000		876.789		2.333		13.135		7.220988		17.360
5.260		1.4481		0.0000		876.786		2.337		13.150		7.240267		17.400
5.268		1.4512		0.0000		876.782		2.340		13.170		7.256102		17.440
5.274		1.4544		0.0000		876.779		2.343		13.185		7.271937		17.480
5.276		1.4576		0.0000		876.776		2.346		13.190		7.287773		17.520
5.276		1.4609		0.0000		876.773		2.350		13.190		7.304296		17.560
5.276		1.4640		0.0000		876.770		2.353		13.190		7.320132		17.600
5.278		1.4672		0.0000		876.766		2.356		13.195		7.335968		17.640
5.278		1.4704		0.0000		876.763		2.359		13.195		7.351804		17.680
5.280		1.4738		0.0000		876.760		2.363		13.200		7.369017		17.720
5.282		1.4774		0.0000		876.756		2.366		13.205		7.386917		17.760
5.286		1.4814		0.0000		876.752		2.370		13.215		7.406883		17.800
5.294		1.4847		0.0000		876.749		2.373		13.235		7.423407		17.840
5.302		1.4878		0.0000		876.746		2.377		13.255		7.439242		17.880
5.306		1.4910		0.0000		876.743		2.380		13.265		7.455078		17.920
5.304		1.4942		0.0000		876.740		2.383		13.260		7.470914		17.960
5.306		1.4973		0.0000		876.736		2.386		13.265		7.486750		18.000
5.306		1.5005		0.0000		876.733		2.389		13.265		7.502584		18.040
5.308		1.5038		0.0000		876.730		2.393		13.270		7.519109		18.080
5.308		1.5070		0.0000		876.727		2.396		13.270		7.534944		18.120
5.310		1.5107		0.0000		876.723		2.399		13.275		7.553534		18.160
5.314		1.5146		0.0000		876.719		2.403		13.285		7.572812		18.200
5.320		1.5180		0.0000		876.716		2.407		13.300		7.590024		18.240
5.328		1.5213		0.0000		876.712		2.410		13.320		7.606548		18.280
5.334		1.5243		0.0000		876.709		2.413		13.335		7.621695		18.320
5.334		1.5276		0.0000		876.706		2.416		13.335		7.638220		18.360
5.334		1.5308		0.0000		876.703		2.420		13.335		7.654056		18.400
5.336		1.5340		0.0000		876.700		2.423		13.340		7.669890		18.440
5.338		1.5371		0.0000		876.697		2.426		13.345		7.685726		18.480
5.338		1.5404		0.0000		876.693		2.429		13.345		7.702250		18.520
5.338		1.5439		0.0000		876.690		2.433		13.345		7.719462		18.560
5.340		1.5477		0.0000		876.686		2.436		13.350		7.738740		18.600
5.346		1.5515		0.0000		876.682		2.440		13.365		7.757330		18.640
5.354		1.5546		0.0000		876.679		2.443		13.385		7.773166		18.680
5.360		1.5578		0.0000		876.676		2.447		13.400		7.789001		18.720
5.362		1.5610		0.0000		876.673		2.450		13.405		7.804836		18.760
5.362		1.5643		0.0000		876.669		2.453		13.405		7.821361		18.800
5.362		1.5674		0.0000		876.666		2.456		13.405		7.837195		18.840
5.364		1.5705		0.0000		876.663		2.459		13.410		7.852344		18.880
5.364		1.5738		0.0000		876.660		2.462		13.410		7.868867		18.920
5.364		1.5772		0.0000		876.656		2.466		13.410		7.886080		18.960
5.366		1.5809		0.0000		876.653		2.470		13.415		7.904669		19.000
5.370		1.5848		0.0000		876.649		2.474		13.425		7.923946		19.040
5.378		1.5881		0.0000		876.646		2.477		13.445		7.940471		19.080
5.384		1.5913		0.0000		876.642		2.480		13.460		7.956307		19.120
5.388		1.5943		0.0000		876.639		2.483		13.470		7.971454		19.160
5.388		1.5976		0.0000		876.636		2.486		13.470		7.987977		19.200
5.388		1.6008		0.0000		876.633		2.489		13.470		8.003813		19.240
5.390		1.6039		0.0000		876.630		2.493		13.475		8.019649		19.280
5.392		1.6072		0.0000		876.626		2.496		13.480		8.036173		19.320
5.392		1.6104		0.0000		876.623		2.499		13.480		8.052008		19.360
5.394		1.6141		0.0000		876.620		2.503		13.485		8.070598		19.400
5.398		1.6180		0.0000		876.616		2.507		13.495		8.089875		19.440
5.404		1.6216		0.0000		876.612		2.510		13.510		8.107777		19.480
5.412		1.6246		0.0000		876.609		2.513		13.530		8.122923		19.520
5.416		1.6278		0.0000		876.606		2.516		13.540		8.138760		19.560
5.416		1.6311		0.0000		876.603		2.520		13.540		8.155283		19.600
5.416		1.6342		0.0000		876.599		2.523		13.540		8.171119		19.640
5.416		1.6374		0.0000		876.596		2.526		13.540		8.186954		19.680
5.416		1.6407		0.0000		876.593		2.529		13.540		8.203478		19.720
5.416		1.6439		0.0000		876.590		2.533		13.540		8.219314		19.760
5.418		1.6473		0.0000		876.586		2.536		13.545		8.236526		19.800
5.418		1.6512		0.0000		876.583		2.540		13.545		8.255804		19.840
5.424		1.6549		0.0000		876.579		2.544		13.560		8.274393		19.880
5.432		1.6580		0.0000		876.576		2.547		13.580		8.290229		19.920
5.438		1.6612		0.0000		876.572		2.550		13.595		8.306065		19.960
5.438		1.6644		0.0000		876.569		2.553		13.595		8.321900		20.000
5.438		1.6677		0.0000		876.566		2.556		13.595		8.338424		20.040
5.440		1.6709		0.0000		876.563		2.560		13.600		8.354259		20.080
5.440		1.6742		0.0000		876.560		2.563		13.600		8.370783		20.120
5.440		1.6772		0.0000		876.556		2.566		13.600		8.385930		20.160
5.440		1.6806		0.0000		876.553		2.569		13.600		8.403143		20.200
5.442		1.6843		0.0000		876.549		2.573		13.605		8.421732		20.240
5.446		1.6882		0.0000		876.545		2.577		13.615		8.441010		20.280
5.454		1.6915		0.0000		876.542		2.580		13.635		8.457535		20.320
5.460		1.6945		0.0000		876.539		2.583		13.650		8.472681		20.360
5.462		1.6978		0.0000		876.536		2.587		13.655		8.489206		20.400
5.462		1.7010		0.0000		876.533		2.590		13.655		8.505040		20.440
5.462		1.7042		0.0000		876.529		2.593		13.655		8.520876		20.480
5.464		1.7073		0.0000		876.526		2.596		13.660		8.536712		20.520
5.464		1.7106		0.0000		876.523		2.599		13.660		8.553236		20.560
5.466		1.7140		0.0000		876.520		2.603		13.665		8.569760		20.600
5.466		1.7175		0.0000		876.516		2.606		13.665		8.587661		20.640
5.468		1.7214		0.0000		876.512		2.610		13.670		8.606939		20.680
5.474		1.7248		0.0000		876.509		2.614		13.685		8.624152		20.720
5.482		1.7280		0.0000		876.506		2.617		13.705		8.639986		20.760
5.486		1.7312		0.0000		876.503		2.620		13.715		8.655823		20.800
5.486		1.7345		0.0000		876.499		2.623		13.715		8.672346		20.840
5.486		1.7376		0.0000		876.496		2.626		13.715		8.688182		20.880
5.488		1.7408		0.0000		876.493		2.630		13.720		8.704018		20.920
5.488		1.7441		0.0000		876.490		2.633		13.720		8.720541		20.960
5.488		1.7471		0.0000		876.487		2.636		13.720		8.735689		21.000
5.490		1.7509		0.0000		876.483		2.640		13.725		8.754278		21.040
5.494		1.7547		0.0000		876.479		2.643		13.735		8.773556		21.080
5.500		1.7584		0.0000		876.475		2.647		13.750		8.792145		21.120
5.508		1.7615		0.0000		876.472		2.650		13.770		8.807292		21.160
5.512		1.7646		0.0000		876.469		2.653		13.780		8.823128		21.200
5.514		1.7678		0.0000		876.466		2.657		13.785		8.838964		21.240
5.512		1.7711		0.0000		876.463		2.660		13.780		8.855487		21.280
5.514		1.7743		0.0000		876.459		2.663		13.785		8.871323		21.320
5.514		1.7774		0.0000		876.456		2.666		13.785		8.887158		21.360
5.514		1.7807		0.0000		876.453		2.669		13.785		8.903683		21.400
5.516		1.7840		0.0000		876.450		2.673		13.790		8.920206		21.440
5.516		1.7878		0.0000		876.446		2.676		13.790		8.938795		21.480
5.522		1.7916		0.0000		876.442		2.680		13.805		8.958074		21.520
5.530		1.7949		0.0000		876.439		2.684		13.825		8.974598		21.560
5.538		1.7981		0.0000		876.436		2.687		13.845		8.990433		21.600
5.540		1.8013		0.0000		876.432		2.690		13.850		9.006269		21.640
5.540		1.8044		0.0000		876.429		2.693		13.850		9.022104		21.680
5.540		1.8077		0.0000		876.426		2.696		13.850		9.038629		21.720
5.540		1.8109		0.0000		876.423		2.700		13.850		9.054464		21.760
5.540		1.8139		0.0000		876.420		2.703		13.850		9.069611		21.800
5.540		1.8174		0.0000		876.416		2.706		13.850		9.086823		21.840
5.540		1.8211		0.0000		876.413		2.710		13.850		9.105413		21.880
5.544		1.8248		0.0000		876.409		2.714		13.860		9.124002		21.920
5.552		1.8284		0.0000		876.405		2.717		13.880		9.141903		21.960
5.560		1.8314		0.0000		876.402		2.720		13.900		9.157051		22.000
5.564		1.8347		0.0000		876.399		2.723		13.910		9.173574		22.040
5.564		1.8379		0.0000		876.396		2.727		13.910		9.189410		22.080
5.564		1.8410		0.0000		876.393		2.730		13.910		9.205245		22.120
5.564		1.8442		0.0000		876.389		2.733		13.910		9.221081		22.160
5.564		1.8474		0.0000		876.386		2.736		13.910		9.236917		22.200
5.566		1.8507		0.0000		876.383		2.739		13.915		9.253440		22.240
5.566		1.8543		0.0000		876.379		2.743		13.915		9.271341		22.280
5.570		1.8581		0.0000		876.376		2.747		13.925		9.290619		22.320
5.576		1.8618		0.0000		876.372		2.751		13.940		9.309208		22.360
5.580		1.8649		0.0000		876.369		2.754		13.950		9.324356		22.400
5.586		1.8680		0.0000		876.366		2.757		13.965		9.340191		22.440
5.586		1.8712		0.0000		876.362		2.760		13.965		9.356027		22.480
5.586		1.8745		0.0000		876.359		2.763		13.965		9.372551		22.520
5.588		1.8777		0.0000		876.356		2.766		13.970		9.388386		22.560
5.588		1.8808		0.0000		876.353		2.770		13.970		9.404222		22.600
5.588		1.8840		0.0000		876.350		2.773		13.970		9.420057		22.640
5.590		1.8875		0.0000		876.346		2.776		13.975		9.437270		22.680
5.592		1.8913		0.0000		876.342		2.780		13.980		9.456548		22.720
5.596		1.8950		0.0000		876.339		2.784		13.990		9.475137		22.760
5.606		1.8983		0.0000		876.335		2.787		14.015		9.491662		22.800
5.612		1.9015		0.0000		876.332		2.790		14.030		9.507496		22.840
5.612		1.9047		0.0000		876.329		2.793		14.030		9.523333		22.880
5.610		1.9080		0.0000		876.326		2.797		14.025		9.539857		22.920
5.610		1.9110		0.0000		876.323		2.800		14.025		9.555004		22.960
5.610		1.9142		0.0000		876.320		2.803		14.025		9.570839		23.000
5.610		1.9173		0.0000		876.316		2.806		14.025		9.586674		23.040
5.612		1.9208		0.0000		876.313		2.809		14.030		9.603887		23.080
5.612		1.9244		0.0000		876.309		2.813		14.030		9.621788		23.120
5.616		1.9282		0.0000		876.305		2.817		14.040		9.641066		23.160
5.624		1.9318		0.0000		876.302		2.821		14.060		9.658967		23.200
5.632		1.9350		0.0000		876.299		2.824		14.080		9.674802		23.240
5.634		1.9381		0.0000		876.296		2.827		14.085		9.690638		23.280
5.634		1.9413		0.0000		876.292		2.830		14.085		9.706473		23.320
5.634		1.9445		0.0000		876.289		2.833		14.085		9.722309		23.360
5.632		1.9476		0.0000		876.286		2.836		14.080		9.738145		23.400
5.634		1.9508		0.0000		876.283		2.840		14.085		9.753980		23.440
5.634		1.9540		0.0000		876.280		2.843		14.085		9.769815		23.480
5.632		1.9577		0.0000		876.276		2.846		14.080		9.788404		23.520
5.636		1.9615		0.0000		876.272		2.850		14.090		9.807683		23.560
5.644		1.9653		0.0000		876.268		2.854		14.110		9.826273		23.600
5.650		1.9681		0.0000		876.266		2.857		14.125		9.840731		23.640
5.654		1.9715		0.0000		876.262		2.860		14.135		9.857255		23.680
5.654		1.9748		0.0000		876.259		2.863		14.135		9.873779		23.720
5.654		1.9778		0.0000		876.256		2.867		14.135		9.888926		23.760
5.654		1.9811		0.0000		876.253		2.870		14.135		9.905451		23.800
5.654		1.9841		0.0000		876.250		2.873		14.135		9.920597		23.840
5.654		1.9874		0.0000		876.246		2.876		14.135		9.937120		23.880
5.654		1.9910		0.0000		876.243		2.880		14.135		9.955023		23.920
5.656		1.9947		0.0000		876.239		2.883		14.140		9.973612		23.960
5.658		1.9986		0.0000		876.235		2.887		14.145		9.992889		24.000
5.666		2.0016		0.0000		876.232		2.890		14.165		10.008036		24.040
5.672		2.0049		0.0000		876.229		2.894		14.180		10.024561		24.080
5.674		2.0081		0.0000		876.226		2.897		14.185		10.040397		24.120
5.674		2.0112		0.0000		876.222		2.900		14.185		10.056231		24.160
5.674		2.0146		0.0000		876.219		2.903		14.185		10.072756		24.200
5.674		2.0176		0.0000		876.216		2.906		14.185		10.087902		24.240
5.674		2.0207		0.0000		876.213		2.909		14.185		10.103739		24.280
5.674		2.0242		0.0000		876.209		2.913		14.185		10.120951		24.320
5.674		2.0279		0.0000		876.206		2.917		14.185		10.139541		24.360
5.680		2.0319		0.0000		876.202		2.921		14.200		10.159507		24.400
5.688		2.0352		0.0000		876.198		2.924		14.220		10.176030		24.440
5.694		2.0384		0.0000		876.195		2.927		14.235		10.191866		24.480
5.696		2.0414		0.0000		876.192		2.930		14.240		10.207013		24.520
5.694		2.0447		0.0000		876.189		2.933		14.235		10.223536		24.560
5.694		2.0479		0.0000		876.186		2.937		14.235		10.239372		24.600
5.694		2.0510		0.0000		876.183		2.940		14.235		10.255208		24.640
5.694		2.0542		0.0000		876.179		2.943		14.235		10.271044		24.680
5.694		2.0574		0.0000		876.176		2.946		14.235		10.286879		24.720
5.696		2.0611		0.0000		876.173		2.950		14.240		10.305468		24.760
5.698		2.0649		0.0000		876.169		2.954		14.245		10.324746		24.800
5.704		2.0685		0.0000		876.165		2.957		14.260		10.342647		24.840
5.712		2.0717		0.0000		876.162		2.960		14.280		10.358482		24.880
5.718		2.0749		0.0000		876.159		2.964		14.295		10.374318		24.920
5.718		2.0780		0.0000		876.156		2.967		14.295		10.390154		24.960
5.716		2.0813		0.0000		876.152		2.970		14.290		10.406677		25.000
5.716		2.0845		0.0000		876.149		2.973		14.290		10.422514		25.040
5.716		2.0877		0.0000		876.146		2.976		14.290		10.438349		25.080
5.716		2.0907		0.0000		876.143		2.979		14.290		10.453496		25.120
5.716		2.0943		0.0000		876.139		2.983		14.290		10.471396		25.160
5.718		2.0981		0.0000		876.135		2.987		14.295		10.490675		25.200
5.724		2.1020		0.0000		876.132		2.991		14.310		10.509953		25.240
5.732		2.1052		0.0000		876.128		2.994		14.330		10.525788		25.280
5.740		2.1083		0.0000		876.125		2.997		14.350		10.541624		25.320
5.742		2.1115		0.0000		876.122		3.000		14.355		10.557460		25.360
5.740		2.1147		0.0000		876.119		3.003		14.350		10.573296		25.400
5.740		2.1180		0.0000		876.116		3.007		14.350		10.589819		25.440
5.740		2.1210		0.0000		876.113		3.010		14.350		10.604965		25.480
5.740		2.1243		0.0000		876.109		3.013		14.350		10.621490		25.520
5.740		2.1276		0.0000		876.106		3.016		14.350		10.638014		25.560
5.740		2.1313		0.0000		876.102		3.020		14.350		10.656604		25.600
5.744		2.1352		0.0000		876.099		3.024		14.360		10.675880		25.640
5.752		2.1385		0.0000		876.095		3.027		14.380		10.692406		25.680
5.760		2.1416		0.0000		876.092		3.030		14.400		10.708241		25.720
5.762		2.1450		0.0000		876.089		3.034		14.405		10.724765		25.760
5.762		2.1481		0.0000		876.086		3.037		14.405		10.740601		25.800
5.762		2.1513		0.0000		876.082		3.040		14.405		10.756435		25.840
5.762		2.1545		0.0000		876.079		3.043		14.405		10.772271		25.880
5.762		2.1576		0.0000		876.076		3.046		14.405		10.788107		25.920
5.760		2.1609		0.0000		876.073		3.050		14.400		10.804630		25.960
5.762		2.1645		0.0000		876.069		3.053		14.405		10.822533		26.000
5.764		2.1684		0.0000		876.065		3.057		14.410		10.841809		26.040
5.770		2.1719		0.0000		876.062		3.061		14.425		10.859711		26.080
5.780		2.1751		0.0000		876.059		3.064		14.450		10.875547		26.120
5.784		2.1783		0.0000		876.055		3.067		14.460		10.891381		26.160
5.784		2.1814		0.0000		876.052		3.070		14.460		10.907217		26.200
5.784		2.1847		0.0000		876.049		3.073		14.460		10.923740		26.240
5.786		2.1878		0.0000		876.046		3.076		14.465		10.938889		26.280
5.786		2.1909		0.0000		876.043		3.080		14.465		10.954723		26.320
5.786		2.1942		0.0000		876.039		3.083		14.465		10.971249		26.360
5.786		2.1978		0.0000		876.036		3.087		14.465		10.989149		26.400
5.786		2.2015		0.0000		876.032		3.090		14.465		11.007738		26.440
5.790		2.2054		0.0000		876.028		3.094		14.475		11.027017		26.480
5.798		2.2086		0.0000		876.025		3.097		14.495		11.042852		26.520
5.806		2.2117		0.0000		876.022		3.100		14.515		11.058687		26.560
5.806		2.2149		0.0000		876.019		3.104		14.515		11.074523		26.600
5.804		2.2181		0.0000		876.016		3.107		14.510		11.090359		26.640
5.802		2.2212		0.0000		876.012		3.110		14.505		11.106194		26.680
5.802		2.2244		0.0000		876.009		3.113		14.505		11.122028		26.720
5.802		2.2276		0.0000		876.006		3.116		14.505		11.137865		26.760
5.802		2.2310		0.0000		876.003		3.120		14.505		11.155077		26.800
5.802		2.2347		0.0000		875.999		3.123		14.505		11.173667		26.840
5.806		2.2386		0.0000		875.995		3.127		14.515		11.192945		26.880
5.814		2.2419		0.0000		875.992		3.131		14.535		11.209469		26.920
5.822		2.2451		0.0000		875.989		3.134		14.555		11.225305		26.960
5.824		2.2484		0.0000		875.985		3.137		14.560		11.241828		27.000
5.822		2.2514		0.0000		875.982		3.140		14.555		11.256975		27.040
5.822		2.2547		0.0000		875.979		3.143		14.555		11.273499		27.080
5.822		2.2577		0.0000		875.976		3.146		14.555		11.288647		27.120
5.820		2.2610		0.0000		875.973		3.150		14.550		11.305170		27.160
5.820		2.2643		0.0000		875.969		3.153		14.550		11.321695		27.200
5.820		2.2679		0.0000		875.966		3.157		14.550		11.339596		27.240
5.822		2.2718		0.0000		875.962		3.160		14.555		11.358873		27.280
5.828		2.2754		0.0000		875.958		3.164		14.570		11.376774		27.320
5.838		2.2785		0.0000		875.955		3.167		14.595		11.392611		27.360
5.842		2.2817		0.0000		875.952		3.170		14.605		11.408445		27.400
5.842		2.2849		0.0000		875.949		3.174		14.605		11.424280		27.440
5.840		2.2880		0.0000		875.946		3.177		14.600		11.440116		27.480
5.838		2.2912		0.0000		875.942		3.180		14.595		11.455952		27.520
5.838		2.2944		0.0000		875.939		3.183		14.595		11.471787		27.560
5.838		2.2975		0.0000		875.936		3.186		14.595		11.487623		27.600
5.836		2.3011		0.0000		875.933		3.190		14.590		11.505524		27.640
5.836		2.3051		0.0000		875.929		3.194		14.590		11.525490		27.680
5.842		2.3090		0.0000		875.925		3.198		14.605		11.544769		27.720
5.852		2.3120		0.0000		875.922		3.201		14.630		11.559916		27.760
5.858		2.3150		0.0000		875.919		3.204		14.645		11.575062		27.800
5.858		2.3182		0.0000		875.915		3.207		14.645		11.590899		27.840
5.856		2.3215		0.0000		875.912		3.210		14.640		11.607422		27.880
5.854		2.3247		0.0000		875.909		3.213		14.635		11.623258		27.920
5.854		2.3278		0.0000		875.906		3.217		14.635		11.639093		27.960
5.854		2.3310		0.0000		875.903		3.220		14.635		11.654929		28.000
5.854		2.3343		0.0000		875.899		3.223		14.635		11.671453		28.040
5.854		2.3383		0.0000		875.895		3.227		14.635		11.691419		28.080
5.856		2.3421		0.0000		875.892		3.231		14.640		11.710697		28.120
5.864		2.3453		0.0000		875.888		3.234		14.660		11.726532		28.160
5.872		2.3485		0.0000		875.885		3.237		14.680		11.742368		28.200
5.874		2.3516		0.0000		875.882		3.240		14.685		11.758204		28.240
5.872		2.3548		0.0000		875.879		3.244		14.680		11.774039		28.280
5.870		2.3580		0.0000		875.876		3.247		14.675		11.789874		28.320
5.870		2.3613		0.0000		875.872		3.250		14.675		11.806398		28.360
5.870		2.3644		0.0000		875.869		3.253		14.675		11.822234		28.400
5.870		2.3676		0.0000		875.866		3.256		14.675		11.838069		28.440
5.870		2.3715		0.0000		875.862		3.260		14.675		11.857347		28.480
5.872		2.3752		0.0000		875.858		3.264		14.680		11.875937		28.520
5.880		2.3788		0.0000		875.855		3.267		14.700		11.893837		28.560
5.890		2.3819		0.0000		875.852		3.271		14.725		11.909674		28.600
5.892		2.3851		0.0000		875.849		3.274		14.730		11.925508		28.640
5.892		2.3883		0.0000		875.845		3.277		14.730		11.941345		28.680
5.890		2.3914		0.0000		875.842		3.280		14.725		11.957179		28.720
5.890		2.3947		0.0000		875.839		3.283		14.725		11.973704		28.760
5.888		2.3979		0.0000		875.836		3.287		14.720		11.989540		28.800
5.888		2.4011		0.0000		875.833		3.290		14.720		12.005375		28.840
5.888		2.4045		0.0000		875.829		3.293		14.720		12.022587		28.880
5.888		2.4084		0.0000		875.825		3.297		14.720		12.041865		28.920
5.894		2.4122		0.0000		875.821		3.301		14.735		12.061143		28.960
5.902		2.4154		0.0000		875.818		3.304		14.755		12.076979		29.000
5.908		2.4184		0.0000		875.815		3.307		14.770		12.092125		29.040
5.908		2.4217		0.0000		875.812		3.310		14.770		12.108650		29.080
5.908		2.4249		0.0000		875.809		3.314		14.770		12.124486		29.120
5.906		2.4281		0.0000		875.806		3.317		14.765		12.140321		29.160
5.906		2.4312		0.0000		875.802		3.320		14.765		12.156157		29.200
5.906		2.4344		0.0000		875.799		3.323		14.765		12.171992		29.240
5.906		2.4378		0.0000		875.796		3.327		14.765		12.189205		29.280
5.904		2.4416		0.0000		875.792		3.330		14.760		12.207794		29.320
5.908		2.4456		0.0000		875.788		3.334		14.770		12.227760		29.360
5.916		2.4487		0.0000		875.785		3.337		14.790		12.243596		29.400
5.924		2.4519		0.0000		875.782		3.341		14.810		12.259431		29.440
5.926		2.4551		0.0000		875.779		3.344		14.815		12.275267		29.480
5.924		2.4584		0.0000		875.775		3.347		14.810		12.291792		29.520
5.924		2.4615		0.0000		875.772		3.350		14.810		12.307626		29.560
5.924		2.4647		0.0000		875.769		3.353		14.810		12.323462		29.600
5.922		2.4679		0.0000		875.766		3.357		14.805		12.339297		29.640
5.922		2.4712		0.0000		875.763		3.360		14.805		12.355822		29.680
5.922		2.4747		0.0000		875.759		3.363		14.805		12.373723		29.720
5.924		2.4787		0.0000		875.755		3.367		14.810		12.393689		29.760
5.932		2.4822		0.0000		875.751		3.371		14.830		12.410902		29.800
5.940		2.4853		0.0000		875.748		3.374		14.850		12.426737		29.840
5.942		2.4884		0.0000		875.745		3.377		14.855		12.441884		29.880
5.940		2.4917		0.0000		875.742		3.380		14.850		12.458408		29.920
5.938		2.4948		0.0000		875.739		3.384		14.845		12.474243		29.960
5.938		2.4980		0.0000		875.736		3.387		14.845		12.490080		30.000
5.936		2.5012		0.0000		875.732		3.390		14.840		12.505914		30.040
5.936		2.5043		0.0000		875.729		3.393		14.840		12.521749		30.080
5.936		2.5079		0.0000		875.726		3.397		14.840		12.539652		30.120
5.936		2.5119		0.0000		875.722		3.401		14.840		12.559618		30.160
5.942		2.5156		0.0000		875.718		3.404		14.855		12.578207		30.200
5.952		2.5187		0.0000		875.715		3.407		14.880		12.593354		30.240
5.958		2.5218		0.0000		875.712		3.411		14.895		12.609190		30.280
5.956		2.5251		0.0000		875.708		3.414		14.890		12.625713		30.320
5.954		2.5283		0.0000		875.705		3.417		14.885		12.641549		30.360
5.954		2.5315		0.0000		875.702		3.420		14.885		12.657385		30.400
5.952		2.5345		0.0000		875.699		3.423		14.880		12.672531		30.440
5.952		2.5378		0.0000		875.696		3.427		14.880		12.689055		30.480
5.950		2.5413		0.0000		875.692		3.430		14.875		12.706268		30.520
5.950		2.5451		0.0000		875.689		3.434		14.875		12.725546		30.560
5.954		2.5490		0.0000		875.685		3.438		14.885		12.744823		30.600
5.962		2.5521		0.0000		875.682		3.441		14.905		12.760659		30.640
5.970		2.5553		0.0000		875.678		3.444		14.925		12.776495		30.680
5.972		2.5585		0.0000		875.675		3.447		14.930		12.792330		30.720
5.970		2.5618		0.0000		875.672		3.450		14.925		12.808855		30.760
5.968		2.5649		0.0000		875.669		3.454		14.920		12.824690		30.800
5.966		2.5680		0.0000		875.666		3.457		14.915		12.839837		30.840
5.966		2.5713		0.0000		875.662		3.460		14.915		12.856360		30.880
5.964		2.5744		0.0000		875.659		3.463		14.910		12.872196		30.920
5.964		2.5783		0.0000		875.655		3.467		14.910		12.891475		30.960
5.964		2.5822		0.0000		875.651		3.471		14.910		12.910752		31.000
5.972		2.5856		0.0000		875.648		3.474		14.930		12.927965		31.040
5.980		2.5888		0.0000		875.645		3.477		14.950		12.943801		31.080
5.984		2.5919		0.0000		875.642		3.481		14.960		12.959637		31.120
5.982		2.5951		0.0000		875.639		3.484		14.955		12.975471		31.160
5.980		2.5983		0.0000		875.635		3.487		14.950		12.991306		31.200
5.980		2.6014		0.0000		875.632		3.490		14.950		13.007143		31.240
5.980		2.6046		0.0000		875.629		3.493		14.950		13.022978		31.280
5.978		2.6078		0.0000		875.626		3.496		14.945		13.038813		31.320
5.978		2.6115		0.0000		875.622		3.500		14.945		13.057403		31.360
5.978		2.6153		0.0000		875.618		3.504		14.945		13.076681		31.400
5.984		2.6189		0.0000		875.615		3.508		14.960		13.094582		31.440
5.992		2.6222		0.0000		875.611		3.511		14.980		13.111106		31.480
5.996		2.6254		0.0000		875.608		3.514		14.990		13.126942		31.520
5.994		2.6284		0.0000		875.605		3.517		14.985		13.142089		31.560
5.992		2.6317		0.0000		875.602		3.520		14.980		13.158612		31.600
5.992		2.6349		0.0000		875.599		3.524		14.980		13.174448		31.640
5.992		2.6381		0.0000		875.596		3.527		14.980		13.190284		31.680
5.990		2.6412		0.0000		875.592		3.530		14.975		13.206119		31.720
5.990		2.6445		0.0000		875.589		3.533		14.975		13.222643		31.760
5.988		2.6485		0.0000		875.585		3.537		14.970		13.242609		31.800
5.992		2.6522		0.0000		875.581		3.541		14.980		13.261199		31.840
6.002		2.6555		0.0000		875.578		3.544		15.005		13.277722		31.880
6.010		2.6587		0.0000		875.575		3.547		15.025		13.293558		31.920
6.010		2.6619		0.0000		875.572		3.551		15.025		13.309394		31.960
6.008		2.6652		0.0000		875.568		3.554		15.020		13.325918		32.000
6.006		2.6682		0.0000		875.565		3.557		15.015		13.341064		32.040
6.006		2.6714		0.0000		875.562		3.560		15.015		13.356900		32.080
6.004		2.6745		0.0000		875.559		3.563		15.010		13.372736		32.120
6.004		2.6779		0.0000		875.556		3.567		15.010		13.389259		32.160
6.004		2.6816		0.0000		875.552		3.570		15.010		13.407849		32.200
6.006		2.6856		0.0000		875.548		3.574		15.015		13.427815		32.240
6.014		2.6890		0.0000		875.545		3.578		15.035		13.445028		32.280
6.022		2.6922		0.0000		875.542		3.581		15.055		13.460864		32.320
6.026		2.6952		0.0000		875.538		3.584		15.065		13.476010		32.360
6.024		2.6985		0.0000		875.535		3.587		15.060		13.492536		32.400
6.022		2.7017		0.0000		875.532		3.590		15.055		13.508369		32.440
6.020		2.7048		0.0000		875.529		3.594		15.050		13.524206		32.480
6.020		2.7080		0.0000		875.526		3.597		15.050		13.540041		32.520
6.018		2.7113		0.0000		875.522		3.600		15.045		13.556565		32.560
6.016		2.7148		0.0000		875.519		3.603		15.040		13.573778		32.600
6.018		2.7186		0.0000		875.515		3.607		15.045		13.593056		32.640
6.022		2.7225		0.0000		875.511		3.611		15.055		13.612333		32.680
6.032		2.7256		0.0000		875.508		3.614		15.080		13.628169		32.720
6.038		2.7287		0.0000		875.505		3.617		15.095		13.643316		32.760
6.034		2.7318		0.0000		875.502		3.621		15.085		13.659152		32.800
6.032		2.7350		0.0000		875.499		3.624		15.080		13.674988		32.840
6.030		2.7383		0.0000		875.495		3.627		15.075		13.691511		32.880
6.030		2.7415		0.0000		875.492		3.630		15.075		13.707347		32.920
6.028		2.7446		0.0000		875.489		3.633		15.070		13.723183		32.960
6.028		2.7481		0.0000		875.486		3.637		15.070		13.740396		33.000
6.028		2.7518		0.0000		875.482		3.641		15.070		13.758985		33.040
6.030		2.7558		0.0000		875.478		3.645		15.075		13.778952		33.080
6.038		2.7590		0.0000		875.475		3.648		15.095		13.794786		33.120
6.046		2.7621		0.0000		875.472		3.651		15.115		13.810621		33.160
6.046		2.7653		0.0000		875.468		3.654		15.115		13.826457		33.200
6.042		2.7685		0.0000		875.465		3.657		15.105		13.842293		33.240
6.042		2.7716		0.0000		875.462		3.660		15.105		13.858129		33.280
6.040		2.7748		0.0000		875.459		3.664		15.100		13.873963		33.320
6.038		2.7780		0.0000		875.456		3.667		15.095		13.889799		33.360
6.036		2.7813		0.0000		875.452		3.670		15.090		13.906324		33.400
6.034		2.7851		0.0000		875.449		3.674		15.085		13.925601		33.440
6.036		2.7891		0.0000		875.445		3.678		15.090		13.945568		33.480
6.042		2.7924		0.0000		875.441		3.681		15.105		13.962092		33.520
6.050		2.7956		0.0000		875.438		3.684		15.125		13.977927		33.560
6.052		2.7988		0.0000		875.435		3.687		15.130		13.993763		33.600
6.048		2.8019		0.0000		875.432		3.691		15.120		14.009599		33.640
6.046		2.8051		0.0000		875.429		3.694		15.115		14.025434		33.680
6.044		2.8083		0.0000		875.425		3.697		15.110		14.041269		33.720
6.042		2.8114		0.0000		875.422		3.700		15.105		14.057104		33.760
6.042		2.8147		0.0000		875.419		3.703		15.105		14.073629		33.800
6.042		2.8182		0.0000		875.415		3.707		15.105		14.090841		33.840
6.042		2.8222		0.0000		875.411		3.711		15.105		14.110808		33.880
6.048		2.8257		0.0000		875.408		3.714		15.120		14.128709		33.920
6.056		2.8289		0.0000		875.405		3.718		15.140		14.144545		33.960
6.060		2.8321		0.0000		875.402		3.721		15.150		14.160380		34.000
6.058		2.8352		0.0000		875.398		3.724		15.145		14.176215		34.040
6.056		2.8384		0.0000		875.395		3.727		15.140		14.192051		34.080
6.052		2.8416		0.0000		875.392		3.730		15.130		14.207887		34.120
6.052		2.8447		0.0000		875.389		3.733		15.130		14.223722		34.160
6.050		2.8480		0.0000		875.386		3.737		15.125		14.240246		34.200
6.048		2.8515		0.0000		875.382		3.740		15.120		14.257459		34.240
6.048		2.8553		0.0000		875.378		3.744		15.120		14.276737		34.280
6.052		2.8592		0.0000		875.374		3.748		15.130		14.296015		34.320
6.060		2.8622		0.0000		875.371		3.751		15.150		14.311161		34.360
6.066		2.8655		0.0000		875.368		3.754		15.165		14.327686		34.400
6.066		2.8687		0.0000		875.365		3.757		15.165		14.343520		34.440
6.064		2.8719		0.0000		875.362		3.761		15.160		14.359356		34.480
6.062		2.8752		0.0000		875.358		3.764		15.155		14.375881		34.520
6.060		2.8782		0.0000		875.355		3.767		15.150		14.391027		34.560
6.058		2.8814		0.0000		875.352		3.770		15.145		14.406863		34.600
6.056		2.8848		0.0000		875.349		3.774		15.140		14.424075		34.640
6.054		2.8885		0.0000		875.345		3.777		15.135		14.442664		34.680
6.056		2.8924		0.0000		875.341		3.781		15.140		14.461943		34.720
6.062		2.8957		0.0000		875.338		3.784		15.155		14.478466		34.760
6.070		2.8990		0.0000		875.335		3.788		15.175		14.494991		34.800
6.072		2.9020		0.0000		875.332		3.791		15.180		14.510138		34.840
6.070		2.9053		0.0000		875.328		3.794		15.175		14.526662		34.880
6.066		2.9085		0.0000		875.325		3.797		15.165		14.542498		34.920
6.066		2.9117		0.0000		875.322		3.800		15.165		14.558333		34.960
6.064		2.9148		0.0000		875.319		3.804		15.160		14.574169		35.000
6.062		2.9180		0.0000		875.316		3.807		15.155		14.590004		35.040
6.060		2.9217		0.0000		875.312		3.810		15.150		14.608593		35.080
6.060		2.9256		0.0000		875.308		3.814		15.150		14.627872		35.120
6.064		2.9293		0.0000		875.304		3.818		15.160		14.646461		35.160
6.072		2.9323		0.0000		875.301		3.821		15.180		14.661608		35.200
6.076		2.9355		0.0000		875.298		3.824		15.190		14.677444		35.240
6.074		2.9387		0.0000		875.295		3.827		15.185		14.693279		35.280
6.072		2.9418		0.0000		875.292		3.831		15.180		14.709114		35.320
6.070		2.9451		0.0000		875.289		3.834		15.175		14.725638		35.360
6.068		2.9483		0.0000		875.285		3.837		15.170		14.741474		35.400
6.068		2.9513		0.0000		875.282		3.840		15.170		14.756621		35.440
6.066		2.9550		0.0000		875.279		3.844		15.165		14.775210		35.480
6.066		2.9588		0.0000		875.275		3.847		15.165		14.793800		35.520
6.068		2.9626		0.0000		875.271		3.851		15.170		14.813078		35.560
6.076		2.9658		0.0000		875.268		3.854		15.190		14.828913		35.600
6.082		2.9689		0.0000		875.265		3.858		15.205		14.844749		35.640
6.082		2.9721		0.0000		875.262		3.861		15.205		14.860584		35.680
6.078		2.9753		0.0000		875.258		3.864		15.195		14.876419		35.720
6.076		2.9785		0.0000		875.255		3.867		15.190		14.892255		35.760
6.074		2.9816		0.0000		875.252		3.870		15.185		14.908091		35.800
6.072		2.9848		0.0000		875.249		3.874		15.180		14.923926		35.840
6.072		2.9882		0.0000		875.245		3.877		15.180		14.941139		35.880
6.070		2.9919		0.0000		875.242		3.881		15.175		14.959728		35.920
6.074		2.9958		0.0000		875.238		3.885		15.185		14.979006		35.960
6.080		2.9992		0.0000		875.234		3.888		15.200		14.996219		36.000
6.088		3.0023		0.0000		875.231		3.891		15.220		15.011366		36.040
6.088		3.0054		0.0000		875.228		3.894		15.220		15.027201		36.080
6.086		3.0086		0.0000		875.225		3.897		15.215		15.043037		36.120
6.084		3.0118		0.0000		875.222		3.900		15.210		15.058872		36.160
6.082		3.0151		0.0000		875.219		3.904		15.205		15.075397		36.200
6.080		3.0182		0.0000		875.215		3.907		15.200		15.091232		36.240
6.078		3.0216		0.0000		875.212		3.910		15.195		15.107756		36.280
6.076		3.0251		0.0000		875.209		3.914		15.190		15.125657		36.320
6.078		3.0288		0.0000		875.205		3.918		15.195		15.144247		36.360
6.082		3.0326		0.0000		875.201		3.921		15.205		15.162836		36.400
6.090		3.0357		0.0000		875.198		3.924		15.225		15.178671		36.440
6.092		3.0389		0.0000		875.195		3.928		15.230		15.194507		36.480
6.090		3.0421		0.0000		875.192		3.931		15.225		15.210342		36.520
6.088		3.0454		0.0000		875.188		3.934		15.220		15.226866		36.560
6.086		3.0484		0.0000		875.185		3.937		15.215		15.242014		36.600
6.084		3.0517		0.0000		875.182		3.940		15.210		15.258537		36.640
6.082		3.0549		0.0000		875.179		3.944		15.205		15.274373		36.680
6.080		3.0583		0.0000		875.175		3.947		15.200		15.291586		36.720
6.078		3.0622		0.0000		875.172		3.951		15.195		15.310863		36.760
6.082		3.0660		0.0000		875.168		3.955		15.205		15.330142		36.800
6.090		3.0692		0.0000		875.164		3.958		15.225		15.345976		36.840
6.094		3.0724		0.0000		875.161		3.961		15.235		15.361813		36.880
6.092		3.0754		0.0000		875.158		3.964		15.230		15.376959		36.920
6.088		3.0787		0.0000		875.155		3.967		15.220		15.393484		36.960
6.086		3.0819		0.0000		875.152		3.971		15.215		15.409319		37.000
6.084		3.0850		0.0000		875.149		3.974		15.210		15.425154		37.040
6.082		3.0883		0.0000		875.145		3.977		15.205		15.441679		37.080
6.080		3.0916		0.0000		875.142		3.980		15.200		15.458202		37.120
6.080		3.0954		0.0000		875.138		3.984		15.200		15.476791		37.160
6.082		3.0992		0.0000		875.134		3.988		15.205		15.496071		37.200
6.088		3.1025		0.0000		875.131		3.991		15.220		15.512594		37.240
6.094		3.1058		0.0000		875.128		3.995		15.235		15.529118		37.280
6.096		3.1090		0.0000		875.125		3.998		15.240		15.544953		37.320
6.094		3.1120		0.0000		875.122		4.001		15.235		15.560101		37.360
6.090		3.1153		0.0000		875.118		4.004		15.225		15.576625		37.400
6.088		3.1185		0.0000		875.115		4.007		15.220		15.592461		37.440
6.086		3.1217		0.0000		875.112		4.010		15.215		15.608296		37.480
6.084		3.1248		0.0000		875.109		4.014		15.210		15.624130		37.520
6.082		3.1285		0.0000		875.105		4.017		15.205		15.642719		37.560
6.084		3.1325		0.0000		875.101		4.021		15.210		15.662687		37.600
6.090		3.1360		0.0000		875.098		4.025		15.225		15.679898		37.640
6.098		3.1391		0.0000		875.094		4.028		15.245		15.695734		37.680
6.100		3.1423		0.0000		875.091		4.031		15.250		15.711570		37.720
6.098		3.1455		0.0000		875.088		4.034		15.245		15.727406		37.760
6.096		3.1486		0.0000		875.085		4.037		15.240		15.743241		37.800
6.094		3.1520		0.0000		875.082		4.041		15.235		15.759766		37.840
6.092		3.1551		0.0000		875.079		4.044		15.230		15.775602		37.880
6.088		3.1583		0.0000		875.075		4.047		15.220		15.791435		37.920
6.086		3.1619		0.0000		875.072		4.051		15.215		15.809338		37.960
6.086		3.1657		0.0000		875.068		4.054		15.215		15.828614		38.000
6.088		3.1693		0.0000		875.064		4.058		15.220		15.846518		38.040
6.094		3.1726		0.0000		875.061		4.061		15.235		15.863039		38.080
6.098		3.1756		0.0000		875.058		4.064		15.245		15.878186		38.120
6.098		3.1789		0.0000		875.055		4.068		15.245		15.894711		38.160
6.094		3.1821		0.0000		875.052		4.071		15.235		15.910547		38.200
6.092		3.1853		0.0000		875.048		4.074		15.230		15.926382		38.240
6.090		3.1884		0.0000		875.045		4.077		15.225		15.942219		38.280
6.088		3.1916		0.0000		875.042		4.080		15.220		15.958054		38.320
6.084		3.1951		0.0000		875.039		4.084		15.210		15.975266		38.360
6.082		3.1989		0.0000		875.035		4.088		15.205		15.994544		38.400
6.084		3.2026		0.0000		875.031		4.091		15.210		16.013134		38.440
6.090		3.2059		0.0000		875.028		4.095		15.225		16.029659		38.480
6.094		3.2091		0.0000		875.025		4.098		15.235		16.045494		38.521
6.094		3.2124		0.0000		875.021		4.101		15.235		16.062016		38.561
6.090		3.2156		0.0000		875.018		4.104		15.225		16.077852		38.601
6.090		3.2187		0.0000		875.015		4.107		15.225		16.093689		38.641
6.088		3.2219		0.0000		875.012		4.111		15.220		16.109524		38.681
6.086		3.2251		0.0000		875.009		4.114		15.215		16.125359		38.721
6.082		3.2285		0.0000		875.005		4.117		15.205		16.142570		38.761
6.080		3.2321		0.0000		875.002		4.121		15.200		16.160471		38.801
6.082		3.2358		0.0000		874.998		4.125		15.205		16.179062		38.841
6.086		3.2394		0.0000		874.994		4.128		15.215		16.196964		38.881
6.092		3.2426		0.0000		874.991		4.131		15.230		16.212799		38.921
6.094		3.2457		0.0000		874.988		4.134		15.235		16.228634		38.961
6.090		3.2489		0.0000		874.985		4.138		15.225		16.244469		39.001
6.088		3.2521		0.0000		874.982		4.141		15.220		16.260303		39.041
6.086		3.2552		0.0000		874.978		4.144		15.215		16.276140		39.081
6.084		3.2584		0.0000		874.975		4.147		15.210		16.291977		39.121
6.082		3.2617		0.0000		874.972		4.150		15.205		16.308500		39.161
6.080		3.2651		0.0000		874.969		4.154		15.200		16.325712		39.201
6.080		3.2690		0.0000		874.965		4.158		15.200		16.344990		39.241
6.084		3.2729		0.0000		874.961		4.162		15.210		16.364269		39.281
6.092		3.2759		0.0000		874.958		4.165		15.230		16.379416		39.321
6.096		3.2792		0.0000		874.954		4.168		15.240		16.395939		39.361
6.094		3.2824		0.0000		874.951		4.171		15.235		16.411774		39.401
6.090		3.2855		0.0000		874.948		4.174		15.225		16.427610		39.441
6.088		3.2887		0.0000		874.945		4.177		15.220		16.443445		39.481
6.086		3.2919		0.0000		874.942		4.181		15.215		16.459282		39.521
6.082		3.2952		0.0000		874.938		4.184		15.205		16.475807		39.561
6.080		3.2985		0.0000		874.935		4.187		15.200		16.492329		39.601
6.078		3.3022		0.0000		874.931		4.191		15.195		16.510918		39.641
6.080		3.3060		0.0000		874.928		4.195		15.200		16.530197		39.681
6.086		3.3093		0.0000		874.924		4.198		15.215		16.546722		39.721
6.092		3.3125		0.0000		874.921		4.201		15.230		16.562557		39.761
6.092		3.3158		0.0000		874.918		4.205		15.230		16.579079		39.801
6.090		3.3190		0.0000		874.915		4.208		15.225		16.594915		39.841
6.086		3.3222		0.0000		874.911		4.211		15.215		16.610752		39.881
6.084		3.3253		0.0000		874.908		4.214		15.210		16.626587		39.921
6.082		3.3285		0.0000		874.905		4.217		15.205		16.642422		39.961
6.080		3.3318		0.0000		874.902		4.221		15.200		16.658947		40.001
6.078		3.3355		0.0000		874.898		4.224		15.195		16.677536		40.041
6.078		3.3394		0.0000		874.894		4.228		15.195		16.696814		40.081
6.082		3.3428		0.0000		874.891		4.232		15.205		16.714027		40.121
6.088		3.3460		0.0000		874.888		4.235		15.220		16.729862		40.161
6.090		3.3491		0.0000		874.885		4.238		15.225		16.745699		40.201
6.086		3.3523		0.0000		874.881		4.241		15.215		16.761532		40.241
6.084		3.3555		0.0000		874.878		4.244		15.210		16.777367		40.281
6.080		3.3588		0.0000		874.875		4.247		15.200		16.793892		40.321
6.078		3.3619		0.0000		874.872		4.251		15.195		16.809729		40.361
6.074		3.3651		0.0000		874.869		4.254		15.185		16.825563		40.401
6.072		3.3687		0.0000		874.865		4.257		15.180		16.843464		40.441
6.070		3.3725		0.0000		874.861		4.261		15.175		16.862743		40.481
6.072		3.3761		0.0000		874.858		4.265		15.180		16.880644		40.521
6.078		3.3793		0.0000		874.854		4.268		15.195		16.896479		40.561
6.080		3.3825		0.0000		874.851		4.271		15.200		16.912315		40.601
6.078		3.3858		0.0000		874.848		4.274		15.195		16.928837		40.641
6.076		3.3889		0.0000		874.845		4.278		15.190		16.944674		40.681
6.072		3.3921		0.0000		874.842		4.281		15.180		16.960508		40.721
6.070		3.3953		0.0000		874.838		4.284		15.175		16.976345		40.761
6.068		3.3984		0.0000		874.835		4.287		15.170		16.992180		40.801
6.066		3.4019		0.0000		874.832		4.291		15.165		17.009392		40.841
6.064		3.4057		0.0000		874.828		4.294		15.160		17.028671		40.881
6.066		3.4096		0.0000		874.824		4.298		15.165		17.047949		40.921
6.074		3.4128		0.0000		874.821		4.301		15.185		17.063786		40.961
6.078		3.4159		0.0000		874.818		4.305		15.195		17.079620		41.001
6.076		3.4192		0.0000		874.814		4.308		15.190		17.096142		41.041
6.072		3.4224		0.0000		874.811		4.311		15.180		17.111979		41.081
6.070		3.4256		0.0000		874.808		4.314		15.175		17.127815		41.121
6.066		3.4287		0.0000		874.805		4.317		15.165		17.143650		41.161
6.064		3.4319		0.0000		874.802		4.321		15.160		17.159485		41.201
6.062		3.4352		0.0000		874.798		4.324		15.155		17.176010		41.241
6.060		3.4389		0.0000		874.795		4.328		15.150		17.194599		41.281
6.060		3.4428		0.0000		874.791		4.331		15.150		17.213877		41.321
6.064		3.4462		0.0000		874.787		4.335		15.160		17.231091		41.361
6.070		3.4494		0.0000		874.784		4.338		15.175		17.246925		41.401
6.072		3.4526		0.0000		874.781		4.341		15.180		17.262762		41.441
6.068		3.4559		0.0000		874.778		4.345		15.170		17.279284		41.481
6.064		3.4590		0.0000		874.775		4.348		15.160		17.295120		41.521
6.062		3.4621		0.0000		874.772		4.351		15.155		17.310266		41.561
6.058		3.4652		0.0000		874.768		4.354		15.145		17.326103		41.601
6.054		3.4685		0.0000		874.765		4.357		15.135		17.342627		41.641
6.050		3.4721		0.0000		874.762		4.361		15.125		17.360527		41.681
6.050		3.4760		0.0000		874.758		4.365		15.125		17.379807		41.721
6.052		3.4795		0.0000		874.754		4.368		15.130		17.397707		41.761
6.060		3.4827		0.0000		874.751		4.371		15.150		17.413542		41.801
6.062		3.4860		0.0000		874.748		4.375		15.155		17.430067		41.841
6.058		3.4892		0.0000		874.745		4.378		15.145		17.445904		41.881
6.054		3.4925		0.0000		874.741		4.381		15.135		17.462425		41.921
6.050		3.4955		0.0000		874.738		4.384		15.125		17.477571		41.961
6.046		3.4987		0.0000		874.735		4.387		15.115		17.493408		42.001
6.042		3.5020		0.0000		874.732		4.391		15.105		17.509933		42.041
6.040		3.5054		0.0000		874.728		4.394		15.100		17.527143		42.081
6.038		3.5091		0.0000		874.724		4.398		15.095		17.545734		42.121
6.038		3.5129		0.0000		874.721		4.402		15.095		17.564323		42.161
6.042		3.5162		0.0000		874.717		4.405		15.105		17.580849		42.201
6.046		3.5193		0.0000		874.714		4.408		15.115		17.596684		42.241
6.044		3.5226		0.0000		874.711		4.411		15.110		17.613209		42.281
6.040		3.5258		0.0000		874.708		4.415		15.100		17.629044		42.321
6.036		3.5290		0.0000		874.705		4.418		15.090		17.644878		42.361
6.032		3.5321		0.0000		874.702		4.421		15.080		17.660713		42.401
6.030		3.5353		0.0000		874.698		4.424		15.075		17.676548		42.441
6.026		3.5386		0.0000		874.695		4.427		15.065		17.693073		42.481
6.022		3.5423		0.0000		874.691		4.431		15.055		17.711662		42.521
6.022		3.5462		0.0000		874.688		4.435		15.055		17.730942		42.561
6.026		3.5496		0.0000		874.684		4.438		15.065		17.748154		42.601
6.030		3.5527		0.0000		874.681		4.441		15.075		17.763300		42.641
6.032		3.5558		0.0000		874.678		4.445		15.080		17.779137		42.681
6.026		3.5591		0.0000		874.674		4.448		15.065		17.795660		42.721
6.022		3.5623		0.0000		874.671		4.451		15.055		17.811497		42.761
6.020		3.5655		0.0000		874.668		4.454		15.050		17.827332		42.801
6.018		3.5688		0.0000		874.665		4.457		15.045		17.843855		42.841
6.014		3.5719		0.0000		874.662		4.461		15.035		17.859690		42.881
6.012		3.5754		0.0000		874.658		4.464		15.030		17.876904		42.921
6.010		3.5792		0.0000		874.654		4.468		15.025		17.896179		42.961
6.012		3.5831		0.0000		874.651		4.472		15.030		17.915459		43.001
6.020		3.5861		0.0000		874.648		4.475		15.050		17.930605		43.041
6.022		3.5893		0.0000		874.644		4.478		15.055		17.946442		43.081
6.018		3.5925		0.0000		874.641		4.481		15.045		17.962276		43.121
6.014		3.5958		0.0000		874.638		4.484		15.035		17.978802		43.161
6.010		3.5989		0.0000		874.635		4.488		15.025		17.994637		43.201
6.006		3.6021		0.0000		874.632		4.491		15.015		18.010471		43.241
6.002		3.6054		0.0000		874.628		4.494		15.005		18.026997		43.281
6.000		3.6088		0.0000		874.625		4.498		15.000		18.044209		43.321
5.996		3.6126		0.0000		874.621		4.501		14.990		18.062799		43.361
5.998		3.6164		0.0000		874.617		4.505		14.995		18.082075		43.401
6.004		3.6196		0.0000		874.614		4.508		15.010		18.097912		43.441
6.008		3.6227		0.0000		874.611		4.511		15.020		18.113747		43.481
6.004		3.6259		0.0000		874.608		4.515		15.010		18.129581		43.521
6.000		3.6292		0.0000		874.604		4.518		15.000		18.146107		43.561
5.996		3.6323		0.0000		874.601		4.521		14.990		18.161255		43.601
5.992		3.6354		0.0000		874.598		4.524		14.980		18.177090		43.641
5.986		3.6387		0.0000		874.595		4.527		14.965		18.193611		43.681
5.982		3.6422		0.0000		874.591		4.531		14.955		18.210827		43.721
5.978		3.6459		0.0000		874.588		4.535		14.945		18.229416		43.761
5.978		3.6496		0.0000		874.584		4.538		14.945		18.248005		43.801
5.982		3.6530		0.0000		874.581		4.542		14.955		18.265217		43.841
5.984		3.6562		0.0000		874.577		4.545		14.960		18.281052		43.881
5.984		3.6594		0.0000		874.574		4.548		14.960		18.296888		43.921
5.978		3.6625		0.0000		874.571		4.551		14.945		18.312723		43.961
5.974		3.6657		0.0000		874.568		4.554		14.935		18.328560		44.001
5.970		3.6690		0.0000		874.565		4.558		14.925		18.345081		44.041
5.968		3.6720		0.0000		874.562		4.561		14.920		18.360231		44.081
5.964		3.6752		0.0000		874.558		4.564		14.910		18.376064		44.121
5.960		3.6789		0.0000		874.555		4.568		14.900		18.394653		44.161
5.958		3.6828		0.0000		874.551		4.572		14.895		18.413933		44.201
5.962		3.6864		0.0000		874.547		4.575		14.905		18.431833		44.241
5.968		3.6895		0.0000		874.544		4.578		14.920		18.447668		44.281
5.968		3.6927		0.0000		874.541		4.581		14.920		18.463505		44.321
5.964		3.6960		0.0000		874.538		4.585		14.910		18.480030		44.361
5.958		3.6992		0.0000		874.534		4.588		14.895		18.495865		44.401
5.954		3.7023		0.0000		874.531		4.591		14.885		18.511700		44.441
5.950		3.7055		0.0000		874.528		4.594		14.875		18.527536		44.481
5.948		3.7088		0.0000		874.525		4.598		14.870		18.544060		44.521
5.944		3.7121		0.0000		874.522		4.601		14.860		18.560583		44.561
5.942		3.7160		0.0000		874.518		4.605		14.855		18.579863		44.601
5.942		3.7198		0.0000		874.514		4.609		14.855		18.599138		44.641
5.948		3.7230		0.0000		874.511		4.612		14.870		18.614975		44.681
5.952		3.7262		0.0000		874.508		4.615		14.880		18.630810		44.721
5.950		3.7293		0.0000		874.504		4.618		14.875		18.646645		44.761
5.944		3.7325		0.0000		874.501		4.621		14.860		18.662481		44.801
5.940		3.7358		0.0000		874.498		4.625		14.850		18.679007		44.841
5.936		3.7388		0.0000		874.495		4.628		14.840		18.694153		44.881
5.932		3.7420		0.0000		874.492		4.631		14.830		18.709988		44.921
5.928		3.7454		0.0000		874.488		4.634		14.820		18.727200		44.961
5.924		3.7493		0.0000		874.484		4.638		14.810		18.746479		45.001
5.924		3.7530		0.0000		874.481		4.642		14.810		18.765068		45.041
5.928		3.7565		0.0000		874.477		4.645		14.820		18.782280		45.081
5.934		3.7595		0.0000		874.474		4.648		14.835		18.797426		45.121
5.932		3.7628		0.0000		874.471		4.652		14.830		18.813951		45.161
5.926		3.7660		0.0000		874.468		4.655		14.815		18.829786		45.201
5.922		3.7693		0.0000		874.464		4.658		14.805		18.846312		45.241
5.918		3.7724		0.0000		874.461		4.661		14.795		18.862148		45.281
5.914		3.7755		0.0000		874.458		4.664		14.785		18.877295		45.321
5.910		3.7788		0.0000		874.455		4.667		14.775		18.893816		45.361
5.906		3.7823		0.0000		874.451		4.671		14.765		18.911720		45.401
5.904		3.7862		0.0000		874.447		4.675		14.760		18.930996		45.441
5.904		3.7898		0.0000		874.444		4.678		14.760		18.948898		45.481
5.908		3.7929		0.0000		874.441		4.682		14.770		18.964733		45.521
5.908		3.7963		0.0000		874.437		4.685		14.770		18.981256		45.561
5.904		3.7993		0.0000		874.434		4.688		14.760		18.996403		45.601
5.900		3.8026		0.0000		874.431		4.691		14.750		19.012928		45.641
5.896		3.8058		0.0000		874.428		4.694		14.740		19.028763		45.681
5.890		3.8089		0.0000		874.425		4.698		14.725		19.044600		45.721
5.886		3.8122		0.0000		874.421		4.701		14.715		19.061123		45.761
5.882		3.8155		0.0000		874.418		4.704		14.705		19.077646		45.801
5.878		3.8194		0.0000		874.414		4.708		14.695		19.096926		45.841
5.878		3.8232		0.0000		874.410		4.712		14.695		19.116203		45.881
5.882		3.8264		0.0000		874.407		4.715		14.705		19.132040		45.921
5.884		3.8296		0.0000		874.404		4.718		14.710		19.147873		45.961
5.878		3.8327		0.0000		874.401		4.721		14.695		19.163708		46.001
5.872		3.8360		0.0000		874.398		4.725		14.680		19.180233		46.041
5.868		3.8392		0.0000		874.394		4.728		14.670		19.196070		46.081
5.866		3.8424		0.0000		874.391		4.731		14.665		19.211905		46.121
5.860		3.8455		0.0000		874.388		4.734		14.650		19.227741		46.161
5.856		3.8489		0.0000		874.385		4.738		14.640		19.244263		46.201
5.854		3.8526		0.0000		874.381		4.741		14.635		19.262852		46.241
5.852		3.8564		0.0000		874.377		4.745		14.630		19.282131		46.281
5.856		3.8597		0.0000		874.374		4.748		14.640		19.298656		46.321
5.860		3.8629		0.0000		874.371		4.752		14.650		19.314491		46.361
5.858		3.8661		0.0000		874.368		4.755		14.645		19.330328		46.401
5.854		3.8694		0.0000		874.364		4.758		14.635		19.346849		46.441
5.850		3.8725		0.0000		874.361		4.761		14.625		19.362686		46.481
5.844		3.8757		0.0000		874.358		4.764		14.610		19.378521		46.521
5.840		3.8790		0.0000		874.355		4.768		14.600		19.395046		46.561
5.836		3.8822		0.0000		874.352		4.771		14.590		19.410881		46.601
5.832		3.8859		0.0000		874.348		4.775		14.580		19.429472		46.641
5.832		3.8897		0.0000		874.344		4.778		14.580		19.448748		46.681
5.834		3.8932		0.0000		874.340		4.782		14.585		19.465961		46.721
5.840		3.8964		0.0000		874.337		4.785		14.600		19.481796		46.761
5.842		3.8995		0.0000		874.334		4.788		14.605		19.497633		46.801
5.838		3.9027		0.0000		874.331		4.791		14.595		19.513466		46.841
5.832		3.9060		0.0000		874.328		4.795		14.580		19.529991		46.881
5.828		3.9092		0.0000		874.325		4.798		14.570		19.545826		46.921
5.824		3.9123		0.0000		874.321		4.801		14.560		19.561663		46.961
5.820		3.9155		0.0000		874.318		4.804		14.550		19.577499		47.001
5.816		3.9191		0.0000		874.315		4.808		14.540		19.595398		47.041
5.814		3.9228		0.0000		874.311		4.812		14.535		19.613989		47.081
5.816		3.9265		0.0000		874.307		4.815		14.540		19.632578		47.121
5.820		3.9298		0.0000		874.304		4.819		14.550		19.649103		47.161
5.822		3.9330		0.0000		874.301		4.822		14.555		19.664938		47.201
5.818		3.9362		0.0000		874.297		4.825		14.545		19.680771		47.241
5.814		3.9393		0.0000		874.294		4.828		14.535		19.696608		47.281
5.810		3.9425		0.0000		874.291		4.831		14.525		19.712444		47.321
5.806		3.9458		0.0000		874.288		4.835		14.515		19.728968		47.361
5.802		3.9490		0.0000		874.285		4.838		14.505		19.744804		47.401
5.798		3.9523		0.0000		874.281		4.841		14.495		19.761326		47.441
5.794		3.9560		0.0000		874.278		4.845		14.485		19.779915		47.481
5.794		3.9598		0.0000		874.274		4.849		14.485		19.799194		47.521
5.800		3.9633		0.0000		874.270		4.852		14.500		19.816408		47.561
5.802		3.9663		0.0000		874.267		4.855		14.505		19.831554		47.601
5.802		3.9695		0.0000		874.264		4.858		14.505		19.847391		47.641
5.796		3.9726		0.0000		874.261		4.861		14.490		19.863226		47.681
