数据量:688
试验力		变形		扩展变形		位置		位移		应力		应变		时间
0.010		0.0014		0.0000		3962.085		1.652		0.025		0.006886		0.040
0.010		0.0048		0.0000		3962.082		1.655		0.025		0.024098		0.080
0.010		0.0085		0.0000		3962.078		1.659		0.025		0.042687		0.120
0.010		0.0121		0.0000		3962.074		1.663		0.025		0.060588		0.160
0.010		0.0153		0.0000		3962.071		1.666		0.025		0.076424		0.200
0.010		0.0186		0.0000		3962.068		1.669		0.025		0.092948		0.240
0.010		0.0218		0.0000		3962.065		1.672		0.025		0.108783		0.280
0.010		0.0251		0.0000		3962.062		1.676		0.025		0.125307		0.320
0.010		0.0282		0.0000		3962.058		1.679		0.025		0.141143		0.360
0.010		0.0314		0.0000		3962.055		1.682		0.025		0.156978		0.400
0.012		0.0347		0.0000		3962.052		1.685		0.030		0.173503		0.440
0.012		0.0381		0.0000		3962.049		1.689		0.030		0.190715		0.480
0.012		0.0419		0.0000		3962.045		1.692		0.030		0.209304		0.520
0.012		0.0454		0.0000		3962.041		1.696		0.030		0.227205		0.560
0.012		0.0487		0.0000		3962.038		1.699		0.030		0.243729		0.600
0.012		0.0519		0.0000		3962.035		1.703		0.030		0.259565		0.640
0.012		0.0551		0.0000		3962.031		1.706		0.030		0.275400		0.680
0.012		0.0584		0.0000		3962.028		1.709		0.030		0.291924		0.720
0.014		0.0617		0.0000		3962.025		1.712		0.035		0.308448		0.760
0.014		0.0649		0.0000		3962.022		1.715		0.035		0.324284		0.800
0.014		0.0680		0.0000		3962.019		1.719		0.035		0.340119		0.840
0.014		0.0715		0.0000		3962.015		1.722		0.035		0.357332		0.880
0.014		0.0750		0.0000		3962.012		1.726		0.035		0.375233		0.920
0.014		0.0786		0.0000		3962.008		1.729		0.035		0.393134		0.960
0.014		0.0821		0.0000		3962.005		1.733		0.035		0.410346		1.000
0.016		0.0854		0.0000		3962.001		1.736		0.040		0.426871		1.040
0.016		0.0885		0.0000		3961.998		1.739		0.040		0.442706		1.080
0.016		0.0918		0.0000		3961.995		1.742		0.040		0.459230		1.120
0.016		0.0950		0.0000		3961.992		1.746		0.040		0.475065		1.160
0.018		0.0982		0.0000		3961.989		1.749		0.045		0.490901		1.200
0.018		0.1015		0.0000		3961.985		1.752		0.045		0.507425		1.240
0.018		0.1048		0.0000		3961.982		1.755		0.045		0.523949		1.280
0.018		0.1082		0.0000		3961.979		1.759		0.045		0.541161		1.320
0.020		0.1120		0.0000		3961.975		1.763		0.050		0.559751		1.360
0.020		0.1155		0.0000		3961.971		1.766		0.050		0.577652		1.400
0.020		0.1188		0.0000		3961.968		1.769		0.050		0.594176		1.440
0.022		0.1219		0.0000		3961.965		1.772		0.055		0.609323		1.480
0.022		0.1252		0.0000		3961.961		1.776		0.055		0.625847		1.520
0.022		0.1285		0.0000		3961.958		1.779		0.055		0.642371		1.560
0.022		0.1316		0.0000		3961.955		1.782		0.055		0.658206		1.600
0.024		0.1348		0.0000		3961.952		1.785		0.060		0.674042		1.640
0.024		0.1381		0.0000		3961.948		1.789		0.060		0.690566		1.680
0.026		0.1416		0.0000		3961.945		1.792		0.065		0.707778		1.720
0.026		0.1451		0.0000		3961.942		1.796		0.065		0.725679		1.760
0.028		0.1489		0.0000		3961.938		1.799		0.070		0.744269		1.800
0.028		0.1522		0.0000		3961.935		1.803		0.070		0.760793		1.840
0.030		0.1553		0.0000		3961.931		1.806		0.075		0.776628		1.880
0.032		0.1586		0.0000		3961.928		1.809		0.080		0.793152		1.920
0.032		0.1618		0.0000		3961.925		1.812		0.080		0.808988		1.960
0.034		0.1651		0.0000		3961.922		1.816		0.085		0.825512		2.000
0.036		0.1683		0.0000		3961.918		1.819		0.090		0.841348		2.040
0.038		0.1714		0.0000		3961.915		1.822		0.095		0.857183		2.080
0.040		0.1749		0.0000		3961.912		1.825		0.100		0.874395		2.120
0.040		0.1785		0.0000		3961.908		1.829		0.100		0.892296		2.160
0.042		0.1822		0.0000		3961.905		1.833		0.105		0.910886		2.200
0.046		0.1855		0.0000		3961.901		1.836		0.115		0.927410		2.240
0.048		0.1888		0.0000		3961.898		1.839		0.120		0.943934		2.280
0.050		0.1920		0.0000		3961.895		1.843		0.125		0.959769		2.320
0.052		0.1953		0.0000		3961.891		1.846		0.130		0.976293		2.360
0.054		0.1984		0.0000		3961.888		1.849		0.135		0.992129		2.400
0.056		0.2016		0.0000		3961.885		1.852		0.140		1.007964		2.440
0.060		0.2049		0.0000		3961.882		1.856		0.150		1.024488		2.480
0.062		0.2081		0.0000		3961.879		1.859		0.155		1.040324		2.520
0.064		0.2116		0.0000		3961.875		1.862		0.160		1.058225		2.560
0.068		0.2154		0.0000		3961.871		1.866		0.170		1.076815		2.600
0.072		0.2188		0.0000		3961.868		1.869		0.180		1.094027		2.640
0.074		0.2221		0.0000		3961.865		1.873		0.185		1.110551		2.680
0.078		0.2254		0.0000		3961.861		1.876		0.195		1.127075		2.720
0.082		0.2286		0.0000		3961.858		1.879		0.205		1.142910		2.760
0.086		0.2319		0.0000		3961.855		1.882		0.215		1.159434		2.800
0.090		0.2351		0.0000		3961.852		1.886		0.225		1.175270		2.840
0.094		0.2382		0.0000		3961.848		1.889		0.235		1.191105		2.880
0.098		0.2415		0.0000		3961.845		1.892		0.245		1.207629		2.920
0.104		0.2450		0.0000		3961.842		1.896		0.260		1.224842		2.960
0.110		0.2485		0.0000		3961.838		1.899		0.275		1.242743		3.000
0.116		0.2523		0.0000		3961.834		1.903		0.290		1.261332		3.040
0.122		0.2556		0.0000		3961.831		1.906		0.305		1.277856		3.080
0.130		0.2587		0.0000		3961.828		1.909		0.325		1.293692		3.120
0.138		0.2619		0.0000		3961.825		1.913		0.345		1.309527		3.160
0.144		0.2652		0.0000		3961.822		1.916		0.360		1.326051		3.200
0.154		0.2684		0.0000		3961.818		1.919		0.385		1.341887		3.240
0.162		0.2717		0.0000		3961.815		1.922		0.405		1.358411		3.280
0.172		0.2750		0.0000		3961.812		1.926		0.430		1.374935		3.320
0.182		0.2783		0.0000		3961.808		1.929		0.455		1.391459		3.360
0.192		0.2819		0.0000		3961.805		1.932		0.480		1.409360		3.400
0.202		0.2856		0.0000		3961.801		1.936		0.505		1.427949		3.440
0.214		0.2889		0.0000		3961.798		1.940		0.535		1.444473		3.480
0.226		0.2922		0.0000		3961.794		1.943		0.565		1.460997		3.520
0.238		0.2954		0.0000		3961.791		1.946		0.595		1.476833		3.560
0.250		0.2985		0.0000		3961.788		1.949		0.625		1.492668		3.600
0.262		0.3018		0.0000		3961.785		1.952		0.655		1.509193		3.640
0.274		0.3051		0.0000		3961.781		1.956		0.685		1.525716		3.680
0.284		0.3083		0.0000		3961.778		1.959		0.710		1.541552		3.720
0.296		0.3116		0.0000		3961.775		1.962		0.740		1.558076		3.760
0.308		0.3152		0.0000		3961.771		1.966		0.770		1.575977		3.800
0.322		0.3188		0.0000		3961.768		1.969		0.805		1.593878		3.840
0.336		0.3224		0.0000		3961.764		1.973		0.840		1.611779		3.880
0.350		0.3255		0.0000		3961.761		1.976		0.875		1.627614		3.920
0.362		0.3287		0.0000		3961.758		1.979		0.905		1.643450		3.960
0.374		0.3320		0.0000		3961.755		1.983		0.935		1.659974		4.000
0.388		0.3352		0.0000		3961.751		1.986		0.970		1.675809		4.040
0.400		0.3385		0.0000		3961.748		1.989		1.000		1.692333		4.080
0.416		0.3416		0.0000		3961.745		1.992		1.040		1.708169		4.120
0.432		0.3449		0.0000		3961.742		1.996		1.080		1.724693		4.160
0.448		0.3484		0.0000		3961.738		1.999		1.120		1.741905		4.200
0.464		0.3521		0.0000		3961.735		2.003		1.160		1.760495		4.240
0.482		0.3555		0.0000		3961.731		2.006		1.205		1.777707		4.280
0.500		0.3590		0.0000		3961.728		2.010		1.250		1.794919		4.320
0.518		0.3622		0.0000		3961.725		2.013		1.295		1.810755		4.360
0.536		0.3653		0.0000		3961.721		2.016		1.340		1.826591		4.400
0.552		0.3686		0.0000		3961.718		2.019		1.380		1.843114		4.440
0.570		0.3719		0.0000		3961.715		2.023		1.425		1.859639		4.480
0.586		0.3751		0.0000		3961.712		2.026		1.465		1.875474		4.520
0.602		0.3783		0.0000		3961.708		2.029		1.505		1.891310		4.560
0.616		0.3817		0.0000		3961.705		2.032		1.540		1.908522		4.600
0.630		0.3853		0.0000		3961.701		2.036		1.575		1.926423		4.640
0.646		0.3890		0.0000		3961.698		2.040		1.615		1.945012		4.680
0.662		0.3923		0.0000		3961.694		2.043		1.655		1.961537		4.720
0.676		0.3955		0.0000		3961.691		2.046		1.690		1.977373		4.760
0.692		0.3988		0.0000		3961.688		2.049		1.730		1.993896		4.800
0.708		0.4019		0.0000		3961.685		2.053		1.770		2.009732		4.840
0.726		0.4053		0.0000		3961.681		2.056		1.815		2.026256		4.880
0.744		0.4084		0.0000		3961.678		2.059		1.860		2.042091		4.920
0.760		0.4117		0.0000		3961.675		2.062		1.900		2.058615		4.960
0.778		0.4150		0.0000		3961.672		2.066		1.945		2.075140		5.000
0.798		0.4186		0.0000		3961.668		2.069		1.995		2.093040		5.040
0.816		0.4222		0.0000		3961.665		2.073		2.040		2.110941		5.080
0.836		0.4256		0.0000		3961.661		2.076		2.090		2.128153		5.120
0.856		0.4289		0.0000		3961.658		2.080		2.140		2.144678		5.160
0.876		0.4321		0.0000		3961.655		2.083		2.190		2.160513		5.200
0.894		0.4354		0.0000		3961.651		2.086		2.235		2.177038		5.240
0.912		0.4387		0.0000		3961.648		2.089		2.280		2.193561		5.280
0.932		0.4419		0.0000		3961.645		2.092		2.330		2.209397		5.320
0.950		0.4450		0.0000		3961.642		2.096		2.375		2.225233		5.360
0.970		0.4484		0.0000		3961.638		2.099		2.425		2.241756		5.400
0.990		0.4518		0.0000		3961.635		2.102		2.475		2.258969		5.440
1.012		0.4554		0.0000		3961.631		2.106		2.530		2.276869		5.480
1.034		0.4591		0.0000		3961.628		2.110		2.585		2.295459		5.520
1.058		0.4623		0.0000		3961.625		2.113		2.645		2.311295		5.560
1.080		0.4656		0.0000		3961.621		2.116		2.700		2.327818		5.600
1.100		0.4687		0.0000		3961.618		2.119		2.750		2.343654		5.640
1.122		0.4719		0.0000		3961.615		2.123		2.805		2.359490		5.680
1.144		0.4752		0.0000		3961.612		2.126		2.860		2.376013		5.720
1.166		0.4785		0.0000		3961.608		2.129		2.915		2.392538		5.760
1.188		0.4817		0.0000		3961.605		2.132		2.970		2.408373		5.800
1.212		0.4851		0.0000		3961.602		2.136		3.030		2.425585		5.840
1.234		0.4887		0.0000		3961.598		2.139		3.085		2.443487		5.880
1.260		0.4924		0.0000		3961.594		2.143		3.150		2.462077		5.920
1.286		0.4957		0.0000		3961.591		2.146		3.215		2.478600		5.960
1.312		0.4989		0.0000		3961.588		2.149		3.280		2.494436		6.000
1.336		0.5022		0.0000		3961.584		2.153		3.340		2.510960		6.040
1.360		0.5054		0.0000		3961.581		2.156		3.400		2.526795		6.080
1.384		0.5087		0.0000		3961.578		2.159		3.460		2.543319		6.120
1.408		0.5118		0.0000		3961.575		2.162		3.520		2.559155		6.160
1.434		0.5150		0.0000		3961.572		2.166		3.585		2.574990		6.200
1.458		0.5183		0.0000		3961.568		2.169		3.645		2.591514		6.240
1.484		0.5219		0.0000		3961.565		2.172		3.710		2.609416		6.280
1.510		0.5256		0.0000		3961.561		2.176		3.775		2.628005		6.320
1.540		0.5292		0.0000		3961.558		2.180		3.850		2.645905		6.360
1.568		0.5323		0.0000		3961.554		2.183		3.920		2.661741		6.400
1.596		0.5355		0.0000		3961.551		2.186		3.990		2.677577		6.440
1.620		0.5388		0.0000		3961.548		2.189		4.050		2.694101		6.480
1.644		0.5420		0.0000		3961.545		2.193		4.110		2.709937		6.520
1.670		0.5453		0.0000		3961.542		2.196		4.175		2.726460		6.560
1.696		0.5485		0.0000		3961.538		2.199		4.240		2.742296		6.600
1.722		0.5518		0.0000		3961.535		2.202		4.305		2.758820		6.640
1.746		0.5552		0.0000		3961.531		2.206		4.365		2.776032		6.680
1.774		0.5589		0.0000		3961.528		2.210		4.435		2.794621		6.720
1.802		0.5625		0.0000		3961.524		2.213		4.505		2.812523		6.760
1.832		0.5658		0.0000		3961.521		2.216		4.580		2.829047		6.800
1.860		0.5690		0.0000		3961.518		2.220		4.650		2.844882		6.840
1.884		0.5721		0.0000		3961.515		2.223		4.710		2.860718		6.880
1.910		0.5754		0.0000		3961.511		2.226		4.775		2.877242		6.920
1.934		0.5786		0.0000		3961.508		2.229		4.835		2.893078		6.960
1.960		0.5818		0.0000		3961.505		2.232		4.900		2.908912		7.000
1.986		0.5851		0.0000		3961.502		2.236		4.965		2.925437		7.040
2.010		0.5884		0.0000		3961.498		2.239		5.025		2.941961		7.080
2.038		0.5921		0.0000		3961.495		2.243		5.095		2.960550		7.120
2.066		0.5958		0.0000		3961.491		2.246		5.165		2.979140		7.160
2.096		0.5991		0.0000		3961.488		2.250		5.240		2.995663		7.200
2.126		0.6023		0.0000		3961.484		2.253		5.315		3.011499		7.240
2.152		0.6056		0.0000		3961.481		2.256		5.380		3.028024		7.280
2.176		0.6088		0.0000		3961.478		2.259		5.440		3.043859		7.320
2.202		0.6121		0.0000		3961.475		2.263		5.505		3.060383		7.360
2.228		0.6152		0.0000		3961.471		2.266		5.570		3.076218		7.400
2.254		0.6184		0.0000		3961.468		2.269		5.635		3.092053		7.440
2.280		0.6217		0.0000		3961.465		2.272		5.700		3.108578		7.480
2.306		0.6254		0.0000		3961.461		2.276		5.765		3.127168		7.520
2.334		0.6290		0.0000		3961.458		2.280		5.835		3.145068		7.560
2.366		0.6326		0.0000		3961.454		2.283		5.915		3.162969		7.600
2.396		0.6358		0.0000		3961.451		2.286		5.990		3.178804		7.640
2.424		0.6389		0.0000		3961.448		2.290		6.060		3.194640		7.680
2.450		0.6422		0.0000		3961.445		2.293		6.125		3.211164		7.720
2.474		0.6454		0.0000		3961.441		2.296		6.185		3.227000		7.760
2.500		0.6486		0.0000		3961.438		2.299		6.250		3.242836		7.800
2.526		0.6517		0.0000		3961.435		2.302		6.315		3.258671		7.840
2.550		0.6550		0.0000		3961.432		2.306		6.375		3.275195		7.880
2.576		0.6586		0.0000		3961.428		2.309		6.440		3.293095		7.920
2.604		0.6623		0.0000		3961.424		2.313		6.510		3.311685		7.960
2.634		0.6659		0.0000		3961.421		2.317		6.585		3.329587		8.000
2.664		0.6692		0.0000		3961.417		2.320		6.660		3.346110		8.040
2.692		0.6724		0.0000		3961.414		2.323		6.730		3.361946		8.080
2.716		0.6756		0.0000		3961.411		2.326		6.790		3.377781		8.120
2.740		0.6789		0.0000		3961.408		2.329		6.850		3.394305		8.160
2.764		0.6820		0.0000		3961.405		2.333		6.910		3.410141		8.200
2.790		0.6852		0.0000		3961.402		2.336		6.975		3.425977		8.240
2.814		0.6885		0.0000		3961.398		2.339		7.035		3.442500		8.280
2.838		0.6919		0.0000		3961.395		2.343		7.095		3.459713		8.320
2.864		0.6955		0.0000		3961.391		2.346		7.160		3.477613		8.360
2.890		0.6992		0.0000		3961.387		2.350		7.225		3.496203		8.400
2.920		0.7025		0.0000		3961.384		2.353		7.300		3.512728		8.440
2.948		0.7057		0.0000		3961.381		2.356		7.370		3.528563		8.480
2.972		0.7090		0.0000		3961.378		2.360		7.430		3.545087		8.520
2.996		0.7122		0.0000		3961.375		2.363		7.490		3.560923		8.560
3.020		0.7155		0.0000		3961.371		2.366		7.550		3.577446		8.600
3.044		0.7187		0.0000		3961.368		2.369		7.610		3.593282		8.640
3.066		0.7218		0.0000		3961.365		2.372		7.665		3.609118		8.680
3.090		0.7251		0.0000		3961.362		2.376		7.725		3.625641		8.720
3.114		0.7288		0.0000		3961.358		2.379		7.785		3.644231		8.760
3.140		0.7326		0.0000		3961.354		2.383		7.850		3.662820		8.800
3.170		0.7360		0.0000		3961.351		2.387		7.925		3.680033		8.840
3.198		0.7392		0.0000		3961.347		2.390		7.995		3.695869		8.880
3.222		0.7423		0.0000		3961.344		2.393		8.055		3.711703		8.920
3.244		0.7456		0.0000		3961.341		2.396		8.110		3.728228		8.960
3.266		0.7488		0.0000		3961.338		2.399		8.165		3.744063		9.000
3.288		0.7520		0.0000		3961.335		2.403		8.220		3.759899		9.040
3.310		0.7553		0.0000		3961.331		2.406		8.275		3.776423		9.080
3.332		0.7585		0.0000		3961.328		2.409		8.330		3.792258		9.120
3.354		0.7620		0.0000		3961.325		2.413		8.385		3.810160		9.160
3.378		0.7657		0.0000		3961.321		2.416		8.445		3.828749		9.200
3.404		0.7693		0.0000		3961.317		2.420		8.510		3.846650		9.240
3.432		0.7726		0.0000		3961.314		2.423		8.580		3.863174		9.280
3.456		0.7758		0.0000		3961.311		2.426		8.640		3.879009		9.320
3.476		0.7790		0.0000		3961.308		2.430		8.690		3.894845		9.360
3.498		0.7823		0.0000		3961.304		2.433		8.745		3.911368		9.400
3.518		0.7854		0.0000		3961.301		2.436		8.795		3.927204		9.440
3.540		0.7886		0.0000		3961.298		2.439		8.850		3.943040		9.480
3.560		0.7918		0.0000		3961.295		2.442		8.900		3.958876		9.520
3.580		0.7952		0.0000		3961.292		2.446		8.950		3.976088		9.560
3.600		0.7989		0.0000		3961.288		2.450		9.000		3.994678		9.600
3.624		0.8028		0.0000		3961.284		2.453		9.060		4.013955		9.640
3.650		0.8060		0.0000		3961.281		2.457		9.125		4.029791		9.680
3.674		0.8091		0.0000		3961.278		2.460		9.185		4.045627		9.720
3.694		0.8123		0.0000		3961.274		2.463		9.235		4.061462		9.760
3.712		0.8156		0.0000		3961.271		2.466		9.280		4.077986		9.800
3.732		0.8189		0.0000		3961.268		2.470		9.330		4.094510		9.840
3.750		0.8221		0.0000		3961.265		2.473		9.375		4.110345		9.880
3.770		0.8252		0.0000		3961.261		2.476		9.425		4.126181		9.920
3.788		0.8285		0.0000		3961.258		2.479		9.470		4.142704		9.960
3.806		0.8321		0.0000		3961.255		2.483		9.515		4.160606		10.000
3.828		0.8360		0.0000		3961.251		2.487		9.570		4.179883		10.040
3.850		0.8394		0.0000		3961.247		2.490		9.625		4.197096		10.080
3.872		0.8426		0.0000		3961.244		2.493		9.680		4.212932		10.120
3.892		0.8458		0.0000		3961.241		2.496		9.730		4.228768		10.160
3.908		0.8491		0.0000		3961.238		2.500		9.770		4.245291		10.200
3.924		0.8522		0.0000		3961.234		2.503		9.810		4.261127		10.240
3.942		0.8554		0.0000		3961.231		2.506		9.855		4.276963		10.280
3.958		0.8586		0.0000		3961.228		2.509		9.895		4.292798		10.320
3.974		0.8619		0.0000		3961.225		2.512		9.935		4.309322		10.360
3.988		0.8654		0.0000		3961.221		2.516		9.970		4.327223		10.400
4.006		0.8692		0.0000		3961.218		2.520		10.015		4.345812		10.440
4.026		0.8727		0.0000		3961.214		2.523		10.065		4.363714		10.480
4.048		0.8760		0.0000		3961.211		2.527		10.120		4.380238		10.520
4.066		0.8791		0.0000		3961.208		2.530		10.165		4.395384		10.560
4.078		0.8824		0.0000		3961.204		2.533		10.195		4.411908		10.600
4.092		0.8857		0.0000		3961.201		2.536		10.230		4.428432		10.640
4.106		0.8889		0.0000		3961.198		2.539		10.265		4.444268		10.680
4.122		0.8920		0.0000		3961.195		2.543		10.305		4.460103		10.720
4.134		0.8952		0.0000		3961.191		2.546		10.335		4.475939		10.760
4.148		0.8986		0.0000		3961.188		2.549		10.370		4.493151		10.800
4.162		0.9023		0.0000		3961.184		2.553		10.405		4.511741		10.840
4.180		0.9061		0.0000		3961.181		2.557		10.450		4.530330		10.880
4.198		0.9094		0.0000		3961.177		2.560		10.495		4.546854		10.920
4.216		0.9127		0.0000		3961.174		2.563		10.540		4.563379		10.960
4.230		0.9158		0.0000		3961.171		2.566		10.575		4.579213		11.000
4.242		0.9190		0.0000		3961.168		2.570		10.605		4.595049		11.040
4.254		0.9222		0.0000		3961.165		2.573		10.635		4.610885		11.080
4.266		0.9253		0.0000		3961.161		2.576		10.665		4.626720		11.120
4.276		0.9286		0.0000		3961.158		2.579		10.690		4.643244		11.160
4.288		0.9320		0.0000		3961.155		2.583		10.720		4.659768		11.200
4.300		0.9357		0.0000		3961.151		2.586		10.750		4.678357		11.240
4.314		0.9394		0.0000		3961.147		2.590		10.785		4.696947		11.280
4.332		0.9430		0.0000		3961.144		2.594		10.830		4.714849		11.320
4.348		0.9460		0.0000		3961.141		2.597		10.870		4.729995		11.360
4.360		0.9492		0.0000		3961.137		2.600		10.900		4.745831		11.400
4.368		0.9525		0.0000		3961.134		2.603		10.920		4.762354		11.440
4.378		0.9556		0.0000		3961.131		2.606		10.945		4.778190		11.480
4.390		0.9589		0.0000		3961.128		2.610		10.975		4.794714		11.520
4.398		0.9620		0.0000		3961.125		2.613		10.995		4.809862		11.560
4.408		0.9653		0.0000		3961.121		2.616		11.020		4.826385		11.600
4.416		0.9689		0.0000		3961.118		2.619		11.040		4.844286		11.640
4.428		0.9727		0.0000		3961.114		2.623		11.070		4.863564		11.680
4.440		0.9762		0.0000		3961.111		2.627		11.100		4.880777		11.720
4.454		0.9795		0.0000		3961.107		2.630		11.135		4.897301		11.760
4.466		0.9826		0.0000		3961.104		2.633		11.165		4.913136		11.800
4.472		0.9858		0.0000		3961.101		2.636		11.180		4.928972		11.840
4.480		0.9891		0.0000		3961.098		2.640		11.200		4.945496		11.880
4.488		0.9923		0.0000		3961.094		2.643		11.220		4.961331		11.920
4.496		0.9954		0.0000		3961.091		2.646		11.240		4.977167		11.960
4.504		0.9987		0.0000		3961.088		2.649		11.260		4.993691		12.000
4.512		1.0020		0.0000		3961.085		2.653		11.280		5.010214		12.040
4.522		1.0058		0.0000		3961.081		2.656		11.305		5.028804		12.080
4.532		1.0096		0.0000		3961.077		2.660		11.330		5.048082		12.120
4.546		1.0128		0.0000		3961.074		2.663		11.365		5.063918		12.160
4.558		1.0161		0.0000		3961.071		2.667		11.395		5.080442		12.200
4.564		1.0193		0.0000		3961.067		2.670		11.410		5.096278		12.240
4.570		1.0224		0.0000		3961.064		2.673		11.425		5.112113		12.280
4.576		1.0256		0.0000		3961.061		2.676		11.440		5.127948		12.320
4.584		1.0288		0.0000		3961.058		2.679		11.460		5.143784		12.360
4.590		1.0321		0.0000		3961.055		2.683		11.475		5.160307		12.400
4.596		1.0355		0.0000		3961.051		2.686		11.490		5.177520		12.440
4.604		1.0391		0.0000		3961.048		2.690		11.510		5.195422		12.480
4.612		1.0429		0.0000		3961.044		2.694		11.530		5.214699		12.520
4.624		1.0462		0.0000		3961.041		2.697		11.560		5.231224		12.560
4.636		1.0495		0.0000		3961.037		2.700		11.590		5.247747		12.600
4.642		1.0526		0.0000		3961.034		2.703		11.605		5.262894		12.640
4.646		1.0559		0.0000		3961.031		2.706		11.615		5.279419		12.680
4.652		1.0591		0.0000		3961.028		2.710		11.630		5.295253		12.720
4.656		1.0622		0.0000		3961.024		2.713		11.640		5.311089		12.760
4.662		1.0654		0.0000		3961.021		2.716		11.655		5.326925		12.800
4.666		1.0687		0.0000		3961.018		2.719		11.665		5.343449		12.840
4.672		1.0723		0.0000		3961.014		2.723		11.680		5.361350		12.880
4.678		1.0761		0.0000		3961.010		2.727		11.695		5.380628		12.920
4.688		1.0797		0.0000		3961.007		2.730		11.720		5.398529		12.960
4.700		1.0829		0.0000		3961.004		2.733		11.750		5.414364		13.000
4.706		1.0860		0.0000		3961.001		2.737		11.765		5.430200		13.040
4.710		1.0892		0.0000		3960.998		2.740		11.775		5.446035		13.080
4.714		1.0924		0.0000		3960.994		2.743		11.785		5.461871		13.120
4.718		1.0957		0.0000		3960.991		2.746		11.795		5.478395		13.160
4.724		1.0988		0.0000		3960.988		2.749		11.810		5.494230		13.200
4.728		1.1022		0.0000		3960.985		2.753		11.820		5.510754		13.240
4.732		1.1055		0.0000		3960.981		2.756		11.830		5.527279		13.280
4.738		1.1093		0.0000		3960.977		2.760		11.845		5.546556		13.320
4.748		1.1130		0.0000		3960.974		2.764		11.870		5.565145		13.360
4.758		1.1163		0.0000		3960.970		2.767		11.895		5.581670		13.400
4.766		1.1195		0.0000		3960.967		2.770		11.915		5.597505		13.440
4.770		1.1227		0.0000		3960.964		2.773		11.925		5.613341		13.480
4.774		1.1260		0.0000		3960.961		2.777		11.935		5.629864		13.520
4.778		1.1291		0.0000		3960.958		2.780		11.945		5.645700		13.560
4.782		1.1322		0.0000		3960.955		2.783		11.955		5.660847		13.600
4.786		1.1355		0.0000		3960.951		2.786		11.965		5.677372		13.640
4.788		1.1388		0.0000		3960.948		2.789		11.970		5.693895		13.680
4.792		1.1426		0.0000		3960.944		2.793		11.980		5.713174		13.720
4.800		1.1464		0.0000		3960.940		2.797		12.000		5.731763		13.760
4.810		1.1498		0.0000		3960.937		2.800		12.025		5.748976		13.800
4.820		1.1528		0.0000		3960.934		2.803		12.050		5.764122		13.840
4.822		1.1560		0.0000		3960.931		2.807		12.055		5.779958		13.880
4.824		1.1592		0.0000		3960.927		2.810		12.060		5.795793		13.920
4.828		1.1625		0.0000		3960.924		2.813		12.070		5.812318		13.960
4.830		1.1656		0.0000		3960.921		2.816		12.075		5.828152		14.000
4.834		1.1689		0.0000		3960.918		2.820		12.085		5.844677		14.040
4.836		1.1721		0.0000		3960.915		2.823		12.090		5.860513		14.080
4.840		1.1758		0.0000		3960.911		2.826		12.100		5.879102		14.120
4.846		1.1795		0.0000		3960.907		2.830		12.115		5.897692		14.160
4.856		1.1831		0.0000		3960.904		2.834		12.140		5.915592		14.200
4.864		1.1863		0.0000		3960.900		2.837		12.160		5.931428		14.240
4.870		1.1895		0.0000		3960.897		2.840		12.175		5.947264		14.280
4.872		1.1928		0.0000		3960.894		2.843		12.180		5.963788		14.320
4.876		1.1959		0.0000		3960.891		2.847		12.190		5.979623		14.360
4.878		1.1991		0.0000		3960.888		2.850		12.195		5.995458		14.400
4.882		1.2023		0.0000		3960.885		2.853		12.205		6.011293		14.440
4.884		1.2054		0.0000		3960.881		2.856		12.210		6.027129		14.480
4.888		1.2089		0.0000		3960.878		2.859		12.220		6.044342		14.520
4.892		1.2126		0.0000		3960.874		2.863		12.230		6.062932		14.560
4.902		1.2164		0.0000		3960.870		2.867		12.255		6.082209		14.600
4.912		1.2196		0.0000		3960.867		2.870		12.280		6.098044		14.640
4.918		1.2228		0.0000		3960.864		2.873		12.295		6.113880		14.680
4.922		1.2261		0.0000		3960.861		2.877		12.305		6.130404		14.720
4.924		1.2292		0.0000		3960.857		2.880		12.310		6.146240		14.760
4.928		1.2326		0.0000		3960.854		2.883		12.320		6.162763		14.800
4.930		1.2356		0.0000		3960.851		2.886		12.325		6.177911		14.840
4.934		1.2389		0.0000		3960.848		2.889		12.335		6.194435		14.880
4.936		1.2422		0.0000		3960.844		2.893		12.340		6.210958		14.920
4.940		1.2460		0.0000		3960.841		2.897		12.350		6.230237		14.960
4.946		1.2498		0.0000		3960.837		2.900		12.365		6.248827		15.000
4.956		1.2531		0.0000		3960.834		2.904		12.390		6.265350		15.040
4.962		1.2562		0.0000		3960.831		2.907		12.405		6.281186		15.080
4.964		1.2594		0.0000		3960.827		2.910		12.410		6.297021		15.120
4.966		1.2627		0.0000		3960.824		2.913		12.415		6.313545		15.160
4.968		1.2659		0.0000		3960.821		2.916		12.420		6.329381		15.200
4.970		1.2690		0.0000		3960.818		2.920		12.425		6.345217		15.240
4.972		1.2722		0.0000		3960.814		2.923		12.430		6.361053		15.280
4.974		1.2755		0.0000		3960.811		2.926		12.435		6.377576		15.320
4.976		1.2792		0.0000		3960.807		2.930		12.440		6.396165		15.360
4.980		1.2830		0.0000		3960.804		2.934		12.450		6.414755		15.400
4.988		1.2865		0.0000		3960.800		2.937		12.470		6.432655		15.440
4.996		1.2897		0.0000		3960.797		2.940		12.490		6.448491		15.480
5.000		1.2929		0.0000		3960.794		2.943		12.500		6.464327		15.520
5.000		1.2962		0.0000		3960.791		2.947		12.500		6.480851		15.560
5.002		1.2993		0.0000		3960.787		2.950		12.505		6.496686		15.600
5.004		1.3025		0.0000		3960.784		2.953		12.510		6.512522		15.640
5.004		1.3057		0.0000		3960.781		2.956		12.510		6.528358		15.680
5.006		1.3088		0.0000		3960.778		2.959		12.515		6.544192		15.720
5.008		1.3124		0.0000		3960.774		2.963		12.520		6.562094		15.760
5.012		1.3161		0.0000		3960.771		2.967		12.530		6.580684		15.800
5.018		1.3199		0.0000		3960.767		2.970		12.545		6.599273		15.840
5.026		1.3232		0.0000		3960.763		2.974		12.565		6.615797		15.880
5.032		1.3263		0.0000		3960.760		2.977		12.580		6.631632		15.920
5.032		1.3295		0.0000		3960.757		2.980		12.580		6.647468		15.960
5.032		1.3327		0.0000		3960.754		2.983		12.580		6.663303		16.000
5.034		1.3358		0.0000		3960.751		2.986		12.585		6.679139		16.040
5.034		1.3390		0.0000		3960.748		2.990		12.585		6.694974		16.080
5.034		1.3423		0.0000		3960.744		2.993		12.585		6.711498		16.120
5.036		1.3456		0.0000		3960.741		2.996		12.590		6.728023		16.160
5.038		1.3495		0.0000		3960.737		3.000		12.595		6.747300		16.200
5.042		1.3532		0.0000		3960.733		3.004		12.605		6.765890		16.240
5.050		1.3565		0.0000		3960.730		3.007		12.625		6.782414		16.280
5.056		1.3596		0.0000		3960.727		3.010		12.640		6.798249		16.320
5.058		1.3628		0.0000		3960.724		3.013		12.645		6.814085		16.360
5.056		1.3661		0.0000		3960.720		3.017		12.640		6.830608		16.400
5.058		1.3693		0.0000		3960.717		3.020		12.645		6.846444		16.440
5.058		1.3725		0.0000		3960.714		3.023		12.645		6.862280		16.480
5.058		1.3756		0.0000		3960.711		3.026		12.645		6.878116		16.520
5.058		1.3789		0.0000		3960.708		3.030		12.645		6.894639		16.560
5.060		1.3826		0.0000		3960.704		3.033		12.650		6.913229		16.600
5.062		1.3865		0.0000		3960.700		3.037		12.655		6.932507		16.640
5.070		1.3899		0.0000		3960.697		3.041		12.675		6.949720		16.680
5.076		1.3931		0.0000		3960.694		3.044		12.690		6.965554		16.720
5.080		1.3963		0.0000		3960.690		3.047		12.700		6.981390		16.760
5.080		1.3994		0.0000		3960.687		3.050		12.700		6.997226		16.800
5.080		1.4027		0.0000		3960.684		3.053		12.700		7.013750		16.840
5.080		1.4059		0.0000		3960.681		3.057		12.700		7.029585		16.880
5.080		1.4091		0.0000		3960.677		3.060		12.700		7.045421		16.920
5.078		1.4123		0.0000		3960.675		3.063		12.695		7.061257		16.960
5.080		1.4158		0.0000		3960.671		3.066		12.700		7.079157		17.000
5.080		1.4197		0.0000		3960.667		3.070		12.700		7.098436		17.040
5.086		1.4233		0.0000		3960.663		3.074		12.715		7.116336		17.080
5.092		1.4264		0.0000		3960.660		3.077		12.730		7.132172		17.120
5.094		1.4296		0.0000		3960.657		3.080		12.735		7.148008		17.160
5.094		1.4329		0.0000		3960.654		3.084		12.735		7.164531		17.200
5.092		1.4361		0.0000		3960.651		3.087		12.730		7.180367		17.240
5.092		1.4392		0.0000		3960.647		3.090		12.730		7.196203		17.280
5.092		1.4424		0.0000		3960.644		3.093		12.730		7.212038		17.320
5.092		1.4457		0.0000		3960.641		3.096		12.730		7.228562		17.360
5.092		1.4492		0.0000		3960.637		3.100		12.730		7.245775		17.400
5.092		1.4529		0.0000		3960.634		3.103		12.730		7.264364		17.440
5.096		1.4566		0.0000		3960.630		3.107		12.740		7.282954		17.480
5.102		1.4599		0.0000		3960.627		3.111		12.755		7.299478		17.520
5.106		1.4631		0.0000		3960.624		3.114		12.765		7.315313		17.560
5.106		1.4662		0.0000		3960.620		3.117		12.765		7.331148		17.600
5.104		1.4695		0.0000		3960.617		3.120		12.760		7.347672		17.640
5.104		1.4727		0.0000		3960.614		3.123		12.760		7.363508		17.680
5.104		1.4759		0.0000		3960.611		3.126		12.760		7.379343		17.720
5.102		1.4790		0.0000		3960.608		3.130		12.755		7.395179		17.760
5.102		1.4823		0.0000		3960.604		3.133		12.755		7.411702		17.800
5.104		1.4861		0.0000		3960.601		3.137		12.760		7.430292		17.840
5.106		1.4898		0.0000		3960.597		3.140		12.765		7.448881		17.880
5.114		1.4934		0.0000		3960.593		3.144		12.785		7.466783		17.920
5.120		1.4965		0.0000		3960.590		3.147		12.800		7.482619		17.960
5.122		1.4997		0.0000		3960.587		3.150		12.805		7.498453		18.000
5.120		1.5029		0.0000		3960.584		3.153		12.800		7.514289		18.040
5.120		1.5062		0.0000		3960.581		3.157		12.800		7.530814		18.080
5.120		1.5093		0.0000		3960.577		3.160		12.800		7.546649		18.120
5.120		1.5125		0.0000		3960.574		3.163		12.800		7.562484		18.160
5.118		1.5158		0.0000		3960.571		3.166		12.795		7.579008		18.200
5.120		1.5192		0.0000		3960.567		3.170		12.800		7.596220		18.240
5.122		1.5230		0.0000		3960.564		3.174		12.805		7.614810		18.280
5.126		1.5267		0.0000		3960.560		3.177		12.815		7.633399		18.320
5.134		1.5298		0.0000		3960.557		3.180		12.835		7.649235		18.360
5.136		1.5330		0.0000		3960.554		3.184		12.840		7.665071		18.400
5.136		1.5363		0.0000		3960.550		3.187		12.840		7.681594		18.440
5.136		1.5395		0.0000		3960.547		3.190		12.840		7.697430		18.480
5.134		1.5427		0.0000		3960.544		3.193		12.835		7.713266		18.520
5.134		1.5458		0.0000		3960.541		3.196		12.835		7.729102		18.560
5.132		1.5491		0.0000		3960.538		3.200		12.830		7.745625		18.600
5.132		1.5524		0.0000		3960.534		3.203		12.830		7.762149		18.640
5.132		1.5561		0.0000		3960.531		3.207		12.830		7.780738		18.680
5.136		1.5600		0.0000		3960.527		3.211		12.840		7.800017		18.720
5.142		1.5633		0.0000		3960.523		3.214		12.855		7.816541		18.760
5.146		1.5665		0.0000		3960.520		3.217		12.865		7.832376		18.800
5.146		1.5696		0.0000		3960.517		3.220		12.865		7.848212		18.840
5.144		1.5729		0.0000		3960.514		3.224		12.860		7.864736		18.880
5.144		1.5761		0.0000		3960.510		3.227		12.860		7.880571		18.920
5.142		1.5793		0.0000		3960.507		3.230		12.855		7.896407		18.960
5.142		1.5824		0.0000		3960.504		3.233		12.855		7.912242		19.000
5.142		1.5858		0.0000		3960.501		3.236		12.855		7.928767		19.040
5.142		1.5895		0.0000		3960.497		3.240		12.855		7.947356		19.080
5.144		1.5933		0.0000		3960.493		3.244		12.860		7.966633		19.120
5.150		1.5968		0.0000		3960.490		3.247		12.875		7.983846		19.160
5.156		1.5999		0.0000		3960.487		3.251		12.890		7.999682		19.200
5.156		1.6031		0.0000		3960.484		3.254		12.890		8.015517		19.240
5.156		1.6063		0.0000		3960.480		3.257		12.890		8.031353		19.280
5.154		1.6094		0.0000		3960.477		3.260		12.885		8.047188		19.320
5.154		1.6127		0.0000		3960.474		3.263		12.885		8.063713		19.360
5.154		1.6159		0.0000		3960.471		3.267		12.885		8.079547		19.400
5.152		1.6191		0.0000		3960.468		3.270		12.880		8.095383		19.440
5.152		1.6227		0.0000		3960.464		3.273		12.880		8.113285		19.480
5.154		1.6265		0.0000		3960.460		3.277		12.885		8.132562		19.520
5.158		1.6301		0.0000		3960.457		3.281		12.895		8.150464		19.560
5.164		1.6333		0.0000		3960.453		3.284		12.910		8.166298		19.600
5.166		1.6364		0.0000		3960.450		3.287		12.915		8.182134		19.640
5.164		1.6397		0.0000		3960.447		3.290		12.910		8.198659		19.680
5.162		1.6429		0.0000		3960.444		3.294		12.905		8.214494		19.720
5.162		1.6461		0.0000		3960.441		3.297		12.905		8.230330		19.760
5.162		1.6492		0.0000		3960.438		3.300		12.905		8.246165		19.800
5.160		1.6525		0.0000		3960.434		3.303		12.900		8.262689		19.840
5.158		1.6558		0.0000		3960.431		3.306		12.895		8.279213		19.880
5.160		1.6597		0.0000		3960.427		3.310		12.900		8.298491		19.920
5.162		1.6634		0.0000		3960.423		3.314		12.905		8.317080		19.960
5.168		1.6667		0.0000		3960.420		3.317		12.920		8.333605		20.000
5.172		1.6699		0.0000		3960.417		3.320		12.930		8.349440		20.040
5.172		1.6731		0.0000		3960.414		3.324		12.930		8.365275		20.080
5.170		1.6764		0.0000		3960.410		3.327		12.925		8.381799		20.120
5.168		1.6795		0.0000		3960.407		3.330		12.920		8.397635		20.160
5.168		1.6827		0.0000		3960.404		3.333		12.920		8.413470		20.200
5.166		1.6859		0.0000		3960.401		3.336		12.915		8.429306		20.240
5.166		1.6892		0.0000		3960.397		3.340		12.915		8.445829		20.280
5.164		1.6929		0.0000		3960.394		3.343		12.910		8.464419		20.320
5.166		1.6967		0.0000		3960.390		3.347		12.915		8.483698		20.360
5.172		1.7002		0.0000		3960.386		3.351		12.930		8.500911		20.400
5.176		1.7032		0.0000		3960.384		3.354		12.940		8.516057		20.440
5.176		1.7064		0.0000		3960.380		3.357		12.940		8.531893		20.480
5.172		1.7097		0.0000		3960.377		3.360		12.930		8.548416		20.520
5.172		1.7130		0.0000		3960.374		3.364		12.930		8.564940		20.560
5.170		1.7162		0.0000		3960.371		3.367		12.925		8.580776		20.600
5.168		1.7193		0.0000		3960.367		3.370		12.920		8.596612		20.640
5.166		1.7225		0.0000		3960.364		3.373		12.915		8.612448		20.680
5.164		1.7261		0.0000		3960.361		3.377		12.910		8.630348		20.720
5.164		1.7299		0.0000		3960.357		3.381		12.910		8.649627		20.760
5.168		1.7335		0.0000		3960.353		3.384		12.920		8.667527		20.800
5.172		1.7367		0.0000		3960.350		3.387		12.930		8.683363		20.840
5.172		1.7398		0.0000		3960.347		3.390		12.930		8.699199		20.880
5.168		1.7431		0.0000		3960.344		3.394		12.920		8.715722		20.920
5.166		1.7463		0.0000		3960.340		3.397		12.915		8.731558		20.960
5.164		1.7495		0.0000		3960.337		3.400		12.910		8.747393		21.000
5.162		1.7526		0.0000		3960.334		3.403		12.905		8.763228		21.040
5.160		1.7560		0.0000		3960.331		3.407		12.900		8.779753		21.080
5.160		1.7594		0.0000		3960.327		3.410		12.900		8.796965		21.120
5.158		1.7631		0.0000		3960.323		3.414		12.895		8.815554		21.160
5.160		1.7668		0.0000		3960.320		3.417		12.900		8.834144		21.200
5.166		1.7701		0.0000		3960.317		3.421		12.915		8.850668		21.240
5.168		1.7732		0.0000		3960.313		3.424		12.920		8.865815		21.280
5.166		1.7765		0.0000		3960.310		3.427		12.915		8.882339		21.320
5.162		1.7798		0.0000		3960.307		3.430		12.905		8.898863		21.360
5.160		1.7829		0.0000		3960.304		3.434		12.900		8.914698		21.400
5.158		1.7861		0.0000		3960.301		3.437		12.895		8.930533		21.440
5.156		1.7893		0.0000		3960.297		3.440		12.890		8.946369		21.480
5.154		1.7926		0.0000		3960.294		3.443		12.885		8.962893		21.520
5.152		1.7963		0.0000		3960.290		3.447		12.880		8.981483		21.560
5.154		1.8000		0.0000		3960.287		3.451		12.885		9.000072		21.600
5.158		1.8035		0.0000		3960.283		3.454		12.895		9.017284		21.640
5.160		1.8066		0.0000		3960.280		3.457		12.900		9.033120		21.680
5.160		1.8099		0.0000		3960.277		3.461		12.900		9.049644		21.720
5.156		1.8131		0.0000		3960.274		3.464		12.890		9.065479		21.760
5.154		1.8163		0.0000		3960.271		3.467		12.885		9.081315		21.800
5.152		1.8194		0.0000		3960.267		3.470		12.880		9.097151		21.840
5.148		1.8227		0.0000		3960.264		3.473		12.870		9.113675		21.880
5.146		1.8259		0.0000		3960.261		3.477		12.865		9.129511		21.920
5.144		1.8295		0.0000		3960.257		3.480		12.860		9.147411		21.960
5.144		1.8333		0.0000		3960.253		3.484		12.860		9.166690		22.000
5.146		1.8369		0.0000		3960.250		3.488		12.865		9.184590		22.040
5.150		1.8401		0.0000		3960.247		3.491		12.875		9.200426		22.080
5.148		1.8433		0.0000		3960.243		3.494		12.870		9.216262		22.120
5.144		1.8464		0.0000		3960.240		3.497		12.860		9.232098		22.160
5.142		1.8497		0.0000		3960.237		3.500		12.855		9.248621		22.200
5.138		1.8529		0.0000		3960.234		3.504		12.845		9.264457		22.240
5.136		1.8561		0.0000		3960.231		3.507		12.840		9.280293		22.280
5.134		1.8594		0.0000		3960.227		3.510		12.835		9.296816		22.320
5.130		1.8628		0.0000		3960.224		3.513		12.825		9.314029		22.360
5.128		1.8665		0.0000		3960.220		3.517		12.820		9.332618		22.400
5.130		1.8702		0.0000		3960.217		3.521		12.825		9.351208		22.440
5.134		1.8734		0.0000		3960.213		3.524		12.835		9.367043		22.480
5.134		1.8767		0.0000		3960.210		3.527		12.835		9.383567		22.520
5.132		1.8799		0.0000		3960.207		3.530		12.830		9.399403		22.560
5.128		1.8830		0.0000		3960.204		3.534		12.820		9.415237		22.600
5.126		1.8862		0.0000		3960.200		3.537		12.815		9.431073		22.640
5.122		1.8895		0.0000		3960.197		3.540		12.805		9.447598		22.680
5.120		1.8927		0.0000		3960.194		3.543		12.800		9.463432		22.720
5.118		1.8960		0.0000		3960.191		3.547		12.795		9.479958		22.760
5.114		1.8997		0.0000		3960.187		3.550		12.785		9.498547		22.800
5.116		1.9036		0.0000		3960.183		3.554		12.790		9.517824		22.840
5.120		1.9070		0.0000		3960.180		3.558		12.800		9.535037		22.880
5.122		1.9100		0.0000		3960.177		3.561		12.805		9.550183		22.920
5.118		1.9132		0.0000		3960.174		3.564		12.795		9.566019		22.960
5.114		1.9165		0.0000		3960.170		3.567		12.785		9.582542		23.000
5.110		1.9197		0.0000		3960.167		3.570		12.775		9.598378		23.040
5.106		1.9228		0.0000		3960.164		3.573		12.765		9.614214		23.080
5.104		1.9261		0.0000		3960.161		3.577		12.760		9.630738		23.120
5.100		1.9293		0.0000		3960.157		3.580		12.750		9.646574		23.160
5.096		1.9329		0.0000		3960.154		3.584		12.740		9.664475		23.200
5.096		1.9368		0.0000		3960.150		3.587		12.740		9.683753		23.240
5.098		1.9403		0.0000		3960.146		3.591		12.745		9.701654		23.280
5.100		1.9434		0.0000		3960.143		3.594		12.750		9.716801		23.320
5.098		1.9467		0.0000		3960.140		3.597		12.745		9.733325		23.360
5.094		1.9498		0.0000		3960.137		3.600		12.735		9.749161		23.400
5.090		1.9531		0.0000		3960.134		3.604		12.725		9.765684		23.440
5.086		1.9563		0.0000		3960.130		3.607		12.715		9.781520		23.480
5.082		1.9595		0.0000		3960.127		3.610		12.705		9.797356		23.520
5.076		1.9626		0.0000		3960.124		3.613		12.690		9.813191		23.560
5.072		1.9661		0.0000		3960.121		3.617		12.680		9.830404		23.600
5.070		1.9699		0.0000		3960.117		3.621		12.675		9.849681		23.640
5.072		1.9737		0.0000		3960.113		3.624		12.680		9.868271		23.680
5.074		1.9768		0.0000		3960.110		3.627		12.685		9.884107		23.720
5.074		1.9800		0.0000		3960.107		3.631		12.685		9.899942		23.760
5.070		1.9833		0.0000		3960.104		3.634		12.675		9.916466		23.800
5.064		1.9865		0.0000		3960.100		3.637		12.660		9.932302		23.840
5.060		1.9898		0.0000		3960.097		3.640		12.650		9.948825		23.880
5.056		1.9929		0.0000		3960.094		3.644		12.640		9.964661		23.920
5.052		1.9961		0.0000		3960.091		3.647		12.630		9.980496		23.960
5.046		1.9994		0.0000		3960.087		3.650		12.615		9.997021		24.000
5.044		2.0031		0.0000		3960.083		3.654		12.610		10.015610		24.040
5.042		2.0070		0.0000		3960.080		3.658		12.605		10.034887		24.080
5.044		2.0103		0.0000		3960.076		3.661		12.610		10.051413		24.120
5.044		2.0134		0.0000		3960.073		3.664		12.610		10.067248		24.160
5.040		2.0166		0.0000		3960.070		3.667		12.600		10.083082		24.200
5.036		2.0199		0.0000		3960.067		3.671		12.590		10.099607		24.240
5.030		2.0231		0.0000		3960.064		3.674		12.575		10.115442		24.280
5.026		2.0263		0.0000		3960.061		3.677		12.565		10.131278		24.320
5.020		2.0294		0.0000		3960.057		3.680		12.550		10.147114		24.360
5.016		2.0327		0.0000		3960.054		3.683		12.540		10.163636		24.400
5.010		2.0363		0.0000		3960.050		3.687		12.525		10.181540		24.440
5.008		2.0402		0.0000		3960.047		3.691		12.520		10.200815		24.480
5.008		2.0437		0.0000		3960.043		3.694		12.520		10.218718		24.520
5.010		2.0469		0.0000		3960.040		3.698		12.525		10.234554		24.560
5.006		2.0501		0.0000		3960.037		3.701		12.515		10.250387		24.600
5.000		2.0532		0.0000		3960.033		3.704		12.500		10.266223		24.640
4.994		2.0565		0.0000		3960.030		3.707		12.485		10.282747		24.680
4.988		2.0597		0.0000		3960.027		3.710		12.470		10.298584		24.720
4.982		2.0629		0.0000		3960.024		3.713		12.455		10.314419		24.760
4.976		2.0661		0.0000		3960.021		3.717		12.440		10.330256		24.800
4.972		2.0696		0.0000		3960.017		3.720		12.430		10.348156		24.840
4.968		2.0733		0.0000		3960.013		3.724		12.420		10.366745		24.880
4.966		2.0771		0.0000		3960.010		3.728		12.415		10.385334		24.920
4.966		2.0802		0.0000		3960.006		3.731		12.415		10.401171		24.960
4.964		2.0835		0.0000		3960.003		3.734		12.410		10.417692		25.000
4.956		2.0867		0.0000		3960.000		3.737		12.390		10.433529		25.040
4.950		2.0899		0.0000		3959.997		3.740		12.375		10.449364		25.080
4.944		2.0930		0.0000		3959.994		3.744		12.360		10.465200		25.120
4.938		2.0962		0.0000		3959.990		3.747		12.345		10.481035		25.160
4.932		2.0995		0.0000		3959.987		3.750		12.330		10.497561		25.200
4.926		2.1028		0.0000		3959.984		3.753		12.315		10.514083		25.240
4.920		2.1065		0.0000		3959.980		3.757		12.300		10.532673		25.280
4.918		2.1104		0.0000		3959.976		3.761		12.295		10.551950		25.320
4.920		2.1137		0.0000		3959.973		3.764		12.300		10.568476		25.360
4.918		2.1169		0.0000		3959.970		3.767		12.295		10.584311		25.400
4.912		2.1200		0.0000		3959.967		3.771		12.280		10.600147		25.440
4.906		2.1233		0.0000		3959.963		3.774		12.265		10.616670		25.480
4.900		2.1265		0.0000		3959.960		3.777		12.250		10.632505		25.520
4.894		2.1297		0.0000		3959.957		3.780		12.235		10.648341		25.560
4.888		2.1328		0.0000		3959.954		3.783		12.220		10.664177		25.600
4.882		2.1361		0.0000		3959.950		3.787		12.205		10.680702		25.640
4.876		2.1397		0.0000		3959.947		3.790		12.190		10.698603		25.680
4.872		2.1436		0.0000		3959.943		3.794		12.180		10.717880		25.720
4.872		2.1472		0.0000		3959.939		3.798		12.180		10.735781		25.760
4.872		2.1503		0.0000		3959.936		3.801		12.180		10.751617		25.800
4.866		2.1535		0.0000		3959.933		3.804		12.165		10.767452		25.840
4.860		2.1567		0.0000		3959.930		3.807		12.150		10.783289		25.880
4.854		2.1598		0.0000		3959.927		3.810		12.135		10.799122		25.920
4.846		2.1631		0.0000		3959.924		3.814		12.115		10.815647		25.960
4.840		2.1663		0.0000		3959.920		3.817		12.100		10.831482		26.000
4.834		2.1695		0.0000		3959.917		3.820		12.085		10.847319		26.040
4.828		2.1730		0.0000		3959.914		3.824		12.070		10.865219		26.080
4.822		2.1768		0.0000		3959.910		3.827		12.055		10.883808		26.120
4.822		2.1805		0.0000		3959.906		3.831		12.055		10.902397		26.160
4.822		2.1836		0.0000		3959.903		3.834		12.055		10.918234		26.200
4.818		2.1868		0.0000		3959.900		3.837		12.045		10.934069		26.240
4.812		2.1901		0.0000		3959.896		3.841		12.030		10.950594		26.280
4.804		2.1933		0.0000		3959.893		3.844		12.010		10.966427		26.320
4.798		2.1965		0.0000		3959.890		3.847		11.995		10.982264		26.360
4.792		2.1998		0.0000		3959.887		3.850		11.980		10.998788		26.400
4.786		2.2029		0.0000		3959.884		3.854		11.965		11.014624		26.440
4.778		2.2062		0.0000		3959.880		3.857		11.945		11.031149		26.480
4.774		2.2099		0.0000		3959.877		3.861		11.935		11.049738		26.520
4.770		2.2138		0.0000		3959.873		3.864		11.925		11.069014		26.560
4.770		2.2171		0.0000		3959.870		3.868		11.925		11.085539		26.600
4.768		2.2203		0.0000		3959.866		3.871		11.920		11.101375		26.640
4.762		2.2234		0.0000		3959.863		3.874		11.905		11.117210		26.680
4.754		2.2267		0.0000		3959.860		3.877		11.885		11.133733		26.720
4.746		2.2299		0.0000		3959.857		3.881		11.865		11.149569		26.760
4.740		2.2331		0.0000		3959.854		3.884		11.850		11.165404		26.800
4.732		2.2362		0.0000		3959.850		3.887		11.830		11.181240		26.840
4.726		2.2396		0.0000		3959.847		3.890		11.815		11.197765		26.880
4.720		2.2431		0.0000		3959.844		3.894		11.800		11.215666		26.920
4.716		2.2470		0.0000		3959.840		3.898		11.790		11.234943		26.960
4.716		2.2506		0.0000		3959.836		3.901		11.790		11.252844		27.000
4.716		2.2536		0.0000		3959.833		3.904		11.790		11.267991		27.040
4.710		2.2569		0.0000		3959.830		3.908		11.775		11.284515		27.080
4.704		2.2601		0.0000		3959.827		3.911		11.760		11.300352		27.120
4.696		2.2634		0.0000		3959.823		3.914		11.740		11.316874		27.160
4.690		2.2665		0.0000		3959.820		3.917		11.725		11.332710		27.200
4.684		2.2697		0.0000		3959.817		3.920		11.710		11.348545		27.240
4.676		2.2729		0.0000		3959.814		3.923		11.690		11.364382		27.280
4.670		2.2765		0.0000		3959.810		3.927		11.675		11.382282		27.320
4.666		2.2802		0.0000		3959.807		3.931		11.665		11.400871		27.360
4.664		2.2838		0.0000		3959.803		3.934		11.660		11.418772		27.400
4.664		2.2871		0.0000		3959.800		3.938		11.660		11.435297		27.440
4.660		2.2902		0.0000		3959.796		3.941		11.650		11.451132		27.480
4.654		2.2935		0.0000		3959.793		3.944		11.635		11.467657		27.520
