数据量:677
试验力		变形		扩展变形		位置		位移		应力		应变		时间
0.010		0.0032		0.0000		3962.101		1.812		0.025		0.015835		0.040
0.010		0.0065		0.0000		3962.098		1.816		0.025		0.032359		0.080
0.010		0.0096		0.0000		3962.094		1.819		0.025		0.048195		0.120
0.010		0.0129		0.0000		3962.091		1.822		0.025		0.064719		0.160
0.010		0.0161		0.0000		3962.088		1.825		0.025		0.080554		0.200
0.010		0.0194		0.0000		3962.085		1.829		0.025		0.097078		0.240
0.010		0.0230		0.0000		3962.081		1.832		0.025		0.114979		0.280
0.010		0.0267		0.0000		3962.077		1.836		0.025		0.133569		0.320
0.012		0.0302		0.0000		3962.074		1.839		0.030		0.150781		0.360
0.012		0.0335		0.0000		3962.071		1.843		0.030		0.167305		0.400
0.012		0.0368		0.0000		3962.067		1.846		0.030		0.183829		0.440
0.012		0.0398		0.0000		3962.064		1.849		0.030		0.198976		0.480
0.012		0.0432		0.0000		3962.061		1.852		0.030		0.216189		0.520
0.012		0.0464		0.0000		3962.058		1.856		0.030		0.232024		0.560
0.012		0.0496		0.0000		3962.054		1.859		0.030		0.247860		0.600
0.014		0.0527		0.0000		3962.051		1.862		0.035		0.263695		0.640
0.014		0.0565		0.0000		3962.048		1.866		0.035		0.282285		0.680
0.014		0.0599		0.0000		3962.044		1.869		0.035		0.299497		0.720
0.014		0.0636		0.0000		3962.041		1.873		0.035		0.318087		0.760
0.016		0.0668		0.0000		3962.037		1.876		0.040		0.333923		0.800
0.016		0.0700		0.0000		3962.034		1.879		0.040		0.349758		0.840
0.016		0.0733		0.0000		3962.031		1.882		0.040		0.366282		0.880
0.016		0.0764		0.0000		3962.028		1.886		0.040		0.382118		0.920
0.016		0.0797		0.0000		3962.024		1.889		0.040		0.398641		0.960
0.016		0.0829		0.0000		3962.021		1.892		0.040		0.414477		1.000
0.018		0.0862		0.0000		3962.018		1.895		0.045		0.431001		1.040
0.018		0.0896		0.0000		3962.014		1.899		0.045		0.448213		1.080
0.018		0.0934		0.0000		3962.011		1.903		0.045		0.466803		1.120
0.020		0.0969		0.0000		3962.007		1.906		0.050		0.484704		1.160
0.020		0.1002		0.0000		3962.004		1.909		0.050		0.501228		1.200
0.020		0.1034		0.0000		3962.001		1.913		0.050		0.517063		1.240
0.020		0.1067		0.0000		3961.997		1.916		0.050		0.533587		1.280
0.022		0.1100		0.0000		3961.994		1.919		0.055		0.550112		1.320
0.022		0.1132		0.0000		3961.991		1.922		0.055		0.565947		1.360
0.022		0.1164		0.0000		3961.988		1.926		0.055		0.581782		1.400
0.024		0.1197		0.0000		3961.984		1.929		0.060		0.598306		1.440
0.024		0.1228		0.0000		3961.981		1.932		0.060		0.614142		1.480
0.024		0.1265		0.0000		3961.978		1.936		0.060		0.632731		1.520
0.026		0.1301		0.0000		3961.974		1.939		0.065		0.650632		1.560
0.026		0.1337		0.0000		3961.970		1.943		0.065		0.668533		1.600
0.028		0.1369		0.0000		3961.967		1.946		0.070		0.684369		1.640
0.028		0.1400		0.0000		3961.964		1.949		0.070		0.700204		1.680
0.030		0.1432		0.0000		3961.961		1.952		0.075		0.716040		1.720
0.030		0.1465		0.0000		3961.958		1.956		0.075		0.732564		1.760
0.030		0.1497		0.0000		3961.954		1.959		0.075		0.748399		1.800
0.032		0.1530		0.0000		3961.951		1.962		0.080		0.764923		1.840
0.032		0.1563		0.0000		3961.948		1.966		0.080		0.781447		1.880
0.034		0.1597		0.0000		3961.944		1.969		0.085		0.798660		1.920
0.036		0.1634		0.0000		3961.941		1.973		0.090		0.817249		1.960
0.036		0.1669		0.0000		3961.937		1.976		0.090		0.834462		2.000
0.038		0.1703		0.0000		3961.934		1.980		0.095		0.851674		2.040
0.040		0.1735		0.0000		3961.931		1.983		0.100		0.867510		2.080
0.040		0.1767		0.0000		3961.927		1.986		0.100		0.883346		2.120
0.040		0.1800		0.0000		3961.924		1.989		0.100		0.899869		2.160
0.042		0.1831		0.0000		3961.921		1.992		0.105		0.915705		2.200
0.044		0.1864		0.0000		3961.918		1.996		0.110		0.932229		2.240
0.046		0.1896		0.0000		3961.915		1.999		0.115		0.948064		2.280
0.048		0.1931		0.0000		3961.911		2.002		0.120		0.965277		2.320
0.048		0.1966		0.0000		3961.907		2.006		0.120		0.983177		2.360
0.050		0.2005		0.0000		3961.904		2.010		0.125		1.002456		2.400
0.054		0.2037		0.0000		3961.900		2.013		0.135		1.018292		2.440
0.058		0.2068		0.0000		3961.897		2.016		0.145		1.034126		2.480
0.058		0.2101		0.0000		3961.894		2.019		0.145		1.050651		2.520
0.062		0.2133		0.0000		3961.891		2.023		0.155		1.066487		2.560
0.064		0.2165		0.0000		3961.888		2.026		0.160		1.082321		2.600
0.066		0.2198		0.0000		3961.884		2.029		0.165		1.098846		2.640
0.068		0.2231		0.0000		3961.881		2.032		0.170		1.115370		2.680
0.074		0.2264		0.0000		3961.878		2.036		0.185		1.131893		2.720
0.078		0.2300		0.0000		3961.874		2.039		0.195		1.149795		2.760
0.080		0.2335		0.0000		3961.871		2.043		0.200		1.167696		2.800
0.086		0.2370		0.0000		3961.867		2.046		0.215		1.184908		2.840
0.090		0.2403		0.0000		3961.864		2.050		0.225		1.201433		2.880
0.092		0.2435		0.0000		3961.861		2.053		0.230		1.217268		2.920
0.096		0.2468		0.0000		3961.857		2.056		0.240		1.233792		2.960
0.102		0.2499		0.0000		3961.854		2.059		0.255		1.249627		3.000
0.106		0.2532		0.0000		3961.851		2.062		0.265		1.266152		3.040
0.110		0.2564		0.0000		3961.848		2.066		0.275		1.281987		3.080
0.114		0.2597		0.0000		3961.844		2.069		0.285		1.298511		3.120
0.120		0.2631		0.0000		3961.841		2.072		0.300		1.315724		3.160
0.124		0.2667		0.0000		3961.837		2.076		0.310		1.333624		3.200
0.126		0.2704		0.0000		3961.834		2.080		0.315		1.352214		3.240
0.132		0.2736		0.0000		3961.831		2.083		0.330		1.368049		3.280
0.142		0.2768		0.0000		3961.827		2.086		0.355		1.383885		3.320
0.144		0.2801		0.0000		3961.824		2.089		0.360		1.400409		3.360
0.154		0.2832		0.0000		3961.821		2.092		0.385		1.416245		3.400
0.156		0.2866		0.0000		3961.818		2.096		0.390		1.432768		3.440
0.168		0.2899		0.0000		3961.814		2.099		0.420		1.449293		3.480
0.172		0.2930		0.0000		3961.811		2.102		0.430		1.465127		3.520
0.082		0.2965		0.0000		3961.808		2.106		0.205		1.482340		3.560
0.192		0.3002		0.0000		3961.804		2.109		0.480		1.500930		3.600
0.196		0.3036		0.0000		3961.801		2.113		0.490		1.518142		3.640
0.206		0.3069		0.0000		3961.797		2.116		0.515		1.534666		3.680
0.216		0.3102		0.0000		3961.794		2.119		0.540		1.551191		3.720
0.226		0.3135		0.0000		3961.791		2.123		0.565		1.567714		3.760
0.236		0.3167		0.0000		3961.787		2.126		0.590		1.583550		3.800
0.246		0.3200		0.0000		3961.784		2.129		0.615		1.600074		3.840
0.256		0.3232		0.0000		3961.781		2.132		0.640		1.615909		3.880
0.266		0.3265		0.0000		3961.778		2.136		0.665		1.632433		3.920
0.276		0.3298		0.0000		3961.774		2.139		0.690		1.648958		3.960
0.288		0.3334		0.0000		3961.771		2.143		0.720		1.666858		4.000
0.298		0.3371		0.0000		3961.767		2.146		0.745		1.685448		4.040
0.310		0.3404		0.0000		3961.764		2.150		0.775		1.701971		4.080
0.324		0.3437		0.0000		3961.760		2.153		0.810		1.718496		4.120
0.334		0.3469		0.0000		3961.757		2.156		0.835		1.734332		4.160
0.346		0.3500		0.0000		3961.754		2.159		0.865		1.750166		4.200
0.358		0.3533		0.0000		3961.751		2.163		0.895		1.766691		4.240
0.372		0.3566		0.0000		3961.748		2.166		0.930		1.783215		4.280
0.384		0.3598		0.0000		3961.744		2.169		0.960		1.799051		4.320
0.396		0.3631		0.0000		3961.741		2.172		0.990		1.815574		4.360
0.412		0.3667		0.0000		3961.737		2.176		1.030		1.833476		4.400
0.428		0.3703		0.0000		3961.734		2.180		1.070		1.851376		4.440
0.444		0.3737		0.0000		3961.730		2.183		1.110		1.868589		4.480
0.462		0.3770		0.0000		3961.727		2.186		1.155		1.885113		4.520
0.478		0.3803		0.0000		3961.724		2.190		1.195		1.901637		4.560
0.494		0.3835		0.0000		3961.721		2.193		1.235		1.917472		4.600
0.510		0.3868		0.0000		3961.717		2.196		1.275		1.933997		4.640
0.526		0.3901		0.0000		3961.714		2.199		1.315		1.950520		4.680
0.544		0.3933		0.0000		3961.711		2.203		1.360		1.966356		4.720
0.560		0.3964		0.0000		3961.708		2.206		1.400		1.982192		4.760
0.576		0.3999		0.0000		3961.704		2.209		1.440		1.999404		4.800
0.592		0.4036		0.0000		3961.700		2.213		1.480		2.017994		4.840
0.606		0.4072		0.0000		3961.697		2.216		1.515		2.035894		4.880
0.620		0.4105		0.0000		3961.694		2.220		1.550		2.052418		4.920
0.636		0.4137		0.0000		3961.690		2.223		1.590		2.068254		4.960
0.652		0.4170		0.0000		3961.687		2.226		1.630		2.084777		5.000
0.668		0.4201		0.0000		3961.684		2.229		1.670		2.100613		5.040
0.684		0.4234		0.0000		3961.681		2.233		1.710		2.117138		5.080
0.700		0.4266		0.0000		3961.677		2.236		1.750		2.132972		5.120
0.716		0.4299		0.0000		3961.674		2.239		1.790		2.149497		5.160
0.734		0.4332		0.0000		3961.671		2.242		1.835		2.166021		5.200
0.750		0.4368		0.0000		3961.667		2.246		1.875		2.183921		5.240
0.768		0.4405		0.0000		3961.664		2.250		1.920		2.202511		5.280
0.788		0.4438		0.0000		3961.660		2.253		1.970		2.219036		5.320
0.808		0.4471		0.0000		3961.657		2.256		2.020		2.235559		5.360
0.826		0.4503		0.0000		3961.654		2.260		2.065		2.251395		5.400
0.844		0.4536		0.0000		3961.650		2.263		2.110		2.267919		5.440
0.862		0.4568		0.0000		3961.647		2.266		2.155		2.283754		5.480
0.880		0.4601		0.0000		3961.644		2.269		2.200		2.300278		5.520
0.898		0.4632		0.0000		3961.641		2.272		2.245		2.316114		5.560
0.916		0.4665		0.0000		3961.637		2.276		2.290		2.332637		5.600
0.934		0.4701		0.0000		3961.634		2.279		2.335		2.350539		5.640
0.954		0.4737		0.0000		3961.630		2.283		2.385		2.368439		5.680
0.974		0.4773		0.0000		3961.627		2.287		2.435		2.386341		5.720
0.996		0.4804		0.0000		3961.624		2.290		2.490		2.402177		5.760
1.016		0.4836		0.0000		3961.621		2.293		2.540		2.418011		5.800
1.036		0.4869		0.0000		3961.617		2.296		2.590		2.434536		5.840
1.056		0.4901		0.0000		3961.614		2.299		2.640		2.450371		5.880
1.076		0.4934		0.0000		3961.611		2.303		2.690		2.466896		5.920
1.096		0.4965		0.0000		3961.607		2.306		2.740		2.482731		5.960
1.116		0.4999		0.0000		3961.604		2.309		2.790		2.499255		6.000
1.138		0.5033		0.0000		3961.601		2.313		2.845		2.516468		6.040
1.160		0.5069		0.0000		3961.597		2.316		2.900		2.534368		6.080
1.184		0.5106		0.0000		3961.594		2.320		2.960		2.552958		6.120
1.208		0.5139		0.0000		3961.590		2.323		3.020		2.569482		6.160
1.234		0.5171		0.0000		3961.587		2.326		3.085		2.585317		6.200
1.256		0.5204		0.0000		3961.584		2.330		3.140		2.601842		6.240
1.278		0.5235		0.0000		3961.581		2.333		3.195		2.617677		6.280
1.302		0.5268		0.0000		3961.577		2.336		3.255		2.634201		6.320
1.324		0.5300		0.0000		3961.574		2.339		3.310		2.650037		6.360
1.346		0.5332		0.0000		3961.571		2.342		3.365		2.665871		6.400
1.370		0.5365		0.0000		3961.568		2.346		3.425		2.682396		6.440
1.392		0.5402		0.0000		3961.564		2.349		3.480		2.700986		6.480
1.416		0.5439		0.0000		3961.560		2.353		3.540		2.719575		6.520
1.442		0.5474		0.0000		3961.557		2.357		3.605		2.736788		6.560
1.470		0.5505		0.0000		3961.553		2.360		3.675		2.752622		6.600
1.494		0.5537		0.0000		3961.550		2.363		3.735		2.768458		6.640
1.518		0.5569		0.0000		3961.547		2.366		3.795		2.784294		6.680
1.540		0.5602		0.0000		3961.544		2.369		3.850		2.800817		6.720
1.564		0.5635		0.0000		3961.541		2.373		3.910		2.817342		6.760
1.588		0.5666		0.0000		3961.537		2.376		3.970		2.833177		6.800
1.612		0.5699		0.0000		3961.534		2.379		4.030		2.849702		6.840
1.636		0.5734		0.0000		3961.531		2.383		4.090		2.866914		6.880
1.662		0.5771		0.0000		3961.527		2.386		4.155		2.885504		6.920
1.688		0.5807		0.0000		3961.523		2.390		4.220		2.903404		6.960
1.716		0.5838		0.0000		3961.520		2.393		4.290		2.919240		7.000
1.742		0.5872		0.0000		3961.517		2.396		4.355		2.935764		7.040
1.766		0.5903		0.0000		3961.514		2.400		4.415		2.951599		7.080
1.790		0.5936		0.0000		3961.510		2.403		4.475		2.968123		7.120
1.814		0.5968		0.0000		3961.507		2.406		4.535		2.983959		7.160
1.838		0.6000		0.0000		3961.504		2.409		4.595		2.999794		7.200
1.862		0.6033		0.0000		3961.501		2.413		4.655		3.016318		7.240
1.886		0.6067		0.0000		3961.497		2.416		4.715		3.033531		7.280
1.910		0.6103		0.0000		3961.494		2.420		4.775		3.051432		7.320
1.938		0.6141		0.0000		3961.490		2.423		4.845		3.070710		7.360
1.968		0.6173		0.0000		3961.487		2.427		4.920		3.086545		7.400
1.996		0.6205		0.0000		3961.484		2.430		4.990		3.102381		7.440
2.022		0.6236		0.0000		3961.480		2.433		5.055		3.118216		7.480
2.046		0.6269		0.0000		3961.477		2.436		5.115		3.134741		7.520
2.070		0.6303		0.0000		3961.474		2.439		5.175		3.151264		7.560
2.096		0.6334		0.0000		3961.471		2.443		5.240		3.167100		7.600
2.120		0.6366		0.0000		3961.468		2.446		5.300		3.182936		7.640
2.146		0.6400		0.0000		3961.464		2.449		5.365		3.200148		7.680
2.170		0.6436		0.0000		3961.460		2.453		5.425		3.218049		7.720
2.198		0.6473		0.0000		3961.457		2.457		5.495		3.236638		7.760
2.228		0.6508		0.0000		3961.453		2.460		5.570		3.253851		7.800
2.256		0.6538		0.0000		3961.450		2.463		5.640		3.268998		7.840
2.284		0.6571		0.0000		3961.447		2.466		5.710		3.285521		7.880
2.308		0.6604		0.0000		3961.444		2.470		5.770		3.302046		7.920
2.334		0.6636		0.0000		3961.440		2.473		5.835		3.317882		7.960
2.358		0.6667		0.0000		3961.437		2.476		5.895		3.333716		8.000
2.382		0.6700		0.0000		3961.434		2.479		5.955		3.350241		8.040
2.408		0.6732		0.0000		3961.431		2.482		6.020		3.366077		8.080
2.432		0.6769		0.0000		3961.427		2.486		6.080		3.384666		8.120
2.458		0.6805		0.0000		3961.424		2.490		6.145		3.402567		8.160
2.486		0.6841		0.0000		3961.420		2.493		6.215		3.420467		8.200
2.516		0.6874		0.0000		3961.417		2.497		6.290		3.436992		8.240
2.544		0.6904		0.0000		3961.414		2.500		6.360		3.452139		8.280
2.568		0.6937		0.0000		3961.410		2.503		6.420		3.468663		8.320
2.592		0.6970		0.0000		3961.407		2.506		6.480		3.485187		8.360
2.616		0.7002		0.0000		3961.404		2.509		6.540		3.501022		8.400
2.642		0.7034		0.0000		3961.401		2.513		6.605		3.516858		8.440
2.666		0.7067		0.0000		3961.397		2.516		6.665		3.533382		8.480
2.692		0.7101		0.0000		3961.394		2.519		6.730		3.550594		8.520
2.716		0.7138		0.0000		3961.390		2.523		6.790		3.569183		8.560
2.744		0.7174		0.0000		3961.387		2.527		6.860		3.587085		8.600
2.772		0.7207		0.0000		3961.383		2.530		6.930		3.603609		8.640
2.800		0.7239		0.0000		3961.380		2.533		7.000		3.619444		8.680
2.824		0.7272		0.0000		3961.377		2.536		7.060		3.635968		8.720
2.846		0.7304		0.0000		3961.374		2.540		7.115		3.651804		8.760
2.870		0.7337		0.0000		3961.370		2.543		7.175		3.668327		8.800
2.894		0.7368		0.0000		3961.367		2.546		7.235		3.684163		8.840
2.918		0.7400		0.0000		3961.364		2.549		7.295		3.699999		8.880
2.942		0.7433		0.0000		3961.361		2.553		7.355		3.716522		8.920
2.966		0.7470		0.0000		3961.357		2.556		7.415		3.735112		8.960
2.992		0.7507		0.0000		3961.353		2.560		7.480		3.753701		9.000
3.020		0.7542		0.0000		3961.350		2.563		7.550		3.770914		9.040
3.048		0.7573		0.0000		3961.347		2.567		7.620		3.786750		9.080
3.072		0.7605		0.0000		3961.344		2.570		7.680		3.802586		9.120
3.094		0.7638		0.0000		3961.340		2.573		7.735		3.819109		9.160
3.116		0.7670		0.0000		3961.337		2.576		7.790		3.834945		9.200
3.138		0.7702		0.0000		3961.334		2.579		7.845		3.850781		9.240
3.160		0.7735		0.0000		3961.331		2.583		7.900		3.867304		9.280
3.182		0.7768		0.0000		3961.327		2.586		7.955		3.883828		9.320
3.204		0.7803		0.0000		3961.324		2.590		8.010		3.901730		9.360
3.228		0.7839		0.0000		3961.320		2.593		8.070		3.919630		9.400
3.252		0.7875		0.0000		3961.317		2.597		8.130		3.937532		9.440
3.280		0.7907		0.0000		3961.313		2.600		8.200		3.953366		9.480
3.304		0.7938		0.0000		3961.310		2.603		8.260		3.969202		9.520
3.324		0.7971		0.0000		3961.307		2.606		8.310		3.985727		9.560
3.346		0.8005		0.0000		3961.304		2.610		8.365		4.002251		9.600
3.366		0.8036		0.0000		3961.301		2.613		8.415		4.018086		9.640
3.386		0.8068		0.0000		3961.297		2.616		8.465		4.033922		9.680
3.406		0.8100		0.0000		3961.294		2.619		8.515		4.049757		9.720
3.426		0.8135		0.0000		3961.291		2.623		8.565		4.067658		9.760
3.448		0.8172		0.0000		3961.287		2.626		8.620		4.086247		9.800
3.470		0.8210		0.0000		3961.283		2.630		8.675		4.104837		9.840
3.494		0.8241		0.0000		3961.280		2.633		8.735		4.120673		9.880
3.516		0.8273		0.0000		3961.277		2.637		8.790		4.136508		9.920
3.536		0.8305		0.0000		3961.274		2.640		8.840		4.152343		9.960
3.554		0.8338		0.0000		3961.270		2.643		8.885		4.168867		10.000
3.574		0.8369		0.0000		3961.267		2.646		8.935		4.184703		10.040
3.592		0.8402		0.0000		3961.264		2.649		8.980		4.201227		10.080
3.612		0.8434		0.0000		3961.261		2.653		9.030		4.217062		10.120
3.630		0.8469		0.0000		3961.257		2.656		9.075		4.234275		10.160
3.648		0.8504		0.0000		3961.254		2.660		9.120		4.252176		10.200
3.670		0.8542		0.0000		3961.250		2.663		9.175		4.270766		10.240
3.692		0.8575		0.0000		3961.247		2.667		9.230		4.287290		10.280
3.714		0.8608		0.0000		3961.243		2.670		9.285		4.303813		10.320
3.732		0.8639		0.0000		3961.240		2.673		9.330		4.319649		10.360
3.750		0.8672		0.0000		3961.237		2.676		9.375		4.336172		10.400
3.766		0.8704		0.0000		3961.234		2.680		9.415		4.352008		10.440
3.782		0.8736		0.0000		3961.230		2.683		9.455		4.367844		10.480
3.800		0.8767		0.0000		3961.227		2.686		9.500		4.383679		10.520
3.816		0.8800		0.0000		3961.224		2.689		9.540		4.400203		10.560
3.832		0.8836		0.0000		3961.220		2.693		9.580		4.418105		10.600
3.850		0.8875		0.0000		3961.217		2.697		9.625		4.437382		10.640
3.870		0.8909		0.0000		3961.213		2.700		9.675		4.454595		10.680
3.890		0.8941		0.0000		3961.210		2.703		9.725		4.470430		10.720
3.908		0.8973		0.0000		3961.207		2.706		9.770		4.486266		10.760
3.922		0.9006		0.0000		3961.204		2.710		9.805		4.502790		10.800
3.936		0.9037		0.0000		3961.200		2.713		9.840		4.518626		10.840
3.950		0.9070		0.0000		3961.197		2.716		9.875		4.535150		10.880
3.966		0.9102		0.0000		3961.194		2.719		9.915		4.550985		10.920
3.980		0.9135		0.0000		3961.191		2.723		9.950		4.567509		10.960
3.994		0.9169		0.0000		3961.187		2.726		9.985		4.584722		11.000
4.008		0.9207		0.0000		3961.183		2.730		10.020		4.603311		11.040
4.024		0.9242		0.0000		3961.180		2.733		10.060		4.621211		11.080
4.042		0.9275		0.0000		3961.177		2.737		10.105		4.637736		11.120
4.060		0.9307		0.0000		3961.173		2.740		10.150		4.653572		11.160
4.074		0.9339		0.0000		3961.170		2.743		10.185		4.669406		11.200
4.086		0.9372		0.0000		3961.167		2.746		10.215		4.685931		11.240
4.098		0.9404		0.0000		3961.164		2.750		10.245		4.701767		11.280
4.110		0.9435		0.0000		3961.161		2.753		10.275		4.717602		11.320
4.122		0.9468		0.0000		3961.157		2.756		10.305		4.734126		11.360
4.132		0.9501		0.0000		3961.154		2.759		10.330		4.750650		11.400
4.144		0.9538		0.0000		3961.150		2.763		10.360		4.769239		11.440
4.158		0.9577		0.0000		3961.146		2.767		10.395		4.788518		11.480
4.174		0.9610		0.0000		3961.143		2.770		10.435		4.805041		11.520
4.190		0.9642		0.0000		3961.140		2.773		10.475		4.820877		11.560
4.202		0.9673		0.0000		3961.137		2.777		10.505		4.836712		11.600
4.210		0.9705		0.0000		3961.134		2.780		10.525		4.852548		11.640
4.220		0.9738		0.0000		3961.130		2.783		10.550		4.869072		11.680
4.232		0.9770		0.0000		3961.127		2.786		10.580		4.884907		11.720
4.242		0.9801		0.0000		3961.124		2.789		10.605		4.900743		11.760
4.252		0.9835		0.0000		3961.121		2.793		10.630		4.917266		11.800
4.262		0.9870		0.0000		3961.117		2.796		10.655		4.935168		11.840
4.272		0.9909		0.0000		3961.113		2.800		10.680		4.954445		11.880
4.286		0.9943		0.0000		3961.110		2.804		10.715		4.971658		11.920
4.300		0.9975		0.0000		3961.107		2.807		10.750		4.987494		11.960
4.310		1.0007		0.0000		3961.104		2.810		10.775		5.003329		12.000
4.318		1.0040		0.0000		3961.100		2.813		10.795		5.019853		12.040
4.326		1.0071		0.0000		3961.097		2.816		10.815		5.035689		12.080
4.334		1.0103		0.0000		3961.094		2.820		10.835		5.051525		12.120
4.342		1.0136		0.0000		3961.091		2.823		10.855		5.068048		12.160
4.350		1.0168		0.0000		3961.087		2.826		10.875		5.083884		12.200
4.358		1.0204		0.0000		3961.084		2.830		10.895		5.101785		12.240
4.368		1.0241		0.0000		3961.080		2.833		10.920		5.120374		12.280
4.380		1.0278		0.0000		3961.076		2.837		10.950		5.138964		12.320
4.392		1.0310		0.0000		3961.073		2.840		10.980		5.154799		12.360
4.402		1.0341		0.0000		3961.070		2.843		11.005		5.170635		12.400
4.410		1.0373		0.0000		3961.067		2.847		11.025		5.186471		12.440
4.416		1.0406		0.0000		3961.063		2.850		11.040		5.202994		12.480
4.422		1.0438		0.0000		3961.060		2.853		11.055		5.218830		12.520
4.430		1.0469		0.0000		3961.057		2.856		11.075		5.234666		12.560
4.436		1.0502		0.0000		3961.054		2.859		11.090		5.251189		12.600
4.442		1.0535		0.0000		3961.051		2.863		11.105		5.267713		12.640
4.450		1.0573		0.0000		3961.047		2.867		11.125		5.286303		12.680
4.458		1.0610		0.0000		3961.043		2.870		11.145		5.304892		12.720
4.470		1.0643		0.0000		3961.040		2.874		11.175		5.321417		12.760
4.480		1.0676		0.0000		3961.037		2.877		11.200		5.337940		12.800
4.488		1.0708		0.0000		3961.033		2.880		11.220		5.353776		12.840
4.494		1.0739		0.0000		3961.030		2.883		11.235		5.369611		12.880
4.498		1.0772		0.0000		3961.027		2.886		11.245		5.386136		12.920
4.504		1.0804		0.0000		3961.024		2.890		11.260		5.401971		12.960
4.508		1.0836		0.0000		3961.021		2.893		11.270		5.417806		13.000
4.514		1.0869		0.0000		3961.017		2.896		11.285		5.434331		13.040
4.518		1.0904		0.0000		3961.014		2.900		11.295		5.452231		13.080
4.526		1.0943		0.0000		3961.010		2.904		11.315		5.471510		13.120
4.536		1.0979		0.0000		3961.006		2.907		11.340		5.489410		13.160
4.546		1.1009		0.0000		3961.003		2.910		11.365		5.504557		13.200
4.554		1.1041		0.0000		3961.000		2.913		11.385		5.520392		13.240
4.558		1.1074		0.0000		3960.997		2.917		11.395		5.536918		13.280
4.562		1.1106		0.0000		3960.994		2.920		11.405		5.552752		13.320
4.568		1.1139		0.0000		3960.990		2.923		11.420		5.569277		13.360
4.572		1.1170		0.0000		3960.987		2.926		11.430		5.585112		13.400
4.576		1.1202		0.0000		3960.984		2.929		11.440		5.600947		13.440
4.580		1.1238		0.0000		3960.980		2.933		11.450		5.618849		13.480
4.584		1.1275		0.0000		3960.977		2.937		11.460		5.637438		13.520
4.592		1.1312		0.0000		3960.973		2.940		11.480		5.656028		13.560
4.602		1.1344		0.0000		3960.970		2.944		11.505		5.671863		13.600
4.610		1.1375		0.0000		3960.967		2.947		11.525		5.687698		13.640
4.614		1.1407		0.0000		3960.963		2.950		11.535		5.703534		13.680
4.618		1.1440		0.0000		3960.960		2.953		11.545		5.720057		13.720
4.622		1.1472		0.0000		3960.957		2.956		11.555		5.735893		13.760
4.626		1.1503		0.0000		3960.954		2.960		11.565		5.751729		13.800
4.630		1.1535		0.0000		3960.951		2.963		11.575		5.767565		13.840
4.632		1.1570		0.0000		3960.947		2.966		11.580		5.784778		13.880
4.638		1.1607		0.0000		3960.943		2.970		11.595		5.803367		13.920
4.644		1.1645		0.0000		3960.939		2.974		11.610		5.822644		13.960
4.654		1.1678		0.0000		3960.936		2.977		11.635		5.839168		14.000
4.662		1.1709		0.0000		3960.933		2.980		11.655		5.854316		14.040
4.666		1.1742		0.0000		3960.930		2.983		11.665		5.870839		14.080
4.668		1.1773		0.0000		3960.927		2.987		11.670		5.886675		14.120
4.670		1.1806		0.0000		3960.923		2.990		11.675		5.903199		14.160
4.674		1.1838		0.0000		3960.920		2.993		11.685		5.919034		14.200
4.676		1.1870		0.0000		3960.917		2.996		11.690		5.934870		14.240
4.680		1.1903		0.0000		3960.914		3.000		11.700		5.951394		14.280
4.684		1.1940		0.0000		3960.910		3.003		11.710		5.969983		14.320
4.688		1.1977		0.0000		3960.906		3.007		11.720		5.988573		14.360
4.696		1.2012		0.0000		3960.903		3.010		11.740		6.005785		14.400
4.704		1.2043		0.0000		3960.900		3.014		11.760		6.021621		14.440
4.710		1.2075		0.0000		3960.896		3.017		11.775		6.037456		14.480
4.712		1.2108		0.0000		3960.893		3.020		11.780		6.053981		14.520
4.714		1.2140		0.0000		3960.890		3.023		11.785		6.069817		14.560
4.718		1.2171		0.0000		3960.887		3.026		11.795		6.085651		14.600
4.720		1.2203		0.0000		3960.884		3.030		11.800		6.101487		14.640
4.722		1.2236		0.0000		3960.880		3.033		11.805		6.118011		14.680
4.724		1.2272		0.0000		3960.877		3.036		11.810		6.135912		14.720
4.730		1.2309		0.0000		3960.873		3.040		11.825		6.154501		14.760
4.738		1.2346		0.0000		3960.869		3.044		11.845		6.173091		14.800
4.746		1.2378		0.0000		3960.866		3.047		11.865		6.188927		14.840
4.752		1.2410		0.0000		3960.863		3.050		11.880		6.204762		14.880
4.754		1.2441		0.0000		3960.860		3.053		11.885		6.220597		14.920
4.756		1.2473		0.0000		3960.857		3.057		11.890		6.236433		14.960
4.758		1.2506		0.0000		3960.854		3.060		11.895		6.252956		15.000
4.760		1.2538		0.0000		3960.850		3.063		11.900		6.268792		15.040
4.762		1.2571		0.0000		3960.847		3.066		11.905		6.285317		15.080
4.764		1.2604		0.0000		3960.844		3.070		11.910		6.301841		15.120
4.768		1.2641		0.0000		3960.840		3.073		11.920		6.320430		15.160
4.772		1.2678		0.0000		3960.836		3.077		11.930		6.339020		15.200
4.780		1.2711		0.0000		3960.833		3.080		11.950		6.355543		15.240
4.788		1.2743		0.0000		3960.830		3.084		11.970		6.371379		15.280
4.790		1.2776		0.0000		3960.826		3.087		11.975		6.387902		15.320
4.792		1.2807		0.0000		3960.823		3.090		11.980		6.403738		15.360
4.794		1.2839		0.0000		3960.820		3.093		11.985		6.419574		15.400
4.796		1.2871		0.0000		3960.817		3.096		11.990		6.435410		15.440
4.798		1.2904		0.0000		3960.814		3.100		11.995		6.451933		15.480
4.800		1.2937		0.0000		3960.810		3.103		12.000		6.468457		15.520
4.802		1.2974		0.0000		3960.807		3.107		12.005		6.487046		15.560
4.806		1.3011		0.0000		3960.803		3.110		12.015		6.505636		15.600
4.814		1.3046		0.0000		3960.800		3.114		12.035		6.522849		15.640
4.820		1.3077		0.0000		3960.796		3.117		12.050		6.538684		15.680
4.824		1.3109		0.0000		3960.793		3.120		12.060		6.554520		15.720
4.824		1.3142		0.0000		3960.790		3.123		12.060		6.571044		15.760
4.826		1.3174		0.0000		3960.787		3.127		12.065		6.586880		15.800
4.828		1.3205		0.0000		3960.783		3.130		12.070		6.602715		15.840
4.830		1.3237		0.0000		3960.780		3.133		12.075		6.618550		15.880
4.830		1.3270		0.0000		3960.777		3.136		12.075		6.635075		15.920
4.832		1.3306		0.0000		3960.773		3.140		12.080		6.652975		15.960
4.836		1.3343		0.0000		3960.770		3.144		12.090		6.671565		16.000
4.842		1.3380		0.0000		3960.766		3.147		12.105		6.690154		16.040
4.850		1.3412		0.0000		3960.763		3.150		12.125		6.705990		16.080
4.854		1.3444		0.0000		3960.760		3.154		12.135		6.721826		16.120
4.856		1.3475		0.0000		3960.757		3.157		12.140		6.737661		16.160
4.856		1.3508		0.0000		3960.753		3.160		12.140		6.754185		16.200
4.858		1.3540		0.0000		3960.750		3.163		12.145		6.770020		16.240
4.858		1.3572		0.0000		3960.747		3.166		12.145		6.785855		16.280
4.858		1.3603		0.0000		3960.744		3.170		12.145		6.801691		16.320
4.860		1.3638		0.0000		3960.740		3.173		12.150		6.818904		16.360
4.862		1.3676		0.0000		3960.737		3.177		12.155		6.838182		16.400
4.866		1.3714		0.0000		3960.733		3.181		12.165		6.856771		16.440
4.874		1.3745		0.0000		3960.729		3.184		12.185		6.872607		16.480
4.880		1.3777		0.0000		3960.726		3.187		12.200		6.888442		16.520
4.882		1.3810		0.0000		3960.723		3.190		12.205		6.904967		16.560
4.880		1.3842		0.0000		3960.720		3.193		12.200		6.920801		16.600
4.882		1.3873		0.0000		3960.717		3.197		12.205		6.936637		16.640
4.882		1.3906		0.0000		3960.713		3.200		12.205		6.953162		16.680
4.882		1.3938		0.0000		3960.710		3.203		12.205		6.968997		16.720
4.884		1.3971		0.0000		3960.707		3.206		12.210		6.985521		16.760
4.884		1.4008		0.0000		3960.703		3.210		12.210		7.004111		16.800
4.888		1.4047		0.0000		3960.699		3.214		12.220		7.023388		16.840
4.894		1.4080		0.0000		3960.696		3.217		12.235		7.039913		16.880
4.900		1.4111		0.0000		3960.693		3.220		12.250		7.055748		16.920
4.902		1.4143		0.0000		3960.690		3.224		12.255		7.071583		16.960
4.902		1.4176		0.0000		3960.687		3.227		12.255		7.088107		17.000
4.902		1.4208		0.0000		3960.683		3.230		12.255		7.103943		17.040
4.902		1.4240		0.0000		3960.680		3.233		12.255		7.119779		17.080
4.902		1.4271		0.0000		3960.677		3.236		12.255		7.135614		17.120
4.902		1.4303		0.0000		3960.674		3.240		12.255		7.151450		17.160
4.902		1.4340		0.0000		3960.670		3.243		12.255		7.170039		17.200
4.906		1.4379		0.0000		3960.666		3.247		12.265		7.189317		17.240
4.910		1.4414		0.0000		3960.663		3.251		12.275		7.207218		17.280
4.918		1.4446		0.0000		3960.659		3.254		12.295		7.223053		17.320
4.920		1.4478		0.0000		3960.656		3.257		12.300		7.238889		17.360
4.920		1.4509		0.0000		3960.653		3.260		12.300		7.254725		17.400
4.920		1.4542		0.0000		3960.650		3.263		12.300		7.271248		17.440
4.922		1.4574		0.0000		3960.647		3.267		12.305		7.287084		17.480
4.922		1.4606		0.0000		3960.644		3.270		12.305		7.302919		17.520
4.922		1.4638		0.0000		3960.640		3.273		12.305		7.318755		17.560
4.922		1.4673		0.0000		3960.637		3.277		12.305		7.336656		17.600
4.924		1.4709		0.0000		3960.633		3.280		12.310		7.354556		17.640
4.926		1.4746		0.0000		3960.629		3.284		12.315		7.373146		17.680
4.932		1.4779		0.0000		3960.626		3.287		12.330		7.389670		17.720
4.936		1.4811		0.0000		3960.623		3.290		12.340		7.405506		17.760
4.938		1.4844		0.0000		3960.620		3.294		12.345		7.422030		17.800
4.936		1.4876		0.0000		3960.616		3.297		12.340		7.437866		17.840
4.936		1.4907		0.0000		3960.613		3.300		12.340		7.453700		17.880
4.934		1.4939		0.0000		3960.610		3.303		12.335		7.469536		17.920
4.934		1.4971		0.0000		3960.607		3.306		12.335		7.485372		17.960
4.934		1.5005		0.0000		3960.604		3.310		12.335		7.502584		18.000
4.934		1.5042		0.0000		3960.600		3.313		12.335		7.521174		18.040
4.938		1.5080		0.0000		3960.596		3.317		12.345		7.539763		18.080
4.944		1.5115		0.0000		3960.593		3.321		12.360		7.557664		18.120
4.950		1.5146		0.0000		3960.590		3.324		12.375		7.572812		18.160
4.952		1.5177		0.0000		3960.586		3.327		12.380		7.588646		18.200
4.950		1.5210		0.0000		3960.583		3.330		12.375		7.605171		18.240
4.950		1.5242		0.0000		3960.580		3.333		12.375		7.621007		18.280
4.950		1.5274		0.0000		3960.577		3.337		12.375		7.636842		18.320
4.948		1.5305		0.0000		3960.573		3.340		12.370		7.652678		18.360
4.948		1.5338		0.0000		3960.570		3.343		12.370		7.669201		18.400
4.948		1.5374		0.0000		3960.567		3.347		12.370		7.687102		18.440
4.948		1.5411		0.0000		3960.563		3.350		12.370		7.705692		18.480
4.952		1.5449		0.0000		3960.559		3.354		12.380		7.724281		18.520
4.958		1.5480		0.0000		3960.556		3.357		12.395		7.740117		18.560
4.960		1.5512		0.0000		3960.553		3.360		12.400		7.755952		18.600
4.960		1.5545		0.0000		3960.550		3.364		12.400		7.772477		18.640
4.958		1.5575		0.0000		3960.547		3.367		12.395		7.787623		18.680
4.958		1.5607		0.0000		3960.543		3.370		12.395		7.803459		18.720
4.956		1.5640		0.0000		3960.540		3.373		12.390		7.819983		18.760
4.956		1.5673		0.0000		3960.537		3.377		12.390		7.836506		18.800
4.956		1.5706		0.0000		3960.533		3.380		12.390		7.853031		18.840
4.956		1.5745		0.0000		3960.530		3.384		12.390		7.872309		18.880
4.960		1.5782		0.0000		3960.526		3.387		12.400		7.890898		18.920
4.964		1.5813		0.0000		3960.523		3.391		12.410		7.906734		18.960
4.968		1.5845		0.0000		3960.520		3.394		12.420		7.922569		19.000
4.968		1.5878		0.0000		3960.516		3.397		12.420		7.939093		19.040
4.966		1.5911		0.0000		3960.513		3.400		12.415		7.955618		19.080
4.966		1.5942		0.0000		3960.510		3.403		12.415		7.970765		19.120
4.966		1.5973		0.0000		3960.507		3.407		12.415		7.986600		19.160
4.964		1.6006		0.0000		3960.503		3.410		12.410		8.003124		19.200
4.964		1.6039		0.0000		3960.500		3.413		12.410		8.019648		19.240
4.964		1.6076		0.0000		3960.496		3.417		12.410		8.038237		19.280
4.966		1.6115		0.0000		3960.493		3.421		12.415		8.057516		19.320
4.970		1.6148		0.0000		3960.489		3.424		12.425		8.074039		19.360
4.974		1.6181		0.0000		3960.486		3.427		12.435		8.090563		19.400
4.976		1.6213		0.0000		3960.483		3.431		12.440		8.106399		19.440
4.974		1.6243		0.0000		3960.480		3.434		12.435		8.121546		19.480
4.972		1.6276		0.0000		3960.477		3.437		12.430		8.138070		19.520
4.972		1.6308		0.0000		3960.473		3.440		12.430		8.153906		19.560
4.970		1.6339		0.0000		3960.470		3.443		12.425		8.169741		19.600
4.970		1.6371		0.0000		3960.467		3.446		12.425		8.185576		19.640
4.970		1.6408		0.0000		3960.463		3.450		12.425		8.204165		19.680
4.972		1.6448		0.0000		3960.459		3.454		12.430		8.224133		19.720
4.976		1.6483		0.0000		3960.456		3.458		12.440		8.241344		19.760
4.980		1.6514		0.0000		3960.453		3.461		12.450		8.257180		19.800
4.982		1.6545		0.0000		3960.450		3.464		12.455		8.272327		19.840
4.980		1.6578		0.0000		3960.446		3.467		12.450		8.288852		19.880
4.978		1.6609		0.0000		3960.443		3.470		12.445		8.304687		19.920
4.976		1.6642		0.0000		3960.440		3.473		12.440		8.321211		19.960
4.974		1.6674		0.0000		3960.437		3.477		12.435		8.337046		20.000
4.972		1.6706		0.0000		3960.434		3.480		12.430		8.352881		20.040
4.972		1.6740		0.0000		3960.430		3.483		12.430		8.370094		20.080
4.972		1.6779		0.0000		3960.426		3.487		12.430		8.389373		20.120
4.974		1.6815		0.0000		3960.423		3.491		12.435		8.407273		20.160
4.980		1.6848		0.0000		3960.419		3.494		12.450		8.423797		20.200
4.982		1.6879		0.0000		3960.416		3.497		12.455		8.439632		20.240
4.982		1.6912		0.0000		3960.413		3.500		12.455		8.456158		20.280
4.980		1.6945		0.0000		3960.410		3.504		12.450		8.472681		20.320
4.978		1.6977		0.0000		3960.406		3.507		12.445		8.488517		20.360
4.976		1.7009		0.0000		3960.403		3.510		12.440		8.504352		20.400
4.974		1.7040		0.0000		3960.400		3.513		12.435		8.520187		20.440
4.970		1.7073		0.0000		3960.397		3.517		12.425		8.536712		20.480
4.970		1.7112		0.0000		3960.393		3.520		12.425		8.555989		20.520
4.972		1.7149		0.0000		3960.389		3.524		12.430		8.574579		20.560
4.974		1.7182		0.0000		3960.386		3.527		12.435		8.591103		20.600
4.978		1.7214		0.0000		3960.383		3.531		12.445		8.606938		20.640
4.978		1.7246		0.0000		3960.380		3.534		12.445		8.622774		20.680
4.974		1.7279		0.0000		3960.376		3.537		12.435		8.639297		20.720
4.972		1.7310		0.0000		3960.373		3.540		12.430		8.655133		20.760
4.970		1.7342		0.0000		3960.370		3.543		12.425		8.670969		20.800
4.968		1.7374		0.0000		3960.367		3.547		12.420		8.686805		20.840
4.966		1.7407		0.0000		3960.364		3.550		12.415		8.703328		20.880
4.964		1.7444		0.0000		3960.360		3.554		12.410		8.721918		20.920
4.966		1.7481		0.0000		3960.356		3.557		12.415		8.740507		20.960
4.968		1.7517		0.0000		3960.352		3.561		12.420		8.758408		21.000
4.972		1.7548		0.0000		3960.349		3.564		12.430		8.774243		21.040
4.972		1.7580		0.0000		3960.346		3.567		12.430		8.790079		21.080
4.970		1.7612		0.0000		3960.343		3.570		12.425		8.805915		21.120
4.966		1.7645		0.0000		3960.340		3.574		12.415		8.822439		21.160
4.964		1.7677		0.0000		3960.336		3.577		12.410		8.838274		21.200
4.962		1.7707		0.0000		3960.333		3.580		12.405		8.853421		21.240
4.960		1.7741		0.0000		3960.330		3.583		12.400		8.870634		21.280
4.958		1.7777		0.0000		3960.326		3.587		12.395		8.888535		21.320
4.956		1.7813		0.0000		3960.323		3.591		12.390		8.906436		21.360
4.958		1.7850		0.0000		3960.319		3.594		12.395		8.925026		21.400
4.960		1.7883		0.0000		3960.316		3.598		12.400		8.941549		21.440
4.960		1.7913		0.0000		3960.313		3.601		12.400		8.956697		21.480
4.958		1.7946		0.0000		3960.309		3.604		12.395		8.973221		21.520
4.954		1.7978		0.0000		3960.306		3.607		12.385		8.989057		21.560
4.950		1.8011		0.0000		3960.303		3.610		12.375		9.005580		21.600
4.948		1.8041		0.0000		3960.300		3.613		12.370		9.020727		21.640
4.944		1.8075		0.0000		3960.297		3.617		12.360		9.037251		21.680
4.940		1.8109		0.0000		3960.293		3.620		12.350		9.054462		21.720
4.938		1.8145		0.0000		3960.290		3.624		12.345		9.072365		21.760
4.938		1.8183		0.0000		3960.286		3.628		12.345		9.091642		21.800
4.940		1.8216		0.0000		3960.282		3.631		12.350		9.108167		21.840
4.940		1.8248		0.0000		3960.279		3.634		12.350		9.124002		21.880
4.938		1.8280		0.0000		3960.276		3.637		12.345		9.139837		21.920
4.932		1.8313		0.0000		3960.273		3.641		12.330		9.156362		21.960
4.928		1.8344		0.0000		3960.270		3.644		12.320		9.172196		22.000
4.924		1.8376		0.0000		3960.267		3.647		12.310		9.188032		22.040
4.918		1.8409		0.0000		3960.263		3.650		12.295		9.204557		22.080
4.914		1.8441		0.0000		3960.260		3.653		12.285		9.220391		22.120
4.910		1.8478		0.0000		3960.256		3.657		12.275		9.238981		22.160
4.908		1.8517		0.0000		3960.252		3.661		12.270		9.258260		22.200
4.910		1.8551		0.0000		3960.249		3.664		12.275		9.275473		22.240
4.910		1.8581		0.0000		3960.246		3.667		12.275		9.290619		22.280
4.908		1.8614		0.0000		3960.243		3.671		12.270		9.307142		22.320
4.904		1.8646		0.0000		3960.240		3.674		12.260		9.322978		22.360
4.900		1.8679		0.0000		3960.236		3.677		12.250		9.339502		22.400
4.896		1.8711		0.0000		3960.233		3.680		12.240		9.355337		22.440
4.892		1.8742		0.0000		3960.230		3.683		12.230		9.371174		22.480
4.888		1.8775		0.0000		3960.227		3.687		12.220		9.387697		22.520
4.884		1.8810		0.0000		3960.223		3.690		12.210		9.404909		22.560
4.880		1.8848		0.0000		3960.219		3.694		12.200		9.424189		22.600
4.880		1.8884		0.0000		3960.216		3.698		12.200		9.442089		22.640
4.882		1.8916		0.0000		3960.212		3.701		12.205		9.457924		22.680
4.882		1.8949		0.0000		3960.209		3.704		12.205		9.474448		22.720
4.878		1.8981		0.0000		3960.206		3.707		12.195		9.490284		22.760
4.872		1.9012		0.0000		3960.203		3.710		12.180		9.506120		22.800
4.868		1.9044		0.0000		3960.200		3.714		12.170		9.521955		22.840
4.864		1.9077		0.0000		3960.196		3.717		12.160		9.538479		22.880
4.860		1.9109		0.0000		3960.193		3.720		12.150		9.554315		22.920
4.856		1.9142		0.0000		3960.190		3.723		12.140		9.570838		22.960
4.852		1.9180		0.0000		3960.186		3.727		12.130		9.590117		23.000
4.852		1.9217		0.0000		3960.182		3.731		12.130		9.608706		23.040
4.854		1.9250		0.0000		3960.179		3.734		12.135		9.625230		23.080
4.854		1.9282		0.0000		3960.176		3.737		12.135		9.641066		23.120
4.850		1.9314		0.0000		3960.173		3.741		12.125		9.656901		23.160
4.844		1.9347		0.0000		3960.169		3.744		12.110		9.673425		23.200
4.840		1.9379		0.0000		3960.166		3.747		12.100		9.689260		23.240
4.836		1.9410		0.0000		3960.163		3.750		12.090		9.705096		23.280
4.830		1.9442		0.0000		3960.160		3.753		12.075		9.720931		23.320
4.826		1.9475		0.0000		3960.156		3.757		12.065		9.737455		23.360
4.822		1.9511		0.0000		3960.153		3.760		12.055		9.755356		23.400
4.820		1.9551		0.0000		3960.149		3.764		12.050		9.775323		23.440
4.820		1.9584		0.0000		3960.146		3.768		12.050		9.791847		23.480
4.820		1.9617		0.0000		3960.142		3.771		12.050		9.808371		23.520
4.818		1.9648		0.0000		3960.139		3.774		12.045		9.824207		23.560
4.814		1.9680		0.0000		3960.136		3.777		12.035		9.840041		23.600
4.808		1.9713		0.0000		3960.133		3.781		12.020		9.856566		23.640
4.804		1.9745		0.0000		3960.130		3.784		12.010		9.872402		23.680
4.798		1.9776		0.0000		3960.126		3.787		11.995		9.888237		23.720
4.794		1.9808		0.0000		3960.123		3.790		11.985		9.904072		23.760
4.788		1.9844		0.0000		3960.120		3.794		11.970		9.921974		23.800
4.784		1.9883		0.0000		3960.116		3.797		11.960		9.941252		23.840
4.784		1.9918		0.0000		3960.112		3.801		11.960		9.959153		23.880
4.786		1.9950		0.0000		3960.109		3.804		11.965		9.974987		23.920
4.784		1.9982		0.0000		3960.106		3.807		11.960		9.990824		23.960
4.778		2.0013		0.0000		3960.103		3.811		11.945		10.006659		24.000
4.772		2.0046		0.0000		3960.099		3.814		11.930		10.023183		24.040
4.768		2.0078		0.0000		3960.096		3.817		11.920		10.039019		24.080
4.762		2.0111		0.0000		3960.093		3.820		11.905		10.055542		24.120
4.758		2.0143		0.0000		3960.090		3.824		11.895		10.071378		24.160
4.752		2.0177		0.0000		3960.086		3.827		11.880		10.088591		24.200
4.748		2.0213		0.0000		3960.083		3.831		11.870		10.106491		24.240
4.746		2.0250		0.0000		3960.079		3.834		11.865		10.125080		24.280
4.746		2.0283		0.0000		3960.076		3.838		11.865		10.141605		24.320
4.746		2.0316		0.0000		3960.073		3.841		11.865		10.158129		24.360
4.742		2.0348		0.0000		3960.069		3.844		11.855		10.173965		24.400
4.738		2.0381		0.0000		3960.066		3.847		11.845		10.190488		24.440
4.732		2.0413		0.0000		3960.063		3.851		11.830		10.206324		24.480
4.728		2.0444		0.0000		3960.060		3.854		11.820		10.222159		24.520
4.722		2.0476		0.0000		3960.056		3.857		11.805		10.237995		24.560
4.718		2.0509		0.0000		3960.053		3.860		11.795		10.254519		24.600
4.714		2.0546		0.0000		3960.050		3.864		11.785		10.273108		24.640
4.710		2.0585		0.0000		3960.046		3.868		11.775		10.292386		24.680
4.712		2.0619		0.0000		3960.042		3.871		11.780		10.309599		24.720
4.712		2.0649		0.0000		3960.039		3.874		11.780		10.324746		24.760
4.708		2.0683		0.0000		3960.036		3.877		11.770		10.341270		24.800
4.702		2.0714		0.0000		3960.033		3.881		11.755		10.357105		24.840
4.696		2.0747		0.0000		3960.029		3.884		11.740		10.373630		24.880
4.690		2.0779		0.0000		3960.026		3.887		11.725		10.389465		24.920
4.686		2.0811		0.0000		3960.023		3.890		11.715		10.405301		24.960
4.682		2.0842		0.0000		3960.020		3.893		11.705		10.421135		25.000
4.676		2.0878		0.0000		3960.016		3.897		11.690		10.439037		25.040
4.674		2.0917		0.0000		3960.012		3.901		11.685		10.458315		25.080
4.672		2.0952		0.0000		3960.009		3.904		11.680		10.476216		25.120
4.674		2.0984		0.0000		3960.006		3.908		11.685		10.492052		25.160
4.670		2.1016		0.0000		3960.002		3.911		11.675		10.507887		25.200
4.666		2.1049		0.0000		3959.999		3.914		11.665		10.524411		25.240
4.660		2.1080		0.0000		3959.996		3.917		11.650		10.540247		25.280
4.654		2.1112		0.0000		3959.993		3.920		11.635		10.556082		25.320
4.648		2.1144		0.0000		3959.990		3.924		11.620		10.571918		25.360
4.644		2.1177		0.0000		3959.986		3.927		11.610		10.588441		25.400
4.638		2.1211		0.0000		3959.983		3.930		11.595		10.605654		25.440
4.634		2.1248		0.0000		3959.979		3.934		11.585		10.624243		25.480
4.632		2.1286		0.0000		3959.976		3.938		11.580		10.642833		25.520
4.632		2.1319		0.0000		3959.972		3.941		11.580		10.659357		25.560
4.632		2.1350		0.0000		3959.969		3.944		11.580		10.675192		25.600
4.628		2.1382		0.0000		3959.966		3.947		11.570		10.691028		25.640
4.622		2.1415		0.0000		3959.963		3.951		11.555		10.707552		25.680
4.618		2.1447		0.0000		3959.959		3.954		11.545		10.723387		25.720
4.612		2.1478		0.0000		3959.956		3.957		11.530		10.739223		25.760
4.606		2.1510		0.0000		3959.953		3.960		11.515		10.755058		25.800
4.602		2.1543		0.0000		3959.950		3.964		11.505		10.771582		25.840
4.596		2.1580		0.0000		3959.946		3.967		11.490		10.790172		25.880
4.594		2.1619		0.0000		3959.942		3.971		11.485		10.809450		25.920
4.594		2.1653		0.0000		3959.939		3.975		11.485		10.826663		25.960
4.594		2.1685		0.0000		3959.936		3.978		11.485		10.842497		26.000
4.590		2.1717		0.0000		3959.932		3.981		11.475		10.858334		26.040
4.584		2.1748		0.0000		3959.929		3.984		11.460		10.874168		26.080
4.578		2.1780		0.0000		3959.926		3.987		11.445		10.890005		26.120
4.574		2.1812		0.0000		3959.923		3.990		11.435		10.905840		26.160
4.568		2.1845		0.0000		3959.920		3.994		11.420		10.922364		26.200
4.562		2.1876		0.0000		3959.917		3.997		11.405		10.938200		26.240
4.556		2.1912		0.0000		3959.913		4.000		11.390		10.956101		26.280
4.552		2.1951		0.0000		3959.909		4.004		11.380		10.975378		26.320
4.552		2.1987		0.0000		3959.906		4.008		11.380		10.993280		26.360
4.552		2.2018		0.0000		3959.902		4.011		11.380		11.009113		26.400
4.550		2.2050		0.0000		3959.899		4.014		11.375		11.024950		26.440
4.544		2.2083		0.0000		3959.896		4.018		11.360		11.041474		26.480
4.538		2.2115		0.0000		3959.893		4.021		11.345		11.057310		26.520
4.532		2.2146		0.0000		3959.889		4.024		11.330		11.073146		26.560
4.528		2.2178		0.0000		3959.886		4.027		11.320		11.088982		26.600
4.522		2.2211		0.0000		3959.883		4.030		11.305		11.105504		26.640
4.518		2.2244		0.0000		3959.880		4.034		11.295		11.122028		26.680
4.514		2.2283		0.0000		3959.876		4.038		11.285		11.141308		26.720
4.512		2.2320		0.0000		3959.872		4.041		11.280		11.159897		26.760
4.512		2.2353		0.0000		3959.869		4.045		11.280		11.176419		26.800
4.512		2.2385		0.0000		3959.866		4.048		11.280		11.192255		26.840
4.508		2.2416		0.0000		3959.863		4.051		11.270		11.208091		26.880
4.502		2.2449		0.0000		3959.859		4.054		11.255		11.224615		26.920
4.496		2.2481		0.0000		3959.856		4.057		11.240		11.240452		26.960
4.490		2.2513		0.0000		3959.853		4.060		11.225		11.256287		27.000
4.484		2.2544		0.0000		3959.850		4.064		11.210		11.272123		27.040
4.480		2.2577		0.0000		3959.846		4.067		11.200		11.288645		27.080
