数据量:687
试验力		变形		扩展变形		位置		位移		应力		应变		时间
0.010		0.0019		0.0000		3962.039		2.230		0.025		0.009638		0.040
0.010		0.0051		0.0000		3962.035		2.233		0.025		0.025474		0.080
0.010		0.0083		0.0000		3962.032		2.236		0.025		0.041310		0.120
0.010		0.0116		0.0000		3962.029		2.240		0.025		0.057833		0.160
0.010		0.0149		0.0000		3962.026		2.243		0.025		0.074358		0.200
0.010		0.0180		0.0000		3962.022		2.246		0.025		0.090193		0.240
0.010		0.0212		0.0000		3962.019		2.249		0.025		0.106028		0.280
0.010		0.0246		0.0000		3962.016		2.253		0.025		0.123241		0.320
0.012		0.0281		0.0000		3962.012		2.256		0.030		0.140454		0.360
0.012		0.0318		0.0000		3962.009		2.260		0.030		0.159043		0.400
0.012		0.0353		0.0000		3962.005		2.263		0.030		0.176256		0.440
0.012		0.0386		0.0000		3962.002		2.267		0.030		0.192779		0.480
0.012		0.0417		0.0000		3961.999		2.270		0.030		0.208615		0.520
0.012		0.0450		0.0000		3961.996		2.273		0.030		0.225139		0.560
0.012		0.0482		0.0000		3961.992		2.276		0.030		0.240974		0.600
0.014		0.0515		0.0000		3961.989		2.279		0.035		0.257498		0.640
0.014		0.0547		0.0000		3961.986		2.283		0.035		0.273334		0.680
0.014		0.0578		0.0000		3961.983		2.286		0.035		0.289170		0.720
0.014		0.0614		0.0000		3961.979		2.289		0.035		0.307070		0.760
0.014		0.0650		0.0000		3961.976		2.293		0.035		0.324972		0.800
0.016		0.0687		0.0000		3961.972		2.297		0.040		0.343561		0.840
0.016		0.0720		0.0000		3961.969		2.300		0.040		0.360085		0.880
0.016		0.0752		0.0000		3961.965		2.303		0.040		0.375921		0.920
0.016		0.0784		0.0000		3961.962		2.306		0.040		0.391756		0.960
0.018		0.0817		0.0000		3961.959		2.310		0.045		0.408280		1.000
0.018		0.0848		0.0000		3961.956		2.313		0.045		0.424116		1.040
0.018		0.0881		0.0000		3961.952		2.316		0.045		0.440639		1.080
0.018		0.0913		0.0000		3961.949		2.319		0.045		0.456475		1.120
0.020		0.0947		0.0000		3961.946		2.323		0.050		0.473688		1.160
0.020		0.0983		0.0000		3961.942		2.326		0.050		0.491588		1.200
0.020		0.1019		0.0000		3961.939		2.330		0.050		0.509490		1.240
0.022		0.1053		0.0000		3961.935		2.333		0.055		0.526702		1.280
0.022		0.1085		0.0000		3961.932		2.336		0.055		0.542538		1.320
0.022		0.1118		0.0000		3961.929		2.340		0.055		0.559062		1.360
0.022		0.1150		0.0000		3961.926		2.343		0.055		0.574898		1.400
0.024		0.1183		0.0000		3961.922		2.346		0.060		0.591421		1.440
0.024		0.1215		0.0000		3961.919		2.349		0.060		0.607257		1.480
0.024		0.1246		0.0000		3961.916		2.353		0.060		0.623093		1.520
0.026		0.1279		0.0000		3961.913		2.356		0.065		0.639616		1.560
0.026		0.1315		0.0000		3961.909		2.359		0.065		0.657517		1.600
0.026		0.1352		0.0000		3961.905		2.363		0.065		0.676106		1.640
0.028		0.1388		0.0000		3961.902		2.367		0.070		0.694008		1.680
0.028		0.1420		0.0000		3961.899		2.370		0.070		0.709844		1.720
0.030		0.1451		0.0000		3961.896		2.373		0.075		0.725678		1.760
0.032		0.1484		0.0000		3961.892		2.376		0.080		0.742203		1.800
0.032		0.1516		0.0000		3961.889		2.380		0.080		0.758038		1.840
0.034		0.1548		0.0000		3961.886		2.383		0.085		0.773873		1.880
0.034		0.1581		0.0000		3961.883		2.386		0.085		0.790398		1.920
0.036		0.1614		0.0000		3961.879		2.389		0.090		0.806922		1.960
0.038		0.1648		0.0000		3961.876		2.393		0.095		0.824134		2.000
0.038		0.1684		0.0000		3961.872		2.396		0.095		0.842035		2.040
0.040		0.1720		0.0000		3961.869		2.400		0.100		0.859936		2.080
0.042		0.1753		0.0000		3961.865		2.403		0.105		0.876460		2.120
0.044		0.1786		0.0000		3961.862		2.407		0.110		0.892984		2.160
0.046		0.1819		0.0000		3961.859		2.410		0.115		0.909508		2.200
0.048		0.1851		0.0000		3961.855		2.413		0.120		0.925343		2.240
0.050		0.1882		0.0000		3961.852		2.416		0.125		0.941179		2.280
0.052		0.1915		0.0000		3961.849		2.420		0.130		0.957704		2.320
0.054		0.1948		0.0000		3961.846		2.423		0.135		0.974227		2.360
0.056		0.1980		0.0000		3961.843		2.426		0.140		0.990063		2.400
0.058		0.2017		0.0000		3961.839		2.430		0.145		1.008652		2.440
0.062		0.2054		0.0000		3961.835		2.433		0.155		1.027242		2.480
0.066		0.2088		0.0000		3961.832		2.437		0.165		1.043766		2.520
0.070		0.2121		0.0000		3961.829		2.440		0.175		1.060289		2.560
0.072		0.2152		0.0000		3961.825		2.443		0.180		1.076125		2.600
0.076		0.2185		0.0000		3961.822		2.447		0.190		1.092649		2.640
0.080		0.2217		0.0000		3961.819		2.450		0.200		1.108484		2.680
0.082		0.2250		0.0000		3961.816		2.453		0.205		1.125009		2.720
0.086		0.2282		0.0000		3961.812		2.456		0.215		1.140844		2.760
0.092		0.2315		0.0000		3961.809		2.459		0.230		1.157368		2.800
0.096		0.2349		0.0000		3961.806		2.463		0.240		1.174581		2.840
0.100		0.2386		0.0000		3961.802		2.467		0.250		1.193171		2.880
0.106		0.2421		0.0000		3961.799		2.470		0.265		1.210383		2.920
0.114		0.2454		0.0000		3961.795		2.473		0.285		1.226907		2.960
0.120		0.2485		0.0000		3961.792		2.477		0.300		1.242743		3.000
0.126		0.2519		0.0000		3961.789		2.480		0.315		1.259266		3.040
0.132		0.2550		0.0000		3961.786		2.483		0.330		1.275102		3.080
0.140		0.2583		0.0000		3961.782		2.486		0.350		1.291625		3.120
0.146		0.2615		0.0000		3961.779		2.489		0.365		1.307461		3.160
0.154		0.2648		0.0000		3961.776		2.493		0.385		1.323985		3.200
0.162		0.2684		0.0000		3961.772		2.496		0.405		1.341887		3.240
0.172		0.2720		0.0000		3961.769		2.500		0.430		1.359787		3.280
0.182		0.2755		0.0000		3961.765		2.504		0.455		1.377689		3.320
0.192		0.2788		0.0000		3961.762		2.507		0.480		1.394212		3.360
0.204		0.2820		0.0000		3961.759		2.510		0.510		1.410048		3.400
0.214		0.2852		0.0000		3961.755		2.513		0.535		1.425883		3.440
0.226		0.2885		0.0000		3961.752		2.516		0.565		1.442407		3.480
0.236		0.2918		0.0000		3961.749		2.520		0.590		1.458931		3.520
0.248		0.2950		0.0000		3961.746		2.523		0.620		1.474767		3.560
0.260		0.2981		0.0000		3961.742		2.526		0.650		1.490602		3.600
0.272		0.3016		0.0000		3961.739		2.530		0.680		1.507815		3.640
0.284		0.3051		0.0000		3961.735		2.533		0.710		1.525716		3.680
0.296		0.3089		0.0000		3961.732		2.537		0.740		1.544305		3.720
0.310		0.3120		0.0000		3961.729		2.540		0.775		1.560141		3.760
0.324		0.3155		0.0000		3961.725		2.543		0.810		1.577353		3.800
0.338		0.3185		0.0000		3961.722		2.546		0.845		1.592500		3.840
0.350		0.3218		0.0000		3961.719		2.550		0.875		1.609024		3.880
0.364		0.3251		0.0000		3961.716		2.553		0.910		1.625549		3.920
0.376		0.3283		0.0000		3961.712		2.556		0.940		1.641383		3.960
0.390		0.3314		0.0000		3961.709		2.559		0.975		1.657219		4.000
0.402		0.3349		0.0000		3961.706		2.563		1.005		1.674432		4.040
0.418		0.3385		0.0000		3961.702		2.566		1.045		1.692332		4.080
0.436		0.3422		0.0000		3961.698		2.570		1.090		1.710922		4.120
0.454		0.3456		0.0000		3961.695		2.574		1.135		1.728134		4.160
0.472		0.3487		0.0000		3961.692		2.577		1.180		1.743282		4.200
0.490		0.3520		0.0000		3961.689		2.580		1.225		1.759806		4.240
0.506		0.3553		0.0000		3961.685		2.583		1.265		1.776329		4.280
0.522		0.3586		0.0000		3961.682		2.587		1.305		1.792854		4.320
0.540		0.3617		0.0000		3961.679		2.590		1.350		1.808689		4.360
0.556		0.3649		0.0000		3961.676		2.593		1.390		1.824524		4.400
0.574		0.3682		0.0000		3961.672		2.596		1.435		1.841048		4.440
0.590		0.3718		0.0000		3961.669		2.600		1.475		1.858950		4.480
0.606		0.3752		0.0000		3961.665		2.603		1.515		1.876162		4.520
0.624		0.3790		0.0000		3961.662		2.607		1.560		1.894752		4.560
0.642		0.3823		0.0000		3961.658		2.610		1.605		1.911275		4.600
0.658		0.3854		0.0000		3961.655		2.613		1.645		1.927111		4.640
0.672		0.3886		0.0000		3961.652		2.617		1.680		1.942947		4.680
0.686		0.3919		0.0000		3961.649		2.620		1.715		1.959471		4.720
0.700		0.3952		0.0000		3961.645		2.623		1.750		1.975994		4.760
0.716		0.3984		0.0000		3961.642		2.626		1.790		1.991830		4.800
0.732		0.4015		0.0000		3961.639		2.630		1.830		2.007666		4.840
0.750		0.4050		0.0000		3961.635		2.633		1.875		2.024878		4.880
0.766		0.4087		0.0000		3961.632		2.637		1.915		2.043468		4.920
0.786		0.4123		0.0000		3961.628		2.640		1.965		2.061368		4.960
0.806		0.4156		0.0000		3961.625		2.644		2.015		2.077893		5.000
0.826		0.4187		0.0000		3961.622		2.647		2.065		2.093728		5.040
0.844		0.4221		0.0000		3961.618		2.650		2.110		2.110252		5.080
0.862		0.4252		0.0000		3961.615		2.653		2.155		2.126088		5.120
0.880		0.4284		0.0000		3961.612		2.656		2.200		2.141923		5.160
0.898		0.4317		0.0000		3961.609		2.660		2.245		2.158448		5.200
0.918		0.4350		0.0000		3961.605		2.663		2.295		2.174971		5.240
0.936		0.4383		0.0000		3961.602		2.666		2.340		2.191495		5.280
0.956		0.4419		0.0000		3961.599		2.670		2.390		2.209396		5.320
0.976		0.4456		0.0000		3961.595		2.674		2.440		2.227986		5.360
0.998		0.4489		0.0000		3961.592		2.677		2.495		2.244509		5.400
1.020		0.4522		0.0000		3961.588		2.680		2.550		2.261033		5.440
1.042		0.4554		0.0000		3961.585		2.683		2.605		2.276869		5.480
1.062		0.4587		0.0000		3961.582		2.687		2.655		2.293394		5.520
1.082		0.4620		0.0000		3961.579		2.690		2.705		2.309917		5.560
1.104		0.4652		0.0000		3961.575		2.693		2.760		2.325753		5.600
1.126		0.4683		0.0000		3961.572		2.696		2.815		2.341588		5.640
1.148		0.4716		0.0000		3961.569		2.700		2.870		2.358112		5.680
1.170		0.4751		0.0000		3961.565		2.703		2.925		2.375325		5.720
1.192		0.4788		0.0000		3961.562		2.707		2.980		2.393914		5.760
1.218		0.4825		0.0000		3961.558		2.710		3.045		2.412504		5.800
1.246		0.4857		0.0000		3961.555		2.714		3.115		2.428339		5.840
1.270		0.4888		0.0000		3961.552		2.717		3.175		2.444174		5.880
1.294		0.4920		0.0000		3961.549		2.720		3.235		2.460010		5.920
1.316		0.4953		0.0000		3961.545		2.723		3.290		2.476534		5.960
1.338		0.4985		0.0000		3961.542		2.726		3.345		2.492369		6.000
1.362		0.5018		0.0000		3961.539		2.730		3.405		2.508893		6.040
1.386		0.5049		0.0000		3961.536		2.733		3.465		2.524729		6.080
1.410		0.5084		0.0000		3961.532		2.736		3.525		2.541941		6.120
1.434		0.5120		0.0000		3961.529		2.740		3.585		2.559843		6.160
1.460		0.5157		0.0000		3961.525		2.744		3.650		2.578433		6.200
1.486		0.5190		0.0000		3961.521		2.747		3.715		2.594956		6.240
1.514		0.5223		0.0000		3961.518		2.750		3.785		2.611480		6.280
1.538		0.5255		0.0000		3961.515		2.753		3.845		2.627316		6.320
1.560		0.5288		0.0000		3961.512		2.757		3.900		2.643839		6.360
1.584		0.5319		0.0000		3961.509		2.760		3.960		2.659675		6.400
1.608		0.5351		0.0000		3961.505		2.763		4.020		2.675511		6.440
1.632		0.5383		0.0000		3961.502		2.766		4.080		2.691346		6.480
1.656		0.5416		0.0000		3961.499		2.770		4.140		2.707870		6.520
1.680		0.5453		0.0000		3961.495		2.773		4.200		2.726460		6.560
1.706		0.5490		0.0000		3961.491		2.777		4.265		2.745049		6.600
1.736		0.5525		0.0000		3961.488		2.780		4.340		2.762262		6.640
1.764		0.5556		0.0000		3961.485		2.784		4.410		2.778097		6.680
1.790		0.5588		0.0000		3961.482		2.787		4.475		2.793933		6.720
1.816		0.5621		0.0000		3961.479		2.790		4.540		2.810457		6.760
1.840		0.5653		0.0000		3961.475		2.793		4.600		2.826293		6.800
1.866		0.5686		0.0000		3961.472		2.797		4.665		2.842816		6.840
1.890		0.5717		0.0000		3961.469		2.800		4.725		2.858652		6.880
1.914		0.5750		0.0000		3961.466		2.803		4.785		2.875175		6.920
1.938		0.5786		0.0000		3961.462		2.807		4.845		2.893077		6.960
1.964		0.5822		0.0000		3961.458		2.810		4.910		2.910978		7.000
1.992		0.5858		0.0000		3961.455		2.814		4.980		2.928878		7.040
2.022		0.5891		0.0000		3961.451		2.817		5.055		2.945403		7.080
2.050		0.5922		0.0000		3961.448		2.820		5.125		2.961239		7.120
2.074		0.5954		0.0000		3961.445		2.823		5.185		2.977073		7.160
2.098		0.5987		0.0000		3961.442		2.827		5.245		2.993598		7.200
2.124		0.6019		0.0000		3961.439		2.830		5.310		3.009433		7.240
2.148		0.6051		0.0000		3961.436		2.833		5.370		3.025268		7.280
2.172		0.6084		0.0000		3961.432		2.836		5.430		3.041793		7.320
2.198		0.6118		0.0000		3961.429		2.840		5.495		3.059005		7.360
2.222		0.6154		0.0000		3961.425		2.843		5.555		3.076906		7.400
2.250		0.6192		0.0000		3961.421		2.847		5.625		3.096184		7.440
2.280		0.6225		0.0000		3961.418		2.851		5.700		3.112708		7.480
2.308		0.6257		0.0000		3961.415		2.854		5.770		3.128544		7.520
2.332		0.6287		0.0000		3961.412		2.857		5.830		3.143691		7.560
2.356		0.6320		0.0000		3961.408		2.860		5.890		3.160214		7.600
2.380		0.6353		0.0000		3961.405		2.863		5.950		3.176738		7.640
2.406		0.6385		0.0000		3961.402		2.867		6.015		3.192574		7.680
2.430		0.6417		0.0000		3961.399		2.870		6.075		3.208410		7.720
2.454		0.6451		0.0000		3961.396		2.873		6.135		3.225622		7.760
2.480		0.6487		0.0000		3961.392		2.877		6.200		3.243523		7.800
2.506		0.6524		0.0000		3961.388		2.880		6.265		3.262112		7.840
2.534		0.6559		0.0000		3961.385		2.884		6.335		3.279325		7.880
2.562		0.6590		0.0000		3961.382		2.887		6.405		3.295161		7.920
2.588		0.6622		0.0000		3961.378		2.890		6.470		3.310996		7.960
2.612		0.6655		0.0000		3961.375		2.893		6.530		3.327520		8.000
2.636		0.6687		0.0000		3961.372		2.897		6.590		3.343356		8.040
2.660		0.6718		0.0000		3961.369		2.900		6.650		3.359191		8.080
2.684		0.6751		0.0000		3961.365		2.903		6.710		3.375715		8.120
2.708		0.6783		0.0000		3961.362		2.906		6.770		3.391551		8.160
2.730		0.6820		0.0000		3961.359		2.910		6.825		3.410140		8.200
2.756		0.6857		0.0000		3961.355		2.914		6.890		3.428730		8.240
2.784		0.6893		0.0000		3961.351		2.917		6.960		3.446630		8.280
2.812		0.6925		0.0000		3961.348		2.920		7.030		3.462466		8.320
2.838		0.6955		0.0000		3961.345		2.924		7.095		3.477613		8.360
2.860		0.6988		0.0000		3961.342		2.927		7.150		3.494138		8.400
2.882		0.7021		0.0000		3961.338		2.930		7.205		3.510661		8.440
2.906		0.7053		0.0000		3961.335		2.933		7.265		3.526497		8.480
2.928		0.7085		0.0000		3961.332		2.936		7.320		3.542333		8.520
2.950		0.7118		0.0000		3961.329		2.940		7.375		3.558856		8.560
2.974		0.7152		0.0000		3961.325		2.943		7.435		3.576069		8.600
2.998		0.7189		0.0000		3961.322		2.947		7.495		3.594658		8.640
3.022		0.7225		0.0000		3961.318		2.950		7.555		3.612559		8.680
3.050		0.7258		0.0000		3961.315		2.954		7.625		3.629084		8.720
3.076		0.7290		0.0000		3961.312		2.957		7.690		3.644918		8.760
3.100		0.7323		0.0000		3961.308		2.960		7.750		3.661443		8.800
3.122		0.7355		0.0000		3961.305		2.963		7.805		3.677278		8.840
3.142		0.7388		0.0000		3961.302		2.967		7.855		3.693802		8.880
3.164		0.7419		0.0000		3961.299		2.970		7.910		3.709638		8.920
3.186		0.7451		0.0000		3961.295		2.973		7.965		3.725473		8.960
3.206		0.7484		0.0000		3961.292		2.976		8.015		3.741997		9.000
3.228		0.7521		0.0000		3961.288		2.980		8.070		3.760587		9.040
3.250		0.7560		0.0000		3961.285		2.984		8.125		3.779864		9.080
3.276		0.7593		0.0000		3961.281		2.987		8.190		3.796389		9.120
3.302		0.7624		0.0000		3961.278		2.990		8.255		3.812224		9.160
3.324		0.7656		0.0000		3961.275		2.994		8.310		3.828059		9.200
3.344		0.7689		0.0000		3961.272		2.997		8.360		3.844583		9.240
3.364		0.7721		0.0000		3961.269		3.000		8.410		3.860419		9.280
3.386		0.7753		0.0000		3961.265		3.003		8.465		3.876255		9.320
3.406		0.7786		0.0000		3961.262		3.007		8.515		3.892778		9.360
3.426		0.7819		0.0000		3961.259		3.010		8.565		3.909303		9.400
3.446		0.7853		0.0000		3961.255		3.013		8.615		3.926516		9.440
3.466		0.7892		0.0000		3961.251		3.017		8.665		3.945793		9.480
3.490		0.7926		0.0000		3961.248		3.021		8.725		3.963006		9.520
3.514		0.7958		0.0000		3961.245		3.024		8.785		3.978841		9.560
3.536		0.7991		0.0000		3961.241		3.027		8.840		3.995365		9.600
3.554		0.8022		0.0000		3961.238		3.030		8.885		4.011201		9.640
3.572		0.8055		0.0000		3961.235		3.034		8.930		4.027724		9.680
3.590		0.8087		0.0000		3961.232		3.037		8.975		4.043560		9.720
3.608		0.8119		0.0000		3961.229		3.040		9.020		4.059396		9.760
3.626		0.8150		0.0000		3961.226		3.043		9.065		4.075232		9.800
3.644		0.8186		0.0000		3961.222		3.047		9.110		4.093132		9.840
3.662		0.8223		0.0000		3961.218		3.050		9.155		4.111722		9.880
3.682		0.8261		0.0000		3961.215		3.054		9.205		4.130311		9.920
3.706		0.8292		0.0000		3961.211		3.057		9.265		4.146147		9.960
3.726		0.8324		0.0000		3961.208		3.060		9.315		4.161983		10.000
3.744		0.8356		0.0000		3961.205		3.064		9.360		4.177817		10.040
3.760		0.8389		0.0000		3961.202		3.067		9.400		4.194342		10.080
3.774		0.8422		0.0000		3961.198		3.070		9.435		4.210865		10.120
3.792		0.8453		0.0000		3961.195		3.073		9.480		4.226701		10.160
3.806		0.8485		0.0000		3961.192		3.076		9.515		4.242537		10.200
3.822		0.8519		0.0000		3961.189		3.080		9.555		4.259749		10.240
3.838		0.8555		0.0000		3961.185		3.084		9.595		4.277650		10.280
3.856		0.8592		0.0000		3961.181		3.087		9.640		4.296240		10.320
3.876		0.8626		0.0000		3961.178		3.091		9.690		4.312763		10.360
3.896		0.8659		0.0000		3961.175		3.094		9.740		4.329288		10.400
3.912		0.8690		0.0000		3961.172		3.097		9.780		4.345122		10.440
3.926		0.8723		0.0000		3961.168		3.100		9.815		4.361648		10.480
3.940		0.8755		0.0000		3961.165		3.103		9.850		4.377483		10.520
3.954		0.8787		0.0000		3961.162		3.107		9.885		4.393318		10.560
3.966		0.8818		0.0000		3961.159		3.110		9.915		4.409153		10.600
3.978		0.8851		0.0000		3961.156		3.113		9.945		4.425677		10.640
3.992		0.8889		0.0000		3961.152		3.117		9.980		4.444266		10.680
4.006		0.8926		0.0000		3961.148		3.121		10.015		4.462856		10.720
4.022		0.8962		0.0000		3961.145		3.124		10.055		4.480758		10.760
4.042		0.8993		0.0000		3961.141		3.127		10.105		4.496593		10.800
4.056		0.9023		0.0000		3961.138		3.130		10.140		4.511740		10.840
4.068		0.9057		0.0000		3961.135		3.134		10.170		4.528264		10.880
4.080		0.9090		0.0000		3961.132		3.137		10.200		4.544788		10.920
4.092		0.9121		0.0000		3961.128		3.140		10.230		4.560623		10.960
4.104		0.9153		0.0000		3961.125		3.143		10.260		4.576459		11.000
4.114		0.9186		0.0000		3961.122		3.147		10.285		4.592982		11.040
4.126		0.9220		0.0000		3961.118		3.150		10.315		4.610195		11.080
4.138		0.9258		0.0000		3961.115		3.154		10.345		4.628785		11.120
4.152		0.9295		0.0000		3961.111		3.157		10.380		4.647374		11.160
4.168		0.9326		0.0000		3961.108		3.161		10.420		4.663210		11.200
4.182		0.9358		0.0000		3961.105		3.164		10.455		4.679046		11.240
4.192		0.9391		0.0000		3961.102		3.167		10.480		4.695569		11.280
4.200		0.9423		0.0000		3961.098		3.170		10.500		4.711405		11.320
4.210		0.9454		0.0000		3961.095		3.173		10.525		4.727241		11.360
4.220		0.9486		0.0000		3961.092		3.177		10.550		4.743076		11.400
4.230		0.9519		0.0000		3961.089		3.180		10.575		4.759600		11.440
4.240		0.9552		0.0000		3961.085		3.183		10.600		4.776124		11.480
4.250		0.9589		0.0000		3961.082		3.187		10.625		4.794713		11.520
4.262		0.9628		0.0000		3961.078		3.191		10.655		4.813992		11.560
4.276		0.9661		0.0000		3961.074		3.194		10.690		4.830515		11.600
4.290		0.9693		0.0000		3961.071		3.197		10.725		4.846351		11.640
4.300		0.9724		0.0000		3961.068		3.200		10.750		4.862187		11.680
4.306		0.9757		0.0000		3961.065		3.204		10.765		4.878711		11.720
4.314		0.9789		0.0000		3961.062		3.207		10.785		4.894547		11.760
4.322		0.9821		0.0000		3961.059		3.210		10.805		4.910382		11.800
4.328		0.9852		0.0000		3961.055		3.213		10.820		4.926217		11.840
4.336		0.9885		0.0000		3961.052		3.217		10.840		4.942741		11.880
4.344		0.9923		0.0000		3961.048		3.220		10.860		4.961331		11.920
4.354		0.9960		0.0000		3961.045		3.224		10.885		4.979920		11.960
4.366		0.9994		0.0000		3961.041		3.227		10.915		4.997133		12.000
4.378		1.0027		0.0000		3961.038		3.231		10.945		5.013657		12.040
4.388		1.0059		0.0000		3961.035		3.234		10.970		5.029492		12.080
4.394		1.0091		0.0000		3961.031		3.237		10.985		5.045328		12.120
4.402		1.0124		0.0000		3961.028		3.240		11.005		5.061852		12.160
4.408		1.0155		0.0000		3961.025		3.244		11.020		5.077687		12.200
4.414		1.0187		0.0000		3961.022		3.247		11.035		5.093522		12.240
4.420		1.0219		0.0000		3961.019		3.250		11.050		5.109358		12.280
4.426		1.0255		0.0000		3961.015		3.253		11.065		5.127259		12.320
4.434		1.0292		0.0000		3961.011		3.257		11.085		5.145849		12.360
4.444		1.0329		0.0000		3961.008		3.261		11.110		5.164438		12.400
4.456		1.0361		0.0000		3961.004		3.264		11.140		5.180273		12.440
4.466		1.0392		0.0000		3961.001		3.267		11.165		5.196109		12.480
4.472		1.0424		0.0000		3960.998		3.270		11.180		5.211945		12.520
4.478		1.0457		0.0000		3960.995		3.274		11.195		5.228468		12.560
4.484		1.0489		0.0000		3960.992		3.277		11.210		5.244304		12.600
4.490		1.0522		0.0000		3960.988		3.280		11.225		5.260828		12.640
4.496		1.0553		0.0000		3960.985		3.283		11.240		5.276663		12.680
4.502		1.0586		0.0000		3960.982		3.287		11.255		5.293188		12.720
4.508		1.0624		0.0000		3960.978		3.290		11.270		5.311778		12.760
4.516		1.0662		0.0000		3960.974		3.294		11.290		5.331055		12.800
4.526		1.0695		0.0000		3960.971		3.298		11.315		5.347579		12.840
4.538		1.0727		0.0000		3960.968		3.301		11.345		5.363414		12.880
4.544		1.0759		0.0000		3960.965		3.304		11.360		5.379250		12.920
4.548		1.0792		0.0000		3960.961		3.307		11.370		5.395774		12.960
4.552		1.0823		0.0000		3960.958		3.310		11.380		5.411610		13.000
4.558		1.0855		0.0000		3960.955		3.313		11.395		5.427445		13.040
4.562		1.0887		0.0000		3960.952		3.317		11.405		5.443281		13.080
4.566		1.0920		0.0000		3960.948		3.320		11.415		5.459805		13.120
4.572		1.0957		0.0000		3960.945		3.324		11.430		5.478394		13.160
4.578		1.0994		0.0000		3960.941		3.327		11.445		5.496984		13.200
4.588		1.1030		0.0000		3960.938		3.331		11.470		5.514885		13.240
4.600		1.1060		0.0000		3960.935		3.334		11.500		5.530032		13.280
4.606		1.1092		0.0000		3960.931		3.337		11.515		5.545868		13.320
4.610		1.1125		0.0000		3960.928		3.340		11.525		5.562391		13.360
4.614		1.1156		0.0000		3960.925		3.344		11.535		5.578227		13.400
4.618		1.1190		0.0000		3960.922		3.347		11.545		5.594750		13.440
4.622		1.1221		0.0000		3960.918		3.350		11.555		5.610586		13.480
4.626		1.1253		0.0000		3960.915		3.353		11.565		5.626422		13.520
4.630		1.1289		0.0000		3960.912		3.357		11.575		5.644322		13.560
4.636		1.1326		0.0000		3960.908		3.361		11.590		5.662912		13.600
4.644		1.1363		0.0000		3960.904		3.364		11.610		5.681501		13.640
4.654		1.1395		0.0000		3960.901		3.367		11.635		5.697337		13.680
4.662		1.1426		0.0000		3960.898		3.371		11.655		5.713173		13.720
4.666		1.1459		0.0000		3960.895		3.374		11.665		5.729697		13.760
4.668		1.1491		0.0000		3960.891		3.377		11.670		5.745533		13.800
4.672		1.1523		0.0000		3960.888		3.380		11.680		5.761367		13.840
4.676		1.1554		0.0000		3960.885		3.383		11.690		5.777203		13.880
4.678		1.1587		0.0000		3960.882		3.387		11.695		5.793728		13.920
4.680		1.1621		0.0000		3960.878		3.390		11.700		5.810251		13.960
4.684		1.1658		0.0000		3960.875		3.394		11.710		5.828841		14.000
4.690		1.1696		0.0000		3960.871		3.398		11.725		5.848118		14.040
4.700		1.1729		0.0000		3960.868		3.401		11.750		5.864643		14.080
4.708		1.1760		0.0000		3960.865		3.404		11.770		5.879789		14.120
4.712		1.1793		0.0000		3960.861		3.407		11.780		5.896313		14.160
4.714		1.1824		0.0000		3960.858		3.410		11.785		5.912149		14.200
4.716		1.1857		0.0000		3960.855		3.414		11.790		5.928673		14.240
4.718		1.1889		0.0000		3960.852		3.417		11.795		5.944509		14.280
4.722		1.1921		0.0000		3960.848		3.420		11.805		5.960344		14.320
4.724		1.1954		0.0000		3960.845		3.423		11.810		5.976868		14.360
4.728		1.1991		0.0000		3960.842		3.427		11.820		5.995457		14.400
4.732		1.2028		0.0000		3960.838		3.431		11.830		6.014047		14.440
4.740		1.2063		0.0000		3960.834		3.434		11.850		6.031260		14.480
4.750		1.2094		0.0000		3960.831		3.437		11.875		6.047095		14.520
4.754		1.2126		0.0000		3960.828		3.441		11.885		6.062931		14.560
4.756		1.2159		0.0000		3960.825		3.444		11.890		6.079454		14.600
4.758		1.2191		0.0000		3960.822		3.447		11.895		6.095290		14.640
4.762		1.2222		0.0000		3960.818		3.450		11.905		6.111126		14.680
4.764		1.2254		0.0000		3960.815		3.453		11.910		6.126961		14.720
4.766		1.2287		0.0000		3960.812		3.457		11.915		6.143485		14.760
4.768		1.2323		0.0000		3960.808		3.460		11.920		6.161386		14.800
4.772		1.2360		0.0000		3960.805		3.464		11.930		6.179976		14.840
4.780		1.2397		0.0000		3960.801		3.468		11.950		6.198565		14.880
4.788		1.2429		0.0000		3960.798		3.471		11.970		6.214400		14.920
4.794		1.2460		0.0000		3960.794		3.474		11.985		6.230236		14.960
4.796		1.2492		0.0000		3960.791		3.477		11.990		6.246072		15.000
4.798		1.2525		0.0000		3960.788		3.481		11.995		6.262596		15.040
4.800		1.2557		0.0000		3960.785		3.484		12.000		6.278431		15.080
4.802		1.2589		0.0000		3960.782		3.487		12.005		6.294267		15.120
4.804		1.2622		0.0000		3960.778		3.490		12.010		6.310791		15.160
4.806		1.2655		0.0000		3960.775		3.493		12.015		6.327314		15.200
4.808		1.2692		0.0000		3960.771		3.497		12.020		6.345904		15.240
4.814		1.2730		0.0000		3960.768		3.501		12.035		6.365182		15.280
4.822		1.2763		0.0000		3960.764		3.504		12.055		6.381706		15.320
4.830		1.2795		0.0000		3960.761		3.507		12.075		6.397542		15.360
4.832		1.2827		0.0000		3960.758		3.511		12.080		6.413378		15.400
4.832		1.2860		0.0000		3960.755		3.514		12.080		6.429901		15.440
4.834		1.2890		0.0000		3960.751		3.517		12.085		6.445048		15.480
4.836		1.2923		0.0000		3960.748		3.520		12.090		6.461573		15.520
4.838		1.2955		0.0000		3960.745		3.523		12.095		6.477407		15.560
4.840		1.2988		0.0000		3960.742		3.527		12.100		6.493932		15.600
4.842		1.3025		0.0000		3960.738		3.530		12.105		6.512522		15.640
4.846		1.3064		0.0000		3960.734		3.534		12.115		6.531799		15.680
4.854		1.3098		0.0000		3960.731		3.538		12.135		6.549011		15.720
4.862		1.3128		0.0000		3960.728		3.541		12.155		6.564158		15.760
4.866		1.3160		0.0000		3960.725		3.544		12.165		6.579994		15.800
4.866		1.3193		0.0000		3960.721		3.547		12.165		6.596518		15.840
4.866		1.3225		0.0000		3960.718		3.550		12.165		6.612353		15.880
4.868		1.3256		0.0000		3960.715		3.554		12.170		6.628189		15.920
4.870		1.3289		0.0000		3960.712		3.557		12.175		6.644712		15.960
4.872		1.3321		0.0000		3960.708		3.560		12.180		6.660548		16.000
4.872		1.3357		0.0000		3960.705		3.564		12.180		6.678450		16.040
4.876		1.3395		0.0000		3960.701		3.568		12.190		6.697727		16.080
4.882		1.3431		0.0000		3960.698		3.571		12.205		6.715629		16.120
4.890		1.3462		0.0000		3960.694		3.574		12.225		6.730776		16.160
4.896		1.3495		0.0000		3960.691		3.577		12.240		6.747299		16.200
4.896		1.3526		0.0000		3960.688		3.581		12.240		6.763135		16.240
4.898		1.3559		0.0000		3960.685		3.584		12.245		6.779659		16.280
4.898		1.3591		0.0000		3960.681		3.587		12.245		6.795495		16.320
4.900		1.3623		0.0000		3960.678		3.590		12.250		6.811330		16.360
4.900		1.3654		0.0000		3960.675		3.593		12.250		6.827166		16.400
4.902		1.3689		0.0000		3960.672		3.597		12.255		6.844378		16.440
4.904		1.3727		0.0000		3960.668		3.601		12.260		6.863656		16.480
4.908		1.3764		0.0000		3960.664		3.604		12.270		6.882246		16.520
4.916		1.3798		0.0000		3960.661		3.608		12.290		6.898769		16.560
4.922		1.3828		0.0000		3960.658		3.611		12.305		6.913917		16.600
4.924		1.3861		0.0000		3960.655		3.614		12.310		6.930441		16.640
4.922		1.3893		0.0000		3960.651		3.617		12.305		6.946277		16.680
4.924		1.3926		0.0000		3960.648		3.621		12.310		6.962800		16.720
4.926		1.3957		0.0000		3960.645		3.624		12.315		6.978636		16.760
4.926		1.3989		0.0000		3960.642		3.627		12.315		6.994472		16.800
4.926		1.4022		0.0000		3960.638		3.630		12.315		7.010995		16.840
4.928		1.4059		0.0000		3960.635		3.634		12.320		7.029585		16.880
4.930		1.4096		0.0000		3960.631		3.638		12.325		7.048174		16.920
4.938		1.4131		0.0000		3960.627		3.641		12.345		7.065387		16.960
4.944		1.4162		0.0000		3960.624		3.644		12.360		7.081223		17.000
4.946		1.4194		0.0000		3960.621		3.647		12.365		7.097057		17.040
4.946		1.4227		0.0000		3960.618		3.651		12.365		7.113582		17.080
4.946		1.4259		0.0000		3960.615		3.654		12.365		7.129417		17.120
4.948		1.4291		0.0000		3960.612		3.657		12.370		7.145252		17.160
4.948		1.4322		0.0000		3960.608		3.660		12.370		7.161088		17.200
4.948		1.4355		0.0000		3960.605		3.664		12.370		7.177611		17.240
4.948		1.4391		0.0000		3960.602		3.667		12.370		7.195513		17.280
4.950		1.4428		0.0000		3960.598		3.671		12.375		7.214103		17.320
4.956		1.4465		0.0000		3960.594		3.675		12.390		7.232692		17.360
4.962		1.4497		0.0000		3960.591		3.678		12.405		7.248528		17.400
4.966		1.4529		0.0000		3960.588		3.681		12.415		7.264362		17.440
4.966		1.4560		0.0000		3960.584		3.684		12.415		7.280198		17.480
4.964		1.4593		0.0000		3960.581		3.687		12.410		7.296723		17.520
4.964		1.4625		0.0000		3960.578		3.690		12.410		7.312558		17.560
4.964		1.4657		0.0000		3960.575		3.694		12.410		7.328393		17.600
4.964		1.4690		0.0000		3960.572		3.697		12.410		7.344917		17.640
4.964		1.4723		0.0000		3960.568		3.700		12.410		7.361442		17.680
4.964		1.4760		0.0000		3960.564		3.704		12.410		7.380032		17.720
4.968		1.4799		0.0000		3960.561		3.708		12.420		7.399309		17.760
4.974		1.4830		0.0000		3960.558		3.711		12.435		7.415144		17.800
4.978		1.4862		0.0000		3960.554		3.714		12.445		7.430980		17.840
4.980		1.4895		0.0000		3960.551		3.717		12.450		7.447504		17.880
4.978		1.4927		0.0000		3960.548		3.721		12.445		7.463340		17.920
4.978		1.4958		0.0000		3960.545		3.724		12.445		7.479176		17.960
4.976		1.4990		0.0000		3960.542		3.727		12.440		7.495011		18.000
4.976		1.5023		0.0000		3960.538		3.730		12.440		7.511535		18.040
4.974		1.5056		0.0000		3960.535		3.734		12.435		7.528058		18.080
4.974		1.5093		0.0000		3960.531		3.737		12.435		7.546648		18.120
4.976		1.5132		0.0000		3960.527		3.741		12.440		7.565927		18.160
4.980		1.5165		0.0000		3960.524		3.744		12.450		7.582450		18.200
4.986		1.5197		0.0000		3960.521		3.748		12.465		7.598286		18.240
4.986		1.5228		0.0000		3960.518		3.751		12.465		7.614121		18.280
4.986		1.5261		0.0000		3960.514		3.754		12.465		7.630645		18.320
4.984		1.5293		0.0000		3960.511		3.757		12.460		7.646481		18.360
4.984		1.5325		0.0000		3960.508		3.760		12.460		7.662316		18.400
4.984		1.5356		0.0000		3960.505		3.764		12.460		7.678151		18.440
4.984		1.5389		0.0000		3960.502		3.767		12.460		7.694676		18.480
4.984		1.5425		0.0000		3960.498		3.771		12.460		7.712576		18.520
4.984		1.5464		0.0000		3960.494		3.774		12.460		7.731855		18.560
4.990		1.5500		0.0000		3960.491		3.778		12.475		7.749755		18.600
4.994		1.5531		0.0000		3960.488		3.781		12.485		7.765591		18.640
4.998		1.5563		0.0000		3960.484		3.784		12.495		7.781427		18.680
4.996		1.5595		0.0000		3960.481		3.787		12.490		7.797263		18.720
4.994		1.5626		0.0000		3960.478		3.791		12.485		7.813097		18.760
4.992		1.5659		0.0000		3960.475		3.794		12.480		7.829622		18.800
4.992		1.5691		0.0000		3960.471		3.797		12.480		7.845457		18.840
4.992		1.5723		0.0000		3960.468		3.800		12.480		7.861292		18.880
4.990		1.5757		0.0000		3960.465		3.804		12.475		7.878505		18.920
4.990		1.5796		0.0000		3960.461		3.808		12.475		7.897783		18.960
4.994		1.5833		0.0000		3960.457		3.811		12.485		7.916373		19.000
5.000		1.5866		0.0000		3960.454		3.815		12.500		7.932897		19.040
5.004		1.5896		0.0000		3960.451		3.818		12.510		7.948043		19.080
5.002		1.5929		0.0000		3960.448		3.821		12.505		7.964568		19.120
5.000		1.5961		0.0000		3960.445		3.824		12.500		7.980403		19.160
5.000		1.5992		0.0000		3960.441		3.827		12.500		7.996239		19.200
4.998		1.6026		0.0000		3960.438		3.831		12.495		8.012762		19.240
4.998		1.6057		0.0000		3960.435		3.834		12.495		8.028598		19.280
4.996		1.6090		0.0000		3960.432		3.837		12.490		8.045122		19.320
4.996		1.6127		0.0000		3960.428		3.841		12.490		8.063712		19.360
4.998		1.6165		0.0000		3960.424		3.844		12.495		8.082302		19.400
5.002		1.6199		0.0000		3960.421		3.848		12.505		8.099513		19.440
5.008		1.6232		0.0000		3960.417		3.851		12.520		8.116037		19.480
5.008		1.6262		0.0000		3960.414		3.854		12.520		8.131185		19.520
5.006		1.6295		0.0000		3960.411		3.858		12.515		8.147708		19.560
5.004		1.6327		0.0000		3960.408		3.861		12.510		8.163544		19.600
5.004		1.6359		0.0000		3960.405		3.864		12.510		8.179379		19.640
5.002		1.6390		0.0000		3960.402		3.867		12.505		8.195215		19.680
5.000		1.6423		0.0000		3960.398		3.870		12.500		8.211739		19.720
4.998		1.6461		0.0000		3960.395		3.874		12.495		8.230329		19.760
4.998		1.6498		0.0000		3960.391		3.878		12.495		8.248919		19.800
5.002		1.6534		0.0000		3960.387		3.881		12.505		8.266820		19.840
5.006		1.6565		0.0000		3960.384		3.885		12.515		8.282654		19.880
5.008		1.6596		0.0000		3960.381		3.888		12.520		8.297802		19.920
5.006		1.6629		0.0000		3960.378		3.891		12.515		8.314325		19.960
5.002		1.6662		0.0000		3960.375		3.894		12.505		8.330850		20.000
5.002		1.6693		0.0000		3960.371		3.897		12.505		8.346685		20.040
5.000		1.6725		0.0000		3960.368		3.900		12.500		8.362521		20.080
4.998		1.6758		0.0000		3960.365		3.904		12.495		8.379045		20.120
4.996		1.6793		0.0000		3960.361		3.907		12.490		8.396257		20.160
4.994		1.6830		0.0000		3960.358		3.911		12.485		8.414846		20.200
4.996		1.6867		0.0000		3960.354		3.915		12.490		8.433436		20.240
5.000		1.6899		0.0000		3960.351		3.918		12.500		8.449272		20.280
5.002		1.6930		0.0000		3960.348		3.921		12.505		8.465108		20.320
5.000		1.6963		0.0000		3960.344		3.924		12.500		8.481631		20.360
4.998		1.6995		0.0000		3960.341		3.927		12.495		8.497467		20.400
4.996		1.7028		0.0000		3960.338		3.931		12.490		8.513990		20.440
4.994		1.7058		0.0000		3960.335		3.934		12.485		8.529138		20.480
4.990		1.7091		0.0000		3960.332		3.937		12.475		8.545662		20.520
4.988		1.7124		0.0000		3960.328		3.940		12.470		8.562185		20.560
4.988		1.7163		0.0000		3960.324		3.944		12.470		8.581463		20.600
4.988		1.7199		0.0000		3960.321		3.948		12.470		8.599365		20.640
4.992		1.7233		0.0000		3960.317		3.951		12.480		8.616577		20.680
4.994		1.7265		0.0000		3960.314		3.954		12.485		8.632413		20.720
4.994		1.7296		0.0000		3960.311		3.958		12.485		8.648248		20.760
4.988		1.7330		0.0000		3960.308		3.961		12.470		8.664772		20.800
4.986		1.7363		0.0000		3960.304		3.964		12.465		8.681296		20.840
4.984		1.7393		0.0000		3960.301		3.967		12.460		8.696443		20.880
4.980		1.7425		0.0000		3960.298		3.970		12.450		8.712278		20.920
4.978		1.7458		0.0000		3960.295		3.974		12.445		8.728802		20.960
4.974		1.7495		0.0000		3960.291		3.977		12.435		8.747392		21.000
4.974		1.7532		0.0000		3960.287		3.981		12.435		8.765982		21.040
4.974		1.7566		0.0000		3960.284		3.985		12.435		8.783194		21.080
4.978		1.7598		0.0000		3960.281		3.988		12.445		8.799029		21.120
4.978		1.7631		0.0000		3960.277		3.991		12.445		8.815554		21.160
4.976		1.7663		0.0000		3960.274		3.994		12.440		8.831388		21.200
4.972		1.7696		0.0000		3960.271		3.998		12.430		8.847913		21.240
4.970		1.7727		0.0000		3960.268		4.001		12.425		8.863749		21.280
4.966		1.7759		0.0000		3960.265		4.004		12.415		8.879584		21.320
4.964		1.7791		0.0000		3960.261		4.007		12.410		8.895420		21.360
4.960		1.7827		0.0000		3960.258		4.011		12.400		8.913321		21.400
4.958		1.7865		0.0000		3960.254		4.015		12.395		8.932599		21.440
4.960		1.7901		0.0000		3960.250		4.018		12.400		8.950500		21.480
4.964		1.7934		0.0000		3960.247		4.021		12.410		8.967024		21.520
4.964		1.7964		0.0000		3960.244		4.024		12.410		8.982171		21.560
4.960		1.7997		0.0000		3960.241		4.028		12.400		8.998695		21.600
4.956		1.8029		0.0000		3960.238		4.031		12.390		9.014529		21.640
4.954		1.8062		0.0000		3960.234		4.034		12.385		9.031054		21.680
4.950		1.8092		0.0000		3960.231		4.037		12.375		9.046201		21.720
4.946		1.8125		0.0000		3960.228		4.041		12.365		9.062725		21.760
4.944		1.8159		0.0000		3960.225		4.044		12.360		9.079250		21.800
4.942		1.8197		0.0000		3960.221		4.048		12.355		9.098526		21.840
4.940		1.8234		0.0000		3960.217		4.051		12.350		9.117116		21.880
4.944		1.8267		0.0000		3960.214		4.055		12.360		9.133640		21.920
4.946		1.8299		0.0000		3960.211		4.058		12.365		9.149476		21.960
4.944		1.8331		0.0000		3960.208		4.061		12.360		9.165312		22.000
4.940		1.8364		0.0000		3960.204		4.064		12.350		9.181834		22.040
4.938		1.8395		0.0000		3960.201		4.068		12.345		9.197670		22.080
4.934		1.8427		0.0000		3960.198		4.071		12.335		9.213506		22.120
4.932		1.8460		0.0000		3960.195		4.074		12.330		9.230031		22.160
4.928		1.8492		0.0000		3960.191		4.077		12.320		9.245867		22.200
4.924		1.8528		0.0000		3960.188		4.081		12.310		9.263767		22.240
4.924		1.8566		0.0000		3960.184		4.085		12.310		9.283046		22.280
4.926		1.8602		0.0000		3960.180		4.088		12.315		9.300946		22.320
4.928		1.8634		0.0000		3960.177		4.091		12.320		9.316782		22.360
4.928		1.8665		0.0000		3960.174		4.095		12.320		9.332618		22.400
4.924		1.8698		0.0000		3960.171		4.098		12.310		9.349142		22.440
4.918		1.8729		0.0000		3960.168		4.101		12.295		9.364289		22.480
4.916		1.8762		0.0000		3960.164		4.104		12.290		9.380812		22.520
4.912		1.8793		0.0000		3960.161		4.107		12.280		9.396647		22.560
4.908		1.8826		0.0000		3960.158		4.111		12.270		9.413172		22.600
4.904		1.8859		0.0000		3960.155		4.114		12.260		9.429697		22.640
4.902		1.8898		0.0000		3960.151		4.118		12.255		9.448973		22.680
4.904		1.8935		0.0000		3960.147		4.121		12.260		9.467563		22.720
4.906		1.8967		0.0000		3960.144		4.125		12.265		9.483398		22.760
4.906		1.9000		0.0000		3960.141		4.128		12.265		9.499923		22.800
4.902		1.9032		0.0000		3960.137		4.131		12.255		9.515759		22.840
4.898		1.9063		0.0000		3960.134		4.134		12.245		9.531594		22.880
4.894		1.9096		0.0000		3960.131		4.138		12.235		9.548117		22.920
4.892		1.9128		0.0000		3960.128		4.141		12.230		9.563952		22.960
4.888		1.9160		0.0000		3960.125		4.144		12.220		9.579788		23.000
4.882		1.9193		0.0000		3960.121		4.147		12.205		9.596313		23.040
4.880		1.9231		0.0000		3960.117		4.151		12.200		9.615592		23.080
4.880		1.9268		0.0000		3960.114		4.155		12.200		9.634181		23.120
4.882		1.9301		0.0000		3960.110		4.158		12.205		9.650703		23.160
4.884		1.9333		0.0000		3960.107		4.161		12.210		9.666539		23.200
4.880		1.9365		0.0000		3960.104		4.164		12.200		9.682375		23.240
4.874		1.9398		0.0000		3960.101		4.168		12.185		9.698900		23.280
4.870		1.9429		0.0000		3960.098		4.171		12.175		9.714736		23.320
4.868		1.9461		0.0000		3960.094		4.174		12.170		9.730569		23.360
4.862		1.9494		0.0000		3960.091		4.177		12.155		9.747094		23.400
4.858		1.9527		0.0000		3960.088		4.181		12.145		9.763618		23.440
4.854		1.9563		0.0000		3960.084		4.184		12.135		9.781519		23.480
4.852		1.9600		0.0000		3960.081		4.188		12.130		9.800109		23.520
4.852		1.9636		0.0000		3960.077		4.192		12.130		9.818009		23.560
4.854		1.9668		0.0000		3960.074		4.195		12.135		9.833845		23.600
4.852		1.9699		0.0000		3960.071		4.198		12.130		9.849681		23.640
4.848		1.9731		0.0000		3960.067		4.201		12.120		9.865517		23.680
4.842		1.9764		0.0000		3960.064		4.204		12.105		9.882041		23.720
4.838		1.9796		0.0000		3960.061		4.208		12.095		9.897875		23.760
4.834		1.9827		0.0000		3960.058		4.211		12.085		9.913711		23.800
4.830		1.9859		0.0000		3960.055		4.214		12.075		9.929546		23.840
4.826		1.9895		0.0000		3960.051		4.217		12.065		9.947447		23.880
4.824		1.9933		0.0000		3960.047		4.221		12.060		9.966725		23.920
4.824		1.9971		0.0000		3960.043		4.225		12.060		9.985314		23.960
4.826		2.0001		0.0000		3960.041		4.228		12.065		10.000462		24.000
4.826		2.0033		0.0000		3960.037		4.231		12.065		10.016297		24.040
4.820		2.0066		0.0000		3960.034		4.235		12.050		10.032822		24.080
4.814		2.0097		0.0000		3960.031		4.238		12.035		10.048657		24.120
4.810		2.0130		0.0000		3960.028		4.241		12.025		10.065180		24.160
4.806		2.0162		0.0000		3960.024		4.244		12.015		10.081016		24.200
4.802		2.0194		0.0000		3960.021		4.247		12.005		10.096851		24.240
4.798		2.0227		0.0000		3960.018		4.251		11.995		10.113377		24.280
4.794		2.0265		0.0000		3960.014		4.255		11.985		10.132655		24.320
4.792		2.0302		0.0000		3960.010		4.258		11.980		10.151244		24.360
4.794		2.0336		0.0000		3960.007		4.262		11.985		10.167767		24.400
4.796		2.0367		0.0000		3960.004		4.265		11.990		10.183602		24.440
4.792		2.0399		0.0000		3960.001		4.268		11.980		10.199438		24.480
4.786		2.0432		0.0000		3959.997		4.271		11.965		10.215963		24.520
4.782		2.0464		0.0000		3959.994		4.274		11.955		10.231799		24.560
4.778		2.0495		0.0000		3959.991		4.278		11.945		10.247635		24.600
4.772		2.0527		0.0000		3959.988		4.281		11.930		10.263468		24.640
4.768		2.0560		0.0000		3959.985		4.284		11.920		10.279993		24.680
4.764		2.0597		0.0000		3959.981		4.288		11.910		10.298582		24.720
4.762		2.0636		0.0000		3959.977		4.292		11.905		10.317861		24.760
4.762		2.0670		0.0000		3959.974		4.295		11.905		10.335073		24.800
4.764		2.0700		0.0000		3959.970		4.298		11.910		10.350219		24.840
4.762		2.0733		0.0000		3959.967		4.301		11.905		10.366744		24.880
4.756		2.0765		0.0000		3959.964		4.305		11.890		10.382580		24.920
4.750		2.0798		0.0000		3959.961		4.308		11.875		10.399104		24.960
4.744		2.0830		0.0000		3959.958		4.311		11.860		10.414940		25.000
4.740		2.0862		0.0000		3959.954		4.314		11.850		10.430774		25.040
4.734		2.0893		0.0000		3959.951		4.317		11.835		10.446609		25.080
4.728		2.0929		0.0000		3959.948		4.321		11.820		10.464512		25.120
4.724		2.0968		0.0000		3959.944		4.325		11.810		10.483788		25.160
4.722		2.1003		0.0000		3959.940		4.328		11.805		10.501691		25.200
4.724		2.1035		0.0000		3959.937		4.331		11.810		10.517525		25.240
4.722		2.1068		0.0000		3959.934		4.335		11.805		10.534049		25.280
4.716		2.1100		0.0000		3959.931		4.338		11.790		10.549885		25.320
4.712		2.1131		0.0000		3959.927		4.341		11.780		10.565721		25.360
4.706		2.1163		0.0000		3959.924		4.344		11.765		10.581556		25.400
4.700		2.1195		0.0000		3959.921		4.347		11.750		10.597392		25.440
4.696		2.1228		0.0000		3959.918		4.351		11.740		10.613914		25.480
4.690		2.1262		0.0000		3959.914		4.354		11.725		10.631128		25.520
4.686		2.1299		0.0000		3959.911		4.358		11.715		10.649718		25.560
4.684		2.1338		0.0000		3959.907		4.362		11.710		10.668997		25.600
4.686		2.1370		0.0000		3959.904		4.365		11.715		10.684830		25.640
4.686		2.1401		0.0000		3959.900		4.368		11.715		10.700665		25.680
4.680		2.1433		0.0000		3959.897		4.371		11.700		10.716501		25.720
4.674		2.1466		0.0000		3959.894		4.375		11.685		10.733027		25.760
4.668		2.1498		0.0000		3959.891		4.378		11.670		10.748862		25.800
4.664		2.1529		0.0000		3959.888		4.381		11.660		10.764698		25.840
4.658		2.1561		0.0000		3959.885		4.384		11.645		10.780534		25.880
4.652		2.1594		0.0000		3959.881		4.387		11.630		10.797056		25.920
4.648		2.1631		0.0000		3959.877		4.391		11.620		10.815645		25.960
4.644		2.1670		0.0000		3959.874		4.395		11.610		10.834924		26.000
4.644		2.1704		0.0000		3959.870		4.398		11.610		10.852138		26.040
4.646		2.1736		0.0000		3959.867		4.402		11.615		10.867971		26.080
4.642		2.1768		0.0000		3959.864		4.405		11.605		10.883807		26.120
4.636		2.1799		0.0000		3959.861		4.408		11.590		10.899643		26.160
4.630		2.1832		0.0000		3959.857		4.411		11.575		10.916167		26.200
4.624		2.1864		0.0000		3959.854		4.414		11.560		10.932003		26.240
4.620		2.1896		0.0000		3959.851		4.418		11.550		10.947839		26.280
4.614		2.1927		0.0000		3959.848		4.421		11.535		10.963675		26.320
4.608		2.1963		0.0000		3959.844		4.424		11.520		10.981575		26.360
4.606		2.2002		0.0000		3959.840		4.428		11.515		11.000854		26.400
4.604		2.2039		0.0000		3959.837		4.432		11.510		11.019444		26.440
4.606		2.2069		0.0000		3959.834		4.435		11.515		11.034590		26.480
4.604		2.2101		0.0000		3959.831		4.438		11.510		11.050426		26.520
4.598		2.2134		0.0000		3959.827		4.441		11.495		11.066948		26.560
4.592		2.2166		0.0000		3959.824		4.445		11.480		11.082784		26.600
4.586		2.2197		0.0000		3959.821		4.448		11.465		11.098619		26.640
4.582		2.2229		0.0000		3959.818		4.451		11.455		11.114455		26.680
4.576		2.2262		0.0000		3959.814		4.454		11.440		11.130980		26.720
4.570		2.2296		0.0000		3959.811		4.458		11.425		11.148191		26.760
4.564		2.2334		0.0000		3959.807		4.461		11.410		11.166781		26.800
4.562		2.2369		0.0000		3959.804		4.465		11.405		11.184682		26.840
4.562		2.2404		0.0000		3959.800		4.468		11.405		11.201896		26.880
4.562		2.2435		0.0000		3959.797		4.472		11.405		11.217731		26.920
4.558		2.2467		0.0000		3959.794		4.475		11.395		11.233564		26.960
4.552		2.2500		0.0000		3959.791		4.478		11.380		11.250090		27.000
4.546		2.2532		0.0000		3959.787		4.481		11.365		11.265925		27.040
4.540		2.2562		0.0000		3959.784		4.484		11.350		11.281072		27.080
4.534		2.2595		0.0000		3959.781		4.488		11.335		11.297597		27.120
4.528		2.2627		0.0000		3959.778		4.491		11.320		11.313433		27.160
4.522		2.2667		0.0000		3959.774		4.495		11.305		11.333398		27.200
4.520		2.2704		0.0000		3959.770		4.498		11.300		11.351987		27.240
4.520		2.2738		0.0000		3959.767		4.502		11.300		11.369201		27.280
4.520		2.2769		0.0000		3959.764		4.505		11.300		11.384348		27.320
4.518		2.2802		0.0000		3959.760		4.508		11.295		11.400870		27.360
4.510		2.2833		0.0000		3959.757		4.511		11.275		11.416706		27.400
4.504		2.2866		0.0000		3959.754		4.515		11.260		11.433230		27.440
4.500		2.2898		0.0000		3959.751		4.518		11.250		11.449066		27.480
