数据量:666
试验力		变形		扩展变形		位置		位移		应力		应变		时间
0.010		0.0007		0.0000		3962.073		2.457		0.025		0.003443		0.040
0.010		0.0039		0.0000		3962.070		2.460		0.025		0.019277		0.080
0.010		0.0072		0.0000		3962.066		2.463		0.025		0.035802		0.120
0.010		0.0103		0.0000		3962.063		2.466		0.025		0.051637		0.160
0.010		0.0136		0.0000		3962.060		2.470		0.025		0.068161		0.200
0.010		0.0168		0.0000		3962.057		2.473		0.025		0.083997		0.240
0.010		0.0200		0.0000		3962.053		2.476		0.025		0.099832		0.280
0.010		0.0233		0.0000		3962.050		2.479		0.025		0.116357		0.320
0.010		0.0270		0.0000		3962.047		2.483		0.025		0.134946		0.360
0.012		0.0306		0.0000		3962.043		2.487		0.030		0.152847		0.400
0.012		0.0340		0.0000		3962.040		2.490		0.030		0.170059		0.440
0.012		0.0373		0.0000		3962.036		2.493		0.030		0.186583		0.480
0.012		0.0405		0.0000		3962.033		2.497		0.030		0.202419		0.520
0.012		0.0438		0.0000		3962.030		2.500		0.030		0.218943		0.560
0.012		0.0470		0.0000		3962.027		2.503		0.030		0.234778		0.600
0.012		0.0503		0.0000		3962.023		2.506		0.030		0.251303		0.640
0.014		0.0534		0.0000		3962.020		2.509		0.035		0.267137		0.680
0.014		0.0567		0.0000		3962.017		2.513		0.035		0.283662		0.720
0.014		0.0602		0.0000		3962.013		2.516		0.035		0.300875		0.760
0.014		0.0638		0.0000		3962.010		2.520		0.035		0.318775		0.800
0.014		0.0675		0.0000		3962.006		2.523		0.035		0.337365		0.840
0.014		0.0708		0.0000		3962.003		2.527		0.035		0.353888		0.880
0.014		0.0739		0.0000		3962.000		2.530		0.035		0.369724		0.920
0.016		0.0771		0.0000		3961.996		2.533		0.040		0.385560		0.960
0.016		0.0804		0.0000		3961.993		2.536		0.040		0.402083		1.000
0.016		0.0836		0.0000		3961.990		2.540		0.040		0.417919		1.040
0.016		0.0868		0.0000		3961.987		2.543		0.040		0.433755		1.080
0.016		0.0901		0.0000		3961.983		2.546		0.040		0.450279		1.120
0.016		0.0935		0.0000		3961.980		2.550		0.040		0.467491		1.160
0.018		0.0971		0.0000		3961.977		2.553		0.045		0.485393		1.200
0.018		0.1008		0.0000		3961.973		2.557		0.045		0.503982		1.240
0.018		0.1041		0.0000		3961.969		2.560		0.045		0.520506		1.280
0.020		0.1073		0.0000		3961.966		2.563		0.050		0.536342		1.320
0.020		0.1104		0.0000		3961.963		2.566		0.050		0.552176		1.360
0.020		0.1137		0.0000		3961.960		2.570		0.050		0.568701		1.400
0.020		0.1170		0.0000		3961.957		2.573		0.050		0.585225		1.440
0.020		0.1202		0.0000		3961.953		2.576		0.050		0.601060		1.480
0.022		0.1235		0.0000		3961.950		2.580		0.055		0.617584		1.520
0.022		0.1268		0.0000		3961.947		2.583		0.055		0.634109		1.560
0.022		0.1304		0.0000		3961.943		2.586		0.055		0.652009		1.600
0.024		0.1340		0.0000		3961.939		2.590		0.060		0.669910		1.640
0.024		0.1374		0.0000		3961.936		2.593		0.060		0.687122		1.680
0.024		0.1407		0.0000		3961.933		2.597		0.060		0.703647		1.720
0.026		0.1439		0.0000		3961.930		2.600		0.065		0.719482		1.760
0.026		0.1472		0.0000		3961.926		2.603		0.065		0.736006		1.800
0.026		0.1505		0.0000		3961.923		2.607		0.065		0.752530		1.840
0.028		0.1537		0.0000		3961.920		2.610		0.070		0.768366		1.880
0.028		0.1568		0.0000		3961.917		2.613		0.070		0.784202		1.920
0.030		0.1600		0.0000		3961.914		2.616		0.075		0.800037		1.960
0.030		0.1637		0.0000		3961.910		2.620		0.075		0.818627		2.000
0.032		0.1673		0.0000		3961.906		2.623		0.080		0.836527		2.040
0.034		0.1709		0.0000		3961.903		2.627		0.085		0.854428		2.080
0.036		0.1741		0.0000		3961.899		2.630		0.090		0.870264		2.120
0.038		0.1774		0.0000		3961.896		2.633		0.095		0.886788		2.160
0.040		0.1805		0.0000		3961.893		2.637		0.100		0.902623		2.200
0.042		0.1838		0.0000		3961.890		2.640		0.105		0.919148		2.240
0.044		0.1870		0.0000		3961.886		2.643		0.110		0.934982		2.280
0.046		0.1903		0.0000		3961.883		2.646		0.115		0.951507		2.320
0.048		0.1935		0.0000		3961.880		2.649		0.120		0.967343		2.360
0.052		0.1969		0.0000		3961.877		2.653		0.130		0.984554		2.400
0.054		0.2006		0.0000		3961.873		2.657		0.135		1.003144		2.440
0.058		0.2042		0.0000		3961.869		2.660		0.145		1.021045		2.480
0.060		0.2075		0.0000		3961.866		2.664		0.150		1.037569		2.520
0.064		0.2107		0.0000		3961.863		2.667		0.160		1.053405		2.560
0.066		0.2140		0.0000		3961.860		2.670		0.165		1.069928		2.600
0.070		0.2172		0.0000		3961.856		2.673		0.175		1.085764		2.640
0.074		0.2205		0.0000		3961.853		2.676		0.185		1.102288		2.680
0.078		0.2238		0.0000		3961.850		2.680		0.195		1.118813		2.720
0.082		0.2269		0.0000		3961.847		2.683		0.205		1.134648		2.760
0.086		0.2302		0.0000		3961.843		2.686		0.215		1.151172		2.800
0.090		0.2338		0.0000		3961.840		2.690		0.225		1.169072		2.840
0.096		0.2375		0.0000		3961.836		2.694		0.240		1.187662		2.880
0.104		0.2410		0.0000		3961.833		2.697		0.260		1.204875		2.920
0.110		0.2441		0.0000		3961.829		2.700		0.275		1.220710		2.960
0.118		0.2473		0.0000		3961.826		2.703		0.295		1.236546		3.000
0.126		0.2506		0.0000		3961.823		2.707		0.315		1.253070		3.040
0.134		0.2539		0.0000		3961.820		2.710		0.335		1.269593		3.080
0.142		0.2569		0.0000		3961.817		2.713		0.355		1.284741		3.120
0.152		0.2603		0.0000		3961.813		2.716		0.380		1.301265		3.160
0.162		0.2636		0.0000		3961.810		2.720		0.405		1.317788		3.200
0.172		0.2670		0.0000		3961.807		2.723		0.430		1.335001		3.240
0.184		0.2707		0.0000		3961.803		2.727		0.460		1.353590		3.280
0.196		0.2742		0.0000		3961.799		2.730		0.490		1.370803		3.320
0.210		0.2775		0.0000		3961.796		2.733		0.525		1.387327		3.360
0.222		0.2806		0.0000		3961.793		2.737		0.555		1.403162		3.400
0.234		0.2839		0.0000		3961.790		2.740		0.585		1.419687		3.440
0.246		0.2872		0.0000		3961.786		2.743		0.615		1.436211		3.480
0.260		0.2905		0.0000		3961.783		2.747		0.650		1.452734		3.520
0.272		0.2936		0.0000		3961.780		2.750		0.680		1.467882		3.560
0.284		0.2969		0.0000		3961.777		2.753		0.710		1.484406		3.600
0.298		0.3005		0.0000		3961.773		2.756		0.745		1.502306		3.640
0.310		0.3039		0.0000		3961.770		2.760		0.775		1.519519		3.680
0.324		0.3078		0.0000		3961.766		2.764		0.810		1.538798		3.720
0.338		0.3109		0.0000		3961.763		2.767		0.845		1.554633		3.760
0.352		0.3141		0.0000		3961.760		2.770		0.880		1.570468		3.800
0.364		0.3174		0.0000		3961.756		2.773		0.910		1.586993		3.840
0.378		0.3206		0.0000		3961.753		2.777		0.945		1.602827		3.880
0.392		0.3237		0.0000		3961.750		2.780		0.980		1.618663		3.920
0.410		0.3270		0.0000		3961.747		2.783		1.025		1.635188		3.960
0.426		0.3302		0.0000		3961.743		2.786		1.065		1.651022		4.000
0.444		0.3336		0.0000		3961.740		2.790		1.110		1.668235		4.040
0.462		0.3372		0.0000		3961.736		2.793		1.155		1.686137		4.080
0.480		0.3408		0.0000		3961.733		2.797		1.200		1.704037		4.120
0.498		0.3442		0.0000		3961.729		2.800		1.245		1.721250		4.160
0.518		0.3476		0.0000		3961.726		2.804		1.295		1.737773		4.200
0.534		0.3507		0.0000		3961.723		2.807		1.335		1.753609		4.240
0.550		0.3540		0.0000		3961.719		2.810		1.375		1.770133		4.280
0.566		0.3572		0.0000		3961.716		2.813		1.415		1.785969		4.320
0.580		0.3605		0.0000		3961.713		2.817		1.450		1.802493		4.360
0.596		0.3637		0.0000		3961.710		2.820		1.490		1.818328		4.400
0.610		0.3668		0.0000		3961.707		2.823		1.525		1.834164		4.440
0.624		0.3706		0.0000		3961.703		2.827		1.560		1.852753		4.480
0.638		0.3741		0.0000		3961.699		2.830		1.595		1.870655		4.520
0.656		0.3777		0.0000		3961.696		2.834		1.640		1.888555		4.560
0.674		0.3809		0.0000		3961.693		2.837		1.685		1.904391		4.600
0.692		0.3842		0.0000		3961.689		2.840		1.730		1.920915		4.640
0.708		0.3874		0.0000		3961.686		2.843		1.770		1.936750		4.680
0.726		0.3907		0.0000		3961.683		2.847		1.815		1.953274		4.720
0.744		0.3940		0.0000		3961.679		2.850		1.860		1.969799		4.760
0.762		0.3971		0.0000		3961.677		2.853		1.905		1.985633		4.800
0.780		0.4004		0.0000		3961.673		2.856		1.950		2.002158		4.840
0.798		0.4037		0.0000		3961.670		2.860		1.995		2.018682		4.880
0.818		0.4075		0.0000		3961.666		2.863		2.045		2.037271		4.920
0.838		0.4110		0.0000		3961.663		2.867		2.095		2.055172		4.960
0.860		0.4143		0.0000		3961.659		2.870		2.150		2.071697		5.000
0.878		0.4175		0.0000		3961.656		2.874		2.195		2.087532		5.040
0.898		0.4208		0.0000		3961.653		2.877		2.245		2.104056		5.080
0.916		0.4241		0.0000		3961.649		2.880		2.290		2.120579		5.120
0.936		0.4273		0.0000		3961.646		2.883		2.340		2.136415		5.160
0.954		0.4305		0.0000		3961.643		2.886		2.385		2.152251		5.200
0.974		0.4338		0.0000		3961.640		2.890		2.435		2.168775		5.240
0.994		0.4371		0.0000		3961.636		2.893		2.485		2.185299		5.280
1.014		0.4406		0.0000		3961.633		2.897		2.535		2.203200		5.320
1.036		0.4444		0.0000		3961.629		2.900		2.590		2.221789		5.360
1.060		0.4477		0.0000		3961.626		2.904		2.650		2.238313		5.400
1.084		0.4510		0.0000		3961.623		2.907		2.710		2.254838		5.440
1.104		0.4541		0.0000		3961.619		2.910		2.760		2.270672		5.480
1.126		0.4573		0.0000		3961.616		2.913		2.815		2.286508		5.520
1.148		0.4606		0.0000		3961.613		2.917		2.870		2.303033		5.560
1.170		0.4638		0.0000		3961.610		2.920		2.925		2.318867		5.600
1.192		0.4671		0.0000		3961.606		2.923		2.980		2.335392		5.640
1.216		0.4704		0.0000		3961.603		2.926		3.040		2.351916		5.680
1.238		0.4740		0.0000		3961.600		2.930		3.095		2.369816		5.720
1.262		0.4775		0.0000		3961.596		2.934		3.155		2.387718		5.760
1.288		0.4810		0.0000		3961.593		2.937		3.220		2.404931		5.800
1.314		0.4844		0.0000		3961.589		2.940		3.285		2.422143		5.840
1.338		0.4876		0.0000		3961.586		2.944		3.345		2.437978		5.880
1.362		0.4908		0.0000		3961.583		2.947		3.405		2.453814		5.920
1.386		0.4939		0.0000		3961.580		2.950		3.465		2.469649		5.960
1.410		0.4972		0.0000		3961.576		2.953		3.525		2.486173		6.000
1.436		0.5004		0.0000		3961.573		2.956		3.590		2.502009		6.040
1.460		0.5037		0.0000		3961.570		2.960		3.650		2.518532		6.080
1.484		0.5071		0.0000		3961.566		2.963		3.710		2.535745		6.120
1.510		0.5109		0.0000		3961.563		2.967		3.775		2.554334		6.160
1.538		0.5146		0.0000		3961.559		2.971		3.845		2.572924		6.200
1.566		0.5178		0.0000		3961.556		2.974		3.915		2.588760		6.240
1.594		0.5209		0.0000		3961.552		2.977		3.985		2.604595		6.280
1.618		0.5241		0.0000		3961.549		2.980		4.045		2.620431		6.320
1.642		0.5274		0.0000		3961.546		2.983		4.105		2.636955		6.360
1.666		0.5307		0.0000		3961.543		2.987		4.165		2.653478		6.400
1.692		0.5339		0.0000		3961.540		2.990		4.230		2.669314		6.440
1.718		0.5372		0.0000		3961.536		2.993		4.295		2.685838		6.480
1.742		0.5405		0.0000		3961.533		2.996		4.355		2.702363		6.520
1.768		0.5441		0.0000		3961.530		3.000		4.420		2.720263		6.560
1.796		0.5478		0.0000		3961.526		3.004		4.490		2.738853		6.600
1.826		0.5512		0.0000		3961.522		3.007		4.565		2.756065		6.640
1.854		0.5544		0.0000		3961.519		3.010		4.635		2.771901		6.680
1.880		0.5575		0.0000		3961.516		3.014		4.700		2.787737		6.720
1.906		0.5609		0.0000		3961.513		3.017		4.765		2.804260		6.760
1.930		0.5640		0.0000		3961.510		3.020		4.825		2.820096		6.800
1.956		0.5673		0.0000		3961.506		3.023		4.890		2.836620		6.840
1.980		0.5705		0.0000		3961.503		3.027		4.950		2.852455		6.880
2.006		0.5737		0.0000		3961.500		3.030		5.015		2.868291		6.920
2.030		0.5774		0.0000		3961.496		3.033		5.075		2.886881		6.960
2.058		0.5810		0.0000		3961.493		3.037		5.145		2.904781		7.000
2.088		0.5847		0.0000		3961.489		3.041		5.220		2.923371		7.040
2.118		0.5878		0.0000		3961.486		3.044		5.295		2.939206		7.080
2.144		0.5910		0.0000		3961.482		3.047		5.360		2.955042		7.120
2.170		0.5942		0.0000		3961.479		3.050		5.425		2.970878		7.160
2.194		0.5975		0.0000		3961.476		3.053		5.485		2.987401		7.200
2.220		0.6006		0.0000		3961.473		3.057		5.550		3.003237		7.240
2.246		0.6038		0.0000		3961.470		3.060		5.615		3.019072		7.280
2.272		0.6071		0.0000		3961.466		3.063		5.680		3.035597		7.320
2.298		0.6106		0.0000		3961.463		3.067		5.745		3.052809		7.360
2.324		0.6143		0.0000		3961.459		3.070		5.810		3.071399		7.400
2.354		0.6179		0.0000		3961.456		3.074		5.885		3.089299		7.440
2.386		0.6212		0.0000		3961.452		3.077		5.965		3.105823		7.480
2.414		0.6245		0.0000		3961.449		3.080		6.035		3.122348		7.520
2.440		0.6276		0.0000		3961.446		3.084		6.100		3.138183		7.560
2.466		0.6308		0.0000		3961.443		3.087		6.165		3.154018		7.600
2.490		0.6341		0.0000		3961.439		3.090		6.225		3.170543		7.640
2.516		0.6373		0.0000		3961.436		3.093		6.290		3.186377		7.680
2.540		0.6404		0.0000		3961.433		3.096		6.350		3.202213		7.720
2.564		0.6439		0.0000		3961.430		3.100		6.410		3.219426		7.760
2.590		0.6476		0.0000		3961.426		3.104		6.475		3.238015		7.800
2.618		0.6513		0.0000		3961.422		3.107		6.545		3.256605		7.840
2.648		0.6546		0.0000		3961.419		3.111		6.620		3.273128		7.880
2.676		0.6578		0.0000		3961.416		3.114		6.690		3.288964		7.920
2.702		0.6610		0.0000		3961.413		3.117		6.755		3.304800		7.960
2.726		0.6643		0.0000		3961.409		3.120		6.815		3.321323		8.000
2.750		0.6674		0.0000		3961.406		3.123		6.875		3.337159		8.040
2.776		0.6707		0.0000		3961.403		3.127		6.940		3.353683		8.080
2.800		0.6739		0.0000		3961.400		3.130		7.000		3.369519		8.120
2.824		0.6772		0.0000		3961.396		3.133		7.060		3.386043		8.160
2.848		0.6808		0.0000		3961.393		3.137		7.120		3.403944		8.200
2.876		0.6845		0.0000		3961.389		3.141		7.190		3.422533		8.240
2.904		0.6879		0.0000		3961.385		3.144		7.260		3.439746		8.280
2.934		0.6913		0.0000		3961.382		3.147		7.335		3.456270		8.320
2.958		0.6944		0.0000		3961.379		3.150		7.395		3.472105		8.360
2.982		0.6976		0.0000		3961.376		3.154		7.455		3.487941		8.400
3.004		0.7009		0.0000		3961.373		3.157		7.510		3.504465		8.440
3.028		0.7041		0.0000		3961.369		3.160		7.570		3.520300		8.480
3.052		0.7072		0.0000		3961.366		3.163		7.630		3.536136		8.520
3.076		0.7105		0.0000		3961.363		3.167		7.690		3.552660		8.560
3.100		0.7140		0.0000		3961.360		3.170		7.750		3.569872		8.600
3.126		0.7177		0.0000		3961.356		3.174		7.815		3.588462		8.640
3.154		0.7214		0.0000		3961.352		3.177		7.885		3.607051		8.680
3.182		0.7246		0.0000		3961.349		3.181		7.955		3.622887		8.720
3.208		0.7277		0.0000		3961.346		3.184		8.020		3.638723		8.760
3.228		0.7309		0.0000		3961.343		3.187		8.070		3.654557		8.800
3.250		0.7342		0.0000		3961.339		3.190		8.125		3.671082		8.840
3.274		0.7375		0.0000		3961.336		3.194		8.185		3.687606		8.880
3.296		0.7407		0.0000		3961.333		3.197		8.240		3.703442		8.920
3.318		0.7439		0.0000		3961.330		3.200		8.295		3.719277		8.960
3.340		0.7473		0.0000		3961.326		3.203		8.350		3.736489		9.000
3.362		0.7509		0.0000		3961.323		3.207		8.405		3.754390		9.040
3.386		0.7546		0.0000		3961.319		3.211		8.465		3.772980		9.080
3.414		0.7579		0.0000		3961.316		3.214		8.535		3.789504		9.120
3.438		0.7612		0.0000		3961.312		3.217		8.595		3.806028		9.160
3.460		0.7644		0.0000		3961.309		3.220		8.650		3.821863		9.200
3.480		0.7677		0.0000		3961.306		3.224		8.700		3.838388		9.240
3.500		0.7708		0.0000		3961.303		3.227		8.750		3.854222		9.280
3.522		0.7740		0.0000		3961.300		3.230		8.805		3.870058		9.320
3.542		0.7773		0.0000		3961.296		3.233		8.855		3.886583		9.360
3.562		0.7805		0.0000		3961.293		3.237		8.905		3.902417		9.400
3.582		0.7842		0.0000		3961.289		3.240		8.955		3.921007		9.440
3.604		0.7879		0.0000		3961.286		3.244		9.010		3.939596		9.480
3.630		0.7915		0.0000		3961.282		3.248		9.075		3.957498		9.520
3.654		0.7947		0.0000		3961.279		3.251		9.135		3.973334		9.560
3.674		0.7977		0.0000		3961.276		3.254		9.185		3.988481		9.600
3.692		0.8010		0.0000		3961.272		3.257		9.230		4.005004		9.640
3.710		0.8043		0.0000		3961.269		3.260		9.275		4.021528		9.680
3.730		0.8073		0.0000		3961.266		3.263		9.325		4.036675		9.720
3.748		0.8106		0.0000		3961.263		3.267		9.370		4.053199		9.760
3.766		0.8139		0.0000		3961.260		3.270		9.415		4.069723		9.800
3.784		0.8174		0.0000		3961.256		3.273		9.460		4.086936		9.840
3.804		0.8211		0.0000		3961.252		3.277		9.510		4.105525		9.880
3.826		0.8247		0.0000		3961.249		3.281		9.565		4.123426		9.920
3.850		0.8280		0.0000		3961.246		3.284		9.625		4.139950		9.960
3.868		0.8312		0.0000		3961.242		3.287		9.670		4.155786		10.000
3.886		0.8345		0.0000		3961.239		3.290		9.715		4.172310		10.040
3.902		0.8376		0.0000		3961.236		3.294		9.755		4.188146		10.080
3.918		0.8409		0.0000		3961.233		3.297		9.795		4.204669		10.120
3.936		0.8441		0.0000		3961.229		3.300		9.840		4.220505		10.160
3.952		0.8473		0.0000		3961.226		3.303		9.880		4.236341		10.200
3.966		0.8506		0.0000		3961.223		3.307		9.915		4.252864		10.240
3.984		0.8544		0.0000		3961.219		3.310		9.960		4.272142		10.280
4.002		0.8581		0.0000		3961.215		3.314		10.005		4.290732		10.320
4.024		0.8615		0.0000		3961.212		3.317		10.060		4.307256		10.360
4.042		0.8646		0.0000		3961.209		3.321		10.105		4.323092		10.400
4.058		0.8678		0.0000		3961.206		3.324		10.145		4.338927		10.440
4.070		0.8711		0.0000		3961.202		3.327		10.175		4.355451		10.480
4.084		0.8743		0.0000		3961.199		3.330		10.210		4.371286		10.520
4.098		0.8774		0.0000		3961.196		3.333		10.245		4.387122		10.560
4.112		0.8807		0.0000		3961.193		3.337		10.280		4.403646		10.600
4.126		0.8840		0.0000		3961.189		3.340		10.315		4.420170		10.640
4.140		0.8876		0.0000		3961.186		3.344		10.350		4.438071		10.680
4.156		0.8913		0.0000		3961.182		3.347		10.390		4.456661		10.720
4.174		0.8948		0.0000		3961.179		3.351		10.435		4.473873		10.760
4.192		0.8981		0.0000		3961.176		3.354		10.480		4.490397		10.800
4.206		0.9012		0.0000		3961.172		3.357		10.515		4.506233		10.840
4.218		0.9044		0.0000		3961.169		3.360		10.545		4.522067		10.880
4.230		0.9077		0.0000		3961.166		3.364		10.575		4.538592		10.920
4.242		0.9109		0.0000		3961.163		3.367		10.605		4.554428		10.960
4.254		0.9141		0.0000		3961.159		3.370		10.635		4.570262		11.000
4.264		0.9172		0.0000		3961.156		3.373		10.660		4.586098		11.040
4.276		0.9208		0.0000		3961.153		3.377		10.690		4.604000		11.080
4.288		0.9245		0.0000		3961.149		3.381		10.720		4.622589		11.120
4.304		0.9282		0.0000		3961.145		3.384		10.760		4.641179		11.160
4.320		0.9314		0.0000		3961.142		3.387		10.800		4.657013		11.200
4.332		0.9346		0.0000		3961.139		3.391		10.830		4.672849		11.240
4.342		0.9379		0.0000		3961.136		3.394		10.855		4.689373		11.280
4.350		0.9410		0.0000		3961.133		3.397		10.875		4.705209		11.320
4.360		0.9443		0.0000		3961.129		3.400		10.900		4.721733		11.360
4.370		0.9475		0.0000		3961.126		3.404		10.925		4.737568		11.400
4.380		0.9507		0.0000		3961.123		3.407		10.950		4.753404		11.440
4.388		0.9541		0.0000		3961.119		3.410		10.970		4.770617		11.480
4.398		0.9578		0.0000		3961.116		3.414		10.995		4.789206		11.520
4.412		0.9616		0.0000		3961.112		3.418		11.030		4.807796		11.560
4.426		0.9649		0.0000		3961.109		3.421		11.065		4.824319		11.600
4.438		0.9680		0.0000		3961.105		3.424		11.095		4.840155		11.640
4.446		0.9712		0.0000		3961.102		3.427		11.115		4.855990		11.680
4.452		0.9745		0.0000		3961.099		3.431		11.130		4.872514		11.720
4.460		0.9777		0.0000		3961.096		3.434		11.150		4.888350		11.760
4.468		0.9808		0.0000		3961.093		3.437		11.170		4.904185		11.800
4.476		0.9840		0.0000		3961.090		3.440		11.190		4.920021		11.840
4.484		0.9873		0.0000		3961.086		3.443		11.210		4.936545		11.880
4.492		0.9910		0.0000		3961.083		3.447		11.230		4.955134		11.920
4.504		0.9947		0.0000		3961.079		3.451		11.260		4.973724		11.960
4.516		0.9983		0.0000		3961.075		3.454		11.290		4.991624		12.000
4.528		1.0014		0.0000		3961.072		3.457		11.320		5.006772		12.040
4.536		1.0045		0.0000		3961.069		3.461		11.340		5.022607		12.080
4.542		1.0078		0.0000		3961.066		3.464		11.355		5.039132		12.120
4.548		1.0111		0.0000		3961.062		3.467		11.370		5.055655		12.160
4.556		1.0143		0.0000		3961.059		3.470		11.390		5.071491		12.200
4.562		1.0175		0.0000		3961.056		3.473		11.405		5.087327		12.240
4.568		1.0206		0.0000		3961.053		3.477		11.420		5.103161		12.280
4.574		1.0242		0.0000		3961.049		3.480		11.435		5.121063		12.320
4.584		1.0279		0.0000		3961.046		3.484		11.460		5.139652		12.360
4.594		1.0316		0.0000		3961.042		3.488		11.485		5.158242		12.400
4.606		1.0348		0.0000		3961.039		3.491		11.515		5.174078		12.440
4.614		1.0380		0.0000		3961.036		3.494		11.535		5.189912		12.480
4.620		1.0413		0.0000		3961.032		3.497		11.550		5.206437		12.520
4.624		1.0445		0.0000		3961.029		3.500		11.560		5.222273		12.560
4.630		1.0476		0.0000		3961.026		3.504		11.575		5.238108		12.600
4.634		1.0508		0.0000		3961.023		3.507		11.585		5.253943		12.640
4.638		1.0541		0.0000		3961.020		3.510		11.595		5.270467		12.680
4.644		1.0574		0.0000		3961.016		3.513		11.610		5.286992		12.720
4.650		1.0611		0.0000		3961.012		3.517		11.625		5.305581		12.760
4.660		1.0650		0.0000		3961.009		3.521		11.650		5.324859		12.800
4.670		1.0683		0.0000		3961.005		3.524		11.675		5.341383		12.840
4.680		1.0713		0.0000		3961.002		3.527		11.700		5.356530		12.880
4.684		1.0746		0.0000		3960.999		3.531		11.710		5.373054		12.920
4.688		1.0779		0.0000		3960.996		3.534		11.720		5.389578		12.960
4.692		1.0811		0.0000		3960.992		3.537		11.730		5.405413		13.000
4.698		1.0842		0.0000		3960.989		3.540		11.745		5.421248		13.040
4.702		1.0874		0.0000		3960.986		3.543		11.755		5.437084		13.080
4.706		1.0907		0.0000		3960.983		3.547		11.765		5.453608		13.120
4.712		1.0944		0.0000		3960.979		3.550		11.780		5.472198		13.160
4.720		1.0982		0.0000		3960.975		3.554		11.800		5.490787		13.200
4.730		1.1016		0.0000		3960.972		3.558		11.825		5.507999		13.240
4.740		1.1048		0.0000		3960.969		3.561		11.850		5.523835		13.280
4.744		1.1081		0.0000		3960.965		3.564		11.860		5.540359		13.320
4.748		1.1112		0.0000		3960.962		3.567		11.870		5.556195		13.360
4.752		1.1144		0.0000		3960.959		3.570		11.880		5.572031		13.400
4.756		1.1176		0.0000		3960.956		3.574		11.890		5.587866		13.440
4.760		1.1207		0.0000		3960.953		3.577		11.900		5.603701		13.480
4.764		1.1240		0.0000		3960.949		3.580		11.910		5.620226		13.520
4.768		1.1276		0.0000		3960.946		3.584		11.920		5.638126		13.560
4.776		1.1315		0.0000		3960.942		3.587		11.940		5.657405		13.600
4.786		1.1351		0.0000		3960.938		3.591		11.965		5.675305		13.640
4.796		1.1382		0.0000		3960.935		3.594		11.990		5.691141		13.680
4.800		1.1414		0.0000		3960.932		3.597		12.000		5.706977		13.720
4.802		1.1447		0.0000		3960.929		3.601		12.005		5.723500		13.760
4.806		1.1479		0.0000		3960.926		3.604		12.015		5.739336		13.800
4.808		1.1510		0.0000		3960.923		3.607		12.020		5.755172		13.840
4.812		1.1542		0.0000		3960.919		3.610		12.030		5.771007		13.880
4.814		1.1575		0.0000		3960.916		3.614		12.035		5.787531		13.920
4.818		1.1608		0.0000		3960.913		3.617		12.045		5.804055		13.960
4.822		1.1647		0.0000		3960.909		3.621		12.055		5.823333		14.000
4.830		1.1684		0.0000		3960.905		3.624		12.075		5.841923		14.040
4.840		1.1717		0.0000		3960.902		3.628		12.100		5.858446		14.080
4.846		1.1749		0.0000		3960.899		3.631		12.115		5.874282		14.120
4.850		1.1780		0.0000		3960.896		3.634		12.125		5.890118		14.160
4.852		1.1813		0.0000		3960.892		3.637		12.130		5.906641		14.200
4.854		1.1845		0.0000		3960.889		3.641		12.135		5.922477		14.240
4.858		1.1877		0.0000		3960.886		3.644		12.145		5.938312		14.280
4.860		1.1908		0.0000		3960.883		3.647		12.150		5.954147		14.320
4.862		1.1941		0.0000		3960.879		3.650		12.155		5.970673		14.360
4.866		1.1979		0.0000		3960.876		3.654		12.165		5.989262		14.400
4.872		1.2017		0.0000		3960.872		3.658		12.180		6.008539		14.440
4.880		1.2052		0.0000		3960.868		3.661		12.200		6.025752		14.480
4.888		1.2082		0.0000		3960.865		3.664		12.220		6.040898		14.520
4.890		1.2113		0.0000		3960.862		3.667		12.225		6.056734		14.560
4.892		1.2147		0.0000		3960.859		3.671		12.230		6.073258		14.600
4.894		1.2178		0.0000		3960.856		3.674		12.235		6.089094		14.640
4.896		1.2211		0.0000		3960.852		3.677		12.240		6.105618		14.680
4.896		1.2243		0.0000		3960.849		3.680		12.240		6.121453		14.720
4.898		1.2275		0.0000		3960.846		3.683		12.245		6.137289		14.760
4.900		1.2310		0.0000		3960.843		3.687		12.250		6.155190		14.800
4.904		1.2349		0.0000		3960.839		3.691		12.260		6.174468		14.840
4.912		1.2385		0.0000		3960.835		3.694		12.280		6.192369		14.880
4.920		1.2416		0.0000		3960.832		3.698		12.300		6.208204		14.920
4.924		1.2448		0.0000		3960.829		3.701		12.310		6.224040		14.960
4.924		1.2480		0.0000		3960.825		3.704		12.310		6.239876		15.000
4.926		1.2513		0.0000		3960.822		3.707		12.315		6.256399		15.040
4.926		1.2544		0.0000		3960.819		3.710		12.315		6.272235		15.080
4.928		1.2576		0.0000		3960.816		3.714		12.320		6.288071		15.120
4.928		1.2608		0.0000		3960.813		3.717		12.320		6.303905		15.160
4.930		1.2644		0.0000		3960.809		3.720		12.325		6.321807		15.200
4.932		1.2681		0.0000		3960.805		3.724		12.330		6.340396		15.240
4.940		1.2718		0.0000		3960.802		3.728		12.350		6.358986		15.280
4.946		1.2751		0.0000		3960.798		3.731		12.365		6.375509		15.320
4.952		1.2781		0.0000		3960.795		3.734		12.380		6.390656		15.360
4.952		1.2814		0.0000		3960.792		3.737		12.380		6.407181		15.400
4.952		1.2846		0.0000		3960.789		3.741		12.380		6.423017		15.440
4.954		1.2879		0.0000		3960.786		3.744		12.385		6.439540		15.480
4.956		1.2911		0.0000		3960.782		3.747		12.390		6.455376		15.520
4.958		1.2942		0.0000		3960.779		3.750		12.395		6.471212		15.560
4.960		1.2975		0.0000		3960.776		3.754		12.400		6.487736		15.600
4.962		1.3013		0.0000		3960.772		3.757		12.405		6.506325		15.640
4.966		1.3051		0.0000		3960.768		3.761		12.415		6.525602		15.680
4.976		1.3084		0.0000		3960.765		3.764		12.440		6.542127		15.720
4.980		1.3116		0.0000		3960.762		3.768		12.450		6.557963		15.760
4.982		1.3149		0.0000		3960.759		3.771		12.455		6.574487		15.800
4.984		1.3181		0.0000		3960.755		3.774		12.460		6.590322		15.840
4.984		1.3212		0.0000		3960.752		3.777		12.460		6.606157		15.880
4.984		1.3244		0.0000		3960.749		3.780		12.460		6.621993		15.920
4.986		1.3276		0.0000		3960.746		3.784		12.465		6.637828		15.960
4.986		1.3309		0.0000		3960.743		3.787		12.465		6.654352		16.000
4.986		1.3345		0.0000		3960.739		3.790		12.465		6.672254		16.040
4.990		1.3383		0.0000		3960.735		3.794		12.475		6.691531		16.080
4.998		1.3419		0.0000		3960.732		3.798		12.495		6.709433		16.120
5.004		1.3451		0.0000		3960.729		3.801		12.510		6.725268		16.160
5.006		1.3482		0.0000		3960.725		3.804		12.515		6.741103		16.200
5.006		1.3514		0.0000		3960.722		3.807		12.515		6.756939		16.240
5.006		1.3547		0.0000		3960.719		3.811		12.515		6.773462		16.280
5.006		1.3579		0.0000		3960.716		3.814		12.515		6.789298		16.320
5.006		1.3610		0.0000		3960.712		3.817		12.515		6.805134		16.360
5.006		1.3642		0.0000		3960.709		3.820		12.515		6.820970		16.400
5.006		1.3676		0.0000		3960.706		3.824		12.515		6.838182		16.440
5.008		1.3715		0.0000		3960.702		3.828		12.520		6.857460		16.480
5.014		1.3752		0.0000		3960.698		3.831		12.535		6.876049		16.520
5.022		1.3784		0.0000		3960.695		3.834		12.555		6.891885		16.560
5.026		1.3817		0.0000		3960.692		3.838		12.565		6.908408		16.600
5.026		1.3848		0.0000		3960.689		3.841		12.565		6.924244		16.640
5.024		1.3880		0.0000		3960.686		3.844		12.560		6.940080		16.680
5.024		1.3912		0.0000		3960.682		3.847		12.560		6.955915		16.720
5.024		1.3944		0.0000		3960.679		3.850		12.560		6.971750		16.760
5.024		1.3977		0.0000		3960.676		3.854		12.560		6.988275		16.800
5.024		1.4010		0.0000		3960.673		3.857		12.560		7.004799		16.840
5.026		1.4048		0.0000		3960.669		3.861		12.565		7.024077		16.880
5.030		1.4085		0.0000		3960.665		3.865		12.575		7.042666		16.920
5.038		1.4120		0.0000		3960.662		3.868		12.595		7.059879		16.960
5.042		1.4150		0.0000		3960.658		3.871		12.605		7.075026		17.000
5.042		1.4182		0.0000		3960.655		3.874		12.605		7.090862		17.040
5.040		1.4215		0.0000		3960.652		3.877		12.600		7.107386		17.080
5.042		1.4246		0.0000		3960.649		3.881		12.605		7.123221		17.120
5.042		1.4278		0.0000		3960.646		3.884		12.605		7.139057		17.160
5.042		1.4310		0.0000		3960.643		3.887		12.605		7.154891		17.200
5.042		1.4343		0.0000		3960.639		3.890		12.605		7.171416		17.240
5.042		1.4380		0.0000		3960.635		3.894		12.605		7.190006		17.280
5.044		1.4417		0.0000		3960.632		3.898		12.610		7.208595		17.320
5.050		1.4453		0.0000		3960.628		3.901		12.625		7.226496		17.360
5.056		1.4485		0.0000		3960.625		3.904		12.640		7.242332		17.400
5.056		1.4516		0.0000		3960.622		3.908		12.640		7.258167		17.440
5.056		1.4548		0.0000		3960.619		3.911		12.640		7.274002		17.480
5.054		1.4581		0.0000		3960.615		3.914		12.635		7.290526		17.520
5.054		1.4613		0.0000		3960.612		3.917		12.635		7.306362		17.560
5.054		1.4644		0.0000		3960.609		3.920		12.635		7.322197		17.600
5.052		1.4676		0.0000		3960.606		3.924		12.630		7.338033		17.640
5.054		1.4712		0.0000		3960.602		3.927		12.635		7.355934		17.680
5.054		1.4749		0.0000		3960.599		3.931		12.635		7.374524		17.720
5.060		1.4786		0.0000		3960.595		3.935		12.650		7.393113		17.760
5.066		1.4819		0.0000		3960.592		3.938		12.665		7.409637		17.800
5.070		1.4850		0.0000		3960.589		3.941		12.675		7.424784		17.840
5.068		1.4883		0.0000		3960.585		3.944		12.670		7.441307		17.880
5.066		1.4914		0.0000		3960.582		3.947		12.665		7.457143		17.920
5.066		1.4946		0.0000		3960.579		3.951		12.665		7.472979		17.960
5.064		1.4979		0.0000		3960.576		3.954		12.660		7.489502		18.000
5.064		1.5011		0.0000		3960.573		3.957		12.660		7.505338		18.040
5.062		1.5044		0.0000		3960.569		3.960		12.655		7.521862		18.080
5.064		1.5081		0.0000		3960.565		3.964		12.660		7.540451		18.120
5.066		1.5119		0.0000		3960.562		3.968		12.665		7.559730		18.160
5.072		1.5153		0.0000		3960.558		3.971		12.680		7.576253		18.200
5.076		1.5184		0.0000		3960.555		3.974		12.690		7.592089		18.240
5.076		1.5216		0.0000		3960.552		3.978		12.690		7.607925		18.280
5.074		1.5249		0.0000		3960.549		3.981		12.685		7.624449		18.320
5.072		1.5281		0.0000		3960.545		3.984		12.680		7.640285		18.360
5.072		1.5312		0.0000		3960.542		3.987		12.680		7.656120		18.400
5.070		1.5344		0.0000		3960.539		3.990		12.675		7.671956		18.440
5.068		1.5377		0.0000		3960.536		3.994		12.670		7.688479		18.480
5.068		1.5413		0.0000		3960.532		3.997		12.670		7.706380		18.520
5.070		1.5451		0.0000		3960.528		4.001		12.675		7.725657		18.560
5.076		1.5487		0.0000		3960.525		4.005		12.690		7.743560		18.600
5.080		1.5517		0.0000		3960.522		4.008		12.700		7.758707		18.640
5.078		1.5550		0.0000		3960.519		4.011		12.695		7.775229		18.680
5.076		1.5582		0.0000		3960.515		4.014		12.690		7.791065		18.720
5.076		1.5615		0.0000		3960.512		4.018		12.690		7.807590		18.760
5.074		1.5647		0.0000		3960.509		4.021		12.685		7.823425		18.800
5.074		1.5679		0.0000		3960.506		4.024		12.685		7.839261		18.840
5.072		1.5710		0.0000		3960.502		4.027		12.680		7.855097		18.880
5.072		1.5745		0.0000		3960.499		4.030		12.680		7.872309		18.920
5.072		1.5783		0.0000		3960.495		4.034		12.680		7.891587		18.960
5.076		1.5820		0.0000		3960.491		4.038		12.690		7.910176		19.000
5.082		1.5852		0.0000		3960.488		4.041		12.705		7.926012		19.040
5.082		1.5885		0.0000		3960.485		4.045		12.705		7.942534		19.080
5.080		1.5917		0.0000		3960.482		4.048		12.700		7.958370		19.120
5.078		1.5948		0.0000		3960.479		4.051		12.695		7.974206		19.160
5.076		1.5980		0.0000		3960.476		4.054		12.690		7.990042		19.200
5.076		1.6012		0.0000		3960.472		4.057		12.690		8.005877		19.240
5.074		1.6045		0.0000		3960.469		4.060		12.685		8.022403		19.280
5.072		1.6078		0.0000		3960.466		4.064		12.680		8.038925		19.320
5.072		1.6115		0.0000		3960.462		4.068		12.680		8.057514		19.360
5.076		1.6154		0.0000		3960.458		4.071		12.690		8.076793		19.400
5.080		1.6187		0.0000		3960.455		4.075		12.700		8.093318		19.440
5.082		1.6218		0.0000		3960.452		4.078		12.705		8.109154		19.480
5.080		1.6250		0.0000		3960.448		4.081		12.700		8.124990		19.520
5.076		1.6283		0.0000		3960.445		4.084		12.690		8.141512		19.560
5.074		1.6316		0.0000		3960.442		4.088		12.685		8.158036		19.600
5.072		1.6346		0.0000		3960.439		4.091		12.680		8.173183		19.640
5.070		1.6378		0.0000		3960.436		4.094		12.675		8.189019		19.680
5.066		1.6411		0.0000		3960.432		4.097		12.665		8.205544		19.720
5.064		1.6447		0.0000		3960.429		4.101		12.660		8.223444		19.760
5.066		1.6487		0.0000		3960.425		4.105		12.665		8.243409		19.800
5.070		1.6521		0.0000		3960.421		4.108		12.675		8.260623		19.840
5.072		1.6553		0.0000		3960.418		4.111		12.680		8.276459		19.880
5.072		1.6585		0.0000		3960.415		4.114		12.680		8.292295		19.920
5.068		1.6616		0.0000		3960.412		4.118		12.670		8.308130		19.960
5.064		1.6649		0.0000		3960.409		4.121		12.660		8.324653		20.000
5.062		1.6681		0.0000		3960.406		4.124		12.655		8.340488		20.040
5.060		1.6713		0.0000		3960.402		4.127		12.650		8.356324		20.080
5.056		1.6744		0.0000		3960.399		4.130		12.640		8.372160		20.120
5.054		1.6780		0.0000		3960.396		4.134		12.635		8.390060		20.160
5.054		1.6817		0.0000		3960.392		4.138		12.635		8.408650		20.200
5.058		1.6854		0.0000		3960.388		4.141		12.645		8.427239		20.240
5.062		1.6888		0.0000		3960.385		4.145		12.655		8.443765		20.280
5.062		1.6918		0.0000		3960.382		4.148		12.655		8.458911		20.320
5.058		1.6949		0.0000		3960.379		4.151		12.645		8.474747		20.360
5.054		1.6984		0.0000		3960.375		4.154		12.635		8.491959		20.400
5.052		1.7016		0.0000		3960.372		4.158		12.630		8.507794		20.440
5.050		1.7047		0.0000		3960.369		4.161		12.625		8.523630		20.480
5.046		1.7079		0.0000		3960.366		4.164		12.615		8.539466		20.520
5.044		1.7113		0.0000		3960.362		4.167		12.610		8.556677		20.560
5.042		1.7149		0.0000		3960.359		4.171		12.605		8.574580		20.600
5.044		1.7188		0.0000		3960.355		4.175		12.610		8.593856		20.640
5.048		1.7221		0.0000		3960.352		4.178		12.620		8.610381		20.680
5.048		1.7254		0.0000		3960.348		4.181		12.620		8.626905		20.720
5.046		1.7285		0.0000		3960.345		4.185		12.615		8.642741		20.760
5.042		1.7317		0.0000		3960.342		4.188		12.605		8.658575		20.800
5.038		1.7349		0.0000		3960.339		4.191		12.595		8.674411		20.840
5.036		1.7380		0.0000		3960.335		4.194		12.590		8.690247		20.880
5.032		1.7412		0.0000		3960.332		4.197		12.580		8.706082		20.920
5.030		1.7447		0.0000		3960.329		4.201		12.575		8.723296		20.960
5.028		1.7482		0.0000		3960.325		4.204		12.570		8.741197		21.000
5.028		1.7521		0.0000		3960.322		4.208		12.570		8.760475		21.040
5.030		1.7555		0.0000		3960.318		4.212		12.575		8.777686		21.080
5.032		1.7587		0.0000		3960.315		4.215		12.580		8.793522		21.120
5.030		1.7619		0.0000		3960.312		4.218		12.575		8.809358		21.160
5.024		1.7652		0.0000		3960.308		4.221		12.560		8.825880		21.200
5.022		1.7683		0.0000		3960.305		4.224		12.555		8.841716		21.240
5.018		1.7715		0.0000		3960.302		4.228		12.545		8.857552		21.280
5.014		1.7747		0.0000		3960.299		4.231		12.535		8.873387		21.320
5.010		1.7778		0.0000		3960.296		4.234		12.525		8.889223		21.360
5.008		1.7814		0.0000		3960.292		4.237		12.520		8.907124		21.400
5.006		1.7851		0.0000		3960.288		4.241		12.515		8.925714		21.440
5.006		1.7889		0.0000		3960.285		4.245		12.515		8.944303		21.480
5.008		1.7920		0.0000		3960.281		4.248		12.520		8.960138		21.520
5.006		1.7953		0.0000		3960.278		4.251		12.515		8.976664		21.560
5.002		1.7985		0.0000		3960.275		4.255		12.505		8.992499		21.600
4.998		1.8018		0.0000		3960.272		4.258		12.495		9.009022		21.640
4.994		1.8050		0.0000		3960.269		4.261		12.485		9.024858		21.680
4.990		1.8081		0.0000		3960.265		4.264		12.475		9.040693		21.720
4.986		1.8113		0.0000		3960.262		4.267		12.465		9.056529		21.760
4.980		1.8147		0.0000		3960.259		4.271		12.450		9.073740		21.800
4.978		1.8183		0.0000		3960.255		4.274		12.445		9.091643		21.840
4.978		1.8222		0.0000		3960.251		4.278		12.445		9.110919		21.880
4.980		1.8255		0.0000		3960.248		4.282		12.450		9.127444		21.920
4.980		1.8287		0.0000		3960.245		4.285		12.450		9.143280		21.960
4.974		1.8318		0.0000		3960.242		4.288		12.435		9.159116		22.000
4.970		1.8351		0.0000		3960.238		4.291		12.425		9.175640		22.040
4.964		1.8383		0.0000		3960.235		4.294		12.410		9.191474		22.080
4.962		1.8415		0.0000		3960.232		4.297		12.405		9.207310		22.120
4.958		1.8446		0.0000		3960.229		4.301		12.395		9.223145		22.160
4.954		1.8479		0.0000		3960.226		4.304		12.385		9.239670		22.200
4.950		1.8515		0.0000		3960.222		4.308		12.375		9.257570		22.240
4.950		1.8554		0.0000		3960.218		4.311		12.375		9.276849		22.280
4.952		1.8589		0.0000		3960.215		4.315		12.380		9.294749		22.320
4.952		1.8621		0.0000		3960.211		4.318		12.380		9.310585		22.360
4.948		1.8653		0.0000		3960.208		4.321		12.370		9.326421		22.400
4.944		1.8686		0.0000		3960.205		4.325		12.360		9.342946		22.440
4.940		1.8716		0.0000		3960.202		4.328		12.350		9.358092		22.480
4.936		1.8749		0.0000		3960.198		4.331		12.340		9.374615		22.520
4.932		1.8781		0.0000		3960.195		4.334		12.330		9.390450		22.560
4.928		1.8814		0.0000		3960.192		4.337		12.320		9.406976		22.600
4.924		1.8848		0.0000		3960.189		4.341		12.310		9.424187		22.640
4.924		1.8886		0.0000		3960.185		4.345		12.310		9.442777		22.680
4.924		1.8923		0.0000		3960.181		4.348		12.310		9.461366		22.720
4.926		1.8956		0.0000		3960.178		4.352		12.315		9.477891		22.760
4.924		1.8986		0.0000		3960.175		4.355		12.310		9.493037		22.800
4.920		1.9019		0.0000		3960.172		4.358		12.300		9.509562		22.840
4.914		1.9052		0.0000		3960.168		4.361		12.285		9.526085		22.880
4.910		1.9084		0.0000		3960.165		4.364		12.275		9.541921		22.920
4.906		1.9116		0.0000		3960.162		4.368		12.265		9.557756		22.960
4.902		1.9147		0.0000		3960.159		4.371		12.255		9.573592		23.000
4.898		1.9180		0.0000		3960.156		4.374		12.245		9.590117		23.040
4.894		1.9219		0.0000		3960.152		4.378		12.235		9.609395		23.080
4.894		1.9256		0.0000		3960.148		4.382		12.235		9.627985		23.120
4.896		1.9289		0.0000		3960.145		4.385		12.240		9.644507		23.160
4.894		1.9321		0.0000		3960.141		4.388		12.235		9.660343		23.200
4.890		1.9352		0.0000		3960.138		4.391		12.225		9.676179		23.240
4.884		1.9385		0.0000		3960.135		4.395		12.210		9.692703		23.280
4.880		1.9417		0.0000		3960.132		4.398		12.200		9.708539		23.320
4.876		1.9449		0.0000		3960.129		4.401		12.190		9.724375		23.360
4.870		1.9480		0.0000		3960.125		4.404		12.175		9.740209		23.400
4.866		1.9513		0.0000		3960.122		4.407		12.165		9.756733		23.440
4.862		1.9552		0.0000		3960.118		4.411		12.155		9.776011		23.480
4.860		1.9589		0.0000		3960.115		4.415		12.150		9.794601		23.520
4.864		1.9624		0.0000		3960.111		4.418		12.160		9.811812		23.560
4.864		1.9654		0.0000		3960.108		4.421		12.160		9.826960		23.600
4.858		1.9687		0.0000		3960.105		4.425		12.145		9.843484		23.640
4.854		1.9719		0.0000		3960.102		4.428		12.135		9.859320		23.680
4.848		1.9752		0.0000		3960.098		4.431		12.120		9.875845		23.720
4.844		1.9783		0.0000		3960.095		4.434		12.110		9.891681		23.760
4.840		1.9815		0.0000		3960.092		4.438		12.100		9.907514		23.800
4.834		1.9848		0.0000		3960.089		4.441		12.085		9.924039		23.840
4.830		1.9884		0.0000		3960.085		4.444		12.075		9.941939		23.880
4.828		1.9921		0.0000		3960.081		4.448		12.070		9.960528		23.920
4.828		1.9957		0.0000		3960.078		4.452		12.070		9.978432		23.960
4.828		1.9990		0.0000		3960.074		4.455		12.070		9.994954		24.000
4.826		2.0022		0.0000		3960.071		4.458		12.065		10.010790		24.040
4.820		2.0053		0.0000		3960.068		4.461		12.050		10.026626		24.080
4.814		2.0085		0.0000		3960.065		4.465		12.035		10.042461		24.120
4.810		2.0117		0.0000		3960.062		4.468		12.025		10.058297		24.160
4.804		2.0148		0.0000		3960.059		4.471		12.010		10.074133		24.200
4.798		2.0180		0.0000		3960.055		4.474		11.995		10.089969		24.240
4.794		2.0216		0.0000		3960.052		4.478		11.985		10.107869		24.280
4.792		2.0253		0.0000		3960.048		4.481		11.980		10.126458		24.320
4.790		2.0291		0.0000		3960.044		4.485		11.975		10.145737		24.360
4.792		2.0325		0.0000		3960.041		4.488		11.980		10.162259		24.400
4.790		2.0355		0.0000		3960.038		4.491		11.975		10.177406		24.440
4.784		2.0386		0.0000		3960.035		4.495		11.960		10.193242		24.480
4.776		2.0420		0.0000		3960.031		4.498		11.940		10.209766		24.520
4.770		2.0451		0.0000		3960.028		4.501		11.925		10.225602		24.560
4.766		2.0483		0.0000		3960.025		4.504		11.915		10.241438		24.600
4.760		2.0515		0.0000		3960.022		4.507		11.900		10.257274		24.640
4.754		2.0549		0.0000		3960.019		4.511		11.885		10.274486		24.680
4.750		2.0585		0.0000		3960.015		4.514		11.875		10.292386		24.720
4.748		2.0623		0.0000		3960.011		4.518		11.870		10.311665		24.760
4.750		2.0658		0.0000		3960.008		4.522		11.875		10.328876		24.800
4.748		2.0689		0.0000		3960.005		4.525		11.870		10.344711		24.840
4.742		2.0721		0.0000		3960.001		4.528		11.855		10.360547		24.880
4.736		2.0753		0.0000		3959.998		4.531		11.840		10.376383		24.920
4.730		2.0786		0.0000		3959.995		4.535		11.825		10.392908		24.960
4.724		2.0817		0.0000		3959.992		4.538		11.810		10.408744		25.000
4.718		2.0849		0.0000		3959.989		4.541		11.795		10.424580		25.040
4.714		2.0881		0.0000		3959.985		4.544		11.785		10.440413		25.080
4.708		2.0918		0.0000		3959.982		4.548		11.770		10.459002		25.120
4.706		2.0955		0.0000		3959.978		4.552		11.765		10.477592		25.160
4.706		2.0991		0.0000		3959.974		4.555		11.765		10.495495		25.200
4.706		2.1023		0.0000		3959.971		4.558		11.765		10.511331		25.240
4.702		2.1054		0.0000		3959.968		4.561		11.755		10.527164		25.280
4.696		2.1087		0.0000		3959.965		4.565		11.740		10.543689		25.320
4.690		2.1119		0.0000		3959.962		4.568		11.725		10.559525		25.360
4.684		2.1151		0.0000		3959.958		4.571		11.710		10.575360		25.400
4.678		2.1182		0.0000		3959.955		4.574		11.695		10.591196		25.440
4.672		2.1215		0.0000		3959.952		4.578		11.680		10.607718		25.480
4.668		2.1250		0.0000		3959.948		4.581		11.670		10.624932		25.520
4.664		2.1287		0.0000		3959.945		4.585		11.660		10.643521		25.560
4.662		2.1324		0.0000		3959.941		4.588		11.655		10.662111		25.600
4.664		2.1357		0.0000		3959.938		4.592		11.660		10.678636		25.640
4.660		2.1389		0.0000		3959.935		4.595		11.650		10.694469		25.680
4.656		2.1421		0.0000		3959.931		4.598		11.640		10.710305		25.720
4.650		2.1454		0.0000		3959.928		4.601		11.625		10.726830		25.760
4.644		2.1485		0.0000		3959.925		4.605		11.610		10.742665		25.800
4.640		2.1517		0.0000		3959.922		4.608		11.600		10.758501		25.840
4.634		2.1549		0.0000		3959.919		4.611		11.585		10.774337		25.880
4.628		2.1582		0.0000		3959.915		4.614		11.570		10.790859		25.920
4.624		2.1620		0.0000		3959.911		4.618		11.560		10.810138		25.960
4.622		2.1657		0.0000		3959.908		4.622		11.555		10.828728		26.000
4.624		2.1692		0.0000		3959.904		4.625		11.560		10.845942		26.040
4.622		2.1722		0.0000		3959.901		4.628		11.555		10.861088		26.080
4.618		2.1755		0.0000		3959.898		4.632		11.545		10.877610		26.120
4.610		2.1787		0.0000		3959.895		4.635		11.525		10.893446		26.160
4.606		2.1819		0.0000		3959.892		4.638		11.515		10.909282		26.200
4.600		2.1852		0.0000		3959.888		4.641		11.500		10.925807		26.240
4.596		2.1883		0.0000		3959.885		4.644		11.490		10.941643		26.280
4.590		2.1915		0.0000		3959.882		4.648		11.475		10.957479		26.320
4.586		2.1951		0.0000		3959.878		4.651		11.465		10.975379		26.360
4.584		2.1989		0.0000		3959.875		4.655		11.460		10.994658		26.400
4.584		2.2025		0.0000		3959.871		4.659		11.460		11.012558		26.440
4.584		2.2057		0.0000		3959.868		4.662		11.460		11.028394		26.480
4.580		2.2088		0.0000		3959.865		4.665		11.450		11.044230		26.520
4.574		2.2122		0.0000		3959.861		4.668		11.435		11.060752		26.560
4.568		2.2153		0.0000		3959.858		4.671		11.420		11.076588		26.600
4.564		2.2185		0.0000		3959.855		4.675		11.410		11.092423		26.640
