数据量:671
试验力		变形		扩展变形		位置		位移		应力		应变		时间
0.010		0.0000		0.0000		3962.046		2.833		0.025		0.000000		0.040
0.010		0.0036		0.0000		3962.043		2.837		0.025		0.017902		0.080
0.010		0.0070		0.0000		3962.039		2.840		0.025		0.035114		0.120
0.010		0.0102		0.0000		3962.036		2.844		0.025		0.050949		0.160
0.010		0.0135		0.0000		3962.033		2.847		0.025		0.067474		0.200
0.010		0.0167		0.0000		3962.030		2.850		0.025		0.083309		0.240
0.010		0.0198		0.0000		3962.027		2.853		0.025		0.099144		0.280
0.010		0.0231		0.0000		3962.023		2.856		0.025		0.115669		0.320
0.010		0.0264		0.0000		3962.020		2.860		0.025		0.132192		0.360
0.010		0.0297		0.0000		3962.017		2.863		0.025		0.148716		0.400
0.010		0.0332		0.0000		3962.013		2.867		0.025		0.165929		0.440
0.010		0.0368		0.0000		3962.010		2.870		0.025		0.183830		0.480
0.010		0.0405		0.0000		3962.006		2.874		0.025		0.202420		0.520
0.010		0.0438		0.0000		3962.002		2.877		0.025		0.218943		0.560
0.012		0.0470		0.0000		3961.999		2.880		0.030		0.234779		0.600
0.012		0.0500		0.0000		3961.996		2.883		0.030		0.249926		0.640
0.012		0.0533		0.0000		3961.993		2.887		0.030		0.266449		0.680
0.012		0.0566		0.0000		3961.990		2.890		0.030		0.282974		0.720
0.012		0.0598		0.0000		3961.987		2.893		0.030		0.298810		0.760
0.012		0.0631		0.0000		3961.983		2.896		0.030		0.315334		0.800
0.012		0.0665		0.0000		3961.980		2.900		0.030		0.332546		0.840
0.012		0.0701		0.0000		3961.976		2.903		0.030		0.350447		0.880
0.012		0.0738		0.0000		3961.972		2.907		0.030		0.369036		0.920
0.012		0.0771		0.0000		3961.969		2.910		0.030		0.385561		0.960
0.012		0.0803		0.0000		3961.966		2.914		0.030		0.401396		1.000
0.012		0.0834		0.0000		3961.963		2.917		0.030		0.417231		1.040
0.012		0.0868		0.0000		3961.959		2.920		0.030		0.433755		1.080
0.012		0.0899		0.0000		3961.956		2.923		0.030		0.449591		1.120
0.012		0.0932		0.0000		3961.953		2.927		0.030		0.466115		1.160
0.014		0.0965		0.0000		3961.950		2.930		0.035		0.482639		1.200
0.014		0.0998		0.0000		3961.947		2.933		0.035		0.499163		1.240
0.014		0.1034		0.0000		3961.943		2.937		0.035		0.517064		1.280
0.014		0.1070		0.0000		3961.939		2.940		0.035		0.534965		1.320
0.014		0.1104		0.0000		3961.936		2.944		0.035		0.552177		1.360
0.014		0.1137		0.0000		3961.933		2.947		0.035		0.568701		1.400
0.014		0.1169		0.0000		3961.929		2.950		0.035		0.584537		1.440
0.016		0.1201		0.0000		3961.926		2.953		0.040		0.600373		1.480
0.016		0.1234		0.0000		3961.923		2.957		0.040		0.616896		1.520
0.016		0.1265		0.0000		3961.920		2.960		0.040		0.632732		1.560
0.016		0.1299		0.0000		3961.917		2.963		0.040		0.649256		1.600
0.018		0.1330		0.0000		3961.913		2.966		0.045		0.665091		1.640
0.018		0.1366		0.0000		3961.910		2.970		0.045		0.682993		1.680
0.018		0.1403		0.0000		3961.906		2.974		0.045		0.701582		1.720
0.020		0.1439		0.0000		3961.902		2.977		0.050		0.719483		1.760
0.020		0.1471		0.0000		3961.899		2.980		0.050		0.735319		1.800
0.022		0.1502		0.0000		3961.896		2.984		0.055		0.751154		1.840
0.022		0.1535		0.0000		3961.893		2.987		0.055		0.767678		1.880
0.024		0.1568		0.0000		3961.889		2.990		0.060		0.784202		1.920
0.026		0.1600		0.0000		3961.886		2.993		0.065		0.800037		1.960
0.026		0.1632		0.0000		3961.883		2.996		0.065		0.815873		2.000
0.028		0.1665		0.0000		3961.880		3.000		0.070		0.832397		2.040
0.030		0.1699		0.0000		3961.876		3.003		0.075		0.849609		2.080
0.032		0.1735		0.0000		3961.873		3.007		0.080		0.867510		2.120
0.034		0.1772		0.0000		3961.869		3.011		0.085		0.886099		2.160
0.036		0.1805		0.0000		3961.866		3.014		0.090		0.902624		2.200
0.038		0.1837		0.0000		3961.863		3.017		0.095		0.918460		2.240
0.042		0.1870		0.0000		3961.859		3.020		0.105		0.934983		2.280
0.044		0.1902		0.0000		3961.856		3.023		0.110		0.950819		2.320
0.046		0.1935		0.0000		3961.853		3.027		0.115		0.967343		2.360
0.048		0.1966		0.0000		3961.850		3.030		0.120		0.983179		2.400
0.052		0.1999		0.0000		3961.846		3.033		0.130		0.999702		2.440
0.054		0.2031		0.0000		3961.843		3.036		0.135		1.015538		2.480
0.058		0.2068		0.0000		3961.840		3.040		0.145		1.034127		2.520
0.062		0.2105		0.0000		3961.836		3.044		0.155		1.052717		2.560
0.066		0.2138		0.0000		3961.833		3.047		0.165		1.069241		2.600
0.070		0.2170		0.0000		3961.829		3.050		0.175		1.085076		2.640
0.076		0.2203		0.0000		3961.826		3.054		0.190		1.101600		2.680
0.082		0.2236		0.0000		3961.823		3.057		0.205		1.118125		2.720
0.088		0.2268		0.0000		3961.820		3.060		0.220		1.133960		2.760
0.094		0.2300		0.0000		3961.816		3.063		0.235		1.149795		2.800
0.102		0.2333		0.0000		3961.813		3.067		0.255		1.166320		2.840
0.110		0.2366		0.0000		3961.810		3.070		0.275		1.182843		2.880
0.118		0.2400		0.0000		3961.806		3.073		0.295		1.200056		2.920
0.128		0.2437		0.0000		3961.802		3.077		0.320		1.218646		2.960
0.138		0.2472		0.0000		3961.799		3.080		0.345		1.235858		3.000
0.150		0.2505		0.0000		3961.796		3.084		0.375		1.252382		3.040
0.162		0.2536		0.0000		3961.793		3.087		0.405		1.268218		3.080
0.172		0.2569		0.0000		3961.789		3.090		0.430		1.284741		3.120
0.184		0.2603		0.0000		3961.786		3.094		0.460		1.301266		3.160
0.196		0.2634		0.0000		3961.783		3.097		0.490		1.317101		3.200
0.208		0.2666		0.0000		3961.780		3.100		0.520		1.332936		3.240
0.220		0.2699		0.0000		3961.776		3.103		0.550		1.349460		3.280
0.234		0.2733		0.0000		3961.773		3.107		0.585		1.366673		3.320
0.248		0.2771		0.0000		3961.769		3.110		0.620		1.385262		3.360
0.262		0.2806		0.0000		3961.766		3.114		0.655		1.403164		3.400
0.276		0.2838		0.0000		3961.762		3.117		0.690		1.418999		3.440
0.290		0.2871		0.0000		3961.759		3.120		0.725		1.435523		3.480
0.304		0.2903		0.0000		3961.756		3.124		0.760		1.451359		3.520
0.316		0.2936		0.0000		3961.753		3.127		0.790		1.467882		3.560
0.328		0.2967		0.0000		3961.750		3.130		0.820		1.483718		3.600
0.342		0.3000		0.0000		3961.746		3.133		0.855		1.500242		3.640
0.354		0.3032		0.0000		3961.743		3.137		0.885		1.516078		3.680
0.368		0.3065		0.0000		3961.740		3.140		0.920		1.532601		3.720
0.382		0.3101		0.0000		3961.736		3.143		0.955		1.550503		3.760
0.398		0.3138		0.0000		3961.732		3.147		0.995		1.569092		3.800
0.416		0.3173		0.0000		3961.729		3.151		1.040		1.586305		3.840
0.436		0.3206		0.0000		3961.726		3.154		1.090		1.602829		3.880
0.454		0.3237		0.0000		3961.723		3.157		1.135		1.618664		3.920
0.472		0.3269		0.0000		3961.719		3.160		1.180		1.634499		3.960
0.490		0.3302		0.0000		3961.716		3.164		1.225		1.651024		4.000
0.508		0.3334		0.0000		3961.713		3.167		1.270		1.666859		4.040
0.524		0.3367		0.0000		3961.710		3.170		1.310		1.683383		4.080
0.542		0.3398		0.0000		3961.707		3.173		1.355		1.699219		4.120
0.558		0.3436		0.0000		3961.703		3.177		1.395		1.717808		4.160
0.576		0.3471		0.0000		3961.699		3.180		1.440		1.735709		4.200
0.594		0.3507		0.0000		3961.696		3.184		1.485		1.753610		4.240
0.610		0.3539		0.0000		3961.692		3.187		1.525		1.769445		4.280
0.626		0.3571		0.0000		3961.689		3.190		1.565		1.785281		4.320
0.638		0.3604		0.0000		3961.686		3.194		1.595		1.801805		4.360
0.652		0.3637		0.0000		3961.683		3.197		1.630		1.818329		4.400
0.668		0.3668		0.0000		3961.679		3.200		1.670		1.834165		4.440
0.684		0.3700		0.0000		3961.676		3.203		1.710		1.849999		4.480
0.702		0.3733		0.0000		3961.673		3.207		1.755		1.866524		4.520
0.720		0.3767		0.0000		3961.670		3.210		1.800		1.883737		4.560
0.738		0.3803		0.0000		3961.666		3.214		1.845		1.901637		4.600
0.756		0.3840		0.0000		3961.662		3.217		1.890		1.920227		4.640
0.776		0.3874		0.0000		3961.659		3.221		1.940		1.936750		4.680
0.794		0.3905		0.0000		3961.656		3.224		1.985		1.952586		4.720
0.814		0.3937		0.0000		3961.653		3.227		2.035		1.968422		4.760
0.832		0.3970		0.0000		3961.649		3.230		2.080		1.984946		4.800
0.850		0.4003		0.0000		3961.646		3.234		2.125		2.001470		4.840
0.868		0.4035		0.0000		3961.643		3.237		2.170		2.017305		4.880
0.888		0.4066		0.0000		3961.640		3.240		2.220		2.033141		4.920
0.906		0.4101		0.0000		3961.636		3.243		2.265		2.050353		4.960
0.926		0.4137		0.0000		3961.633		3.247		2.315		2.068255		5.000
0.948		0.4174		0.0000		3961.629		3.251		2.370		2.086844		5.040
0.970		0.4207		0.0000		3961.626		3.254		2.425		2.103368		5.080
0.994		0.4238		0.0000		3961.623		3.257		2.485		2.119204		5.120
1.014		0.4271		0.0000		3961.619		3.260		2.535		2.135727		5.160
1.034		0.4303		0.0000		3961.616		3.264		2.585		2.151563		5.200
1.054		0.4335		0.0000		3961.613		3.267		2.635		2.167399		5.240
1.074		0.4368		0.0000		3961.610		3.270		2.685		2.183923		5.280
1.096		0.4401		0.0000		3961.606		3.273		2.740		2.200446		5.320
1.116		0.4434		0.0000		3961.603		3.277		2.790		2.216971		5.360
1.138		0.4468		0.0000		3961.599		3.280		2.845		2.234182		5.400
1.162		0.4506		0.0000		3961.596		3.284		2.905		2.252772		5.440
1.188		0.4540		0.0000		3961.592		3.287		2.970		2.269984		5.480
1.214		0.4573		0.0000		3961.589		3.291		3.035		2.286509		5.520
1.240		0.4605		0.0000		3961.586		3.294		3.100		2.302344		5.560
1.264		0.4638		0.0000		3961.583		3.297		3.160		2.318869		5.600
1.286		0.4669		0.0000		3961.579		3.300		3.215		2.334704		5.640
1.310		0.4702		0.0000		3961.576		3.304		3.275		2.351228		5.680
1.334		0.4734		0.0000		3961.573		3.307		3.335		2.367064		5.720
1.358		0.4766		0.0000		3961.570		3.310		3.395		2.382898		5.760
1.382		0.4800		0.0000		3961.566		3.313		3.455		2.400111		5.800
1.406		0.4837		0.0000		3961.562		3.317		3.515		2.418700		5.840
1.434		0.4875		0.0000		3961.559		3.321		3.585		2.437290		5.880
1.460		0.4908		0.0000		3961.556		3.324		3.650		2.453815		5.920
1.488		0.4939		0.0000		3961.552		3.327		3.720		2.469651		5.960
1.514		0.4971		0.0000		3961.549		3.330		3.785		2.485485		6.000
1.538		0.5004		0.0000		3961.546		3.334		3.845		2.502010		6.040
1.562		0.5036		0.0000		3961.543		3.337		3.905		2.517844		6.080
1.588		0.5069		0.0000		3961.540		3.340		3.970		2.534369		6.120
1.612		0.5100		0.0000		3961.536		3.343		4.030		2.550205		6.160
1.638		0.5133		0.0000		3961.533		3.347		4.095		2.566729		6.200
1.662		0.5171		0.0000		3961.529		3.350		4.155		2.585318		6.240
1.690		0.5208		0.0000		3961.526		3.354		4.225		2.603908		6.280
1.718		0.5241		0.0000		3961.522		3.357		4.295		2.620431		6.320
1.748		0.5273		0.0000		3961.519		3.361		4.370		2.636267		6.360
1.774		0.5306		0.0000		3961.516		3.364		4.435		2.652791		6.400
1.800		0.5337		0.0000		3961.513		3.367		4.500		2.668626		6.440
1.824		0.5370		0.0000		3961.509		3.370		4.560		2.685150		6.480
1.850		0.5402		0.0000		3961.506		3.374		4.625		2.700986		6.520
1.876		0.5434		0.0000		3961.503		3.377		4.690		2.716821		6.560
1.902		0.5467		0.0000		3961.500		3.380		4.755		2.733345		6.600
1.926		0.5502		0.0000		3961.496		3.384		4.815		2.751247		6.640
1.954		0.5541		0.0000		3961.492		3.387		4.885		2.770524		6.680
1.982		0.5575		0.0000		3961.489		3.391		4.955		2.787737		6.720
2.012		0.5607		0.0000		3961.486		3.394		5.030		2.803572		6.760
2.040		0.5639		0.0000		3961.482		3.397		5.100		2.819408		6.800
2.066		0.5672		0.0000		3961.479		3.401		5.165		2.835932		6.840
2.090		0.5704		0.0000		3961.476		3.404		5.225		2.851768		6.880
2.116		0.5737		0.0000		3961.473		3.407		5.290		2.868291		6.920
2.142		0.5768		0.0000		3961.469		3.410		5.355		2.884127		6.960
2.166		0.5800		0.0000		3961.466		3.413		5.415		2.899963		7.000
2.192		0.5836		0.0000		3961.463		3.417		5.480		2.917863		7.040
2.218		0.5873		0.0000		3961.459		3.421		5.545		2.936453		7.080
2.246		0.5909		0.0000		3961.456		3.424		5.615		2.954354		7.120
2.276		0.5942		0.0000		3961.452		3.427		5.690		2.970878		7.160
2.306		0.5973		0.0000		3961.449		3.431		5.765		2.986714		7.200
2.332		0.6005		0.0000		3961.446		3.434		5.830		3.002549		7.240
2.358		0.6038		0.0000		3961.443		3.437		5.895		3.019073		7.280
2.382		0.6070		0.0000		3961.439		3.440		5.955		3.034909		7.320
2.408		0.6101		0.0000		3961.436		3.443		6.020		3.050743		7.360
2.434		0.6135		0.0000		3961.433		3.447		6.085		3.067268		7.400
2.458		0.6168		0.0000		3961.429		3.450		6.145		3.083792		7.440
2.484		0.6205		0.0000		3961.426		3.454		6.210		3.102381		7.480
2.512		0.6242		0.0000		3961.422		3.458		6.280		3.120971		7.520
2.540		0.6275		0.0000		3961.419		3.461		6.350		3.137496		7.560
2.570		0.6308		0.0000		3961.416		3.464		6.425		3.154019		7.600
2.596		0.6338		0.0000		3961.413		3.467		6.490		3.169166		7.640
2.620		0.6371		0.0000		3961.409		3.470		6.550		3.185689		7.680
2.644		0.6404		0.0000		3961.406		3.474		6.610		3.202214		7.720
2.670		0.6436		0.0000		3961.403		3.477		6.675		3.218050		7.760
2.694		0.6468		0.0000		3961.400		3.480		6.735		3.233885		7.800
2.720		0.6501		0.0000		3961.396		3.483		6.800		3.250409		7.840
2.744		0.6537		0.0000		3961.393		3.487		6.860		3.268310		7.880
2.770		0.6574		0.0000		3961.389		3.491		6.925		3.286899		7.920
2.800		0.6610		0.0000		3961.385		3.494		7.000		3.304801		7.960
2.828		0.6641		0.0000		3961.382		3.497		7.070		3.320636		8.000
2.854		0.6673		0.0000		3961.379		3.501		7.135		3.336471		8.040
2.878		0.6706		0.0000		3961.376		3.504		7.195		3.352995		8.080
2.900		0.6738		0.0000		3961.373		3.507		7.250		3.368831		8.120
2.924		0.6769		0.0000		3961.369		3.510		7.310		3.384666		8.160
2.948		0.6801		0.0000		3961.366		3.513		7.370		3.400502		8.200
2.970		0.6834		0.0000		3961.363		3.517		7.425		3.417026		8.240
2.994		0.6870		0.0000		3961.359		3.520		7.485		3.434927		8.280
3.018		0.6907		0.0000		3961.356		3.524		7.545		3.453517		8.320
3.044		0.6943		0.0000		3961.352		3.528		7.610		3.471417		8.360
3.072		0.6976		0.0000		3961.349		3.531		7.680		3.487941		8.400
3.098		0.7008		0.0000		3961.345		3.534		7.745		3.503777		8.440
3.122		0.7039		0.0000		3961.342		3.537		7.805		3.519613		8.480
3.142		0.7072		0.0000		3961.339		3.541		7.855		3.536136		8.520
3.164		0.7104		0.0000		3961.336		3.544		7.910		3.551972		8.560
3.186		0.7136		0.0000		3961.333		3.547		7.965		3.567808		8.600
3.208		0.7169		0.0000		3961.329		3.550		8.020		3.584331		8.640
3.230		0.7202		0.0000		3961.326		3.553		8.075		3.600855		8.680
3.252		0.7239		0.0000		3961.323		3.557		8.130		3.619444		8.720
3.276		0.7276		0.0000		3961.319		3.561		8.190		3.638034		8.760
3.302		0.7309		0.0000		3961.315		3.564		8.255		3.654559		8.800
3.328		0.7341		0.0000		3961.312		3.567		8.320		3.670394		8.840
3.352		0.7374		0.0000		3961.309		3.571		8.380		3.686918		8.880
3.372		0.7406		0.0000		3961.306		3.574		8.430		3.702754		8.920
3.392		0.7439		0.0000		3961.302		3.577		8.480		3.719277		8.960
3.414		0.7470		0.0000		3961.299		3.580		8.535		3.735113		9.000
3.434		0.7502		0.0000		3961.296		3.584		8.585		3.750949		9.040
3.454		0.7535		0.0000		3961.293		3.587		8.635		3.767473		9.080
3.474		0.7571		0.0000		3961.289		3.590		8.685		3.785373		9.120
3.496		0.7609		0.0000		3961.285		3.594		8.740		3.804651		9.160
3.520		0.7644		0.0000		3961.282		3.598		8.800		3.821864		9.200
3.544		0.7675		0.0000		3961.279		3.601		8.860		3.837700		9.240
3.566		0.7707		0.0000		3961.276		3.604		8.915		3.853534		9.280
3.584		0.7740		0.0000		3961.272		3.607		8.960		3.870059		9.320
3.602		0.7772		0.0000		3961.269		3.610		9.005		3.885895		9.360
3.620		0.7803		0.0000		3961.266		3.614		9.050		3.901730		9.400
3.638		0.7837		0.0000		3961.263		3.617		9.095		3.918254		9.440
3.656		0.7868		0.0000		3961.260		3.620		9.140		3.934089		9.480
3.674		0.7904		0.0000		3961.256		3.624		9.185		3.951991		9.520
3.694		0.7941		0.0000		3961.252		3.627		9.235		3.970580		9.560
3.714		0.7977		0.0000		3961.249		3.631		9.285		3.988481		9.600
3.736		0.8009		0.0000		3961.245		3.634		9.340		4.004316		9.640
3.756		0.8042		0.0000		3961.242		3.637		9.390		4.020840		9.680
3.774		0.8073		0.0000		3961.239		3.641		9.435		4.036675		9.720
3.790		0.8106		0.0000		3961.236		3.644		9.475		4.053201		9.760
3.806		0.8138		0.0000		3961.232		3.647		9.515		4.069035		9.800
3.822		0.8170		0.0000		3961.229		3.650		9.555		4.084871		9.840
3.838		0.8201		0.0000		3961.226		3.653		9.595		4.100707		9.880
3.854		0.8236		0.0000		3961.223		3.657		9.635		4.117919		9.920
3.870		0.8273		0.0000		3961.219		3.661		9.675		4.136509		9.960
3.890		0.8310		0.0000		3961.215		3.664		9.725		4.155098		10.000
3.910		0.8343		0.0000		3961.212		3.668		9.775		4.171622		10.040
3.930		0.8375		0.0000		3961.209		3.671		9.825		4.187458		10.080
3.946		0.8407		0.0000		3961.206		3.674		9.865		4.203293		10.120
3.960		0.8440		0.0000		3961.202		3.677		9.900		4.219817		10.160
3.972		0.8471		0.0000		3961.199		3.680		9.930		4.235653		10.200
3.986		0.8504		0.0000		3961.196		3.684		9.965		4.252176		10.240
4.000		0.8536		0.0000		3961.193		3.687		10.000		4.268012		10.280
4.014		0.8569		0.0000		3961.189		3.690		10.035		4.284535		10.320
4.028		0.8605		0.0000		3961.186		3.694		10.070		4.302437		10.360
4.044		0.8642		0.0000		3961.182		3.698		10.110		4.321027		10.400
4.060		0.8678		0.0000		3961.178		3.701		10.150		4.338927		10.440
4.078		0.8710		0.0000		3961.175		3.704		10.195		4.354763		10.480
4.094		0.8741		0.0000		3961.172		3.707		10.235		4.370599		10.520
4.106		0.8774		0.0000		3961.169		3.711		10.265		4.387122		10.560
4.118		0.8806		0.0000		3961.166		3.714		10.295		4.402958		10.600
4.128		0.8838		0.0000		3961.163		3.717		10.320		4.418794		10.640
4.140		0.8869		0.0000		3961.159		3.720		10.350		4.434628		10.680
4.150		0.8902		0.0000		3961.156		3.724		10.375		4.451153		10.720
4.162		0.8938		0.0000		3961.153		3.727		10.405		4.469054		10.760
4.174		0.8975		0.0000		3961.149		3.731		10.435		4.487643		10.800
4.188		0.9011		0.0000		3961.145		3.734		10.470		4.505545		10.840
4.204		0.9044		0.0000		3961.142		3.738		10.510		4.522069		10.880
4.218		0.9074		0.0000		3961.139		3.741		10.545		4.537215		10.920
4.228		0.9107		0.0000		3961.135		3.744		10.570		4.553740		10.960
4.238		0.9141		0.0000		3961.132		3.747		10.595		4.570264		11.000
4.248		0.9172		0.0000		3961.129		3.751		10.620		4.586100		11.040
4.258		0.9204		0.0000		3961.126		3.754		10.645		4.601934		11.080
4.266		0.9236		0.0000		3961.123		3.757		10.665		4.617770		11.120
4.276		0.9270		0.0000		3961.119		3.760		10.690		4.634982		11.160
4.284		0.9307		0.0000		3961.116		3.764		10.710		4.653572		11.200
4.296		0.9344		0.0000		3961.112		3.768		10.740		4.672161		11.240
4.310		0.9377		0.0000		3961.109		3.771		10.775		4.688685		11.280
4.322		0.9409		0.0000		3961.105		3.774		10.805		4.704521		11.320
4.332		0.9441		0.0000		3961.102		3.777		10.830		4.720356		11.360
4.340		0.9474		0.0000		3961.099		3.781		10.850		4.736880		11.400
4.348		0.9505		0.0000		3961.096		3.784		10.870		4.752716		11.440
4.356		0.9537		0.0000		3961.093		3.787		10.890		4.768552		11.480
4.362		0.9570		0.0000		3961.089		3.790		10.905		4.785075		11.520
4.370		0.9603		0.0000		3961.086		3.794		10.925		4.801600		11.560
4.378		0.9639		0.0000		3961.083		3.797		10.945		4.819500		11.600
4.388		0.9678		0.0000		3961.079		3.801		10.970		4.838779		11.640
4.400		0.9712		0.0000		3961.075		3.805		11.000		4.855990		11.680
4.410		0.9744		0.0000		3961.072		3.808		11.025		4.871826		11.720
4.420		0.9775		0.0000		3961.069		3.811		11.050		4.887662		11.760
4.424		0.9808		0.0000		3961.065		3.814		11.060		4.904185		11.800
4.430		0.9840		0.0000		3961.062		3.817		11.075		4.920021		11.840
4.436		0.9872		0.0000		3961.059		3.820		11.090		4.935857		11.880
4.442		0.9903		0.0000		3961.056		3.824		11.105		4.951693		11.920
4.448		0.9936		0.0000		3961.053		3.827		11.120		4.968216		11.960
4.454		0.9972		0.0000		3961.049		3.831		11.135		4.986117		12.000
4.462		1.0009		0.0000		3961.045		3.834		11.155		5.004706		12.040
4.472		1.0045		0.0000		3961.042		3.838		11.180		5.022608		12.080
4.482		1.0077		0.0000		3961.039		3.841		11.205		5.038444		12.120
4.492		1.0110		0.0000		3961.035		3.844		11.230		5.054967		12.160
4.498		1.0142		0.0000		3961.032		3.847		11.245		5.070803		12.200
4.502		1.0173		0.0000		3961.029		3.851		11.255		5.086639		12.240
4.508		1.0205		0.0000		3961.026		3.854		11.270		5.102473		12.280
4.514		1.0238		0.0000		3961.022		3.857		11.285		5.118999		12.320
4.518		1.0270		0.0000		3961.019		3.860		11.295		5.134833		12.360
4.524		1.0304		0.0000		3961.016		3.864		11.310		5.152045		12.400
4.530		1.0341		0.0000		3961.012		3.867		11.325		5.170635		12.440
4.540		1.0380		0.0000		3961.008		3.871		11.350		5.189914		12.480
4.550		1.0413		0.0000		3961.005		3.875		11.375		5.206437		12.520
4.560		1.0443		0.0000		3961.002		3.878		11.400		5.221585		12.560
4.568		1.0475		0.0000		3960.999		3.881		11.420		5.237420		12.600
4.572		1.0508		0.0000		3960.996		3.884		11.430		5.253944		12.640
4.576		1.0540		0.0000		3960.992		3.887		11.440		5.269779		12.680
4.582		1.0571		0.0000		3960.989		3.890		11.455		5.285615		12.720
4.586		1.0604		0.0000		3960.986		3.894		11.465		5.302139		12.760
4.590		1.0637		0.0000		3960.983		3.897		11.475		5.318663		12.800
4.596		1.0673		0.0000		3960.979		3.901		11.490		5.336564		12.840
4.604		1.0712		0.0000		3960.975		3.904		11.510		5.355842		12.880
4.614		1.0746		0.0000		3960.972		3.908		11.535		5.373055		12.920
4.624		1.0778		0.0000		3960.969		3.911		11.560		5.388890		12.960
4.630		1.0809		0.0000		3960.965		3.914		11.575		5.404725		13.000
4.636		1.0841		0.0000		3960.962		3.917		11.590		5.420561		13.040
4.640		1.0874		0.0000		3960.959		3.921		11.600		5.437084		13.080
4.644		1.0906		0.0000		3960.956		3.924		11.610		5.452920		13.120
4.648		1.0938		0.0000		3960.953		3.927		11.620		5.468756		13.160
4.652		1.0969		0.0000		3960.949		3.930		11.630		5.484591		13.200
4.656		1.1006		0.0000		3960.946		3.934		11.640		5.503181		13.240
4.662		1.1044		0.0000		3960.942		3.938		11.655		5.521770		13.280
4.672		1.1081		0.0000		3960.938		3.941		11.680		5.540360		13.320
4.682		1.1111		0.0000		3960.935		3.944		11.705		5.555507		13.360
4.690		1.1143		0.0000		3960.932		3.948		11.725		5.571342		13.400
4.692		1.1176		0.0000		3960.929		3.951		11.730		5.587866		13.440
4.696		1.1207		0.0000		3960.926		3.954		11.740		5.603702		13.480
4.700		1.1239		0.0000		3960.922		3.957		11.750		5.619538		13.520
4.704		1.1272		0.0000		3960.919		3.961		11.760		5.636062		13.560
4.706		1.1304		0.0000		3960.916		3.964		11.765		5.651897		13.600
4.710		1.1337		0.0000		3960.913		3.967		11.775		5.668421		13.640
4.716		1.1375		0.0000		3960.909		3.971		11.790		5.687699		13.680
4.722		1.1413		0.0000		3960.905		3.975		11.805		5.706289		13.720
4.732		1.1446		0.0000		3960.902		3.978		11.830		5.722813		13.760
4.740		1.1477		0.0000		3960.899		3.981		11.850		5.738648		13.800
4.744		1.1509		0.0000		3960.896		3.984		11.860		5.754484		13.840
4.746		1.1542		0.0000		3960.892		3.988		11.865		5.771008		13.880
4.748		1.1574		0.0000		3960.889		3.991		11.870		5.786843		13.920
4.752		1.1605		0.0000		3960.886		3.994		11.880		5.802678		13.960
4.754		1.1637		0.0000		3960.883		3.997		11.885		5.818514		14.000
4.756		1.1671		0.0000		3960.879		4.000		11.890		5.835728		14.040
4.760		1.1709		0.0000		3960.875		4.004		11.900		5.854317		14.080
4.766		1.1746		0.0000		3960.872		4.008		11.915		5.872907		14.120
4.776		1.1780		0.0000		3960.868		4.011		11.940		5.890118		14.160
4.784		1.1812		0.0000		3960.865		4.015		11.960		5.905953		14.200
4.790		1.1844		0.0000		3960.862		4.018		11.975		5.921789		14.240
4.792		1.1875		0.0000		3960.859		4.021		11.980		5.937625		14.280
4.794		1.1908		0.0000		3960.855		4.024		11.985		5.954147		14.320
4.796		1.1940		0.0000		3960.852		4.027		11.990		5.969983		14.360
4.800		1.1972		0.0000		3960.849		4.030		12.000		5.985819		14.400
4.802		1.2005		0.0000		3960.846		4.034		12.005		6.002344		14.440
4.804		1.2040		0.0000		3960.842		4.037		12.010		6.020245		14.480
4.810		1.2078		0.0000		3960.839		4.041		12.025		6.038834		14.520
4.816		1.2113		0.0000		3960.835		4.045		12.040		6.056734		14.560
4.824		1.2145		0.0000		3960.832		4.048		12.060		6.072570		14.600
4.830		1.2177		0.0000		3960.829		4.051		12.075		6.088406		14.640
4.832		1.2210		0.0000		3960.825		4.054		12.080		6.104931		14.680
4.834		1.2242		0.0000		3960.822		4.057		12.085		6.120767		14.720
4.836		1.2273		0.0000		3960.819		4.061		12.090		6.136600		14.760
4.838		1.2305		0.0000		3960.816		4.064		12.095		6.152435		14.800
4.840		1.2338		0.0000		3960.812		4.067		12.100		6.168961		14.840
4.842		1.2372		0.0000		3960.809		4.071		12.105		6.186172		14.880
4.846		1.2410		0.0000		3960.805		4.074		12.115		6.204762		14.920
4.852		1.2448		0.0000		3960.802		4.078		12.130		6.224040		14.960
4.858		1.2480		0.0000		3960.798		4.081		12.145		6.239876		15.000
4.864		1.2511		0.0000		3960.795		4.084		12.160		6.255712		15.040
4.866		1.2543		0.0000		3960.792		4.088		12.165		6.271547		15.080
4.866		1.2576		0.0000		3960.789		4.091		12.165		6.288072		15.120
4.868		1.2608		0.0000		3960.786		4.094		12.170		6.303907		15.160
4.870		1.2639		0.0000		3960.782		4.097		12.175		6.319741		15.200
4.870		1.2671		0.0000		3960.779		4.100		12.175		6.335577		15.240
4.872		1.2704		0.0000		3960.776		4.104		12.180		6.352101		15.280
4.874		1.2741		0.0000		3960.772		4.107		12.185		6.370691		15.320
4.878		1.2780		0.0000		3960.768		4.111		12.195		6.389970		15.360
4.884		1.2814		0.0000		3960.765		4.115		12.210		6.407181		15.400
4.892		1.2846		0.0000		3960.762		4.118		12.230		6.423017		15.440
4.894		1.2878		0.0000		3960.759		4.121		12.235		6.438852		15.480
4.896		1.2909		0.0000		3960.755		4.124		12.240		6.454688		15.520
4.896		1.2941		0.0000		3960.752		4.127		12.240		6.470524		15.560
4.898		1.2974		0.0000		3960.749		4.131		12.245		6.487046		15.600
4.898		1.3006		0.0000		3960.746		4.134		12.245		6.502882		15.640
4.900		1.3037		0.0000		3960.743		4.137		12.250		6.518718		15.680
4.900		1.3075		0.0000		3960.739		4.141		12.250		6.537308		15.720
4.904		1.3112		0.0000		3960.735		4.144		12.260		6.555897		15.760
4.912		1.3149		0.0000		3960.731		4.148		12.280		6.574487		15.800
4.918		1.3179		0.0000		3960.729		4.151		12.295		6.589633		15.840
4.922		1.3211		0.0000		3960.725		4.154		12.305		6.605469		15.880
4.924		1.3244		0.0000		3960.722		4.158		12.310		6.621994		15.920
4.924		1.3276		0.0000		3960.719		4.161		12.310		6.637830		15.960
4.924		1.3307		0.0000		3960.716		4.164		12.310		6.653666		16.000
4.926		1.3340		0.0000		3960.712		4.167		12.315		6.670188		16.040
4.926		1.3372		0.0000		3960.709		4.171		12.315		6.686024		16.080
4.926		1.3406		0.0000		3960.706		4.174		12.315		6.703238		16.120
4.928		1.3445		0.0000		3960.702		4.178		12.320		6.722513		16.160
4.932		1.3481		0.0000		3960.698		4.181		12.330		6.740417		16.200
4.938		1.3514		0.0000		3960.695		4.185		12.345		6.756939		16.240
4.944		1.3546		0.0000		3960.692		4.188		12.360		6.772775		16.280
4.946		1.3577		0.0000		3960.689		4.191		12.365		6.788610		16.320
4.944		1.3610		0.0000		3960.685		4.194		12.360		6.805135		16.360
4.946		1.3642		0.0000		3960.682		4.198		12.365		6.820971		16.400
4.946		1.3674		0.0000		3960.679		4.201		12.365		6.836806		16.440
4.946		1.3705		0.0000		3960.676		4.204		12.365		6.852640		16.480
4.946		1.3738		0.0000		3960.673		4.207		12.365		6.869164		16.520
4.946		1.3777		0.0000		3960.669		4.211		12.365		6.888443		16.560
4.950		1.3814		0.0000		3960.665		4.215		12.375		6.907033		16.600
4.956		1.3850		0.0000		3960.661		4.218		12.390		6.924933		16.640
4.962		1.3879		0.0000		3960.658		4.221		12.405		6.939391		16.680
4.964		1.3912		0.0000		3960.655		4.224		12.410		6.955915		16.720
4.962		1.3945		0.0000		3960.652		4.228		12.405		6.972441		16.760
4.962		1.3977		0.0000		3960.649		4.231		12.405		6.988276		16.800
4.964		1.4008		0.0000		3960.646		4.234		12.410		7.004112		16.840
4.964		1.4040		0.0000		3960.642		4.237		12.410		7.019945		16.880
4.964		1.4073		0.0000		3960.639		4.241		12.410		7.036470		16.920
4.966		1.4110		0.0000		3960.635		4.244		12.415		7.055059		16.960
4.968		1.4146		0.0000		3960.632		4.248		12.420		7.072960		17.000
4.972		1.4182		0.0000		3960.628		4.251		12.430		7.090863		17.040
4.978		1.4215		0.0000		3960.625		4.255		12.445		7.107386		17.080
4.982		1.4245		0.0000		3960.622		4.258		12.455		7.122532		17.120
4.982		1.4278		0.0000		3960.618		4.261		12.455		7.139057		17.160
4.980		1.4311		0.0000		3960.615		4.264		12.450		7.155581		17.200
4.980		1.4341		0.0000		3960.612		4.267		12.450		7.170729		17.240
4.978		1.4375		0.0000		3960.609		4.271		12.445		7.187251		17.280
4.978		1.4406		0.0000		3960.606		4.274		12.445		7.203087		17.320
4.978		1.4441		0.0000		3960.602		4.277		12.445		7.220301		17.360
4.978		1.4479		0.0000		3960.598		4.281		12.445		7.239579		17.400
4.982		1.4516		0.0000		3960.595		4.285		12.455		7.258168		17.440
4.988		1.4548		0.0000		3960.592		4.288		12.470		7.274002		17.480
4.992		1.4578		0.0000		3960.588		4.291		12.480		7.289151		17.520
4.992		1.4611		0.0000		3960.585		4.294		12.480		7.305674		17.560
4.992		1.4644		0.0000		3960.582		4.298		12.480		7.322198		17.600
4.990		1.4676		0.0000		3960.579		4.301		12.475		7.338034		17.640
4.990		1.4708		0.0000		3960.575		4.304		12.475		7.353869		17.680
4.990		1.4741		0.0000		3960.572		4.307		12.475		7.370392		17.720
4.990		1.4774		0.0000		3960.569		4.311		12.475		7.386917		17.760
4.992		1.4811		0.0000		3960.565		4.314		12.480		7.405506		17.800
4.994		1.4850		0.0000		3960.561		4.318		12.485		7.424785		17.840
5.000		1.4883		0.0000		3960.558		4.322		12.500		7.441307		17.880
5.006		1.4913		0.0000		3960.555		4.325		12.515		7.456456		17.920
5.008		1.4946		0.0000		3960.552		4.328		12.520		7.472979		17.960
5.008		1.4978		0.0000		3960.549		4.331		12.520		7.488814		18.000
5.006		1.5011		0.0000		3960.545		4.334		12.515		7.505340		18.040
5.006		1.5042		0.0000		3960.542		4.338		12.515		7.521175		18.080
5.006		1.5074		0.0000		3960.539		4.341		12.515		7.537011		18.120
5.006		1.5106		0.0000		3960.536		4.344		12.515		7.552844		18.160
5.006		1.5144		0.0000		3960.532		4.348		12.515		7.572123		18.200
5.008		1.5183		0.0000		3960.528		4.352		12.520		7.591401		18.240
5.012		1.5217		0.0000		3960.525		4.355		12.530		7.608613		18.280
5.018		1.5248		0.0000		3960.521		4.358		12.545		7.623762		18.320
5.020		1.5279		0.0000		3960.518		4.361		12.550		7.639595		18.360
5.020		1.5312		0.0000		3960.515		4.365		12.550		7.656120		18.400
5.018		1.5344		0.0000		3960.512		4.368		12.545		7.671956		18.440
5.018		1.5377		0.0000		3960.509		4.371		12.545		7.688480		18.480
5.018		1.5407		0.0000		3960.506		4.374		12.545		7.703628		18.520
5.016		1.5440		0.0000		3960.502		4.377		12.540		7.720152		18.560
5.016		1.5475		0.0000		3960.499		4.381		12.540		7.737364		18.600
5.016		1.5513		0.0000		3960.495		4.385		12.540		7.756642		18.640
5.020		1.5550		0.0000		3960.491		4.388		12.550		7.775231		18.680
5.024		1.5582		0.0000		3960.488		4.392		12.560		7.791067		18.720
5.028		1.5614		0.0000		3960.485		4.395		12.570		7.806903		18.760
5.028		1.5647		0.0000		3960.482		4.398		12.570		7.823425		18.800
5.026		1.5677		0.0000		3960.479		4.401		12.565		7.838573		18.840
5.024		1.5710		0.0000		3960.475		4.404		12.560		7.855097		18.880
5.024		1.5742		0.0000		3960.472		4.408		12.560		7.870933		18.920
5.024		1.5774		0.0000		3960.469		4.411		12.560		7.886768		18.960
5.022		1.5807		0.0000		3960.466		4.414		12.555		7.903291		19.000
5.024		1.5845		0.0000		3960.462		4.418		12.560		7.922569		19.040
5.026		1.5882		0.0000		3960.458		4.422		12.565		7.941159		19.080
5.032		1.5917		0.0000		3960.455		4.425		12.580		7.958373		19.120
5.036		1.5948		0.0000		3960.451		4.428		12.590		7.974209		19.160
5.036		1.5980		0.0000		3960.448		4.431		12.590		7.990042		19.200
5.034		1.6013		0.0000		3960.445		4.435		12.585		8.006567		19.240
5.034		1.6045		0.0000		3960.442		4.438		12.585		8.022403		19.280
5.032		1.6076		0.0000		3960.439		4.441		12.580		8.038239		19.320
5.032		1.6108		0.0000		3960.436		4.444		12.580		8.054074		19.360
5.030		1.6141		0.0000		3960.432		4.447		12.575		8.070597		19.400
5.030		1.6178		0.0000		3960.428		4.451		12.575		8.089186		19.440
5.032		1.6216		0.0000		3960.425		4.455		12.580		8.107776		19.480
5.036		1.6251		0.0000		3960.421		4.458		12.590		8.125678		19.520
5.042		1.6283		0.0000		3960.418		4.462		12.605		8.141514		19.560
5.044		1.6315		0.0000		3960.415		4.465		12.610		8.157348		19.600
5.042		1.6346		0.0000		3960.412		4.468		12.605		8.173183		19.640
5.040		1.6378		0.0000		3960.408		4.471		12.600		8.189019		19.680
5.038		1.6411		0.0000		3960.405		4.474		12.595		8.205544		19.720
5.038		1.6441		0.0000		3960.402		4.477		12.595		8.220691		19.760
5.036		1.6474		0.0000		3960.399		4.481		12.590		8.237215		19.800
5.034		1.6510		0.0000		3960.395		4.484		12.585		8.255116		19.840
5.034		1.6547		0.0000		3960.392		4.488		12.585		8.273705		19.880
5.038		1.6585		0.0000		3960.388		4.492		12.595		8.292295		19.920
5.042		1.6616		0.0000		3960.385		4.495		12.605		8.308130		19.960
5.044		1.6647		0.0000		3960.382		4.498		12.610		8.323277		20.000
5.042		1.6680		0.0000		3960.378		4.501		12.605		8.339802		20.040
5.040		1.6713		0.0000		3960.375		4.505		12.600		8.356324		20.080
5.038		1.6744		0.0000		3960.372		4.508		12.595		8.372160		20.120
5.038		1.6776		0.0000		3960.369		4.511		12.595		8.387996		20.160
5.036		1.6808		0.0000		3960.365		4.514		12.590		8.403831		20.200
5.034		1.6843		0.0000		3960.362		4.518		12.585		8.421732		20.240
5.034		1.6879		0.0000		3960.358		4.521		12.585		8.439632		20.280
5.036		1.6918		0.0000		3960.354		4.525		12.590		8.458911		20.320
5.040		1.6951		0.0000		3960.351		4.528		12.600		8.475436		20.360
5.042		1.6983		0.0000		3960.348		4.532		12.605		8.491272		20.400
5.042		1.7014		0.0000		3960.345		4.535		12.605		8.507108		20.440
5.040		1.7047		0.0000		3960.342		4.538		12.600		8.523630		20.480
5.038		1.7079		0.0000		3960.338		4.541		12.595		8.539466		20.520
5.036		1.7111		0.0000		3960.335		4.544		12.590		8.555302		20.560
5.034		1.7142		0.0000		3960.332		4.548		12.585		8.571137		20.600
5.032		1.7175		0.0000		3960.329		4.551		12.580		8.587662		20.640
5.030		1.7213		0.0000		3960.325		4.555		12.575		8.606252		20.680
5.030		1.7250		0.0000		3960.321		4.558		12.575		8.624841		20.720
5.032		1.7285		0.0000		3960.318		4.562		12.580		8.642741		20.760
5.036		1.7316		0.0000		3960.315		4.565		12.590		8.657888		20.800
5.036		1.7347		0.0000		3960.312		4.568		12.590		8.673724		20.840
5.032		1.7380		0.0000		3960.308		4.571		12.580		8.690247		20.880
5.028		1.7414		0.0000		3960.305		4.575		12.570		8.706771		20.920
5.026		1.7445		0.0000		3960.302		4.578		12.565		8.722607		20.960
5.022		1.7477		0.0000		3960.299		4.581		12.555		8.738442		21.000
5.020		1.7509		0.0000		3960.295		4.584		12.550		8.754278		21.040
5.018		1.7544		0.0000		3960.292		4.588		12.545		8.772179		21.080
5.016		1.7582		0.0000		3960.288		4.591		12.540		8.790769		21.120
5.018		1.7619		0.0000		3960.284		4.595		12.545		8.809358		21.160
5.022		1.7650		0.0000		3960.281		4.598		12.555		8.825193		21.200
5.024		1.7682		0.0000		3960.278		4.602		12.560		8.841029		21.240
5.020		1.7715		0.0000		3960.275		4.605		12.550		8.857552		21.280
5.018		1.7747		0.0000		3960.272		4.608		12.545		8.873387		21.320
5.014		1.7778		0.0000		3960.269		4.611		12.535		8.889223		21.360
5.012		1.7810		0.0000		3960.265		4.614		12.530		8.905059		21.400
5.010		1.7843		0.0000		3960.262		4.618		12.525		8.921584		21.440
5.006		1.7878		0.0000		3960.259		4.621		12.515		8.938795		21.480
5.004		1.7913		0.0000		3960.255		4.625		12.510		8.956696		21.520
5.004		1.7952		0.0000		3960.251		4.629		12.510		8.975974		21.560
5.008		1.7985		0.0000		3960.248		4.632		12.520		8.992499		21.600
5.008		1.8015		0.0000		3960.245		4.635		12.520		9.007646		21.640
5.006		1.8048		0.0000		3960.241		4.638		12.515		9.024171		21.680
5.002		1.8080		0.0000		3960.238		4.641		12.505		9.040007		21.720
5.000		1.8113		0.0000		3960.235		4.645		12.500		9.056529		21.760
4.996		1.8145		0.0000		3960.232		4.648		12.490		9.072365		21.800
4.994		1.8176		0.0000		3960.229		4.651		12.485		9.088201		21.840
4.990		1.8209		0.0000		3960.225		4.654		12.475		9.104725		21.880
4.986		1.8247		0.0000		3960.222		4.658		12.465		9.123315		21.920
4.986		1.8284		0.0000		3960.218		4.662		12.465		9.141904		21.960
4.988		1.8318		0.0000		3960.215		4.665		12.470		9.159116		22.000
4.988		1.8350		0.0000		3960.211		4.668		12.470		9.174952		22.040
4.986		1.8382		0.0000		3960.208		4.671		12.465		9.190787		22.080
4.984		1.8413		0.0000		3960.205		4.675		12.460		9.206623		22.120
4.980		1.8446		0.0000		3960.202		4.678		12.450		9.223147		22.160
4.976		1.8478		0.0000		3960.198		4.681		12.440		9.238981		22.200
4.972		1.8511		0.0000		3960.195		4.684		12.430		9.255506		22.240
4.968		1.8543		0.0000		3960.192		4.688		12.420		9.271341		22.280
4.964		1.8578		0.0000		3960.188		4.691		12.410		9.289242		22.320
4.962		1.8617		0.0000		3960.185		4.695		12.405		9.308520		22.360
4.964		1.8653		0.0000		3960.181		4.699		12.410		9.326421		22.400
4.966		1.8685		0.0000		3960.178		4.702		12.415		9.342257		22.440
4.966		1.8716		0.0000		3960.175		4.705		12.415		9.358092		22.480
4.962		1.8748		0.0000		3960.172		4.708		12.405		9.373928		22.520
4.956		1.8781		0.0000		3960.168		4.711		12.390		9.390453		22.560
4.952		1.8813		0.0000		3960.165		4.715		12.380		9.406286		22.600
4.948		1.8844		0.0000		3960.162		4.718		12.370		9.422122		22.640
4.944		1.8876		0.0000		3960.159		4.721		12.360		9.437958		22.680
4.940		1.8910		0.0000		3960.155		4.724		12.350		9.455172		22.720
4.938		1.8949		0.0000		3960.151		4.728		12.345		9.474448		22.760
4.938		1.8986		0.0000		3960.148		4.732		12.345		9.493037		22.800
4.938		1.9018		0.0000		3960.145		4.735		12.345		9.508873		22.840
4.938		1.9051		0.0000		3960.141		4.738		12.345		9.525398		22.880
4.934		1.9082		0.0000		3960.138		4.742		12.335		9.541234		22.920
4.930		1.9114		0.0000		3960.135		4.745		12.325		9.557070		22.960
4.924		1.9147		0.0000		3960.132		4.748		12.310		9.573592		23.000
4.920		1.9179		0.0000		3960.128		4.751		12.300		9.589428		23.040
4.914		1.9211		0.0000		3960.125		4.754		12.285		9.605264		23.080
4.908		1.9244		0.0000		3960.122		4.758		12.270		9.621788		23.120
4.904		1.9281		0.0000		3960.118		4.761		12.260		9.640378		23.160
4.902		1.9319		0.0000		3960.115		4.765		12.255		9.659657		23.200
4.902		1.9352		0.0000		3960.111		4.769		12.255		9.676179		23.240
4.902		1.9384		0.0000		3960.108		4.772		12.255		9.692015		23.280
4.900		1.9416		0.0000		3960.105		4.775		12.250		9.707850		23.320
4.894		1.9449		0.0000		3960.102		4.778		12.235		9.724375		23.360
4.888		1.9480		0.0000		3960.098		4.781		12.220		9.740211		23.400
4.884		1.9512		0.0000		3960.095		4.785		12.210		9.756046		23.440
4.878		1.9544		0.0000		3960.092		4.788		12.195		9.771880		23.480
4.874		1.9577		0.0000		3960.089		4.791		12.185		9.788404		23.520
4.868		1.9613		0.0000		3960.085		4.795		12.170		9.806305		23.560
4.866		1.9651		0.0000		3960.081		4.798		12.165		9.825583		23.600
4.864		1.9687		0.0000		3960.078		4.802		12.160		9.843484		23.640
4.866		1.9719		0.0000		3960.074		4.805		12.165		9.859320		23.680
4.864		1.9750		0.0000		3960.071		4.808		12.160		9.875155		23.720
4.858		1.9782		0.0000		3960.068		4.812		12.145		9.890991		23.760
4.854		1.9815		0.0000		3960.065		4.815		12.135		9.907516		23.800
4.848		1.9847		0.0000		3960.062		4.818		12.120		9.923352		23.840
4.844		1.9878		0.0000		3960.059		4.821		12.110		9.939185		23.880
4.838		1.9910		0.0000		3960.055		4.824		12.095		9.955021		23.920
4.834		1.9944		0.0000		3960.052		4.828		12.085		9.972235		23.960
4.830		1.9983		0.0000		3960.048		4.832		12.075		9.991513		24.000
4.830		2.0020		0.0000		3960.044		4.835		12.075		10.010103		24.040
4.830		2.0053		0.0000		3960.041		4.839		12.075		10.026626		24.080
4.830		2.0084		0.0000		3960.038		4.842		12.075		10.041772		24.120
4.826		2.0117		0.0000		3960.035		4.845		12.065		10.058297		24.160
4.818		2.0148		0.0000		3960.031		4.848		12.045		10.074133		24.200
4.814		2.0181		0.0000		3960.028		4.851		12.035		10.090657		24.240
4.808		2.0212		0.0000		3960.025		4.854		12.020		10.105804		24.280
4.802		2.0245		0.0000		3960.022		4.858		12.005		10.122327		24.320
4.798		2.0278		0.0000		3960.019		4.861		11.995		10.138851		24.360
4.792		2.0315		0.0000		3960.015		4.865		11.980		10.157441		24.400
4.790		2.0353		0.0000		3960.011		4.869		11.975		10.176720		24.440
4.790		2.0386		0.0000		3960.008		4.872		11.975		10.193242		24.480
4.790		2.0418		0.0000		3960.004		4.875		11.975		10.209078		24.520
4.786		2.0450		0.0000		3960.001		4.878		11.965		10.224914		24.560
4.780		2.0483		0.0000		3959.998		4.882		11.950		10.241438		24.600
4.774		2.0515		0.0000		3959.995		4.885		11.935		10.257274		24.640
4.768		2.0546		0.0000		3959.992		4.888		11.920		10.273109		24.680
4.762		2.0578		0.0000		3959.989		4.891		11.905		10.288945		24.720
4.756		2.0611		0.0000		3959.985		4.894		11.890		10.305468		24.760
4.752		2.0647		0.0000		3959.982		4.898		11.880		10.323368		24.800
4.748		2.0685		0.0000		3959.978		4.902		11.870		10.342647		24.840
4.748		2.0721		0.0000		3959.974		4.905		11.870		10.360547		24.880
4.748		2.0753		0.0000		3959.971		4.909		11.870		10.376383		24.920
4.746		2.0784		0.0000		3959.968		4.912		11.865		10.392219		24.960
4.740		2.0816		0.0000		3959.965		4.915		11.850		10.408054		25.000
4.734		2.0849		0.0000		3959.961		4.918		11.835		10.424580		25.040
4.728		2.0881		0.0000		3959.958		4.921		11.820		10.440415		25.080
4.722		2.0913		0.0000		3959.955		4.925		11.805		10.456251		25.120
4.716		2.0946		0.0000		3959.952		4.928		11.790		10.472774		25.160
4.710		2.0980		0.0000		3959.948		4.931		11.775		10.489987		25.200
4.706		2.1017		0.0000		3959.945		4.935		11.765		10.508576		25.240
4.704		2.1054		0.0000		3959.941		4.939		11.760		10.527166		25.280
4.704		2.1086		0.0000		3959.938		4.942		11.760		10.543002		25.320
4.702		2.1119		0.0000		3959.934		4.945		11.755		10.559525		25.360
4.696		2.1151		0.0000		3959.931		4.948		11.740		10.575360		25.400
4.690		2.1182		0.0000		3959.928		4.952		11.725		10.591196		25.440
4.684		2.1214		0.0000		3959.925		4.955		11.710		10.607032		25.480
4.678		2.1246		0.0000		3959.922		4.958		11.695		10.622868		25.520
4.672		2.1279		0.0000		3959.918		4.961		11.680		10.639392		25.560
4.666		2.1312		0.0000		3959.915		4.964		11.665		10.655914		25.600
4.662		2.1349		0.0000		3959.911		4.968		11.655		10.674504		25.640
4.658		2.1388		0.0000		3959.907		4.972		11.645		10.693783		25.680
4.658		2.1421		0.0000		3959.904		4.975		11.645		10.710307		25.720
4.658		2.1452		0.0000		3959.901		4.979		11.645		10.726143		25.760
4.652		2.1484		0.0000		3959.898		4.982		11.630		10.741977		25.800
4.646		2.1517		0.0000		3959.895		4.985		11.615		10.758501		25.840
4.640		2.1549		0.0000		3959.891		4.988		11.600		10.774337		25.880
4.636		2.1580		0.0000		3959.888		4.991		11.590		10.790173		25.920
4.630		2.1612		0.0000		3959.885		4.995		11.575		10.806008		25.960
4.624		2.1645		0.0000		3959.882		4.998		11.560		10.822531		26.000
4.620		2.1681		0.0000		3959.878		5.001		11.550		10.840434		26.040
4.616		2.1719		0.0000		3959.874		5.005		11.540		10.859710		26.080
4.616		2.1755		0.0000		3959.871		5.009		11.540		10.877613		26.120
4.616		2.1787		0.0000		3959.868		5.012		11.540		10.893449		26.160
4.612		2.1819		0.0000		3959.865		5.015		11.530		10.909282		26.200
4.606		2.1850		0.0000		3959.861		5.018		11.515		10.925117		26.240
4.600		2.1883		0.0000		3959.858		5.022		11.500		10.941643		26.280
4.594		2.1915		0.0000		3959.855		5.025		11.485		10.957479		26.320
4.588		2.1947		0.0000		3959.852		5.028		11.470		10.973314		26.360
4.582		2.1978		0.0000		3959.848		5.031		11.455		10.989150		26.400
4.576		2.2013		0.0000		3959.845		5.035		11.440		11.006361		26.440
4.572		2.2051		0.0000		3959.841		5.038		11.430		11.025640		26.480
4.570		2.2088		0.0000		3959.837		5.042		11.425		11.044230		26.520
4.570		2.2120		0.0000		3959.834		5.045		11.425		11.060065		26.560
4.568		2.2152		0.0000		3959.831		5.048		11.420		11.075901		26.600
4.562		2.2185		0.0000		3959.828		5.052		11.405		11.092423		26.640
4.556		2.2217		0.0000		3959.825		5.055		11.390		11.108259		26.680
4.550		2.2248		0.0000		3959.822		5.058		11.375		11.124095		26.720
4.544		2.2280		0.0000		3959.818		5.061		11.360		11.139931		26.760
4.538		2.2313		0.0000		3959.815		5.065		11.345		11.156455		26.800
4.532		2.2346		0.0000		3959.812		5.068		11.330		11.172977		26.840
