数据量:1136
试验力		变形		扩展变形		位置		位移		应力		应变		时间
0.010		0.0019		0.0000		3961.954		2.159		0.025		0.009639		0.040
0.012		0.0052		0.0000		3961.951		2.162		0.030		0.026163		0.080
0.014		0.0085		0.0000		3961.948		2.166		0.035		0.042686		0.120
0.016		0.0120		0.0000		3961.944		2.169		0.040		0.059899		0.160
0.018		0.0157		0.0000		3961.940		2.173		0.045		0.078489		0.200
0.020		0.0193		0.0000		3961.937		2.176		0.050		0.096390		0.240
0.022		0.0224		0.0000		3961.934		2.180		0.055		0.112226		0.280
0.026		0.0256		0.0000		3961.930		2.183		0.065		0.128061		0.320
0.028		0.0289		0.0000		3961.927		2.186		0.070		0.144585		0.360
0.030		0.0322		0.0000		3961.924		2.189		0.075		0.161109		0.400
0.034		0.0354		0.0000		3961.921		2.193		0.085		0.176945		0.440
0.036		0.0386		0.0000		3961.917		2.196		0.090		0.192780		0.480
0.038		0.0419		0.0000		3961.914		2.199		0.095		0.209304		0.520
0.042		0.0453		0.0000		3961.911		2.203		0.105		0.226517		0.560
0.046		0.0489		0.0000		3961.907		2.206		0.115		0.244417		0.600
0.050		0.0527		0.0000		3961.903		2.210		0.125		0.263696		0.640
0.054		0.0559		0.0000		3961.900		2.213		0.135		0.279531		0.680
0.058		0.0591		0.0000		3961.897		2.216		0.145		0.295366		0.720
0.062		0.0622		0.0000		3961.894		2.219		0.155		0.311202		0.760
0.066		0.0655		0.0000		3961.891		2.223		0.165		0.327727		0.800
0.070		0.0687		0.0000		3961.887		2.226		0.175		0.343561		0.840
0.074		0.0720		0.0000		3961.884		2.229		0.185		0.360086		0.880
0.080		0.0753		0.0000		3961.881		2.233		0.200		0.376610		0.920
0.084		0.0786		0.0000		3961.877		2.236		0.210		0.393133		0.960
0.090		0.0822		0.0000		3961.874		2.239		0.225		0.411035		1.000
0.096		0.0859		0.0000		3961.870		2.243		0.240		0.429624		1.040
0.102		0.0892		0.0000		3961.867		2.246		0.255		0.446148		1.080
0.108		0.0925		0.0000		3961.864		2.250		0.270		0.462672		1.120
0.114		0.0958		0.0000		3961.860		2.253		0.285		0.479196		1.160
0.122		0.0990		0.0000		3961.857		2.256		0.305		0.495032		1.200
0.128		0.1022		0.0000		3961.854		2.259		0.320		0.510867		1.240
0.134		0.1053		0.0000		3961.851		2.263		0.335		0.526702		1.280
0.142		0.1086		0.0000		3961.847		2.266		0.355		0.543226		1.320
0.148		0.1118		0.0000		3961.844		2.269		0.370		0.559062		1.360
0.156		0.1155		0.0000		3961.841		2.273		0.390		0.577651		1.400
0.166		0.1191		0.0000		3961.837		2.276		0.415		0.595553		1.440
0.174		0.1227		0.0000		3961.833		2.280		0.435		0.613453		1.480
0.184		0.1259		0.0000		3961.830		2.283		0.460		0.629289		1.520
0.192		0.1292		0.0000		3961.827		2.286		0.480		0.645813		1.560
0.202		0.1323		0.0000		3961.824		2.290		0.505		0.661649		1.600
0.210		0.1356		0.0000		3961.821		2.293		0.525		0.678172		1.640
0.220		0.1388		0.0000		3961.817		2.296		0.550		0.694008		1.680
0.230		0.1420		0.0000		3961.814		2.299		0.575		0.709844		1.720
0.238		0.1453		0.0000		3961.811		2.302		0.595		0.726367		1.760
0.248		0.1487		0.0000		3961.807		2.306		0.620		0.743580		1.800
0.258		0.1524		0.0000		3961.804		2.310		0.645		0.762169		1.840
0.270		0.1559		0.0000		3961.800		2.313		0.675		0.779382		1.880
0.282		0.1592		0.0000		3961.797		2.316		0.705		0.795906		1.920
0.294		0.1625		0.0000		3961.794		2.320		0.735		0.812430		1.960
0.304		0.1658		0.0000		3961.790		2.323		0.760		0.828954		2.000
0.314		0.1690		0.0000		3961.787		2.326		0.785		0.844790		2.040
0.324		0.1723		0.0000		3961.784		2.329		0.810		0.861313		2.080
0.334		0.1754		0.0000		3961.781		2.333		0.835		0.877149		2.120
0.344		0.1787		0.0000		3961.777		2.336		0.860		0.893673		2.160
0.354		0.1820		0.0000		3961.774		2.339		0.885		0.910197		2.200
0.364		0.1856		0.0000		3961.771		2.343		0.910		0.928098		2.240
0.374		0.1893		0.0000		3961.767		2.347		0.935		0.946687		2.280
0.386		0.1926		0.0000		3961.763		2.350		0.965		0.963211		2.320
0.400		0.1959		0.0000		3961.760		2.353		1.000		0.979736		2.360
0.412		0.1991		0.0000		3961.757		2.356		1.030		0.995572		2.400
0.426		0.2024		0.0000		3961.754		2.360		1.065		1.012095		2.440
0.438		0.2057		0.0000		3961.750		2.363		1.095		1.028619		2.480
0.452		0.2088		0.0000		3961.747		2.366		1.130		1.043766		2.520
0.466		0.2121		0.0000		3961.744		2.369		1.165		1.060290		2.560
0.480		0.2154		0.0000		3961.741		2.373		1.200		1.076814		2.600
0.492		0.2189		0.0000		3961.737		2.376		1.230		1.094716		2.640
0.508		0.2225		0.0000		3961.734		2.380		1.270		1.112616		2.680
0.522		0.2260		0.0000		3961.730		2.383		1.305		1.129829		2.720
0.538		0.2294		0.0000		3961.727		2.387		1.345		1.147041		2.760
0.552		0.2326		0.0000		3961.723		2.390		1.380		1.162877		2.800
0.566		0.2357		0.0000		3961.720		2.393		1.415		1.178712		2.840
0.580		0.2390		0.0000		3961.717		2.396		1.450		1.195236		2.880
0.594		0.2422		0.0000		3961.714		2.399		1.485		1.211071		2.920
0.606		0.2454		0.0000		3961.711		2.403		1.515		1.226907		2.960
0.620		0.2487		0.0000		3961.707		2.406		1.550		1.243432		3.000
0.632		0.2521		0.0000		3961.704		2.409		1.580		1.260643		3.040
0.644		0.2558		0.0000		3961.700		2.413		1.610		1.279233		3.080
0.658		0.2596		0.0000		3961.697		2.417		1.645		1.297822		3.120
0.672		0.2627		0.0000		3961.693		2.420		1.680		1.313658		3.160
0.684		0.2659		0.0000		3961.690		2.423		1.710		1.329494		3.200
0.698		0.2692		0.0000		3961.687		2.426		1.745		1.346017		3.240
0.710		0.2724		0.0000		3961.684		2.430		1.775		1.361853		3.280
0.726		0.2755		0.0000		3961.680		2.433		1.815		1.377689		3.320
0.740		0.2788		0.0000		3961.677		2.436		1.850		1.394212		3.360
0.754		0.2821		0.0000		3961.674		2.439		1.885		1.410737		3.400
0.770		0.2855		0.0000		3961.671		2.443		1.925		1.427261		3.440
0.786		0.2892		0.0000		3961.667		2.446		1.965		1.445850		3.480
0.802		0.2928		0.0000		3961.663		2.450		2.005		1.463751		3.520
0.820		0.2961		0.0000		3961.660		2.453		2.050		1.480275		3.560
0.838		0.2992		0.0000		3961.657		2.456		2.095		1.496110		3.600
0.856		0.3025		0.0000		3961.654		2.460		2.140		1.512635		3.640
0.872		0.3058		0.0000		3961.650		2.463		2.180		1.529158		3.680
0.888		0.3091		0.0000		3961.647		2.466		2.220		1.545682		3.720
0.904		0.3122		0.0000		3961.644		2.469		2.260		1.560830		3.760
0.920		0.3155		0.0000		3961.641		2.473		2.300		1.577353		3.800
0.936		0.3188		0.0000		3961.637		2.476		2.340		1.593877		3.840
0.954		0.3224		0.0000		3961.634		2.480		2.385		1.611779		3.880
0.972		0.3259		0.0000		3961.630		2.483		2.430		1.629679		3.920
0.992		0.3295		0.0000		3961.626		2.487		2.480		1.647581		3.960
1.012		0.3327		0.0000		3961.623		2.490		2.530		1.663417		4.000
1.030		0.3360		0.0000		3961.620		2.493		2.575		1.679940		4.040
1.048		0.3392		0.0000		3961.617		2.496		2.620		1.695776		4.080
1.066		0.3425		0.0000		3961.614		2.500		2.665		1.712300		4.120
1.084		0.3456		0.0000		3961.610		2.503		2.710		1.728135		4.160
1.104		0.3489		0.0000		3961.607		2.506		2.760		1.744659		4.200
1.122		0.3522		0.0000		3961.604		2.509		2.805		1.761183		4.240
1.142		0.3557		0.0000		3961.600		2.513		2.855		1.778395		4.280
1.162		0.3593		0.0000		3961.597		2.516		2.905		1.796297		4.320
1.182		0.3628		0.0000		3961.593		2.520		2.955		1.814197		4.360
1.206		0.3661		0.0000		3961.590		2.523		3.015		1.830722		4.400
1.228		0.3693		0.0000		3961.587		2.527		3.070		1.846557		4.440
1.250		0.3726		0.0000		3961.583		2.530		3.125		1.863081		4.480
1.270		0.3758		0.0000		3961.580		2.533		3.175		1.878916		4.520
1.290		0.3791		0.0000		3961.577		2.536		3.225		1.895441		4.560
1.312		0.3823		0.0000		3961.574		2.539		3.280		1.911277		4.600
1.334		0.3854		0.0000		3961.571		2.543		3.335		1.927111		4.640
1.354		0.3889		0.0000		3961.567		2.546		3.385		1.944324		4.680
1.376		0.3924		0.0000		3961.564		2.550		3.440		1.962225		4.720
1.400		0.3963		0.0000		3961.560		2.554		3.500		1.981503		4.760
1.426		0.3996		0.0000		3961.556		2.557		3.565		1.998028		4.800
1.450		0.4028		0.0000		3961.553		2.560		3.625		2.013862		4.840
1.474		0.4059		0.0000		3961.550		2.563		3.685		2.029698		4.880
1.496		0.4091		0.0000		3961.547		2.566		3.740		2.045534		4.920
1.518		0.4124		0.0000		3961.544		2.570		3.795		2.062057		4.960
1.540		0.4157		0.0000		3961.540		2.573		3.850		2.078582		5.000
1.562		0.4189		0.0000		3961.537		2.576		3.905		2.094417		5.040
1.584		0.4221		0.0000		3961.534		2.579		3.960		2.110252		5.080
1.606		0.4258		0.0000		3961.530		2.583		4.015		2.128842		5.120
1.630		0.4295		0.0000		3961.527		2.587		4.075		2.147431		5.160
1.654		0.4329		0.0000		3961.523		2.590		4.135		2.164644		5.200
1.680		0.4362		0.0000		3961.520		2.593		4.200		2.181168		5.240
1.704		0.4394		0.0000		3961.517		2.597		4.260		2.197003		5.280
1.726		0.4426		0.0000		3961.513		2.600		4.315		2.212839		5.320
1.750		0.4459		0.0000		3961.510		2.603		4.375		2.229363		5.360
1.772		0.4490		0.0000		3961.507		2.606		4.430		2.245198		5.400
1.796		0.4522		0.0000		3961.504		2.609		4.490		2.261034		5.440
1.820		0.4555		0.0000		3961.500		2.613		4.550		2.277558		5.480
1.844		0.4590		0.0000		3961.497		2.616		4.610		2.294770		5.520
1.868		0.4627		0.0000		3961.493		2.620		4.670		2.313360		5.560
1.894		0.4663		0.0000		3961.490		2.623		4.735		2.331262		5.600
1.922		0.4696		0.0000		3961.487		2.627		4.805		2.347785		5.640
1.948		0.4727		0.0000		3961.483		2.630		4.870		2.363621		5.680
1.972		0.4759		0.0000		3961.480		2.633		4.930		2.379456		5.720
1.994		0.4792		0.0000		3961.477		2.636		4.985		2.395980		5.760
2.018		0.4825		0.0000		3961.474		2.640		5.045		2.412504		5.800
2.042		0.4857		0.0000		3961.470		2.643		5.105		2.428340		5.840
2.066		0.4888		0.0000		3961.467		2.646		5.165		2.444175		5.880
2.088		0.4923		0.0000		3961.464		2.649		5.220		2.461388		5.920
2.112		0.4960		0.0000		3961.460		2.653		5.280		2.479978		5.960
2.138		0.4996		0.0000		3961.457		2.657		5.345		2.497878		6.000
2.168		0.5030		0.0000		3961.453		2.660		5.420		2.515091		6.040
2.194		0.5062		0.0000		3961.450		2.663		5.485		2.530926		6.080
2.220		0.5094		0.0000		3961.447		2.667		5.550		2.546761		6.120
2.244		0.5127		0.0000		3961.443		2.670		5.610		2.563286		6.160
2.266		0.5158		0.0000		3961.440		2.673		5.665		2.579122		6.200
2.290		0.5190		0.0000		3961.437		2.676		5.725		2.594956		6.240
2.314		0.5223		0.0000		3961.434		2.680		5.785		2.611481		6.280
2.338		0.5255		0.0000		3961.431		2.683		5.845		2.627316		6.320
2.362		0.5292		0.0000		3961.427		2.686		5.905		2.645905		6.360
2.386		0.5329		0.0000		3961.423		2.690		5.965		2.664495		6.400
2.414		0.5363		0.0000		3961.420		2.694		6.035		2.681707		6.440
2.442		0.5396		0.0000		3961.417		2.697		6.105		2.698232		6.480
2.468		0.5427		0.0000		3961.413		2.700		6.170		2.713379		6.520
2.490		0.5460		0.0000		3961.410		2.703		6.225		2.729902		6.560
2.514		0.5493		0.0000		3961.407		2.706		6.285		2.746427		6.600
2.536		0.5523		0.0000		3961.404		2.710		6.340		2.761574		6.640
2.560		0.5556		0.0000		3961.400		2.713		6.400		2.778097		6.680
2.584		0.5589		0.0000		3961.397		2.716		6.460		2.794621		6.720
2.608		0.5624		0.0000		3961.394		2.720		6.520		2.811834		6.760
2.632		0.5661		0.0000		3961.390		2.723		6.580		2.830423		6.800
2.658		0.5698		0.0000		3961.386		2.727		6.645		2.849013		6.840
2.686		0.5730		0.0000		3961.383		2.730		6.715		2.864848		6.880
2.712		0.5761		0.0000		3961.380		2.733		6.780		2.880684		6.920
2.734		0.5794		0.0000		3961.377		2.737		6.835		2.897208		6.960
2.758		0.5826		0.0000		3961.374		2.740		6.895		2.913043		7.000
2.780		0.5859		0.0000		3961.370		2.743		6.950		2.929567		7.040
2.802		0.5891		0.0000		3961.367		2.746		7.005		2.945403		7.080
2.826		0.5922		0.0000		3961.364		2.749		7.065		2.961239		7.120
2.848		0.5957		0.0000		3961.360		2.753		7.120		2.978451		7.160
2.870		0.5994		0.0000		3961.357		2.757		7.175		2.997041		7.200
2.896		0.6031		0.0000		3961.353		2.760		7.240		3.015630		7.240
2.922		0.6064		0.0000		3961.350		2.764		7.305		3.032154		7.280
2.948		0.6096		0.0000		3961.346		2.767		7.370		3.047990		7.320
2.970		0.6128		0.0000		3961.343		2.770		7.425		3.063825		7.360
2.992		0.6161		0.0000		3961.340		2.773		7.480		3.080349		7.400
3.012		0.6192		0.0000		3961.337		2.776		7.530		3.096185		7.440
3.034		0.6224		0.0000		3961.334		2.780		7.585		3.112020		7.480
3.054		0.6257		0.0000		3961.330		2.783		7.635		3.128544		7.520
3.076		0.6290		0.0000		3961.327		2.786		7.690		3.145068		7.560
3.096		0.6326		0.0000		3961.323		2.790		7.740		3.162969		7.600
3.118		0.6363		0.0000		3961.320		2.794		7.795		3.181559		7.640
3.144		0.6398		0.0000		3961.316		2.797		7.860		3.198771		7.680
3.168		0.6429		0.0000		3961.313		2.800		7.920		3.214606		7.720
3.190		0.6461		0.0000		3961.310		2.803		7.975		3.230442		7.760
3.210		0.6494		0.0000		3961.307		2.807		8.025		3.246967		7.800
3.230		0.6527		0.0000		3961.303		2.810		8.075		3.263490		7.840
3.250		0.6559		0.0000		3961.300		2.813		8.125		3.279326		7.880
3.268		0.6590		0.0000		3961.297		2.816		8.170		3.295161		7.920
3.288		0.6623		0.0000		3961.294		2.820		8.220		3.311685		7.960
3.308		0.6658		0.0000		3961.290		2.823		8.270		3.328898		8.000
3.328		0.6696		0.0000		3961.286		2.827		8.320		3.348175		8.040
3.350		0.6732		0.0000		3961.283		2.830		8.375		3.366077		8.080
3.374		0.6764		0.0000		3961.280		2.834		8.435		3.381912		8.120
3.396		0.6795		0.0000		3961.277		2.837		8.490		3.397747		8.160
3.414		0.6827		0.0000		3961.273		2.840		8.535		3.413583		8.200
3.432		0.6860		0.0000		3961.270		2.843		8.580		3.430107		8.240
3.450		0.6892		0.0000		3961.267		2.846		8.625		3.445942		8.280
3.466		0.6925		0.0000		3961.264		2.850		8.665		3.462466		8.320
3.484		0.6957		0.0000		3961.260		2.853		8.710		3.478302		8.360
3.502		0.6991		0.0000		3961.257		2.856		8.755		3.495514		8.400
3.520		0.7028		0.0000		3961.253		2.860		8.800		3.514104		8.440
3.540		0.7065		0.0000		3961.250		2.864		8.850		3.532693		8.480
3.562		0.7097		0.0000		3961.246		2.867		8.905		3.548529		8.520
3.582		0.7130		0.0000		3961.243		2.870		8.955		3.565053		8.560
3.598		0.7162		0.0000		3961.240		2.873		8.995		3.580889		8.600
3.614		0.7195		0.0000		3961.237		2.877		9.035		3.597412		8.640
3.628		0.7226		0.0000		3961.233		2.880		9.070		3.613248		8.680
3.644		0.7258		0.0000		3961.230		2.883		9.110		3.629084		8.720
3.660		0.7290		0.0000		3961.227		2.886		9.150		3.644919		8.760
3.674		0.7323		0.0000		3961.224		2.889		9.185		3.661443		8.800
3.690		0.7360		0.0000		3961.220		2.893		9.225		3.680032		8.840
3.706		0.7399		0.0000		3961.216		2.897		9.265		3.699311		8.880
3.726		0.7432		0.0000		3961.213		2.900		9.315		3.715835		8.920
3.746		0.7463		0.0000		3961.210		2.904		9.365		3.731670		8.960
3.762		0.7495		0.0000		3961.207		2.907		9.405		3.747506		9.000
3.774		0.7528		0.0000		3961.203		2.910		9.435		3.764030		9.040
3.786		0.7561		0.0000		3961.200		2.913		9.465		3.780553		9.080
3.800		0.7593		0.0000		3961.197		2.916		9.500		3.796389		9.120
3.814		0.7624		0.0000		3961.194		2.920		9.535		3.812225		9.160
3.826		0.7657		0.0000		3961.190		2.923		9.565		3.828748		9.200
3.840		0.7692		0.0000		3961.187		2.926		9.600		3.845961		9.240
3.854		0.7729		0.0000		3961.183		2.930		9.635		3.864551		9.280
3.870		0.7765		0.0000		3961.180		2.934		9.675		3.882451		9.320
3.886		0.7798		0.0000		3961.176		2.937		9.715		3.898976		9.360
3.902		0.7830		0.0000		3961.173		2.940		9.755		3.914812		9.400
3.914		0.7863		0.0000		3961.170		2.943		9.785		3.931335		9.440
3.924		0.7894		0.0000		3961.167		2.947		9.810		3.947171		9.480
3.936		0.7926		0.0000		3961.164		2.950		9.840		3.963006		9.520
3.946		0.7958		0.0000		3961.160		2.953		9.865		3.978841		9.560
3.956		0.7991		0.0000		3961.157		2.956		9.890		3.995366		9.600
3.966		0.8025		0.0000		3961.154		2.960		9.915		4.012578		9.640
3.978		0.8062		0.0000		3961.150		2.963		9.945		4.031167		9.680
3.990		0.8100		0.0000		3961.146		2.967		9.975		4.049757		9.720
4.006		0.8133		0.0000		3961.143		2.970		10.015		4.066281		9.760
4.020		0.8164		0.0000		3961.140		2.974		10.050		4.082117		9.800
4.030		0.8196		0.0000		3961.136		2.977		10.075		4.097952		9.840
4.038		0.8229		0.0000		3961.133		2.980		10.095		4.114476		9.880
4.048		0.8261		0.0000		3961.130		2.983		10.120		4.130311		9.920
4.058		0.8292		0.0000		3961.127		2.986		10.145		4.146147		9.960
4.066		0.8324		0.0000		3961.124		2.990		10.165		4.161983		10.000
4.074		0.8357		0.0000		3961.120		2.993		10.185		4.178506		10.040
4.084		0.8394		0.0000		3961.117		2.997		10.210		4.197096		10.080
4.094		0.8431		0.0000		3961.113		3.000		10.235		4.215685		10.120
4.108		0.8466		0.0000		3961.109		3.004		10.270		4.232898		10.160
4.120		0.8497		0.0000		3961.106		3.007		10.300		4.248734		10.200
4.130		0.8529		0.0000		3961.103		3.010		10.325		4.264569		10.240
4.136		0.8562		0.0000		3961.100		3.013		10.340		4.281093		10.280
4.144		0.8594		0.0000		3961.097		3.017		10.360		4.296928		10.320
4.150		0.8626		0.0000		3961.094		3.020		10.375		4.312764		10.360
4.158		0.8659		0.0000		3961.090		3.023		10.395		4.329288		10.400
4.166		0.8690		0.0000		3961.087		3.026		10.415		4.345124		10.440
4.172		0.8727		0.0000		3961.083		3.030		10.430		4.363713		10.480
4.180		0.8765		0.0000		3961.080		3.034		10.450		4.382303		10.520
4.192		0.8800		0.0000		3961.076		3.037		10.480		4.400203		10.560
4.204		0.8832		0.0000		3961.073		3.040		10.510		4.416039		10.600
4.212		0.8864		0.0000		3961.070		3.044		10.530		4.431875		10.640
4.218		0.8895		0.0000		3961.067		3.047		10.545		4.447711		10.680
4.222		0.8928		0.0000		3961.063		3.050		10.555		4.464234		10.720
4.228		0.8960		0.0000		3961.060		3.053		10.570		4.480070		10.760
4.234		0.8992		0.0000		3961.057		3.056		10.585		4.495906		10.800
4.238		0.9025		0.0000		3961.053		3.060		10.595		4.512429		10.840
4.244		0.9059		0.0000		3961.050		3.063		10.610		4.529642		10.880
4.250		0.9096		0.0000		3961.046		3.067		10.625		4.548231		10.920
4.258		0.9134		0.0000		3961.043		3.071		10.645		4.566821		10.960
4.270		0.9167		0.0000		3961.039		3.074		10.675		4.583344		11.000
4.278		0.9198		0.0000		3961.036		3.077		10.695		4.599180		11.040
4.282		0.9230		0.0000		3961.033		3.080		10.705		4.615016		11.080
4.288		0.9263		0.0000		3961.030		3.084		10.720		4.631539		11.120
4.292		0.9295		0.0000		3961.027		3.087		10.730		4.647375		11.160
4.296		0.9326		0.0000		3961.023		3.090		10.740		4.663211		11.200
4.300		0.9358		0.0000		3961.020		3.093		10.750		4.679046		11.240
4.304		0.9391		0.0000		3961.017		3.096		10.760		4.695570		11.280
4.308		0.9428		0.0000		3961.013		3.100		10.770		4.714160		11.320
4.316		0.9467		0.0000		3961.009		3.104		10.790		4.733438		11.360
4.324		0.9501		0.0000		3961.006		3.107		10.810		4.750650		11.400
4.334		0.9532		0.0000		3961.003		3.110		10.835		4.765797		11.440
4.340		0.9563		0.0000		3961.000		3.114		10.850		4.781632		11.480
4.342		0.9596		0.0000		3960.996		3.117		10.855		4.798156		11.520
4.346		0.9628		0.0000		3960.993		3.120		10.865		4.813992		11.560
4.350		0.9661		0.0000		3960.990		3.123		10.875		4.830517		11.600
4.354		0.9693		0.0000		3960.987		3.126		10.885		4.846351		11.640
4.358		0.9724		0.0000		3960.984		3.130		10.895		4.862187		11.680
4.360		0.9760		0.0000		3960.980		3.133		10.900		4.880089		11.720
4.366		0.9799		0.0000		3960.976		3.137		10.915		4.899366		11.760
4.374		0.9835		0.0000		3960.973		3.141		10.935		4.917268		11.800
4.382		0.9866		0.0000		3960.969		3.144		10.955		4.933102		11.840
4.388		0.9898		0.0000		3960.966		3.147		10.970		4.948938		11.880
4.392		0.9930		0.0000		3960.963		3.150		10.980		4.964774		11.920
4.394		0.9963		0.0000		3960.960		3.153		10.985		4.981297		11.960
4.396		0.9994		0.0000		3960.957		3.157		10.990		4.997133		12.000
4.400		1.0026		0.0000		3960.953		3.160		11.000		5.012969		12.040
4.402		1.0058		0.0000		3960.950		3.163		11.005		5.028805		12.080
4.404		1.0093		0.0000		3960.947		3.167		11.010		5.046705		12.120
4.408		1.0131		0.0000		3960.943		3.170		11.020		5.065294		12.160
4.414		1.0168		0.0000		3960.939		3.174		11.035		5.083884		12.200
4.424		1.0201		0.0000		3960.936		3.177		11.060		5.100408		12.240
4.430		1.0231		0.0000		3960.933		3.180		11.075		5.115556		12.280
4.432		1.0264		0.0000		3960.930		3.184		11.080		5.132079		12.320
4.434		1.0296		0.0000		3960.927		3.187		11.085		5.147915		12.360
4.436		1.0329		0.0000		3960.923		3.190		11.090		5.164438		12.400
4.438		1.0361		0.0000		3960.920		3.193		11.095		5.180274		12.440
4.442		1.0392		0.0000		3960.917		3.196		11.105		5.196110		12.480
4.444		1.0425		0.0000		3960.914		3.200		11.110		5.212634		12.520
4.446		1.0462		0.0000		3960.910		3.203		11.115		5.231223		12.560
4.452		1.0501		0.0000		3960.906		3.207		11.130		5.250502		12.600
4.460		1.0534		0.0000		3960.903		3.211		11.150		5.267025		12.640
4.466		1.0566		0.0000		3960.899		3.214		11.165		5.282861		12.680
4.470		1.0599		0.0000		3960.896		3.217		11.175		5.299385		12.720
4.472		1.0630		0.0000		3960.893		3.220		11.180		5.315220		12.760
4.474		1.0662		0.0000		3960.890		3.223		11.185		5.331056		12.800
4.474		1.0694		0.0000		3960.887		3.227		11.185		5.346890		12.840
4.476		1.0725		0.0000		3960.884		3.230		11.190		5.362726		12.880
4.478		1.0759		0.0000		3960.880		3.233		11.195		5.379250		12.920
4.480		1.0796		0.0000		3960.876		3.237		11.200		5.397840		12.960
4.484		1.0833		0.0000		3960.873		3.240		11.210		5.416429		13.000
4.492		1.0869		0.0000		3960.869		3.244		11.230		5.434331		13.040
4.498		1.0900		0.0000		3960.866		3.247		11.245		5.450167		13.080
4.502		1.0931		0.0000		3960.863		3.250		11.255		5.465313		13.120
4.502		1.0964		0.0000		3960.860		3.254		11.255		5.481837		13.160
4.504		1.0997		0.0000		3960.856		3.257		11.260		5.498362		13.200
4.506		1.1028		0.0000		3960.853		3.260		11.265		5.514196		13.240
4.508		1.1060		0.0000		3960.850		3.263		11.270		5.530032		13.280
4.508		1.1093		0.0000		3960.847		3.267		11.270		5.546556		13.320
4.510		1.1128		0.0000		3960.843		3.270		11.275		5.563768		13.360
4.512		1.1165		0.0000		3960.840		3.274		11.280		5.582357		13.400
4.518		1.1202		0.0000		3960.836		3.277		11.295		5.600947		13.440
4.526		1.1234		0.0000		3960.833		3.281		11.315		5.616783		13.480
4.530		1.1265		0.0000		3960.830		3.284		11.325		5.632619		13.520
4.532		1.1298		0.0000		3960.826		3.287		11.330		5.649142		13.560
4.534		1.1330		0.0000		3960.823		3.290		11.335		5.664978		13.600
4.534		1.1363		0.0000		3960.820		3.294		11.335		5.681501		13.640
4.536		1.1395		0.0000		3960.817		3.297		11.340		5.697337		13.680
4.536		1.1426		0.0000		3960.813		3.300		11.340		5.713173		13.720
4.538		1.1459		0.0000		3960.810		3.303		11.345		5.729697		13.760
4.540		1.1497		0.0000		3960.806		3.307		11.350		5.748286		13.800
4.544		1.1535		0.0000		3960.802		3.311		11.360		5.767565		13.840
4.552		1.1568		0.0000		3960.799		3.314		11.380		5.784088		13.880
4.558		1.1600		0.0000		3960.796		3.317		11.395		5.799924		13.920
4.560		1.1632		0.0000		3960.793		3.320		11.400		5.815760		13.960
4.562		1.1665		0.0000		3960.790		3.324		11.405		5.832283		14.000
4.562		1.1696		0.0000		3960.786		3.327		11.405		5.848119		14.040
4.564		1.1728		0.0000		3960.783		3.330		11.410		5.863955		14.080
4.564		1.1760		0.0000		3960.780		3.333		11.410		5.879789		14.120
4.566		1.1793		0.0000		3960.777		3.336		11.415		5.896315		14.160
4.568		1.1828		0.0000		3960.773		3.340		11.420		5.914215		14.200
4.570		1.1867		0.0000		3960.769		3.344		11.425		5.933494		14.240
4.576		1.1903		0.0000		3960.766		3.347		11.440		5.951394		14.280
4.584		1.1934		0.0000		3960.763		3.351		11.460		5.967230		14.320
4.586		1.1966		0.0000		3960.760		3.354		11.465		5.983066		14.360
4.586		1.1998		0.0000		3960.756		3.357		11.465		5.998901		14.400
4.588		1.2031		0.0000		3960.753		3.360		11.470		6.015425		14.440
4.588		1.2063		0.0000		3960.750		3.363		11.470		6.031260		14.480
4.588		1.2094		0.0000		3960.747		3.367		11.470		6.047095		14.520
4.590		1.2126		0.0000		3960.743		3.370		11.475		6.062931		14.560
4.590		1.2162		0.0000		3960.740		3.373		11.475		6.080832		14.600
4.594		1.2199		0.0000		3960.736		3.377		11.485		6.099422		14.640
4.598		1.2236		0.0000		3960.732		3.381		11.495		6.118011		14.680
4.606		1.2269		0.0000		3960.729		3.384		11.515		6.134535		14.720
4.612		1.2299		0.0000		3960.726		3.387		11.530		6.149682		14.760
4.612		1.2332		0.0000		3960.723		3.390		11.530		6.166206		14.800
4.612		1.2364		0.0000		3960.720		3.394		11.530		6.182041		14.840
4.612		1.2397		0.0000		3960.716		3.397		11.530		6.198566		14.880
4.614		1.2429		0.0000		3960.713		3.400		11.535		6.214400		14.920
4.614		1.2460		0.0000		3960.710		3.403		11.535		6.230236		14.960
4.614		1.2494		0.0000		3960.707		3.407		11.535		6.246761		15.000
4.616		1.2531		0.0000		3960.703		3.410		11.540		6.265350		15.040
4.620		1.2569		0.0000		3960.699		3.414		11.550		6.284628		15.080
4.626		1.2602		0.0000		3960.696		3.417		11.565		6.301151		15.120
4.634		1.2634		0.0000		3960.693		3.421		11.585		6.316987		15.160
4.634		1.2666		0.0000		3960.689		3.424		11.585		6.332823		15.200
4.634		1.2699		0.0000		3960.686		3.427		11.585		6.349347		15.240
4.636		1.2730		0.0000		3960.683		3.430		11.590		6.365182		15.280
4.636		1.2762		0.0000		3960.680		3.433		11.590		6.381018		15.320
4.636		1.2794		0.0000		3960.677		3.437		11.590		6.396854		15.360
4.638		1.2827		0.0000		3960.673		3.440		11.595		6.413378		15.400
4.638		1.2864		0.0000		3960.670		3.444		11.595		6.431967		15.440
4.642		1.2901		0.0000		3960.666		3.447		11.605		6.450557		15.480
4.648		1.2937		0.0000		3960.662		3.451		11.620		6.468457		15.520
4.654		1.2969		0.0000		3960.659		3.454		11.635		6.484293		15.560
4.656		1.2999		0.0000		3960.656		3.457		11.640		6.499441		15.600
4.656		1.3032		0.0000		3960.653		3.460		11.640		6.515965		15.640
4.656		1.3065		0.0000		3960.650		3.464		11.640		6.532488		15.680
4.658		1.3097		0.0000		3960.646		3.467		11.645		6.548324		15.720
4.658		1.3128		0.0000		3960.643		3.470		11.645		6.564159		15.760
4.660		1.3160		0.0000		3960.640		3.473		11.650		6.579995		15.800
4.660		1.3196		0.0000		3960.636		3.477		11.650		6.597896		15.840
4.662		1.3233		0.0000		3960.633		3.481		11.655		6.616485		15.880
4.668		1.3270		0.0000		3960.629		3.484		11.670		6.635075		15.920
4.674		1.3302		0.0000		3960.626		3.487		11.685		6.650910		15.960
4.680		1.3333		0.0000		3960.623		3.491		11.700		6.666746		16.000
4.680		1.3367		0.0000		3960.619		3.494		11.700		6.683270		16.040
4.680		1.3398		0.0000		3960.616		3.497		11.700		6.699105		16.080
4.680		1.3430		0.0000		3960.613		3.500		11.700		6.714940		16.120
4.680		1.3462		0.0000		3960.610		3.503		11.700		6.730776		16.160
4.680		1.3495		0.0000		3960.607		3.507		11.700		6.747301		16.200
4.682		1.3528		0.0000		3960.603		3.510		11.705		6.763824		16.240
4.682		1.3565		0.0000		3960.600		3.514		11.705		6.782413		16.280
4.686		1.3603		0.0000		3960.596		3.518		11.715		6.801691		16.320
4.694		1.3638		0.0000		3960.592		3.521		11.735		6.818904		16.360
4.700		1.3668		0.0000		3960.589		3.524		11.750		6.834052		16.400
4.700		1.3700		0.0000		3960.586		3.527		11.750		6.849886		16.440
4.700		1.3733		0.0000		3960.583		3.530		11.750		6.866411		16.480
4.700		1.3764		0.0000		3960.580		3.534		11.750		6.882246		16.520
4.700		1.3796		0.0000		3960.576		3.537		11.750		6.898081		16.560
4.700		1.3828		0.0000		3960.573		3.540		11.750		6.913917		16.600
4.700		1.3861		0.0000		3960.570		3.543		11.750		6.930441		16.640
4.702		1.3897		0.0000		3960.566		3.547		11.755		6.948342		16.680
4.704		1.3935		0.0000		3960.562		3.551		11.760		6.967620		16.720
4.710		1.3971		0.0000		3960.559		3.554		11.775		6.985521		16.760
4.716		1.4001		0.0000		3960.556		3.557		11.790		7.000668		16.800
4.718		1.4034		0.0000		3960.553		3.561		11.795		7.017192		16.840
4.718		1.4066		0.0000		3960.550		3.564		11.795		7.033028		16.880
4.720		1.4099		0.0000		3960.546		3.567		11.800		7.049551		16.920
4.720		1.4129		0.0000		3960.543		3.570		11.800		7.064699		16.960
4.720		1.4162		0.0000		3960.540		3.573		11.800		7.081223		17.000
4.720		1.4194		0.0000		3960.537		3.577		11.800		7.097058		17.040
4.722		1.4230		0.0000		3960.533		3.580		11.805		7.114959		17.080
4.724		1.4268		0.0000		3960.529		3.584		11.810		7.134237		17.120
4.728		1.4304		0.0000		3960.526		3.588		11.820		7.152138		17.160
4.736		1.4336		0.0000		3960.522		3.591		11.840		7.167974		17.200
4.740		1.4368		0.0000		3960.519		3.594		11.850		7.183809		17.240
4.740		1.4401		0.0000		3960.516		3.597		11.850		7.200333		17.280
4.740		1.4432		0.0000		3960.513		3.600		11.850		7.216168		17.320
4.740		1.4464		0.0000		3960.510		3.604		11.850		7.232004		17.360
4.742		1.4496		0.0000		3960.507		3.607		11.855		7.247840		17.400
4.742		1.4529		0.0000		3960.503		3.610		11.855		7.264364		17.440
4.744		1.4562		0.0000		3960.500		3.613		11.860		7.280888		17.480
4.746		1.4600		0.0000		3960.496		3.617		11.865		7.300166		17.520
4.750		1.4638		0.0000		3960.492		3.621		11.875		7.318755		17.560
4.758		1.4671		0.0000		3960.489		3.624		11.895		7.335279		17.600
4.762		1.4702		0.0000		3960.486		3.627		11.905		7.351115		17.640
4.764		1.4734		0.0000		3960.483		3.631		11.910		7.366951		17.680
4.764		1.4767		0.0000		3960.479		3.634		11.910		7.383474		17.720
4.764		1.4799		0.0000		3960.476		3.637		11.910		7.399310		17.760
4.764		1.4830		0.0000		3960.473		3.640		11.910		7.415146		17.800
4.766		1.4862		0.0000		3960.470		3.643		11.915		7.430980		17.840
4.766		1.4895		0.0000		3960.467		3.647		11.915		7.447505		17.880
4.766		1.4932		0.0000		3960.463		3.650		11.915		7.466094		17.920
4.770		1.4971		0.0000		3960.459		3.654		11.925		7.485372		17.960
4.776		1.5005		0.0000		3960.456		3.658		11.940		7.502584		18.000
4.782		1.5035		0.0000		3960.453		3.661		11.955		7.517731		18.040
4.786		1.5067		0.0000		3960.449		3.664		11.965		7.533567		18.080
4.786		1.5100		0.0000		3960.446		3.667		11.965		7.550091		18.120
4.786		1.5132		0.0000		3960.443		3.670		11.965		7.565927		18.160
4.786		1.5165		0.0000		3960.440		3.674		11.965		7.582451		18.200
4.788		1.5197		0.0000		3960.437		3.677		11.970		7.598286		18.240
4.788		1.5228		0.0000		3960.433		3.680		11.970		7.614121		18.280
4.788		1.5264		0.0000		3960.430		3.684		11.970		7.632023		18.320
4.790		1.5303		0.0000		3960.426		3.687		11.975		7.651300		18.360
4.796		1.5338		0.0000		3960.422		3.691		11.990		7.669202		18.400
4.804		1.5370		0.0000		3960.419		3.694		12.010		7.685037		18.440
4.808		1.5402		0.0000		3960.416		3.697		12.020		7.700872		18.480
4.808		1.5435		0.0000		3960.413		3.701		12.020		7.717396		18.520
4.808		1.5466		0.0000		3960.409		3.704		12.020		7.733232		18.560
4.808		1.5498		0.0000		3960.406		3.707		12.020		7.749067		18.600
4.810		1.5530		0.0000		3960.403		3.710		12.025		7.764903		18.640
4.810		1.5561		0.0000		3960.400		3.713		12.025		7.780739		18.680
4.810		1.5596		0.0000		3960.396		3.717		12.025		7.797951		18.720
4.812		1.5634		0.0000		3960.393		3.721		12.030		7.817229		18.760
4.816		1.5672		0.0000		3960.389		3.724		12.040		7.835818		18.800
4.824		1.5706		0.0000		3960.385		3.728		12.060		7.853031		18.840
4.828		1.5735		0.0000		3960.383		3.731		12.070		7.867490		18.880
4.830		1.5768		0.0000		3960.379		3.734		12.075		7.884014		18.920
4.830		1.5800		0.0000		3960.376		3.737		12.075		7.899849		18.960
4.830		1.5833		0.0000		3960.373		3.740		12.075		7.916373		19.000
4.832		1.5864		0.0000		3960.370		3.744		12.080		7.932209		19.040
4.832		1.5897		0.0000		3960.366		3.747		12.080		7.948732		19.080
4.834		1.5931		0.0000		3960.363		3.750		12.085		7.965257		19.120
4.834		1.5966		0.0000		3960.359		3.754		12.085		7.983158		19.160
4.838		1.6003		0.0000		3960.356		3.758		12.095		8.001747		19.200
4.844		1.6039		0.0000		3960.352		3.761		12.110		8.019648		19.240
4.850		1.6071		0.0000		3960.349		3.764		12.125		8.035483		19.280
4.854		1.6103		0.0000		3960.346		3.767		12.135		8.051319		19.320
4.854		1.6134		0.0000		3960.343		3.771		12.135		8.067155		19.360
4.854		1.6166		0.0000		3960.339		3.774		12.135		8.082991		19.400
4.856		1.6199		0.0000		3960.336		3.777		12.140		8.099514		19.440
4.856		1.6231		0.0000		3960.333		3.780		12.140		8.115350		19.480
4.856		1.6262		0.0000		3960.330		3.783		12.140		8.131185		19.520
4.858		1.6300		0.0000		3960.326		3.787		12.145		8.149775		19.560
4.860		1.6335		0.0000		3960.323		3.791		12.150		8.167676		19.600
4.866		1.6374		0.0000		3960.319		3.795		12.165		8.186953		19.640
4.872		1.6404		0.0000		3960.316		3.798		12.180		8.202101		19.680
4.876		1.6436		0.0000		3960.312		3.801		12.190		8.217936		19.720
4.876		1.6469		0.0000		3960.309		3.804		12.190		8.234461		19.760
4.876		1.6501		0.0000		3960.306		3.807		12.190		8.250296		19.800
4.876		1.6534		0.0000		3960.303		3.811		12.190		8.266820		19.840
4.876		1.6564		0.0000		3960.300		3.814		12.190		8.281966		19.880
4.876		1.6597		0.0000		3960.296		3.817		12.190		8.298491		19.920
4.878		1.6631		0.0000		3960.293		3.820		12.195		8.315702		19.960
4.880		1.6667		0.0000		3960.289		3.824		12.200		8.333605		20.000
4.884		1.6706		0.0000		3960.285		3.828		12.210		8.352881		20.040
4.890		1.6739		0.0000		3960.282		3.831		12.225		8.369407		20.080
4.894		1.6770		0.0000		3960.279		3.834		12.235		8.385241		20.120
4.896		1.6802		0.0000		3960.276		3.837		12.240		8.401077		20.160
4.896		1.6835		0.0000		3960.272		3.841		12.240		8.417602		20.200
4.896		1.6867		0.0000		3960.269		3.844		12.240		8.433436		20.240
4.898		1.6899		0.0000		3960.266		3.847		12.245		8.449272		20.280
4.898		1.6932		0.0000		3960.263		3.850		12.245		8.465796		20.320
4.898		1.6965		0.0000		3960.260		3.854		12.245		8.482321		20.360
4.900		1.7000		0.0000		3960.256		3.857		12.250		8.500221		20.400
4.902		1.7039		0.0000		3960.252		3.861		12.255		8.519499		20.440
4.910		1.7072		0.0000		3960.249		3.864		12.275		8.536023		20.480
4.916		1.7104		0.0000		3960.246		3.868		12.290		8.551859		20.520
4.918		1.7137		0.0000		3960.242		3.871		12.295		8.568382		20.560
4.918		1.7170		0.0000		3960.239		3.874		12.295		8.584908		20.600
4.920		1.7200		0.0000		3960.236		3.877		12.300		8.600054		20.640
4.920		1.7233		0.0000		3960.233		3.881		12.300		8.616577		20.680
4.920		1.7265		0.0000		3960.229		3.884		12.300		8.632413		20.720
4.922		1.7296		0.0000		3960.226		3.887		12.305		8.648249		20.760
4.922		1.7334		0.0000		3960.223		3.891		12.305		8.666839		20.800
4.924		1.7371		0.0000		3960.219		3.894		12.310		8.685428		20.840
4.932		1.7407		0.0000		3960.215		3.898		12.330		8.703328		20.880
4.938		1.7438		0.0000		3960.212		3.901		12.345		8.719164		20.920
4.942		1.7470		0.0000		3960.209		3.904		12.355		8.735000		20.960
4.944		1.7503		0.0000		3960.206		3.908		12.360		8.751524		21.000
4.944		1.7535		0.0000		3960.203		3.911		12.360		8.767359		21.040
4.944		1.7566		0.0000		3960.199		3.914		12.360		8.783195		21.080
4.946		1.7598		0.0000		3960.196		3.917		12.365		8.799029		21.120
4.946		1.7631		0.0000		3960.193		3.920		12.365		8.815555		21.160
4.948		1.7666		0.0000		3960.189		3.924		12.370		8.832767		21.200
4.948		1.7704		0.0000		3960.186		3.928		12.370		8.852044		21.240
4.954		1.7740		0.0000		3960.182		3.931		12.385		8.869946		21.280
4.960		1.7773		0.0000		3960.179		3.935		12.400		8.886470		21.320
4.964		1.7805		0.0000		3960.176		3.938		12.410		8.902306		21.360
4.964		1.7836		0.0000		3960.172		3.941		12.410		8.918141		21.400
4.964		1.7869		0.0000		3960.169		3.944		12.410		8.934665		21.440
4.964		1.7901		0.0000		3960.166		3.947		12.410		8.950500		21.480
4.966		1.7933		0.0000		3960.163		3.950		12.415		8.966335		21.520
4.966		1.7966		0.0000		3960.159		3.954		12.415		8.982860		21.560
4.966		1.7997		0.0000		3960.156		3.957		12.415		8.998695		21.600
4.968		1.8036		0.0000		3960.153		3.961		12.420		9.017973		21.640
4.970		1.8073		0.0000		3960.149		3.965		12.425		9.036562		21.680
4.978		1.8108		0.0000		3960.145		3.968		12.445		9.053775		21.720
4.984		1.8139		0.0000		3960.142		3.971		12.460		9.069611		21.760
4.984		1.8171		0.0000		3960.139		3.974		12.460		9.085446		21.800
4.984		1.8203		0.0000		3960.136		3.977		12.460		9.101281		21.840
4.984		1.8236		0.0000		3960.133		3.981		12.460		9.117805		21.880
4.984		1.8266		0.0000		3960.129		3.984		12.460		9.132953		21.920
4.984		1.8299		0.0000		3960.126		3.987		12.460		9.149476		21.960
4.984		1.8331		0.0000		3960.123		3.990		12.460		9.165312		22.000
4.984		1.8366		0.0000		3960.119		3.994		12.460		9.183212		22.040
4.986		1.8405		0.0000		3960.115		3.998		12.465		9.202491		22.080
4.992		1.8441		0.0000		3960.112		4.001		12.480		9.220391		22.120
5.000		1.8472		0.0000		3960.109		4.004		12.500		9.236227		22.160
5.002		1.8504		0.0000		3960.106		4.008		12.505		9.252063		22.200
5.002		1.8537		0.0000		3960.102		4.011		12.505		9.268588		22.240
5.002		1.8569		0.0000		3960.099		4.014		12.505		9.284424		22.280
5.002		1.8601		0.0000		3960.096		4.017		12.505		9.300257		22.320
5.002		1.8632		0.0000		3960.093		4.020		12.505		9.316092		22.360
5.002		1.8665		0.0000		3960.090		4.024		12.505		9.332618		22.400
5.002		1.8700		0.0000		3960.086		4.027		12.505		9.349829		22.440
5.004		1.8738		0.0000		3960.082		4.031		12.510		9.369107		22.480
5.008		1.8774		0.0000		3960.079		4.035		12.520		9.387008		22.520
5.016		1.8807		0.0000		3960.075		4.038		12.540		9.403533		22.560
5.020		1.8839		0.0000		3960.072		4.041		12.550		9.419369		22.600
5.020		1.8870		0.0000		3960.069		4.044		12.550		9.435205		22.640
5.020		1.8903		0.0000		3960.066		4.048		12.550		9.451729		22.680
5.020		1.8935		0.0000		3960.062		4.051		12.550		9.467563		22.720
5.022		1.8967		0.0000		3960.059		4.054		12.555		9.483398		22.760
5.022		1.8998		0.0000		3960.056		4.057		12.555		9.499234		22.800
5.022		1.9032		0.0000		3960.053		4.060		12.555		9.515759		22.840
5.022		1.9070		0.0000		3960.049		4.064		12.555		9.535037		22.880
5.026		1.9109		0.0000		3960.045		4.068		12.565		9.554314		22.920
5.032		1.9142		0.0000		3960.042		4.071		12.580		9.570838		22.960
5.038		1.9172		0.0000		3960.039		4.074		12.595		9.585985		23.000
5.038		1.9205		0.0000		3960.036		4.078		12.595		9.602509		23.040
5.038		1.9237		0.0000		3960.032		4.081		12.595		9.618345		23.080
5.038		1.9270		0.0000		3960.029		4.084		12.595		9.634868		23.120
5.038		1.9301		0.0000		3960.026		4.087		12.595		9.650703		23.160
5.038		1.9333		0.0000		3960.023		4.091		12.595		9.666539		23.200
5.038		1.9365		0.0000		3960.020		4.094		12.595		9.682375		23.240
5.038		1.9402		0.0000		3960.016		4.097		12.595		9.700965		23.280
5.040		1.9439		0.0000		3960.012		4.101		12.600		9.719554		23.320
5.046		1.9475		0.0000		3960.009		4.105		12.615		9.737454		23.360
5.054		1.9507		0.0000		3960.005		4.108		12.635		9.753290		23.400
5.056		1.9538		0.0000		3960.002		4.111		12.640		9.769126		23.440
5.054		1.9571		0.0000		3959.999		4.114		12.635		9.785651		23.480
5.054		1.9603		0.0000		3959.996		4.118		12.635		9.801487		23.520
5.054		1.9635		0.0000		3959.993		4.121		12.635		9.817323		23.560
5.054		1.9666		0.0000		3959.990		4.124		12.635		9.833158		23.600
5.054		1.9699		0.0000		3959.986		4.127		12.635		9.849681		23.640
5.054		1.9734		0.0000		3959.983		4.131		12.635		9.866895		23.680
5.056		1.9772		0.0000		3959.979		4.134		12.640		9.886170		23.720
5.060		1.9810		0.0000		3959.975		4.138		12.650		9.904760		23.760
5.068		1.9841		0.0000		3959.972		4.141		12.670		9.920596		23.800
5.074		1.9871		0.0000		3959.969		4.144		12.685		9.935742		23.840
5.074		1.9905		0.0000		3959.966		4.148		12.685		9.952268		23.880
5.072		1.9938		0.0000		3959.962		4.151		12.680		9.968792		23.920
5.074		1.9969		0.0000		3959.959		4.154		12.685		9.984628		23.960
5.074		2.0001		0.0000		3959.956		4.157		12.685		10.000463		24.000
5.074		2.0033		0.0000		3959.953		4.160		12.685		10.016297		24.040
5.074		2.0067		0.0000		3959.949		4.164		12.685		10.033511		24.080
5.074		2.0104		0.0000		3959.946		4.168		12.685		10.052100		24.120
5.078		2.0141		0.0000		3959.942		4.171		12.695		10.070690		24.160
5.084		2.0176		0.0000		3959.938		4.175		12.710		10.087901		24.200
5.090		2.0207		0.0000		3959.935		4.178		12.725		10.103737		24.240
5.092		2.0239		0.0000		3959.932		4.181		12.730		10.119573		24.280
5.094		2.0271		0.0000		3959.929		4.184		12.735		10.135408		24.320
5.094		2.0302		0.0000		3959.926		4.187		12.735		10.151244		24.360
5.094		2.0334		0.0000		3959.923		4.191		12.735		10.167080		24.400
5.094		2.0367		0.0000		3959.919		4.194		12.735		10.183602		24.440
5.094		2.0399		0.0000		3959.916		4.197		12.735		10.199438		24.480
5.096		2.0436		0.0000		3959.912		4.201		12.740		10.218028		24.520
5.098		2.0475		0.0000		3959.909		4.205		12.745		10.237307		24.560
5.104		2.0510		0.0000		3959.905		4.208		12.760		10.255207		24.600
5.112		2.0541		0.0000		3959.902		4.211		12.780		10.270353		24.640
5.114		2.0572		0.0000		3959.899		4.214		12.785		10.286189		24.680
5.112		2.0605		0.0000		3959.896		4.218		12.780		10.302714		24.720
5.112		2.0637		0.0000		3959.892		4.221		12.780		10.318550		24.760
5.112		2.0669		0.0000		3959.889		4.224		12.780		10.334386		24.800
5.112		2.0700		0.0000		3959.886		4.227		12.780		10.350222		24.840
5.112		2.0733		0.0000		3959.883		4.231		12.780		10.366744		24.880
5.112		2.0768		0.0000		3959.879		4.234		12.780		10.383958		24.920
5.112		2.0806		0.0000		3959.875		4.238		12.780		10.403236		24.960
5.118		2.0844		0.0000		3959.872		4.242		12.795		10.421825		25.000
5.124		2.0875		0.0000		3959.869		4.245		12.810		10.437659		25.040
5.128		2.0907		0.0000		3959.865		4.248		12.820		10.453495		25.080
5.128		2.0939		0.0000		3959.862		4.251		12.820		10.469331		25.120
5.128		2.0972		0.0000		3959.859		4.254		12.820		10.485855		25.160
5.126		2.1003		0.0000		3959.856		4.258		12.815		10.501691		25.200
5.126		2.1035		0.0000		3959.853		4.261		12.815		10.517527		25.240
5.126		2.1067		0.0000		3959.849		4.264		12.815		10.533362		25.280
5.126		2.1100		0.0000		3959.846		4.267		12.815		10.549885		25.320
5.126		2.1138		0.0000		3959.842		4.271		12.815		10.569163		25.360
5.130		2.1177		0.0000		3959.838		4.275		12.825		10.588442		25.400
5.136		2.1210		0.0000		3959.835		4.278		12.840		10.604964		25.440
5.142		2.1240		0.0000		3959.832		4.281		12.855		10.620113		25.480
5.142		2.1273		0.0000		3959.829		4.285		12.855		10.636636		25.520
5.142		2.1305		0.0000		3959.826		4.288		12.855		10.652472		25.560
5.140		2.1337		0.0000		3959.823		4.291		12.850		10.668307		25.600
5.140		2.1368		0.0000		3959.819		4.294		12.850		10.684143		25.640
5.140		2.1401		0.0000		3959.816		4.297		12.850		10.700668		25.680
5.140		2.1433		0.0000		3959.813		4.301		12.850		10.716501		25.720
5.140		2.1470		0.0000		3959.809		4.304		12.850		10.735091		25.760
5.142		2.1509		0.0000		3959.805		4.308		12.855		10.754370		25.800
5.148		2.1543		0.0000		3959.802		4.312		12.870		10.771584		25.840
5.154		2.1575		0.0000		3959.799		4.315		12.885		10.787419		25.880
5.158		2.1607		0.0000		3959.795		4.318		12.895		10.803252		25.920
5.156		2.1640		0.0000		3959.792		4.321		12.890		10.819777		25.960
5.156		2.1671		0.0000		3959.789		4.324		12.890		10.835613		26.000
5.156		2.1703		0.0000		3959.786		4.327		12.890		10.851449		26.040
5.156		2.1735		0.0000		3959.783		4.331		12.890		10.867285		26.080
5.154		2.1766		0.0000		3959.780		4.334		12.885		10.883121		26.120
5.154		2.1802		0.0000		3959.776		4.337		12.885		10.901021		26.160
5.156		2.1839		0.0000		3959.772		4.341		12.890		10.919610		26.200
5.160		2.1878		0.0000		3959.768		4.345		12.900		10.938889		26.240
5.168		2.1909		0.0000		3959.765		4.348		12.920		10.954724		26.280
5.172		2.1941		0.0000		3959.762		4.351		12.930		10.970558		26.320
5.170		2.1973		0.0000		3959.759		4.354		12.925		10.986394		26.360
5.170		2.2004		0.0000		3959.756		4.358		12.925		11.002230		26.400
5.170		2.2038		0.0000		3959.752		4.361		12.925		11.018754		26.440
5.170		2.2069		0.0000		3959.749		4.364		12.925		11.034590		26.480
5.168		2.2101		0.0000		3959.746		4.367		12.920		11.050426		26.520
5.168		2.2134		0.0000		3959.743		4.371		12.920		11.066948		26.560
5.168		2.2172		0.0000		3959.739		4.374		12.920		11.086226		26.600
5.172		2.2211		0.0000		3959.735		4.378		12.930		11.105505		26.640
5.178		2.2244		0.0000		3959.732		4.382		12.945		11.122030		26.680
5.184		2.2276		0.0000		3959.729		4.385		12.960		11.137866		26.720
5.184		2.2307		0.0000		3959.725		4.388		12.960		11.153699		26.760
5.182		2.2339		0.0000		3959.722		4.391		12.955		11.169535		26.800
5.182		2.2371		0.0000		3959.719		4.394		12.955		11.185370		26.840
5.180		2.2402		0.0000		3959.716		4.397		12.950		11.201206		26.880
5.180		2.2434		0.0000		3959.713		4.401		12.950		11.217042		26.920
5.180		2.2467		0.0000		3959.709		4.404		12.950		11.233567		26.960
5.178		2.2504		0.0000		3959.706		4.408		12.945		11.252156		27.000
5.182		2.2543		0.0000		3959.702		4.411		12.955		11.271433		27.040
5.188		2.2579		0.0000		3959.698		4.415		12.970		11.289335		27.080
5.194		2.2609		0.0000		3959.695		4.418		12.985		11.304482		27.120
5.196		2.2641		0.0000		3959.692		4.421		12.990		11.320318		27.160
5.194		2.2674		0.0000		3959.689		4.425		12.985		11.336841		27.200
5.194		2.2705		0.0000		3959.686		4.428		12.985		11.352676		27.240
5.194		2.2737		0.0000		3959.682		4.431		12.985		11.368512		27.280
5.192		2.2769		0.0000		3959.679		4.434		12.980		11.384348		27.320
5.192		2.2802		0.0000		3959.676		4.437		12.980		11.400872		27.360
5.192		2.2836		0.0000		3959.672		4.441		12.980		11.418084		27.400
5.192		2.2875		0.0000		3959.669		4.445		12.980		11.437363		27.440
5.198		2.2912		0.0000		3959.665		4.448		12.995		11.455952		27.480
5.206		2.2944		0.0000		3959.662		4.452		13.015		11.471787		27.520
5.210		2.2975		0.0000		3959.658		4.455		13.025		11.487623		27.560
5.208		2.3007		0.0000		3959.655		4.458		13.020		11.503459		27.600
5.208		2.3039		0.0000		3959.652		4.461		13.020		11.519293		27.640
5.208		2.3070		0.0000		3959.649		4.464		13.020		11.535129		27.680
5.206		2.3102		0.0000		3959.646		4.467		13.015		11.550964		27.720
5.206		2.3134		0.0000		3959.643		4.471		13.015		11.566800		27.760
5.206		2.3168		0.0000		3959.639		4.474		13.015		11.584014		27.800
5.206		2.3207		0.0000		3959.635		4.478		13.015		11.603290		27.840
5.210		2.3245		0.0000		3959.632		4.482		13.025		11.622568		27.880
5.218		2.3278		0.0000		3959.628		4.485		13.045		11.639093		27.920
5.224		2.3308		0.0000		3959.625		4.488		13.060		11.654240		27.960
5.224		2.3342		0.0000		3959.622		4.491		13.060		11.670765		28.000
5.222		2.3373		0.0000		3959.619		4.495		13.055		11.686598		28.040
5.222		2.3405		0.0000		3959.615		4.498		13.055		11.702434		28.080
5.220		2.3437		0.0000		3959.612		4.501		13.050		11.718269		28.120
5.220		2.3468		0.0000		3959.609		4.504		13.050		11.734105		28.160
5.218		2.3501		0.0000		3959.606		4.507		13.045		11.750630		28.200
5.218		2.3538		0.0000		3959.602		4.511		13.045		11.769219		28.240
5.220		2.3577		0.0000		3959.598		4.515		13.050		11.788498		28.280
5.226		2.3611		0.0000		3959.595		4.518		13.065		11.805710		28.320
5.232		2.3643		0.0000		3959.592		4.522		13.080		11.821546		28.360
5.232		2.3675		0.0000		3959.589		4.525		13.080		11.837381		28.400
5.230		2.3706		0.0000		3959.585		4.528		13.075		11.853217		28.440
5.228		2.3739		0.0000		3959.582		4.531		13.070		11.869740		28.480
5.226		2.3771		0.0000		3959.579		4.534		13.065		11.885575		28.520
5.226		2.3803		0.0000		3959.576		4.537		13.065		11.901411		28.560
5.224		2.3834		0.0000		3959.573		4.541		13.060		11.917247		28.600
5.224		2.3870		0.0000		3959.569		4.544		13.060		11.935147		28.640
5.224		2.3910		0.0000		3959.565		4.548		13.060		11.955114		28.680
5.230		2.3946		0.0000		3959.562		4.552		13.075		11.973015		28.720
5.236		2.3976		0.0000		3959.558		4.555		13.090		11.988162		28.760
5.238		2.4009		0.0000		3959.555		4.558		13.095		12.004686		28.800
5.236		2.4041		0.0000		3959.552		4.561		13.090		12.020522		28.840
5.234		2.4073		0.0000		3959.549		4.564		13.085		12.036358		28.880
5.232		2.4104		0.0000		3959.546		4.568		13.080		12.052192		28.920
5.232		2.4136		0.0000		3959.542		4.571		13.080		12.068027		28.960
5.230		2.4169		0.0000		3959.539		4.574		13.075		12.084552		29.000
5.228		2.4204		0.0000		3959.536		4.578		13.070		12.101764		29.040
5.230		2.4241		0.0000		3959.532		4.581		13.075		12.120353		29.080
5.232		2.4278		0.0000		3959.528		4.585		13.080		12.138943		29.120
5.240		2.4311		0.0000		3959.525		4.588		13.100		12.155467		29.160
5.244		2.4344		0.0000		3959.522		4.592		13.110		12.171992		29.200
5.244		2.4376		0.0000		3959.519		4.595		13.110		12.187828		29.240
5.242		2.4407		0.0000		3959.515		4.598		13.105		12.203664		29.280
5.240		2.4439		0.0000		3959.512		4.601		13.100		12.219497		29.320
5.240		2.4471		0.0000		3959.509		4.604		13.100		12.235332		29.360
5.238		2.4502		0.0000		3959.506		4.607		13.095		12.251168		29.400
5.236		2.4535		0.0000		3959.502		4.611		13.090		12.267694		29.440
5.236		2.4573		0.0000		3959.499		4.614		13.090		12.286283		29.480
5.238		2.4611		0.0000		3959.495		4.618		13.095		12.305561		29.520
5.244		2.4646		0.0000		3959.491		4.622		13.110		12.322773		29.560
5.250		2.4677		0.0000		3959.488		4.625		13.125		12.338609		29.600
5.250		2.4709		0.0000		3959.485		4.628		13.125		12.354445		29.640
5.248		2.4741		0.0000		3959.482		4.631		13.120		12.370280		29.680
5.246		2.4774		0.0000		3959.479		4.635		13.115		12.386803		29.720
5.246		2.4805		0.0000		3959.476		4.638		13.115		12.402638		29.760
5.244		2.4837		0.0000		3959.472		4.641		13.110		12.418474		29.800
5.244		2.4869		0.0000		3959.469		4.644		13.110		12.434310		29.840
5.242		2.4904		0.0000		3959.466		4.648		13.105		12.452210		29.880
5.242		2.4943		0.0000		3959.462		4.652		13.105		12.471489		29.920
5.248		2.4980		0.0000		3959.458		4.655		13.120		12.490078		29.960
5.254		2.5012		0.0000		3959.455		4.658		13.135		12.505914		30.000
5.256		2.5043		0.0000		3959.452		4.662		13.140		12.521749		30.040
5.254		2.5075		0.0000		3959.448		4.665		13.135		12.537585		30.080
5.252		2.5107		0.0000		3959.445		4.668		13.130		12.553421		30.120
5.250		2.5139		0.0000		3959.442		4.671		13.125		12.569257		30.160
5.250		2.5170		0.0000		3959.439		4.674		13.125		12.585093		30.200
5.248		2.5202		0.0000		3959.436		4.677		13.120		12.600926		30.240
5.246		2.5236		0.0000		3959.432		4.681		13.115		12.618140		30.280
5.246		2.5275		0.0000		3959.429		4.685		13.115		12.637419		30.320
5.250		2.5313		0.0000		3959.425		4.689		13.125		12.656694		30.360
5.256		2.5345		0.0000		3959.422		4.692		13.140		12.672530		30.400
5.260		2.5377		0.0000		3959.418		4.695		13.150		12.688366		30.440
5.260		2.5408		0.0000		3959.415		4.698		13.150		12.704202		30.480
5.256		2.5441		0.0000		3959.412		4.701		13.140		12.720727		30.520
5.256		2.5473		0.0000		3959.409		4.705		13.140		12.736563		30.560
5.254		2.5505		0.0000		3959.406		4.708		13.135		12.752398		30.600
5.252		2.5536		0.0000		3959.402		4.711		13.130		12.768231		30.640
5.252		2.5570		0.0000		3959.399		4.714		13.130		12.784757		30.680
5.252		2.5607		0.0000		3959.396		4.718		13.130		12.803346		30.720
5.254		2.5645		0.0000		3959.392		4.722		13.135		12.822624		30.760
5.260		2.5680		0.0000		3959.388		4.725		13.150		12.839836		30.800
5.264		2.5711		0.0000		3959.385		4.728		13.160		12.855672		30.840
5.266		2.5743		0.0000		3959.382		4.732		13.165		12.871508		30.880
5.264		2.5775		0.0000		3959.379		4.735		13.160		12.887343		30.920
5.262		2.5806		0.0000		3959.375		4.738		13.155		12.903179		30.960
5.260		2.5838		0.0000		3959.372		4.741		13.150		12.919015		31.000
5.260		2.5871		0.0000		3959.369		4.744		13.150		12.935537		31.040
5.258		2.5903		0.0000		3959.366		4.747		13.145		12.951373		31.080
5.256		2.5939		0.0000		3959.362		4.751		13.140		12.969275		31.120
5.258		2.5977		0.0000		3959.358		4.755		13.145		12.988552		31.160
5.264		2.6014		0.0000		3959.355		4.759		13.160		13.007141		31.200
5.270		2.6045		0.0000		3959.352		4.762		13.175		13.022288		31.240
5.274		2.6076		0.0000		3959.348		4.765		13.185		13.038124		31.280
5.272		2.6109		0.0000		3959.345		4.768		13.180		13.054648		31.320
5.270		2.6141		0.0000		3959.342		4.771		13.175		13.070484		31.360
5.268		2.6173		0.0000		3959.339		4.774		13.170		13.086320		31.400
5.268		2.6204		0.0000		3959.336		4.778		13.170		13.102156		31.440
5.266		2.6237		0.0000		3959.332		4.781		13.165		13.118678		31.480
5.264		2.6272		0.0000		3959.329		4.784		13.160		13.135892		31.520
5.264		2.6309		0.0000		3959.325		4.788		13.160		13.154482		31.560
5.268		2.6348		0.0000		3959.321		4.792		13.170		13.173760		31.600
5.272		2.6379		0.0000		3959.318		4.795		13.180		13.189593		31.640
5.276		2.6411		0.0000		3959.315		4.798		13.190		13.205429		31.680
5.274		2.6443		0.0000		3959.312		4.801		13.185		13.221265		31.720
5.272		2.6476		0.0000		3959.309		4.805		13.180		13.237790		31.760
5.270		2.6507		0.0000		3959.305		4.808		13.175		13.253626		31.800
5.268		2.6539		0.0000		3959.302		4.811		13.170		13.269462		31.840
5.266		2.6571		0.0000		3959.299		4.814		13.165		13.285297		31.880
5.264		2.6604		0.0000		3959.296		4.818		13.160		13.301820		31.920
5.262		2.6641		0.0000		3959.292		4.821		13.155		13.320409		31.960
5.264		2.6681		0.0000		3959.288		4.825		13.160		13.340377		32.000
5.270		2.6714		0.0000		3959.285		4.829		13.175		13.356899		32.040
5.276		2.6745		0.0000		3959.281		4.832		13.190		13.372735		32.080
5.274		2.6777		0.0000		3959.278		4.835		13.185		13.388571		32.120
5.270		2.6809		0.0000		3959.275		4.838		13.175		13.404407		32.160
5.268		2.6840		0.0000		3959.272		4.841		13.170		13.420242		32.200
5.266		2.6872		0.0000		3959.269		4.844		13.165		13.436078		32.240
5.264		2.6904		0.0000		3959.266		4.848		13.160		13.451914		32.280
5.262		2.6937		0.0000		3959.262		4.851		13.155		13.468436		32.320
5.260		2.6974		0.0000		3959.259		4.855		13.150		13.487025		32.360
5.262		2.7011		0.0000		3959.255		4.858		13.155		13.505615		32.400
5.266		2.7047		0.0000		3959.251		4.862		13.165		13.523518		32.440
5.272		2.7080		0.0000		3959.248		4.865		13.180		13.540040		32.480
5.274		2.7112		0.0000		3959.245		4.868		13.185		13.555876		32.520
5.270		2.7143		0.0000		3959.242		4.872		13.175		13.571712		32.560
5.268		2.7175		0.0000		3959.239		4.875		13.170		13.587547		32.600
5.266		2.7207		0.0000		3959.235		4.878		13.165		13.603383		32.640
5.262		2.7238		0.0000		3959.232		4.881		13.155		13.619219		32.680
5.260		2.7270		0.0000		3959.229		4.884		13.150		13.635055		32.720
5.258		2.7306		0.0000		3959.226		4.888		13.145		13.652955		32.760
5.258		2.7343		0.0000		3959.222		4.892		13.145		13.671545		32.800
5.260		2.7382		0.0000		3959.218		4.895		13.150		13.690824		32.840
5.268		2.7413		0.0000		3959.215		4.899		13.170		13.706659		32.880
5.270		2.7445		0.0000		3959.212		4.902		13.175		13.722492		32.920
5.268		2.7477		0.0000		3959.208		4.905		13.170		13.738328		32.960
5.264		2.7510		0.0000		3959.205		4.908		13.160		13.754853		33.000
5.262		2.7541		0.0000		3959.202		4.911		13.155		13.770689		33.040
5.260		2.7573		0.0000		3959.199		4.915		13.150		13.786525		33.080
5.258		2.7605		0.0000		3959.196		4.918		13.145		13.802361		33.120
5.256		2.7638		0.0000		3959.192		4.921		13.140		13.818883		33.160
5.254		2.7675		0.0000		3959.188		4.925		13.135		13.837472		33.200
5.254		2.7714		0.0000		3959.185		4.929		13.135		13.856750		33.240
5.260		2.7748		0.0000		3959.181		4.932		13.150		13.873964		33.280
5.264		2.7780		0.0000		3959.178		4.935		13.160		13.889800		33.320
5.262		2.7811		0.0000		3959.175		4.938		13.155		13.905634		33.360
5.258		2.7843		0.0000		3959.172		4.942		13.145		13.921470		33.400
5.256		2.7875		0.0000		3959.169		4.945		13.140		13.937305		33.440
5.254		2.7906		0.0000		3959.166		4.948		13.135		13.953141		33.480
5.250		2.7938		0.0000		3959.162		4.951		13.125		13.968977		33.520
5.248		2.7971		0.0000		3959.159		4.954		13.120		13.985501		33.560
5.246		2.8007		0.0000		3959.155		4.958		13.115		14.003402		33.600
5.246		2.8047		0.0000		3959.151		4.962		13.115		14.023367		33.640
5.250		2.8083		0.0000		3959.148		4.965		13.125		14.041270		33.680
5.254		2.8113		0.0000		3959.145		4.968		13.135		14.056417		33.720
5.254		2.8145		0.0000		3959.142		4.972		13.135		14.072252		33.760
5.250		2.8178		0.0000		3959.138		4.975		13.125		14.088775		33.800
5.248		2.8209		0.0000		3959.135		4.978		13.120		14.104610		33.840
5.246		2.8241		0.0000		3959.132		4.981		13.115		14.120446		33.880
5.242		2.8273		0.0000		3959.129		4.984		13.105		14.136282		33.920
5.240		2.8306		0.0000		3959.125		4.988		13.100		14.152807		33.960
5.238		2.8340		0.0000		3959.122		4.991		13.095		14.170018		34.000
5.238		2.8377		0.0000		3959.118		4.995		13.095		14.188608		34.040
5.240		2.8416		0.0000		3959.115		4.999		13.100		14.207887		34.080
5.246		2.8447		0.0000		3959.111		5.002		13.115		14.223722		34.120
5.248		2.8479		0.0000		3959.108		5.005		13.120		14.239558		34.160
5.246		2.8511		0.0000		3959.105		5.008		13.115		14.255394		34.200
5.242		2.8542		0.0000		3959.102		5.011		13.105		14.271227		34.240
5.238		2.8576		0.0000		3959.099		5.015		13.095		14.287752		34.280
5.236		2.8607		0.0000		3959.095		5.018		13.090		14.303588		34.320
5.234		2.8639		0.0000		3959.092		5.021		13.085		14.319424		34.360
5.230		2.8672		0.0000		3959.089		5.024		13.075		14.335948		34.400
5.228		2.8710		0.0000		3959.085		5.028		13.070		14.355225		34.440
5.232		2.8749		0.0000		3959.081		5.032		13.080		14.374503		34.480
5.238		2.8782		0.0000		3959.078		5.035		13.095		14.391027		34.520
5.242		2.8812		0.0000		3959.075		5.038		13.105		14.406175		34.560
5.240		2.8845		0.0000		3959.072		5.042		13.100		14.422699		34.600
5.236		2.8877		0.0000		3959.068		5.045		13.090		14.438533		34.640
5.234		2.8909		0.0000		3959.065		5.048		13.085		14.454369		34.680
5.232		2.8940		0.0000		3959.062		5.051		13.080		14.470204		34.720
5.230		2.8972		0.0000		3959.059		5.054		13.075		14.486040		34.760
5.226		2.9005		0.0000		3959.056		5.058		13.065		14.502564		34.800
5.224		2.9042		0.0000		3959.052		5.061		13.060		14.521154		34.840
5.224		2.9081		0.0000		3959.048		5.065		13.060		14.540433		34.880
5.228		2.9115		0.0000		3959.044		5.069		13.070		14.557644		34.920
5.232		2.9147		0.0000		3959.041		5.072		13.080		14.573480		34.960
5.232		2.9179		0.0000		3959.038		5.075		13.080		14.589315		35.000
5.228		2.9212		0.0000		3959.035		5.078		13.070		14.605838		35.040
5.226		2.9243		0.0000		3959.032		5.082		13.065		14.621674		35.080
5.222		2.9275		0.0000		3959.029		5.085		13.055		14.637509		35.120
5.220		2.9307		0.0000		3959.025		5.088		13.050		14.653345		35.160
5.216		2.9338		0.0000		3959.022		5.091		13.040		14.669181		35.200
5.212		2.9374		0.0000		3959.019		5.095		13.030		14.687081		35.240
5.210		2.9413		0.0000		3959.015		5.098		13.025		14.706360		35.280
5.212		2.9450		0.0000		3959.011		5.102		13.030		14.724950		35.320
5.218		2.9482		0.0000		3959.008		5.105		13.045		14.740786		35.360
5.218		2.9513		0.0000		3959.005		5.109		13.045		14.756621		35.400
5.214		2.9545		0.0000		3959.001		5.112		13.035		14.772457		35.440
5.210		2.9577		0.0000		3958.999		5.115		13.025		14.788293		35.480
5.208		2.9610		0.0000		3958.995		5.118		13.020		14.804815		35.520
5.206		2.9641		0.0000		3958.992		5.121		13.015		14.820651		35.560
5.202		2.9673		0.0000		3958.989		5.125		13.005		14.836487		35.600
5.200		2.9707		0.0000		3958.985		5.128		13.000		14.853698		35.640
5.198		2.9745		0.0000		3958.982		5.132		12.995		14.872288		35.680
5.198		2.9782		0.0000		3958.978		5.135		12.995		14.890877		35.720
5.202		2.9816		0.0000		3958.974		5.139		13.005		14.908091		35.760
5.204		2.9848		0.0000		3958.971		5.142		13.010		14.923926		35.800
5.202		2.9880		0.0000		3958.968		5.145		13.005		14.939762		35.840
5.198		2.9911		0.0000		3958.965		5.148		12.995		14.955598		35.880
5.194		2.9943		0.0000		3958.962		5.151		12.985		14.971432		35.920
5.190		2.9975		0.0000		3958.959		5.155		12.975		14.987267		35.960
5.188		3.0006		0.0000		3958.956		5.158		12.970		15.003103		36.000
5.184		3.0039		0.0000		3958.952		5.161		12.960		15.019628		36.040
5.182		3.0076		0.0000		3958.948		5.165		12.955		15.038218		36.080
5.182		3.0115		0.0000		3958.945		5.169		12.955		15.057496		36.120
5.186		3.0151		0.0000		3958.941		5.172		12.965		15.075397		36.160
5.190		3.0181		0.0000		3958.938		5.175		12.975		15.090543		36.200
5.188		3.0213		0.0000		3958.935		5.178		12.970		15.106379		36.240
5.184		3.0244		0.0000		3958.932		5.182		12.960		15.122214		36.280
5.180		3.0277		0.0000		3958.928		5.185		12.950		15.138737		36.320
5.178		3.0309		0.0000		3958.925		5.188		12.945		15.154572		36.360
5.174		3.0341		0.0000		3958.922		5.191		12.935		15.170408		36.400
5.172		3.0374		0.0000		3958.919		5.195		12.930		15.186934		36.440
5.168		3.0408		0.0000		3958.915		5.198		12.920		15.204144		36.480
5.166		3.0445		0.0000		3958.912		5.202		12.915		15.222734		36.520
5.168		3.0483		0.0000		3958.908		5.205		12.920		15.241323		36.560
5.172		3.0514		0.0000		3958.905		5.209		12.930		15.257159		36.600
5.172		3.0547		0.0000		3958.901		5.212		12.930		15.273685		36.640
5.168		3.0579		0.0000		3958.898		5.215		12.920		15.289520		36.680
5.166		3.0611		0.0000		3958.895		5.218		12.915		15.305356		36.720
5.162		3.0642		0.0000		3958.892		5.221		12.905		15.321192		36.760
5.160		3.0674		0.0000		3958.889		5.225		12.900		15.337028		36.800
5.156		3.0707		0.0000		3958.885		5.228		12.890		15.353550		36.840
5.154		3.0740		0.0000		3958.882		5.231		12.885		15.370074		36.880
5.150		3.0780		0.0000		3958.878		5.235		12.875		15.390039		36.920
5.152		3.0817		0.0000		3958.874		5.239		12.880		15.408629		36.960
5.156		3.0850		0.0000		3958.871		5.242		12.890		15.425154		37.000
5.158		3.0881		0.0000		3958.868		5.245		12.895		15.440301		37.040
5.154		3.0912		0.0000		3958.865		5.248		12.885		15.456137		37.080
5.150		3.0945		0.0000		3958.862		5.252		12.875		15.472661		37.120
5.148		3.0977		0.0000		3958.858		5.255		12.870		15.488497		37.160
5.144		3.1009		0.0000		3958.855		5.258		12.860		15.504333		37.200
5.142		3.1042		0.0000		3958.852		5.261		12.855		15.520855		37.240
5.138		3.1073		0.0000		3958.849		5.265		12.845		15.536691		37.280
5.136		3.1111		0.0000		3958.845		5.268		12.840		15.555281		37.320
5.134		3.1149		0.0000		3958.841		5.272		12.835		15.574559		37.360
5.138		3.1184		0.0000		3958.838		5.276		12.845		15.591770		37.400
5.140		3.1215		0.0000		3958.834		5.279		12.850		15.607606		37.440
5.138		3.1247		0.0000		3958.831		5.282		12.845		15.623442		37.480
5.134		3.1279		0.0000		3958.828		5.285		12.835		15.639277		37.520
5.130		3.1312		0.0000		3958.825		5.288		12.825		15.655803		37.560
5.128		3.1343		0.0000		3958.822		5.292		12.820		15.671638		37.600
5.124		3.1375		0.0000		3958.819		5.295		12.810		15.687471		37.640
5.122		3.1407		0.0000		3958.815		5.298		12.805		15.703307		37.680
5.120		3.1444		0.0000		3958.812		5.302		12.800		15.721897		37.720
5.118		3.1481		0.0000		3958.808		5.305		12.795		15.740486		37.760
5.120		3.1518		0.0000		3958.804		5.309		12.800		15.759076		37.800
5.126		3.1550		0.0000		3958.801		5.312		12.815		15.774912		37.840
5.126		3.1580		0.0000		3958.798		5.315		12.815		15.790058		37.880
5.122		3.1613		0.0000		3958.795		5.319		12.805		15.806583		37.920
5.118		3.1645		0.0000		3958.792		5.322		12.795		15.822419		37.960
5.116		3.1678		0.0000		3958.788		5.325		12.790		15.838943		38.000
5.114		3.1710		0.0000		3958.785		5.328		12.785		15.854777		38.040
5.110		3.1741		0.0000		3958.782		5.331		12.775		15.870613		38.080
5.108		3.1774		0.0000		3958.779		5.335		12.770		15.887137		38.120
5.106		3.1814		0.0000		3958.775		5.339		12.765		15.907105		38.160
5.106		3.1850		0.0000		3958.771		5.342		12.765		15.925006		38.200
5.112		3.1883		0.0000		3958.768		5.346		12.780		15.941528		38.240
5.114		3.1916		0.0000		3958.764		5.349		12.785		15.958053		38.280
5.112		3.1948		0.0000		3958.761		5.352		12.780		15.973888		38.320
5.108		3.1979		0.0000		3958.758		5.355		12.770		15.989724		38.360
5.104		3.2011		0.0000		3958.755		5.358		12.760		16.005560		38.400
5.102		3.2043		0.0000		3958.752		5.361		12.755		16.021397		38.440
5.098		3.2074		0.0000		3958.749		5.365		12.745		16.037231		38.480
5.094		3.2108		0.0000		3958.745		5.368		12.735		16.053755		38.521
5.090		3.2145		0.0000		3958.742		5.372		12.725		16.072344		38.561
5.090		3.2183		0.0000		3958.738		5.376		12.725		16.091621		38.601
5.092		3.2218		0.0000		3958.734		5.379		12.730		16.108833		38.641
5.096		3.2249		0.0000		3958.731		5.382		12.740		16.124670		38.681
5.092		3.2281		0.0000		3958.728		5.385		12.730		16.140505		38.721
5.088		3.2313		0.0000		3958.725		5.388		12.720		16.156342		38.761
5.084		3.2346		0.0000		3958.721		5.392		12.710		16.172865		38.801
5.082		3.2377		0.0000		3958.718		5.395		12.705		16.188702		38.841
5.078		3.2409		0.0000		3958.715		5.398		12.695		16.204536		38.881
5.074		3.2442		0.0000		3958.712		5.401		12.685		16.221060		38.921
5.070		3.2477		0.0000		3958.708		5.405		12.675		16.238274		38.961
5.068		3.2515		0.0000		3958.705		5.409		12.670		16.257549		39.001
5.070		3.2552		0.0000		3958.701		5.412		12.675		16.276138		39.041
5.072		3.2584		0.0000		3958.698		5.416		12.680		16.291975		39.081
5.072		3.2616		0.0000		3958.695		5.419		12.680		16.307810		39.121
5.068		3.2647		0.0000		3958.691		5.422		12.670		16.323647		39.161
5.062		3.2679		0.0000		3958.688		5.425		12.655		16.339481		39.201
5.058		3.2712		0.0000		3958.685		5.428		12.645		16.356007		39.241
5.054		3.2744		0.0000		3958.682		5.432		12.635		16.371843		39.281
5.050		3.2775		0.0000		3958.678		5.435		12.625		16.387676		39.321
5.046		3.2810		0.0000		3958.675		5.438		12.615		16.404890		39.361
5.042		3.2847		0.0000		3958.671		5.442		12.605		16.423479		39.401
5.044		3.2886		0.0000		3958.667		5.446		12.610		16.442759		39.441
5.046		3.2919		0.0000		3958.664		5.449		12.615		16.459280		39.481
5.048		3.2949		0.0000		3958.661		5.452		12.620		16.474426		39.521
5.044		3.2981		0.0000		3958.658		5.455		12.610		16.490263		39.561
5.038		3.3014		0.0000		3958.655		5.459		12.595		16.506788		39.601
5.034		3.3047		0.0000		3958.651		5.462		12.585		16.523312		39.641
5.030		3.3078		0.0000		3958.648		5.465		12.575		16.539148		39.681
5.026		3.3109		0.0000		3958.645		5.468		12.565		16.554295		39.721
5.022		3.3143		0.0000		3958.642		5.472		12.555		16.571507		39.761
5.020		3.3179		0.0000		3958.638		5.475		12.550		16.589407		39.801
5.020		3.3217		0.0000		3958.634		5.479		12.550		16.608685		39.841
5.022		3.3252		0.0000		3958.631		5.482		12.555		16.625898		39.881
5.024		3.3283		0.0000		3958.628		5.486		12.560		16.641733		39.921
5.022		3.3315		0.0000		3958.625		5.489		12.555		16.657568		39.961
5.016		3.3348		0.0000		3958.621		5.492		12.540		16.674093		40.001
5.012		3.3380		0.0000		3958.618		5.495		12.530		16.689928		40.041
5.008		3.3412		0.0000		3958.615		5.498		12.520		16.705765		40.081
5.004		3.3443		0.0000		3958.612		5.502		12.510		16.721600		40.121
5.000		3.3476		0.0000		3958.608		5.505		12.500		16.738123		40.161
4.996		3.3512		0.0000		3958.605		5.508		12.490		16.756025		40.201
4.996		3.3549		0.0000		3958.601		5.512		12.490		16.774614		40.241
4.998		3.3585		0.0000		3958.598		5.516		12.495		16.792515		40.281
5.000		3.3618		0.0000		3958.594		5.519		12.500		16.809040		40.321
5.000		3.3648		0.0000		3958.591		5.522		12.500		16.824186		40.361
4.996		3.3681		0.0000		3958.588		5.525		12.490		16.840710		40.401
4.990		3.3714		0.0000		3958.585		5.529		12.475		16.857235		40.441
4.988		3.3746		0.0000		3958.582		5.532		12.470		16.873070		40.481
4.984		3.3778		0.0000		3958.578		5.535		12.460		16.888906		40.521
4.980		3.3811		0.0000		3958.575		5.538		12.450		16.905428		40.561
4.976		3.3845		0.0000		3958.572		5.542		12.440		16.922642		40.601
4.974		3.3881		0.0000		3958.568		5.545		12.435		16.940542		40.641
4.974		3.3920		0.0000		3958.564		5.549		12.435		16.959822		40.681
4.976		3.3951		0.0000		3958.561		5.552		12.440		16.975657		40.721
4.976		3.3983		0.0000		3958.558		5.556		12.440		16.991493		40.761
4.974		3.4016		0.0000		3958.554		5.559		12.435		17.008015		40.801
4.970		3.4048		0.0000		3958.551		5.562		12.425		17.023851		40.841
4.966		3.4079		0.0000		3958.548		5.565		12.415		17.039686		40.881
4.962		3.4111		0.0000		3958.545		5.568		12.405		17.055523		40.921
4.958		3.4144		0.0000		3958.542		5.572		12.395		17.072046		40.961
4.954		3.4177		0.0000		3958.538		5.575		12.385		17.088570		41.001
4.952		3.4214		0.0000		3958.535		5.579		12.380		17.107159		41.041
4.952		3.4253		0.0000		3958.531		5.582		12.380		17.126438		41.081
4.954		3.4286		0.0000		3958.528		5.586		12.385		17.142962		41.121
4.956		3.4318		0.0000		3958.524		5.589		12.390		17.158798		41.161
4.954		3.4349		0.0000		3958.521		5.592		12.385		17.174633		41.201
4.950		3.4382		0.0000		3958.518		5.595		12.375		17.191156		41.241
4.946		3.4414		0.0000		3958.515		5.599		12.365		17.206991		41.281
4.942		3.4446		0.0000		3958.511		5.602		12.355		17.222828		41.321
4.938		3.4479		0.0000		3958.508		5.605		12.345		17.239353		41.361
4.934		3.4510		0.0000		3958.505		5.608		12.335		17.255188		41.401
4.932		3.4546		0.0000		3958.501		5.612		12.330		17.273088		41.441
4.930		3.4585		0.0000		3958.498		5.616		12.325		17.292368		41.481
4.932		3.4621		0.0000		3958.494		5.619		12.330		17.310268		41.521
4.936		3.4652		0.0000		3958.491		5.622		12.340		17.326103		41.561
4.936		3.4684		0.0000		3958.488		5.626		12.340		17.341940		41.601
4.932		3.4716		0.0000		3958.485		5.629		12.330		17.357773		41.641
4.928		3.4749		0.0000		3958.481		5.632		12.320		17.374298		41.681
4.926		3.4780		0.0000		3958.478		5.635		12.315		17.390133		41.721
4.922		3.4812		0.0000		3958.475		5.638		12.305		17.405970		41.761
4.918		3.4844		0.0000		3958.472		5.642		12.295		17.421804		41.801
4.914		3.4879		0.0000		3958.468		5.645		12.285		17.439705		41.841
4.912		3.4917		0.0000		3958.464		5.649		12.280		17.458294		41.881
4.912		3.4954		0.0000		3958.461		5.653		12.280		17.476885		41.921
4.916		3.4985		0.0000		3958.458		5.656		12.290		17.492720		41.961
4.916		3.5017		0.0000		3958.454		5.659		12.290		17.508556		42.001
4.912		3.5050		0.0000		3958.451		5.662		12.280		17.525078		42.041
4.908		3.5082		0.0000		3958.448		5.665		12.270		17.540915		42.081
4.904		3.5113		0.0000		3958.445		5.669		12.260		17.556749		42.121
4.900		3.5147		0.0000		3958.441		5.672		12.250		17.573275		42.161
4.896		3.5178		0.0000		3958.438		5.675		12.240		17.589109		42.201
4.892		3.5211		0.0000		3958.435		5.678		12.230		17.605633		42.241
4.890		3.5248		0.0000		3958.431		5.682		12.225		17.624222		42.281
4.888		3.5286		0.0000		3958.427		5.686		12.220		17.642811		42.321
4.892		3.5320		0.0000		3958.424		5.689		12.230		17.660025		42.361
4.892		3.5352		0.0000		3958.421		5.692		12.230		17.675861		42.401
4.890		3.5383		0.0000		3958.418		5.696		12.225		17.691696		42.441
4.884		3.5416		0.0000		3958.415		5.699		12.210		17.708220		42.481
4.882		3.5448		0.0000		3958.411		5.702		12.205		17.724054		42.521
4.878		3.5480		0.0000		3958.408		5.705		12.195		17.739891		42.561
4.874		3.5511		0.0000		3958.405		5.708		12.185		17.755726		42.601
4.870		3.5543		0.0000		3958.402		5.712		12.175		17.771563		42.641
4.866		3.5580		0.0000		3958.398		5.715		12.165		17.790152		42.681
4.866		3.5619		0.0000		3958.394		5.719		12.165		17.809431		42.721
4.868		3.5655		0.0000		3958.391		5.723		12.170		17.827332		42.761
4.870		3.5686		0.0000		3958.387		5.726		12.175		17.843166		42.801
4.868		3.5717		0.0000		3958.385		5.729		12.170		17.858313		42.841
4.864		3.5750		0.0000		3958.381		5.732		12.160		17.874838		42.881
4.858		3.5783		0.0000		3958.378		5.735		12.145		17.891361		42.921
4.856		3.5814		0.0000		3958.375		5.739		12.140		17.907196		42.961
4.852		3.5846		0.0000		3958.372		5.742		12.130		17.923033		43.001
4.850		3.5878		0.0000		3958.368		5.745		12.125		17.938868		43.041
4.846		3.5912		0.0000		3958.365		5.748		12.115		17.956079		43.081
4.844		3.5949		0.0000		3958.361		5.752		12.110		17.974669		43.121
4.846		3.5987		0.0000		3958.357		5.756		12.115		17.993258		43.161
4.850		3.6020		0.0000		3958.354		5.759		12.125		18.009783		43.201
4.850		3.6051		0.0000		3958.351		5.762		12.125		18.025620		43.241
4.848		3.6084		0.0000		3958.348		5.766		12.120		18.042143		43.281
4.844		3.6116		0.0000		3958.344		5.769		12.110		18.057978		43.321
4.840		3.6148		0.0000		3958.341		5.772		12.100		18.073812		43.361
4.836		3.6179		0.0000		3958.338		5.775		12.090		18.089649		43.401
4.832		3.6212		0.0000		3958.335		5.778		12.080		18.106173		43.441
4.828		3.6245		0.0000		3958.332		5.782		12.070		18.122698		43.481
4.826		3.6283		0.0000		3958.328		5.785		12.065		18.141287		43.521
4.826		3.6321		0.0000		3958.324		5.789		12.065		18.160564		43.561
4.830		3.6354		0.0000		3958.321		5.793		12.075		18.177088		43.601
4.832		3.6386		0.0000		3958.317		5.796		12.080		18.192924		43.641
4.830		3.6418		0.0000		3958.314		5.799		12.075		18.208759		43.681
4.826		3.6449		0.0000		3958.311		5.802		12.065		18.224596		43.721
4.822		3.6482		0.0000		3958.308		5.805		12.055		18.241117		43.761
4.820		3.6514		0.0000		3958.305		5.809		12.050		18.256954		43.801
4.816		3.6546		0.0000		3958.302		5.812		12.040		18.272789		43.841
4.814		3.6579		0.0000		3958.298		5.815		12.035		18.289314		43.881
4.810		3.6614		0.0000		3958.295		5.819		12.025		18.307215		43.921
4.808		3.6652		0.0000		3958.291		5.822		12.020		18.325804		43.961
4.810		3.6687		0.0000		3958.287		5.826		12.025		18.343704		44.001
4.812		3.6719		0.0000		3958.284		5.829		12.030		18.359541		44.041
4.812		3.6752		0.0000		3958.281		5.832		12.030		18.376066		44.081
4.808		3.6782		0.0000		3958.278		5.835		12.020		18.391212		44.121
4.806		3.6815		0.0000		3958.274		5.839		12.015		18.407738		44.161
4.802		3.6849		0.0000		3958.271		5.842		12.005		18.424259		44.201
4.800		3.6880		0.0000		3958.268		5.845		12.000		18.440096		44.241
4.796		3.6912		0.0000		3958.265		5.848		11.990		18.455931		44.281
4.794		3.6948		0.0000		3958.261		5.852		11.985		18.473831		44.321
4.792		3.6985		0.0000		3958.258		5.856		11.980		18.492420		44.361
4.794		3.7022		0.0000		3958.254		5.859		11.985		18.511011		44.401
4.796		3.7054		0.0000		3958.251		5.863		11.990		18.526846		44.441
4.796		3.7085		0.0000		3958.248		5.866		11.990		18.542683		44.481
4.792		3.7117		0.0000		3958.244		5.869		11.980		18.558517		44.521
4.788		3.7150		0.0000		3958.241		5.872		11.970		18.575043		44.561
4.784		3.7182		0.0000		3958.238		5.875		11.960		18.590878		44.601
4.782		3.7213		0.0000		3958.235		5.879		11.955		18.606712		44.641
4.778		3.7246		0.0000		3958.231		5.882		11.945		18.623236		44.681
4.776		3.7280		0.0000		3958.228		5.885		11.940		18.639761		44.721
4.772		3.7317		0.0000		3958.224		5.889		11.930		18.658350		44.761
4.774		3.7354		0.0000		3958.221		5.893		11.935		18.676941		44.801
4.776		3.7388		0.0000		3958.217		5.896		11.940		18.694151		44.841
4.778		3.7420		0.0000		3958.214		5.899		11.945		18.709988		44.881
4.776		3.7452		0.0000		3958.211		5.902		11.940		18.725822		44.921
4.772		3.7485		0.0000		3958.208		5.906		11.930		18.742348		44.961
4.768		3.7516		0.0000		3958.204		5.909		11.920		18.758184		45.001
4.766		3.7548		0.0000		3958.201		5.912		11.915		18.774017		45.041
4.762		3.7580		0.0000		3958.198		5.915		11.905		18.789852		45.081
4.758		3.7613		0.0000		3958.195		5.918		11.895		18.806377		45.121
4.754		3.7649		0.0000		3958.191		5.922		11.885		18.824278		45.161
4.754		3.7687		0.0000		3958.187		5.926		11.885		18.843557		45.201
4.758		3.7722		0.0000		3958.184		5.929		11.895		18.860767		45.241
4.760		3.7753		0.0000		3958.181		5.933		11.900		18.876604		45.281
4.760		3.7785		0.0000		3958.177		5.936		11.900		18.892439		45.321
4.756		3.7818		0.0000		3958.174		5.939		11.890		18.908964		45.361
4.752		3.7850		0.0000		3958.171		5.942		11.880		18.924801		45.401
4.748		3.7883		0.0000		3958.168		5.945		11.870		18.941322		45.441
