数据量:1099
试验力		变形		扩展变形		位置		位移		应力		应变		时间
0.010		0.0007		0.0000		3961.972		2.383		0.025		0.003443		0.040
0.010		0.0040		0.0000		3961.969		2.387		0.025		0.019966		0.080
0.012		0.0072		0.0000		3961.966		2.390		0.030		0.035802		0.120
0.012		0.0103		0.0000		3961.963		2.393		0.030		0.051638		0.160
0.014		0.0136		0.0000		3961.959		2.396		0.035		0.068161		0.200
0.016		0.0168		0.0000		3961.956		2.400		0.040		0.083997		0.240
0.016		0.0201		0.0000		3961.953		2.403		0.040		0.100521		0.280
0.018		0.0233		0.0000		3961.950		2.406		0.045		0.116357		0.320
0.020		0.0267		0.0000		3961.947		2.409		0.050		0.133569		0.360
0.022		0.0303		0.0000		3961.943		2.413		0.055		0.151470		0.400
0.024		0.0339		0.0000		3961.939		2.417		0.060		0.169371		0.440
0.026		0.0373		0.0000		3961.936		2.420		0.065		0.186584		0.480
0.030		0.0406		0.0000		3961.933		2.423		0.075		0.203108		0.520
0.032		0.0438		0.0000		3961.929		2.427		0.080		0.218943		0.560
0.034		0.0471		0.0000		3961.926		2.430		0.085		0.235467		0.600
0.038		0.0503		0.0000		3961.923		2.433		0.095		0.251303		0.640
0.040		0.0534		0.0000		3961.920		2.436		0.100		0.267138		0.680
0.044		0.0567		0.0000		3961.917		2.439		0.110		0.283662		0.720
0.048		0.0599		0.0000		3961.913		2.443		0.120		0.299498		0.760
0.050		0.0635		0.0000		3961.910		2.446		0.125		0.317398		0.800
0.054		0.0672		0.0000		3961.906		2.450		0.135		0.335988		0.840
0.058		0.0708		0.0000		3961.902		2.454		0.145		0.353889		0.880
0.062		0.0739		0.0000		3961.899		2.457		0.155		0.369725		0.920
0.066		0.0771		0.0000		3961.896		2.460		0.165		0.385560		0.960
0.072		0.0804		0.0000		3961.893		2.463		0.180		0.402085		1.000
0.076		0.0836		0.0000		3961.890		2.466		0.190		0.417919		1.040
0.080		0.0869		0.0000		3961.886		2.470		0.200		0.434444		1.080
0.084		0.0901		0.0000		3961.883		2.473		0.210		0.450280		1.120
0.090		0.0934		0.0000		3961.880		2.476		0.225		0.466803		1.160
0.096		0.0968		0.0000		3961.876		2.480		0.240		0.484016		1.200
0.100		0.1004		0.0000		3961.873		2.483		0.250		0.501916		1.240
0.108		0.1041		0.0000		3961.869		2.487		0.270		0.520506		1.280
0.114		0.1073		0.0000		3961.866		2.490		0.285		0.536342		1.320
0.122		0.1106		0.0000		3961.863		2.493		0.305		0.552865		1.360
0.128		0.1137		0.0000		3961.859		2.497		0.320		0.568701		1.400
0.134		0.1170		0.0000		3961.856		2.500		0.335		0.585226		1.440
0.142		0.1203		0.0000		3961.853		2.503		0.355		0.601749		1.480
0.150		0.1235		0.0000		3961.850		2.506		0.375		0.617585		1.520
0.158		0.1267		0.0000		3961.846		2.509		0.395		0.633420		1.560
0.166		0.1300		0.0000		3961.843		2.513		0.415		0.649945		1.600
0.174		0.1337		0.0000		3961.840		2.516		0.435		0.668534		1.640
0.182		0.1374		0.0000		3961.836		2.520		0.455		0.687124		1.680
0.194		0.1407		0.0000		3961.833		2.523		0.485		0.703647		1.720
0.204		0.1439		0.0000		3961.829		2.527		0.510		0.719483		1.760
0.212		0.1472		0.0000		3961.826		2.530		0.530		0.736006		1.800
0.222		0.1504		0.0000		3961.823		2.533		0.555		0.751842		1.840
0.230		0.1537		0.0000		3961.820		2.536		0.575		0.768366		1.880
0.240		0.1568		0.0000		3961.816		2.540		0.600		0.784202		1.920
0.250		0.1601		0.0000		3961.813		2.543		0.625		0.800725		1.960
0.260		0.1635		0.0000		3961.810		2.546		0.650		0.817250		2.000
0.270		0.1669		0.0000		3961.806		2.550		0.675		0.834463		2.040
0.282		0.1705		0.0000		3961.803		2.553		0.705		0.852363		2.080
0.292		0.1741		0.0000		3961.799		2.557		0.730		0.870265		2.120
0.304		0.1774		0.0000		3961.796		2.560		0.760		0.886788		2.160
0.314		0.1805		0.0000		3961.793		2.563		0.785		0.902624		2.200
0.324		0.1838		0.0000		3961.789		2.567		0.810		0.919148		2.240
0.332		0.1871		0.0000		3961.786		2.570		0.830		0.935671		2.280
0.344		0.1903		0.0000		3961.783		2.573		0.860		0.951507		2.320
0.354		0.1935		0.0000		3961.780		2.576		0.885		0.967343		2.360
0.364		0.1968		0.0000		3961.776		2.580		0.910		0.983866		2.400
0.376		0.2002		0.0000		3961.773		2.583		0.940		1.001079		2.440
0.388		0.2039		0.0000		3961.769		2.587		0.970		1.019669		2.480
0.402		0.2075		0.0000		3961.766		2.590		1.005		1.037570		2.520
0.416		0.2107		0.0000		3961.762		2.593		1.040		1.053405		2.560
0.430		0.2140		0.0000		3961.759		2.597		1.075		1.069930		2.600
0.442		0.2172		0.0000		3961.756		2.600		1.105		1.085764		2.640
0.456		0.2205		0.0000		3961.753		2.603		1.140		1.102289		2.680
0.470		0.2236		0.0000		3961.750		2.606		1.175		1.118125		2.720
0.482		0.2269		0.0000		3961.746		2.610		1.205		1.134648		2.760
0.496		0.2301		0.0000		3961.743		2.613		1.240		1.150484		2.800
0.510		0.2335		0.0000		3961.740		2.616		1.275		1.167697		2.840
0.522		0.2371		0.0000		3961.736		2.620		1.305		1.185597		2.880
0.538		0.2407		0.0000		3961.732		2.623		1.345		1.203499		2.920
0.552		0.2441		0.0000		3961.729		2.627		1.380		1.220710		2.960
0.568		0.2473		0.0000		3961.726		2.630		1.420		1.236546		3.000
0.582		0.2506		0.0000		3961.723		2.633		1.455		1.253071		3.040
0.596		0.2538		0.0000		3961.719		2.637		1.490		1.268905		3.080
0.610		0.2571		0.0000		3961.716		2.640		1.525		1.285430		3.120
0.622		0.2603		0.0000		3961.713		2.643		1.555		1.301265		3.160
0.634		0.2636		0.0000		3961.710		2.646		1.585		1.317790		3.200
0.646		0.2667		0.0000		3961.707		2.649		1.615		1.333625		3.240
0.658		0.2704		0.0000		3961.703		2.653		1.645		1.352215		3.280
0.670		0.2740		0.0000		3961.699		2.657		1.675		1.370115		3.320
0.686		0.2776		0.0000		3961.696		2.660		1.715		1.388016		3.360
0.702		0.2808		0.0000		3961.692		2.664		1.755		1.403852		3.400
0.716		0.2839		0.0000		3961.689		2.667		1.790		1.419687		3.440
0.730		0.2872		0.0000		3961.686		2.670		1.825		1.436211		3.480
0.744		0.2904		0.0000		3961.683		2.673		1.860		1.452047		3.520
0.758		0.2937		0.0000		3961.679		2.676		1.895		1.468570		3.560
0.774		0.2969		0.0000		3961.676		2.680		1.935		1.484406		3.600
0.788		0.3002		0.0000		3961.673		2.683		1.970		1.500931		3.640
0.804		0.3036		0.0000		3961.670		2.686		2.010		1.518142		3.680
0.820		0.3072		0.0000		3961.666		2.690		2.050		1.536044		3.720
0.836		0.3109		0.0000		3961.662		2.694		2.090		1.554633		3.760
0.854		0.3141		0.0000		3961.659		2.697		2.135		1.570469		3.800
0.872		0.3174		0.0000		3961.656		2.700		2.180		1.586993		3.840
0.888		0.3206		0.0000		3961.653		2.703		2.220		1.602829		3.880
0.904		0.3239		0.0000		3961.649		2.707		2.260		1.619352		3.920
0.920		0.3270		0.0000		3961.646		2.710		2.300		1.635188		3.960
0.936		0.3303		0.0000		3961.643		2.713		2.340		1.651711		4.000
0.954		0.3335		0.0000		3961.640		2.716		2.385		1.667547		4.040
0.970		0.3370		0.0000		3961.636		2.720		2.425		1.684760		4.080
0.988		0.3405		0.0000		3961.633		2.723		2.470		1.702660		4.120
1.008		0.3442		0.0000		3961.629		2.727		2.520		1.721250		4.160
1.028		0.3476		0.0000		3961.626		2.730		2.570		1.737775		4.200
1.048		0.3507		0.0000		3961.623		2.733		2.620		1.753609		4.240
1.066		0.3539		0.0000		3961.619		2.737		2.665		1.769445		4.280
1.084		0.3572		0.0000		3961.616		2.740		2.710		1.785970		4.320
1.102		0.3605		0.0000		3961.613		2.743		2.755		1.802493		4.360
1.120		0.3637		0.0000		3961.610		2.746		2.800		1.818329		4.400
1.140		0.3670		0.0000		3961.606		2.750		2.850		1.834853		4.440
1.158		0.3703		0.0000		3961.603		2.753		2.895		1.851376		4.480
1.178		0.3737		0.0000		3961.599		2.756		2.945		1.868589		4.520
1.200		0.3774		0.0000		3961.596		2.760		3.000		1.887178		4.560
1.224		0.3809		0.0000		3961.592		2.764		3.060		1.904391		4.600
1.248		0.3842		0.0000		3961.589		2.767		3.120		1.920916		4.640
1.270		0.3874		0.0000		3961.586		2.770		3.175		1.936750		4.680
1.290		0.3907		0.0000		3961.583		2.773		3.225		1.953275		4.720
1.312		0.3938		0.0000		3961.579		2.777		3.280		1.969110		4.760
1.334		0.3971		0.0000		3961.576		2.780		3.335		1.985635		4.800
1.354		0.4003		0.0000		3961.573		2.783		3.385		2.001470		4.840
1.376		0.4035		0.0000		3961.570		2.786		3.440		2.017305		4.880
1.398		0.4069		0.0000		3961.566		2.790		3.495		2.034518		4.920
1.422		0.4106		0.0000		3961.562		2.793		3.555		2.053107		4.960
1.448		0.4143		0.0000		3961.559		2.797		3.620		2.071697		5.000
1.474		0.4176		0.0000		3961.556		2.800		3.685		2.088221		5.040
1.498		0.4208		0.0000		3961.552		2.804		3.745		2.104056		5.080
1.520		0.4240		0.0000		3961.549		2.807		3.800		2.119892		5.120
1.542		0.4271		0.0000		3961.546		2.810		3.855		2.135727		5.160
1.564		0.4305		0.0000		3961.543		2.813		3.910		2.152251		5.200
1.588		0.4336		0.0000		3961.540		2.816		3.970		2.168087		5.240
1.610		0.4369		0.0000		3961.536		2.820		4.025		2.184610		5.280
1.632		0.4402		0.0000		3961.533		2.823		4.080		2.201135		5.320
1.656		0.4439		0.0000		3961.529		2.827		4.140		2.219725		5.360
1.682		0.4477		0.0000		3961.526		2.830		4.205		2.238314		5.400
1.708		0.4510		0.0000		3961.522		2.834		4.270		2.254838		5.440
1.732		0.4541		0.0000		3961.519		2.837		4.330		2.270674		5.480
1.756		0.4574		0.0000		3961.516		2.840		4.390		2.287197		5.520
1.778		0.4606		0.0000		3961.513		2.843		4.445		2.303033		5.560
1.800		0.4639		0.0000		3961.509		2.847		4.500		2.319556		5.600
1.824		0.4671		0.0000		3961.506		2.850		4.560		2.335392		5.640
1.846		0.4702		0.0000		3961.503		2.853		4.615		2.351228		5.680
1.868		0.4736		0.0000		3961.500		2.856		4.670		2.367752		5.720
1.892		0.4771		0.0000		3961.496		2.860		4.730		2.385653		5.760
1.918		0.4810		0.0000		3961.492		2.864		4.795		2.404931		5.800
1.944		0.4844		0.0000		3961.489		2.867		4.860		2.422143		5.840
1.972		0.4876		0.0000		3961.486		2.870		4.930		2.437979		5.880
1.996		0.4908		0.0000		3961.482		2.874		4.990		2.453815		5.920
2.018		0.4939		0.0000		3961.479		2.877		5.045		2.469649		5.960
2.042		0.4972		0.0000		3961.476		2.880		5.105		2.486174		6.000
2.066		0.5004		0.0000		3961.473		2.883		5.165		2.502009		6.040
2.088		0.5037		0.0000		3961.469		2.886		5.220		2.518533		6.080
2.112		0.5069		0.0000		3961.466		2.890		5.280		2.534369		6.120
2.134		0.5105		0.0000		3961.463		2.893		5.335		2.552270		6.160
2.160		0.5142		0.0000		3961.459		2.897		5.400		2.570859		6.200
2.186		0.5178		0.0000		3961.455		2.901		5.465		2.588761		6.240
2.214		0.5211		0.0000		3961.452		2.904		5.535		2.605284		6.280
2.240		0.5242		0.0000		3961.449		2.907		5.600		2.621120		6.320
2.262		0.5274		0.0000		3961.446		2.910		5.655		2.636955		6.360
2.286		0.5307		0.0000		3961.442		2.913		5.715		2.653480		6.400
2.310		0.5339		0.0000		3961.439		2.917		5.775		2.669315		6.440
2.332		0.5370		0.0000		3961.436		2.920		5.830		2.685150		6.480
2.354		0.5403		0.0000		3961.433		2.923		5.885		2.701675		6.520
2.378		0.5436		0.0000		3961.429		2.926		5.945		2.718198		6.560
2.402		0.5474		0.0000		3961.426		2.930		6.005		2.736788		6.600
2.428		0.5511		0.0000		3961.422		2.934		6.070		2.755377		6.640
2.456		0.5544		0.0000		3961.419		2.937		6.140		2.771901		6.680
2.482		0.5575		0.0000		3961.416		2.940		6.205		2.787737		6.720
2.504		0.5607		0.0000		3961.413		2.943		6.260		2.803572		6.760
2.526		0.5640		0.0000		3961.409		2.947		6.315		2.820096		6.800
2.548		0.5673		0.0000		3961.406		2.950		6.370		2.836621		6.840
2.572		0.5705		0.0000		3961.403		2.953		6.430		2.852455		6.880
2.594		0.5737		0.0000		3961.400		2.956		6.485		2.868291		6.920
2.616		0.5770		0.0000		3961.396		2.960		6.540		2.884815		6.960
2.640		0.5805		0.0000		3961.393		2.963		6.600		2.902716		7.000
2.664		0.5843		0.0000		3961.389		2.967		6.660		2.921306		7.040
2.692		0.5878		0.0000		3961.385		2.971		6.730		2.939206		7.080
2.718		0.5910		0.0000		3961.382		2.974		6.795		2.955042		7.120
2.742		0.5942		0.0000		3961.379		2.977		6.855		2.970878		7.160
2.762		0.5975		0.0000		3961.376		2.980		6.905		2.987401		7.200
2.784		0.6006		0.0000		3961.373		2.983		6.960		3.003237		7.240
2.806		0.6038		0.0000		3961.369		2.987		7.015		3.019073		7.280
2.828		0.6070		0.0000		3961.366		2.990		7.070		3.034909		7.320
2.850		0.6103		0.0000		3961.363		2.993		7.125		3.051432		7.360
2.872		0.6139		0.0000		3961.359		2.997		7.180		3.069333		7.400
2.896		0.6176		0.0000		3961.356		3.000		7.240		3.087922		7.440
2.922		0.6212		0.0000		3961.352		3.004		7.305		3.105824		7.480
2.948		0.6245		0.0000		3961.349		3.007		7.370		3.122348		7.520
2.972		0.6275		0.0000		3961.346		3.010		7.430		3.137494		7.560
2.992		0.6308		0.0000		3961.342		3.014		7.480		3.154019		7.600
3.012		0.6341		0.0000		3961.339		3.017		7.530		3.170543		7.640
3.034		0.6373		0.0000		3961.336		3.020		7.585		3.186378		7.680
3.054		0.6404		0.0000		3961.333		3.023		7.635		3.202214		7.720
3.074		0.6437		0.0000		3961.329		3.027		7.685		3.218738		7.760
3.096		0.6471		0.0000		3961.326		3.030		7.740		3.235261		7.800
3.116		0.6508		0.0000		3961.323		3.034		7.790		3.253851		7.840
3.140		0.6545		0.0000		3961.319		3.037		7.850		3.272440		7.880
3.166		0.6578		0.0000		3961.315		3.041		7.915		3.288965		7.920
3.188		0.6610		0.0000		3961.312		3.044		7.970		3.304800		7.960
3.208		0.6641		0.0000		3961.309		3.047		8.020		3.320636		8.000
3.228		0.6674		0.0000		3961.306		3.050		8.070		3.337160		8.040
3.248		0.6706		0.0000		3961.302		3.053		8.120		3.352995		8.080
3.266		0.6739		0.0000		3961.299		3.057		8.165		3.369520		8.120
3.286		0.6771		0.0000		3961.296		3.060		8.215		3.385354		8.160
3.306		0.6804		0.0000		3961.293		3.063		8.265		3.401879		8.200
3.324		0.6840		0.0000		3961.289		3.067		8.310		3.419780		8.240
3.346		0.6878		0.0000		3961.285		3.071		8.365		3.439058		8.280
3.370		0.6913		0.0000		3961.282		3.074		8.425		3.456271		8.320
3.392		0.6944		0.0000		3961.279		3.077		8.480		3.472105		8.360
3.410		0.6976		0.0000		3961.276		3.080		8.525		3.487941		8.400
3.428		0.7008		0.0000		3961.272		3.084		8.570		3.503777		8.440
3.446		0.7041		0.0000		3961.269		3.087		8.615		3.520300		8.480
3.464		0.7072		0.0000		3961.266		3.090		8.660		3.536136		8.520
3.482		0.7105		0.0000		3961.263		3.093		8.705		3.552660		8.560
3.498		0.7137		0.0000		3961.260		3.096		8.745		3.568496		8.600
3.516		0.7171		0.0000		3961.256		3.100		8.790		3.585708		8.640
3.534		0.7210		0.0000		3961.252		3.104		8.835		3.604987		8.680
3.556		0.7246		0.0000		3961.249		3.107		8.890		3.622887		8.720
3.576		0.7277		0.0000		3961.245		3.111		8.940		3.638723		8.760
3.594		0.7309		0.0000		3961.242		3.114		8.985		3.654559		8.800
3.610		0.7342		0.0000		3961.239		3.117		9.025		3.671082		8.840
3.626		0.7375		0.0000		3961.236		3.120		9.065		3.687606		8.880
3.642		0.7407		0.0000		3961.232		3.123		9.105		3.703442		8.920
3.658		0.7439		0.0000		3961.229		3.127		9.145		3.719277		8.960
3.672		0.7470		0.0000		3961.226		3.130		9.180		3.735113		9.000
3.688		0.7505		0.0000		3961.223		3.133		9.220		3.752326		9.040
3.704		0.7542		0.0000		3961.219		3.137		9.260		3.770915		9.080
3.724		0.7579		0.0000		3961.215		3.141		9.310		3.789505		9.120
3.744		0.7612		0.0000		3961.212		3.144		9.360		3.806028		9.160
3.760		0.7644		0.0000		3961.209		3.147		9.400		3.821864		9.200
3.774		0.7675		0.0000		3961.206		3.150		9.435		3.837699		9.240
3.786		0.7708		0.0000		3961.202		3.154		9.465		3.854223		9.280
3.800		0.7740		0.0000		3961.199		3.157		9.500		3.870059		9.320
3.814		0.7773		0.0000		3961.196		3.160		9.535		3.886583		9.360
3.826		0.7805		0.0000		3961.193		3.163		9.565		3.902419		9.400
3.840		0.7838		0.0000		3961.189		3.167		9.600		3.918942		9.440
3.854		0.7874		0.0000		3961.186		3.170		9.635		3.936843		9.480
3.870		0.7911		0.0000		3961.182		3.174		9.675		3.955433		9.520
3.888		0.7947		0.0000		3961.178		3.177		9.720		3.973334		9.560
3.904		0.7978		0.0000		3961.175		3.181		9.760		3.989170		9.600
3.918		0.8010		0.0000		3961.172		3.184		9.795		4.005005		9.640
3.928		0.8042		0.0000		3961.169		3.187		9.820		4.020840		9.680
3.940		0.8075		0.0000		3961.166		3.190		9.850		4.037365		9.720
3.952		0.8106		0.0000		3961.163		3.193		9.880		4.053199		9.760
3.962		0.8138		0.0000		3961.159		3.197		9.905		4.069035		9.800
3.972		0.8171		0.0000		3961.156		3.200		9.930		4.085560		9.840
3.982		0.8207		0.0000		3961.153		3.203		9.955		4.103460		9.880
3.994		0.8244		0.0000		3961.149		3.207		9.985		4.122050		9.920
4.010		0.8280		0.0000		3961.145		3.211		10.025		4.139950		9.960
4.024		0.8313		0.0000		3961.142		3.214		10.060		4.156475		10.000
4.036		0.8343		0.0000		3961.139		3.217		10.090		4.171622		10.040
4.044		0.8376		0.0000		3961.135		3.220		10.110		4.188146		10.080
4.052		0.8408		0.0000		3961.132		3.224		10.130		4.203981		10.120
4.062		0.8441		0.0000		3961.129		3.227		10.155		4.220505		10.160
4.070		0.8473		0.0000		3961.126		3.230		10.175		4.236341		10.200
4.078		0.8504		0.0000		3961.123		3.233		10.195		4.252176		10.240
4.088		0.8539		0.0000		3961.119		3.237		10.220		4.269389		10.280
4.098		0.8576		0.0000		3961.116		3.240		10.245		4.287978		10.320
4.110		0.8613		0.0000		3961.112		3.244		10.275		4.306568		10.360
4.122		0.8646		0.0000		3961.109		3.247		10.305		4.323092		10.400
4.134		0.8678		0.0000		3961.105		3.251		10.335		4.338927		10.440
4.140		0.8710		0.0000		3961.102		3.254		10.350		4.354763		10.480
4.148		0.8743		0.0000		3961.099		3.257		10.370		4.371286		10.520
4.156		0.8774		0.0000		3961.096		3.260		10.390		4.387122		10.560
4.162		0.8806		0.0000		3961.093		3.263		10.405		4.402958		10.600
4.170		0.8838		0.0000		3961.089		3.267		10.425		4.418793		10.640
4.176		0.8871		0.0000		3961.086		3.270		10.440		4.435318		10.680
4.184		0.8908		0.0000		3961.083		3.274		10.460		4.453907		10.720
4.194		0.8946		0.0000		3961.079		3.277		10.485		4.473185		10.760
4.208		0.8981		0.0000		3961.075		3.281		10.520		4.490397		10.800
4.218		0.9012		0.0000		3961.072		3.284		10.545		4.506233		10.840
4.224		0.9043		0.0000		3961.069		3.287		10.560		4.521379		10.880
4.228		0.9076		0.0000		3961.066		3.290		10.570		4.537904		10.920
4.234		0.9109		0.0000		3961.062		3.294		10.585		4.554428		10.960
4.240		0.9141		0.0000		3961.059		3.297		10.600		4.570264		11.000
4.246		0.9172		0.0000		3961.056		3.300		10.615		4.586098		11.040
4.252		0.9205		0.0000		3961.053		3.303		10.630		4.602623		11.080
4.258		0.9241		0.0000		3961.049		3.307		10.645		4.620523		11.120
4.266		0.9278		0.0000		3961.045		3.311		10.665		4.639113		11.160
4.276		0.9314		0.0000		3961.042		3.314		10.690		4.657015		11.200
4.286		0.9347		0.0000		3961.039		3.317		10.715		4.673538		11.240
4.292		0.9377		0.0000		3961.035		3.320		10.730		4.688685		11.280
4.296		0.9410		0.0000		3961.032		3.324		10.740		4.705210		11.320
4.300		0.9442		0.0000		3961.029		3.327		10.750		4.721045		11.360
4.304		0.9474		0.0000		3961.026		3.330		10.760		4.736880		11.400
4.310		0.9505		0.0000		3961.023		3.333		10.775		4.752716		11.440
4.314		0.9538		0.0000		3961.019		3.337		10.785		4.769239		11.480
4.318		0.9573		0.0000		3961.016		3.340		10.795		4.786452		11.520
4.324		0.9610		0.0000		3961.012		3.344		10.810		4.805041		11.560
4.332		0.9649		0.0000		3961.008		3.348		10.830		4.824320		11.600
4.344		0.9680		0.0000		3961.005		3.351		10.860		4.840156		11.640
4.350		0.9712		0.0000		3961.002		3.354		10.875		4.855990		11.680
4.354		0.9744		0.0000		3960.999		3.357		10.885		4.871826		11.720
4.356		0.9777		0.0000		3960.996		3.360		10.890		4.888350		11.760
4.360		0.9808		0.0000		3960.992		3.364		10.900		4.904185		11.800
4.364		0.9840		0.0000		3960.989		3.367		10.910		4.920021		11.840
4.368		0.9873		0.0000		3960.986		3.370		10.920		4.936545		11.880
4.372		0.9906		0.0000		3960.983		3.373		10.930		4.953070		11.920
4.376		0.9942		0.0000		3960.979		3.377		10.940		4.970970		11.960
4.382		0.9980		0.0000		3960.975		3.381		10.955		4.990249		12.000
4.390		1.0015		0.0000		3960.972		3.384		10.975		5.007462		12.040
4.398		1.0047		0.0000		3960.969		3.387		10.995		5.023296		12.080
4.402		1.0078		0.0000		3960.965		3.391		11.005		5.039132		12.120
4.404		1.0110		0.0000		3960.962		3.394		11.010		5.054967		12.160
4.408		1.0143		0.0000		3960.959		3.397		11.020		5.071491		12.200
4.412		1.0175		0.0000		3960.956		3.400		11.030		5.087327		12.240
4.414		1.0206		0.0000		3960.953		3.403		11.035		5.103163		12.280
4.418		1.0238		0.0000		3960.949		3.407		11.045		5.118999		12.320
4.422		1.0275		0.0000		3960.946		3.410		11.055		5.137588		12.360
4.428		1.0314		0.0000		3960.942		3.414		11.070		5.156865		12.400
4.436		1.0348		0.0000		3960.938		3.418		11.090		5.174078		12.440
4.444		1.0380		0.0000		3960.935		3.421		11.110		5.189914		12.480
4.448		1.0413		0.0000		3960.932		3.424		11.120		5.206437		12.520
4.450		1.0445		0.0000		3960.929		3.427		11.125		5.222273		12.560
4.452		1.0476		0.0000		3960.926		3.430		11.130		5.238109		12.600
4.454		1.0508		0.0000		3960.922		3.434		11.135		5.253943		12.640
4.456		1.0540		0.0000		3960.919		3.437		11.140		5.269779		12.680
4.458		1.0573		0.0000		3960.916		3.440		11.145		5.286304		12.720
4.462		1.0608		0.0000		3960.912		3.444		11.155		5.304204		12.760
4.466		1.0644		0.0000		3960.909		3.447		11.165		5.322104		12.800
4.474		1.0681		0.0000		3960.905		3.451		11.185		5.340694		12.840
4.482		1.0714		0.0000		3960.902		3.454		11.205		5.357219		12.880
4.486		1.0747		0.0000		3960.898		3.458		11.215		5.373743		12.920
4.488		1.0779		0.0000		3960.895		3.461		11.220		5.389578		12.960
4.490		1.0811		0.0000		3960.892		3.464		11.225		5.405414		13.000
4.492		1.0844		0.0000		3960.889		3.467		11.230		5.421938		13.040
4.494		1.0874		0.0000		3960.886		3.470		11.235		5.437084		13.080
4.494		1.0907		0.0000		3960.883		3.473		11.235		5.453609		13.120
4.496		1.0939		0.0000		3960.879		3.477		11.240		5.469444		13.160
4.500		1.0977		0.0000		3960.875		3.481		11.250		5.488722		13.200
4.506		1.1015		0.0000		3960.872		3.484		11.265		5.507312		13.240
4.514		1.1049		0.0000		3960.868		3.488		11.285		5.524525		13.280
4.520		1.1081		0.0000		3960.865		3.491		11.300		5.540360		13.320
4.520		1.1112		0.0000		3960.862		3.494		11.300		5.556195		13.360
4.520		1.1145		0.0000		3960.859		3.497		11.300		5.572720		13.400
4.522		1.1177		0.0000		3960.855		3.500		11.305		5.588555		13.440
4.524		1.1209		0.0000		3960.852		3.504		11.310		5.604390		13.480
4.526		1.1240		0.0000		3960.849		3.507		11.315		5.620226		13.520
4.526		1.1273		0.0000		3960.846		3.510		11.315		5.636749		13.560
4.528		1.1309		0.0000		3960.842		3.514		11.320		5.654651		13.600
4.534		1.1348		0.0000		3960.838		3.518		11.335		5.673928		13.640
4.540		1.1382		0.0000		3960.835		3.521		11.350		5.691141		13.680
4.548		1.1414		0.0000		3960.832		3.524		11.370		5.706977		13.720
4.550		1.1447		0.0000		3960.829		3.527		11.375		5.723500		13.760
4.550		1.1479		0.0000		3960.825		3.531		11.375		5.739336		13.800
4.552		1.1510		0.0000		3960.822		3.534		11.380		5.755172		13.840
4.554		1.1542		0.0000		3960.819		3.537		11.385		5.771008		13.880
4.556		1.1575		0.0000		3960.816		3.540		11.390		5.787531		13.920
4.556		1.1607		0.0000		3960.812		3.543		11.390		5.803367		13.960
4.558		1.1643		0.0000		3960.809		3.547		11.395		5.821267		14.000
4.562		1.1680		0.0000		3960.805		3.551		11.405		5.839857		14.040
4.568		1.1716		0.0000		3960.802		3.554		11.420		5.857759		14.080
4.576		1.1750		0.0000		3960.798		3.558		11.440		5.874971		14.120
4.580		1.1779		0.0000		3960.795		3.561		11.450		5.889429		14.160
4.580		1.1813		0.0000		3960.792		3.564		11.450		5.906641		14.200
4.580		1.1845		0.0000		3960.789		3.567		11.450		5.922477		14.240
4.582		1.1877		0.0000		3960.786		3.570		11.455		5.938313		14.280
4.584		1.1908		0.0000		3960.782		3.574		11.460		5.954149		14.320
4.584		1.1940		0.0000		3960.779		3.577		11.460		5.969983		14.360
4.586		1.1973		0.0000		3960.776		3.580		11.465		5.986508		14.400
4.588		1.2012		0.0000		3960.772		3.584		11.470		6.005785		14.440
4.594		1.2050		0.0000		3960.768		3.588		11.485		6.025064		14.480
4.602		1.2083		0.0000		3960.765		3.591		11.505		6.041588		14.520
4.608		1.2115		0.0000		3960.762		3.594		11.520		6.057424		14.560
4.610		1.2147		0.0000		3960.759		3.597		11.525		6.073259		14.600
4.610		1.2180		0.0000		3960.755		3.601		11.525		6.089783		14.640
4.610		1.2211		0.0000		3960.752		3.604		11.525		6.105618		14.680
4.612		1.2243		0.0000		3960.749		3.607		11.530		6.121454		14.720
4.612		1.2275		0.0000		3960.746		3.610		11.530		6.137289		14.760
4.614		1.2308		0.0000		3960.742		3.614		11.535		6.153813		14.800
4.614		1.2343		0.0000		3960.739		3.617		11.535		6.171714		14.840
4.618		1.2382		0.0000		3960.735		3.621		11.545		6.190992		14.880
4.626		1.2416		0.0000		3960.731		3.624		11.565		6.208205		14.920
4.632		1.2448		0.0000		3960.728		3.628		11.580		6.224040		14.960
4.636		1.2480		0.0000		3960.725		3.631		11.590		6.239876		15.000
4.636		1.2513		0.0000		3960.722		3.634		11.590		6.256400		15.040
4.636		1.2546		0.0000		3960.719		3.637		11.590		6.272924		15.080
4.638		1.2578		0.0000		3960.715		3.641		11.595		6.288760		15.120
4.638		1.2609		0.0000		3960.712		3.644		11.595		6.304594		15.160
4.640		1.2641		0.0000		3960.709		3.647		11.600		6.320430		15.200
4.640		1.2675		0.0000		3960.706		3.650		11.600		6.337643		15.240
4.644		1.2714		0.0000		3960.702		3.654		11.610		6.356921		15.280
4.650		1.2751		0.0000		3960.698		3.658		11.625		6.375511		15.320
4.656		1.2783		0.0000		3960.695		3.661		11.640		6.391345		15.360
4.660		1.2814		0.0000		3960.692		3.664		11.650		6.407181		15.400
4.660		1.2847		0.0000		3960.688		3.668		11.650		6.423706		15.440
4.660		1.2879		0.0000		3960.685		3.671		11.650		6.439540		15.480
4.662		1.2911		0.0000		3960.682		3.674		11.655		6.455376		15.520
4.662		1.2942		0.0000		3960.679		3.677		11.655		6.471212		15.560
4.662		1.2974		0.0000		3960.676		3.680		11.655		6.487048		15.600
4.662		1.3009		0.0000		3960.672		3.684		11.655		6.504260		15.640
4.664		1.3047		0.0000		3960.668		3.687		11.660		6.523538		15.680
4.670		1.3084		0.0000		3960.665		3.691		11.675		6.542127		15.720
4.678		1.3117		0.0000		3960.661		3.694		11.695		6.558651		15.760
4.682		1.3149		0.0000		3960.658		3.698		11.705		6.574487		15.800
4.682		1.3179		0.0000		3960.655		3.701		11.705		6.589633		15.840
4.682		1.3212		0.0000		3960.652		3.704		11.705		6.606158		15.880
4.684		1.3245		0.0000		3960.649		3.707		11.710		6.622682		15.920
4.686		1.3277		0.0000		3960.646		3.710		11.715		6.638517		15.960
4.686		1.3309		0.0000		3960.642		3.714		11.715		6.654353		16.000
4.688		1.3342		0.0000		3960.639		3.717		11.720		6.670877		16.040
4.690		1.3379		0.0000		3960.635		3.721		11.725		6.689466		16.080
4.694		1.3416		0.0000		3960.632		3.724		11.735		6.708055		16.120
4.702		1.3452		0.0000		3960.628		3.728		11.755		6.725956		16.160
4.708		1.3484		0.0000		3960.625		3.731		11.770		6.741792		16.200
4.710		1.3515		0.0000		3960.622		3.734		11.775		6.757627		16.240
4.710		1.3547		0.0000		3960.618		3.737		11.775		6.773463		16.280
4.710		1.3580		0.0000		3960.615		3.741		11.775		6.789987		16.320
4.712		1.3610		0.0000		3960.612		3.744		11.780		6.805134		16.360
4.712		1.3642		0.0000		3960.609		3.747		11.780		6.820970		16.400
4.712		1.3675		0.0000		3960.606		3.750		11.780		6.837494		16.440
4.714		1.3711		0.0000		3960.602		3.754		11.785		6.855395		16.480
4.716		1.3748		0.0000		3960.598		3.758		11.790		6.873984		16.520
4.722		1.3785		0.0000		3960.595		3.761		11.805		6.892574		16.560
4.730		1.3818		0.0000		3960.591		3.765		11.825		6.909098		16.600
4.732		1.3848		0.0000		3960.588		3.768		11.830		6.924245		16.640
4.732		1.3882		0.0000		3960.585		3.771		11.830		6.940769		16.680
4.732		1.3913		0.0000		3960.582		3.774		11.830		6.956605		16.720
4.732		1.3945		0.0000		3960.579		3.777		11.830		6.972439		16.760
4.732		1.3977		0.0000		3960.575		3.780		11.830		6.988275		16.800
4.732		1.4010		0.0000		3960.572		3.784		11.830		7.004800		16.840
4.732		1.4043		0.0000		3960.569		3.787		11.830		7.021323		16.880
4.734		1.4080		0.0000		3960.565		3.791		11.835		7.039913		16.920
4.738		1.4118		0.0000		3960.561		3.795		11.845		7.059190		16.960
4.746		1.4151		0.0000		3960.558		3.798		11.865		7.075715		17.000
4.750		1.4183		0.0000		3960.555		3.801		11.875		7.091551		17.040
4.750		1.4215		0.0000		3960.552		3.804		11.875		7.107386		17.080
4.750		1.4248		0.0000		3960.548		3.808		11.875		7.123910		17.120
4.750		1.4279		0.0000		3960.545		3.811		11.875		7.139745		17.160
4.750		1.4311		0.0000		3960.542		3.814		11.875		7.155581		17.200
4.750		1.4343		0.0000		3960.539		3.817		11.875		7.171416		17.240
4.752		1.4376		0.0000		3960.536		3.820		11.880		7.187940		17.280
4.752		1.4413		0.0000		3960.532		3.824		11.880		7.206530		17.320
4.756		1.4452		0.0000		3960.528		3.828		11.890		7.225808		17.360
4.764		1.4486		0.0000		3960.525		3.831		11.910		7.243021		17.400
4.768		1.4516		0.0000		3960.521		3.834		11.920		7.258167		17.440
4.770		1.4548		0.0000		3960.518		3.838		11.925		7.274003		17.480
4.770		1.4581		0.0000		3960.515		3.841		11.925		7.290526		17.520
4.770		1.4613		0.0000		3960.512		3.844		11.925		7.306362		17.560
4.772		1.4644		0.0000		3960.509		3.847		11.930		7.322198		17.600
4.772		1.4677		0.0000		3960.505		3.851		11.930		7.338722		17.640
4.772		1.4709		0.0000		3960.502		3.854		11.930		7.354558		17.680
4.774		1.4744		0.0000		3960.499		3.857		11.935		7.371770		17.720
4.776		1.4782		0.0000		3960.495		3.861		11.940		7.391047		17.760
4.782		1.4818		0.0000		3960.491		3.865		11.955		7.408949		17.800
4.790		1.4851		0.0000		3960.488		3.868		11.975		7.425473		17.840
4.792		1.4883		0.0000		3960.485		3.871		11.980		7.441308		17.880
4.794		1.4916		0.0000		3960.482		3.874		11.985		7.457832		17.920
4.794		1.4947		0.0000		3960.479		3.877		11.985		7.473668		17.960
4.794		1.4978		0.0000		3960.475		3.881		11.985		7.488814		18.000
4.796		1.5011		0.0000		3960.472		3.884		11.990		7.505340		18.040
4.796		1.5044		0.0000		3960.469		3.887		11.990		7.521863		18.080
4.798		1.5077		0.0000		3960.466		3.890		11.995		7.538386		18.120
4.800		1.5115		0.0000		3960.462		3.894		12.000		7.557665		18.160
4.806		1.5151		0.0000		3960.458		3.898		12.015		7.575565		18.200
4.814		1.5186		0.0000		3960.455		3.901		12.035		7.592778		18.240
4.818		1.5216		0.0000		3960.452		3.904		12.045		7.607925		18.280
4.818		1.5249		0.0000		3960.448		3.908		12.045		7.624450		18.320
4.818		1.5281		0.0000		3960.445		3.911		12.045		7.640285		18.360
4.818		1.5314		0.0000		3960.442		3.914		12.045		7.656809		18.400
4.820		1.5345		0.0000		3960.439		3.917		12.050		7.672645		18.440
4.820		1.5377		0.0000		3960.436		3.920		12.050		7.688479		18.480
4.822		1.5409		0.0000		3960.432		3.924		12.055		7.704315		18.520
4.824		1.5447		0.0000		3960.428		3.927		12.060		7.723594		18.560
4.828		1.5484		0.0000		3960.425		3.931		12.070		7.742183		18.600
4.836		1.5519		0.0000		3960.421		3.935		12.090		7.759396		18.640
4.842		1.5552		0.0000		3960.418		3.938		12.105		7.775919		18.680
4.844		1.5584		0.0000		3960.415		3.941		12.110		7.791755		18.720
4.844		1.5615		0.0000		3960.412		3.944		12.110		7.807590		18.760
4.844		1.5647		0.0000		3960.408		3.947		12.110		7.823425		18.800
4.846		1.5680		0.0000		3960.405		3.951		12.115		7.839951		18.840
4.846		1.5710		0.0000		3960.402		3.954		12.115		7.855097		18.880
4.846		1.5743		0.0000		3960.399		3.957		12.115		7.871621		18.920
4.846		1.5779		0.0000		3960.395		3.961		12.115		7.889523		18.960
4.850		1.5818		0.0000		3960.391		3.965		12.125		7.908800		19.000
4.856		1.5853		0.0000		3960.388		3.968		12.140		7.926702		19.040
4.862		1.5885		0.0000		3960.385		3.971		12.155		7.942536		19.080
4.866		1.5917		0.0000		3960.382		3.974		12.165		7.958372		19.120
4.866		1.5948		0.0000		3960.378		3.978		12.165		7.974207		19.160
4.866		1.5981		0.0000		3960.375		3.981		12.165		7.990731		19.200
4.868		1.6013		0.0000		3960.372		3.984		12.170		8.006567		19.240
4.868		1.6045		0.0000		3960.369		3.987		12.170		8.022403		19.280
4.870		1.6078		0.0000		3960.365		3.991		12.175		8.038926		19.320
4.870		1.6112		0.0000		3960.362		3.994		12.175		8.056139		19.360
4.874		1.6148		0.0000		3960.358		3.998		12.185		8.074039		19.400
4.878		1.6187		0.0000		3960.354		4.001		12.195		8.093318		19.440
4.886		1.6220		0.0000		3960.351		4.005		12.215		8.109842		19.480
4.890		1.6251		0.0000		3960.348		4.008		12.225		8.125678		19.520
4.892		1.6283		0.0000		3960.345		4.011		12.230		8.141512		19.560
4.892		1.6315		0.0000		3960.342		4.014		12.230		8.157348		19.600
4.892		1.6348		0.0000		3960.338		4.018		12.230		8.173872		19.640
4.894		1.6378		0.0000		3960.335		4.021		12.235		8.189019		19.680
4.894		1.6411		0.0000		3960.332		4.024		12.235		8.205544		19.720
4.896		1.6444		0.0000		3960.329		4.027		12.240		8.222066		19.760
4.898		1.6481		0.0000		3960.325		4.031		12.245		8.240656		19.800
4.902		1.6518		0.0000		3960.321		4.035		12.255		8.259245		19.840
4.910		1.6554		0.0000		3960.318		4.038		12.275		8.277148		19.880
4.916		1.6585		0.0000		3960.315		4.041		12.290		8.292295		19.920
4.916		1.6616		0.0000		3960.312		4.044		12.290		8.308130		19.960
4.916		1.6649		0.0000		3960.308		4.048		12.290		8.324653		20.000
4.916		1.6681		0.0000		3960.305		4.051		12.290		8.340488		20.040
4.918		1.6713		0.0000		3960.302		4.054		12.295		8.356324		20.080
4.918		1.6746		0.0000		3960.299		4.057		12.295		8.372849		20.120
4.918		1.6777		0.0000		3960.295		4.060		12.295		8.388685		20.160
4.920		1.6813		0.0000		3960.292		4.064		12.300		8.406586		20.200
4.922		1.6850		0.0000		3960.288		4.068		12.305		8.425175		20.240
4.928		1.6888		0.0000		3960.284		4.072		12.320		8.443765		20.280
4.934		1.6919		0.0000		3960.281		4.075		12.335		8.459600		20.320
4.938		1.6951		0.0000		3960.278		4.078		12.345		8.475436		20.360
4.938		1.6983		0.0000		3960.275		4.081		12.345		8.491272		20.400
4.938		1.7016		0.0000		3960.272		4.084		12.345		8.507794		20.440
4.938		1.7047		0.0000		3960.269		4.087		12.345		8.523630		20.480
4.938		1.7079		0.0000		3960.265		4.091		12.345		8.539466		20.520
4.938		1.7111		0.0000		3960.262		4.094		12.345		8.555302		20.560
4.940		1.7145		0.0000		3960.259		4.097		12.350		8.572513		20.600
4.942		1.7184		0.0000		3960.255		4.101		12.355		8.591791		20.640
4.946		1.7221		0.0000		3960.251		4.105		12.365		8.610381		20.680
4.954		1.7254		0.0000		3960.248		4.108		12.385		8.626905		20.720
4.958		1.7284		0.0000		3960.245		4.111		12.395		8.642053		20.760
4.958		1.7317		0.0000		3960.241		4.114		12.395		8.658577		20.800
4.958		1.7349		0.0000		3960.238		4.118		12.395		8.674413		20.840
4.958		1.7380		0.0000		3960.235		4.121		12.395		8.690247		20.880
4.958		1.7414		0.0000		3960.232		4.124		12.395		8.706771		20.920
4.960		1.7445		0.0000		3960.229		4.127		12.400		8.722607		20.960
4.960		1.7478		0.0000		3960.225		4.131		12.400		8.739132		21.000
4.962		1.7515		0.0000		3960.222		4.134		12.405		8.757721		21.040
4.966		1.7553		0.0000		3960.218		4.138		12.415		8.776311		21.080
4.972		1.7587		0.0000		3960.215		4.141		12.430		8.793522		21.120
4.978		1.7619		0.0000		3960.211		4.145		12.445		8.809358		21.160
4.980		1.7650		0.0000		3960.208		4.148		12.450		8.825193		21.200
4.980		1.7683		0.0000		3960.205		4.151		12.450		8.841719		21.240
4.980		1.7715		0.0000		3960.202		4.154		12.450		8.857552		21.280
4.982		1.7747		0.0000		3960.198		4.157		12.455		8.873387		21.320
4.982		1.7778		0.0000		3960.195		4.161		12.455		8.889223		21.360
4.984		1.7811		0.0000		3960.192		4.164		12.460		8.905748		21.400
4.984		1.7847		0.0000		3960.188		4.167		12.460		8.923649		21.440
4.988		1.7886		0.0000		3960.185		4.171		12.470		8.942927		21.480
4.996		1.7922		0.0000		3960.181		4.175		12.490		8.960828		21.520
5.002		1.7953		0.0000		3960.178		4.178		12.505		8.976664		21.560
5.004		1.7985		0.0000		3960.175		4.181		12.510		8.992499		21.600
5.004		1.8017		0.0000		3960.172		4.184		12.510		9.008335		21.640
5.004		1.8050		0.0000		3960.168		4.188		12.510		9.024858		21.680
5.004		1.8080		0.0000		3960.165		4.191		12.510		9.040007		21.720
5.006		1.8113		0.0000		3960.162		4.194		12.515		9.056529		21.760
5.006		1.8145		0.0000		3960.159		4.197		12.515		9.072365		21.800
5.006		1.8179		0.0000		3960.155		4.201		12.515		9.089579		21.840
5.008		1.8218		0.0000		3960.151		4.205		12.520		9.108854		21.880
5.016		1.8255		0.0000		3960.148		4.208		12.540		9.127444		21.920
5.022		1.8287		0.0000		3960.145		4.211		12.555		9.143280		21.960
5.026		1.8320		0.0000		3960.141		4.215		12.565		9.159804		22.000
5.026		1.8351		0.0000		3960.138		4.218		12.565		9.175640		22.040
5.026		1.8383		0.0000		3960.135		4.221		12.565		9.191476		22.080
5.028		1.8415		0.0000		3960.132		4.224		12.570		9.207312		22.120
5.028		1.8446		0.0000		3960.129		4.227		12.570		9.223145		22.160
5.028		1.8479		0.0000		3960.125		4.231		12.570		9.239670		22.200
5.028		1.8512		0.0000		3960.122		4.234		12.570		9.256195		22.240
5.028		1.8550		0.0000		3960.118		4.238		12.570		9.274784		22.280
5.034		1.8588		0.0000		3960.115		4.242		12.585		9.294063		22.320
5.040		1.8621		0.0000		3960.111		4.245		12.600		9.310585		22.360
5.046		1.8653		0.0000		3960.108		4.248		12.615		9.326421		22.400
5.046		1.8685		0.0000		3960.105		4.251		12.615		9.342257		22.440
5.044		1.8718		0.0000		3960.101		4.255		12.610		9.358782		22.480
5.046		1.8749		0.0000		3960.098		4.258		12.615		9.374618		22.520
5.046		1.8781		0.0000		3960.095		4.261		12.615		9.390450		22.560
5.046		1.8813		0.0000		3960.092		4.264		12.615		9.406286		22.600
5.046		1.8846		0.0000		3960.089		4.267		12.615		9.422812		22.640
5.046		1.8881		0.0000		3960.085		4.271		12.615		9.440712		22.680
5.050		1.8920		0.0000		3960.081		4.275		12.625		9.459991		22.720
5.056		1.8956		0.0000		3960.078		4.278		12.640		9.477891		22.760
5.062		1.8987		0.0000		3960.074		4.282		12.655		9.493727		22.800
5.064		1.9019		0.0000		3960.071		4.285		12.660		9.509562		22.840
5.064		1.9051		0.0000		3960.068		4.288		12.660		9.525398		22.880
5.064		1.9084		0.0000		3960.065		4.291		12.660		9.541923		22.920
5.066		1.9116		0.0000		3960.062		4.294		12.665		9.557756		22.960
5.066		1.9147		0.0000		3960.059		4.297		12.665		9.573592		23.000
5.066		1.9179		0.0000		3960.055		4.301		12.665		9.589428		23.040
5.066		1.9213		0.0000		3960.052		4.304		12.665		9.606642		23.080
5.068		1.9252		0.0000		3960.048		4.308		12.670		9.625917		23.120
5.074		1.9289		0.0000		3960.044		4.312		12.685		9.644507		23.160
5.082		1.9322		0.0000		3960.041		4.315		12.705		9.661032		23.200
5.084		1.9352		0.0000		3960.038		4.318		12.710		9.676179		23.240
5.084		1.9385		0.0000		3960.035		4.321		12.710		9.692703		23.280
5.082		1.9417		0.0000		3960.031		4.324		12.705		9.708539		23.320
5.084		1.9449		0.0000		3960.028		4.328		12.710		9.724375		23.360
5.084		1.9480		0.0000		3960.025		4.331		12.710		9.740211		23.400
5.084		1.9513		0.0000		3960.022		4.334		12.710		9.756733		23.440
5.084		1.9547		0.0000		3960.019		4.337		12.710		9.773258		23.480
5.086		1.9584		0.0000		3960.015		4.341		12.715		9.791847		23.520
5.090		1.9622		0.0000		3960.011		4.345		12.725		9.811126		23.560
5.098		1.9655		0.0000		3960.008		4.348		12.745		9.827648		23.600
5.102		1.9687		0.0000		3960.004		4.351		12.755		9.843484		23.640
5.102		1.9719		0.0000		3960.001		4.355		12.755		9.859320		23.680
5.100		1.9752		0.0000		3959.998		4.358		12.750		9.875845		23.720
5.100		1.9783		0.0000		3959.995		4.361		12.750		9.891681		23.760
5.100		1.9815		0.0000		3959.992		4.364		12.750		9.907516		23.800
5.100		1.9847		0.0000		3959.989		4.367		12.750		9.923349		23.840
5.100		1.9880		0.0000		3959.985		4.371		12.750		9.939875		23.880
5.100		1.9916		0.0000		3959.982		4.374		12.750		9.957775		23.920
5.104		1.9954		0.0000		3959.978		4.378		12.760		9.977054		23.960
5.110		1.9990		0.0000		3959.974		4.382		12.775		9.994954		24.000
5.116		2.0020		0.0000		3959.971		4.385		12.790		10.010103		24.040
5.118		2.0052		0.0000		3959.968		4.388		12.795		10.025936		24.080
5.116		2.0085		0.0000		3959.965		4.391		12.790		10.042461		24.120
5.116		2.0118		0.0000		3959.961		4.395		12.790		10.058986		24.160
5.116		2.0150		0.0000		3959.958		4.398		12.790		10.074821		24.200
5.116		2.0181		0.0000		3959.955		4.401		12.790		10.090657		24.240
5.116		2.0213		0.0000		3959.952		4.404		12.790		10.106491		24.280
5.116		2.0247		0.0000		3959.948		4.408		12.790		10.123705		24.320
5.118		2.0286		0.0000		3959.945		4.411		12.795		10.142983		24.360
5.124		2.0323		0.0000		3959.941		4.415		12.810		10.161572		24.400
5.130		2.0355		0.0000		3959.938		4.418		12.825		10.177408		24.440
5.134		2.0388		0.0000		3959.934		4.422		12.835		10.193931		24.480
5.134		2.0420		0.0000		3959.931		4.425		12.835		10.209766		24.520
5.134		2.0451		0.0000		3959.928		4.428		12.835		10.225602		24.560
5.132		2.0483		0.0000		3959.925		4.431		12.830		10.241438		24.600
5.132		2.0515		0.0000		3959.922		4.434		12.830		10.257274		24.640
5.132		2.0546		0.0000		3959.918		4.437		12.830		10.273109		24.680
5.132		2.0581		0.0000		3959.915		4.441		12.830		10.290321		24.720
5.134		2.0618		0.0000		3959.911		4.445		12.835		10.308910		24.760
5.138		2.0656		0.0000		3959.907		4.448		12.845		10.328189		24.800
5.146		2.0689		0.0000		3959.904		4.452		12.865		10.344714		24.840
5.150		2.0721		0.0000		3959.901		4.455		12.875		10.360547		24.880
5.150		2.0753		0.0000		3959.898		4.458		12.875		10.376383		24.920
5.150		2.0786		0.0000		3959.895		4.461		12.875		10.392908		24.960
5.150		2.0817		0.0000		3959.891		4.465		12.875		10.408744		25.000
5.150		2.0849		0.0000		3959.888		4.468		12.875		10.424580		25.040
5.150		2.0881		0.0000		3959.885		4.471		12.875		10.440415		25.080
5.152		2.0914		0.0000		3959.882		4.474		12.880		10.456938		25.120
5.152		2.0950		0.0000		3959.878		4.478		12.880		10.474840		25.160
5.156		2.0988		0.0000		3959.874		4.482		12.890		10.494117		25.200
5.164		2.1024		0.0000		3959.871		4.485		12.910		10.512019		25.240
5.170		2.1056		0.0000		3959.868		4.488		12.925		10.527853		25.280
5.170		2.1087		0.0000		3959.865		4.491		12.925		10.543689		25.320
5.170		2.1119		0.0000		3959.861		4.495		12.925		10.559525		25.360
5.170		2.1151		0.0000		3959.858		4.498		12.925		10.575360		25.400
5.170		2.1182		0.0000		3959.855		4.501		12.925		10.591196		25.440
5.170		2.1214		0.0000		3959.852		4.504		12.925		10.607032		25.480
5.170		2.1247		0.0000		3959.848		4.507		12.925		10.623556		25.520
5.172		2.1282		0.0000		3959.845		4.511		12.930		10.640768		25.560
5.174		2.1320		0.0000		3959.841		4.515		12.935		10.660047		25.600
5.180		2.1357		0.0000		3959.837		4.518		12.950		10.678636		25.640
5.188		2.1389		0.0000		3959.834		4.522		12.970		10.694471		25.680
5.190		2.1421		0.0000		3959.831		4.525		12.975		10.710307		25.720
5.188		2.1454		0.0000		3959.828		4.528		12.970		10.726830		25.760
5.188		2.1485		0.0000		3959.825		4.531		12.970		10.742665		25.800
5.186		2.1517		0.0000		3959.822		4.534		12.965		10.758501		25.840
5.186		2.1549		0.0000		3959.818		4.538		12.965		10.774337		25.880
5.186		2.1582		0.0000		3959.815		4.541		12.965		10.790862		25.920
5.184		2.1615		0.0000		3959.812		4.544		12.960		10.807384		25.960
5.186		2.1652		0.0000		3959.808		4.548		12.965		10.825974		26.000
5.190		2.1691		0.0000		3959.804		4.552		12.975		10.845252		26.040
5.198		2.1724		0.0000		3959.801		4.555		12.995		10.861777		26.080
5.202		2.1755		0.0000		3959.798		4.558		13.005		10.877613		26.120
5.202		2.1787		0.0000		3959.794		4.561		13.005		10.893446		26.160
5.200		2.1819		0.0000		3959.791		4.565		13.000		10.909282		26.200
5.200		2.1852		0.0000		3959.788		4.568		13.000		10.925807		26.240
5.200		2.1883		0.0000		3959.785		4.571		13.000		10.941643		26.280
5.200		2.1915		0.0000		3959.782		4.574		13.000		10.957479		26.320
5.198		2.1947		0.0000		3959.779		4.577		12.995		10.973314		26.360
5.198		2.1984		0.0000		3959.775		4.581		12.995		10.991903		26.400
5.202		2.2022		0.0000		3959.771		4.585		13.005		11.011180		26.440
5.210		2.2058		0.0000		3959.767		4.589		13.025		11.029082		26.480
5.216		2.2088		0.0000		3959.764		4.592		13.040		11.044230		26.520
5.216		2.2120		0.0000		3959.761		4.595		13.040		11.060065		26.560
5.214		2.2153		0.0000		3959.758		4.598		13.035		11.076588		26.600
5.214		2.2185		0.0000		3959.755		4.601		13.035		11.092423		26.640
5.214		2.2217		0.0000		3959.751		4.604		13.035		11.108259		26.680
5.214		2.2248		0.0000		3959.748		4.608		13.035		11.124095		26.720
5.214		2.2281		0.0000		3959.745		4.611		13.035		11.140619		26.760
5.214		2.2316		0.0000		3959.742		4.614		13.035		11.157831		26.800
5.216		2.2354		0.0000		3959.738		4.618		13.040		11.177110		26.840
5.222		2.2391		0.0000		3959.734		4.622		13.055		11.195699		26.880
5.228		2.2423		0.0000		3959.731		4.625		13.070		11.211535		26.920
5.230		2.2455		0.0000		3959.728		4.628		13.075		11.227370		26.960
5.228		2.2488		0.0000		3959.724		4.632		13.070		11.243893		27.000
5.228		2.2519		0.0000		3959.721		4.635		13.070		11.259728		27.040
5.226		2.2551		0.0000		3959.718		4.638		13.065		11.275564		27.080
5.226		2.2583		0.0000		3959.715		4.641		13.065		11.291400		27.120
5.226		2.2614		0.0000		3959.712		4.644		13.065		11.307236		27.160
5.226		2.2649		0.0000		3959.708		4.648		13.065		11.324448		27.200
5.226		2.2686		0.0000		3959.705		4.651		13.065		11.343037		27.240
5.232		2.2725		0.0000		3959.701		4.655		13.080		11.362315		27.280
5.238		2.2758		0.0000		3959.698		4.659		13.095		11.378840		27.320
5.242		2.2789		0.0000		3959.694		4.662		13.105		11.394676		27.360
5.242		2.2821		0.0000		3959.691		4.665		13.105		11.410512		27.400
5.240		2.2853		0.0000		3959.688		4.668		13.100		11.426348		27.440
5.240		2.2886		0.0000		3959.685		4.671		13.100		11.442870		27.480
5.238		2.2917		0.0000		3959.681		4.675		13.095		11.458706		27.520
5.238		2.2949		0.0000		3959.678		4.678		13.095		11.474542		27.560
5.236		2.2982		0.0000		3959.675		4.681		13.090		11.491066		27.600
5.236		2.3018		0.0000		3959.671		4.685		13.090		11.508966		27.640
5.240		2.3056		0.0000		3959.667		4.688		13.100		11.528245		27.680
5.246		2.3092		0.0000		3959.664		4.692		13.115		11.546145		27.720
5.252		2.3124		0.0000		3959.661		4.695		13.130		11.561981		27.760
5.252		2.3156		0.0000		3959.658		4.698		13.130		11.577817		27.800
5.252		2.3187		0.0000		3959.655		4.701		13.130		11.593653		27.840
5.250		2.3219		0.0000		3959.651		4.705		13.125		11.609487		27.880
5.250		2.3251		0.0000		3959.648		4.708		13.125		11.625322		27.920
5.248		2.3282		0.0000		3959.645		4.711		13.120		11.641158		27.960
5.248		2.3314		0.0000		3959.642		4.714		13.120		11.656994		28.000
5.246		2.3350		0.0000		3959.638		4.718		13.115		11.674894		28.040
5.250		2.3388		0.0000		3959.634		4.722		13.125		11.694173		28.080
5.256		2.3427		0.0000		3959.631		4.725		13.140		11.713451		28.120
5.262		2.3457		0.0000		3959.627		4.728		13.155		11.728598		28.160
5.264		2.3489		0.0000		3959.624		4.732		13.160		11.744433		28.200
5.262		2.3521		0.0000		3959.621		4.735		13.155		11.760269		28.240
5.262		2.3554		0.0000		3959.618		4.738		13.155		11.776792		28.280
5.260		2.3585		0.0000		3959.615		4.741		13.150		11.792627		28.320
5.260		2.3617		0.0000		3959.612		4.744		13.150		11.808463		28.360
5.258		2.3649		0.0000		3959.608		4.748		13.145		11.824299		28.400
5.258		2.3683		0.0000		3959.605		4.751		13.145		11.841513		28.440
5.260		2.3720		0.0000		3959.601		4.755		13.150		11.860103		28.480
5.264		2.3759		0.0000		3959.597		4.759		13.160		11.879378		28.520
5.270		2.3792		0.0000		3959.594		4.762		13.175		11.895904		28.560
5.274		2.3823		0.0000		3959.591		4.765		13.185		11.911739		28.600
5.274		2.3855		0.0000		3959.588		4.768		13.185		11.927575		28.640
5.272		2.3887		0.0000		3959.584		4.771		13.180		11.943411		28.680
5.270		2.3918		0.0000		3959.581		4.775		13.175		11.959247		28.720
5.270		2.3950		0.0000		3959.578		4.778		13.175		11.975080		28.760
5.270		2.3982		0.0000		3959.575		4.781		13.175		11.990915		28.800
5.268		2.4015		0.0000		3959.572		4.784		13.170		12.007441		28.840
5.270		2.4053		0.0000		3959.568		4.788		13.175		12.026719		28.880
5.274		2.4092		0.0000		3959.564		4.792		13.185		12.045998		28.920
5.282		2.4126		0.0000		3959.561		4.795		13.205		12.063209		28.960
5.288		2.4157		0.0000		3959.558		4.798		13.220		12.078356		29.000
5.286		2.4188		0.0000		3959.554		4.802		13.215		12.094192		29.040
5.284		2.4221		0.0000		3959.551		4.805		13.210		12.110716		29.080
5.284		2.4253		0.0000		3959.548		4.808		13.210		12.126552		29.120
5.282		2.4285		0.0000		3959.545		4.811		13.205		12.142385		29.160
5.282		2.4316		0.0000		3959.542		4.814		13.205		12.158221		29.200
5.280		2.4349		0.0000		3959.538		4.818		13.200		12.174746		29.240
5.280		2.4384		0.0000		3959.535		4.821		13.200		12.191957		29.280
5.282		2.4422		0.0000		3959.531		4.825		13.205		12.211236		29.320
5.286		2.4460		0.0000		3959.527		4.829		13.215		12.229825		29.360
5.292		2.4491		0.0000		3959.524		4.832		13.230		12.245661		29.400
5.294		2.4523		0.0000		3959.521		4.835		13.235		12.261497		29.440
5.292		2.4555		0.0000		3959.518		4.838		13.230		12.277332		29.480
5.290		2.4588		0.0000		3959.514		4.842		13.225		12.293858		29.520
5.290		2.4619		0.0000		3959.511		4.845		13.225		12.309690		29.560
5.288		2.4651		0.0000		3959.508		4.848		13.220		12.325526		29.600
5.286		2.4683		0.0000		3959.505		4.851		13.215		12.341362		29.640
5.286		2.4717		0.0000		3959.501		4.854		13.215		12.358576		29.680
5.286		2.4754		0.0000		3959.498		4.858		13.215		12.377166		29.720
5.290		2.4793		0.0000		3959.494		4.862		13.225		12.396441		29.760
5.296		2.4826		0.0000		3959.491		4.865		13.240		12.412967		29.800
5.298		2.4856		0.0000		3959.488		4.868		13.245		12.428113		29.840
5.296		2.4889		0.0000		3959.484		4.872		13.240		12.444638		29.880
5.294		2.4921		0.0000		3959.481		4.875		13.235		12.460474		29.920
5.294		2.4953		0.0000		3959.478		4.878		13.235		12.476310		29.960
5.292		2.4984		0.0000		3959.475		4.881		13.230		12.492146		30.000
5.292		2.5017		0.0000		3959.471		4.884		13.230		12.508668		30.040
5.290		2.5049		0.0000		3959.468		4.888		13.225		12.524504		30.080
5.290		2.5086		0.0000		3959.465		4.891		13.225		12.543093		30.120
5.294		2.5126		0.0000		3959.461		4.895		13.235		12.563061		30.160
5.300		2.5159		0.0000		3959.457		4.899		13.250		12.579583		30.200
5.304		2.5191		0.0000		3959.454		4.902		13.260		12.595419		30.240
5.304		2.5224		0.0000		3959.451		4.905		13.260		12.611943		30.280
5.302		2.5256		0.0000		3959.448		4.908		13.255		12.627779		30.320
5.302		2.5287		0.0000		3959.445		4.911		13.255		12.643615		30.360
5.300		2.5319		0.0000		3959.441		4.915		13.250		12.659451		30.400
5.298		2.5351		0.0000		3959.438		4.918		13.245		12.675284		30.440
5.298		2.5382		0.0000		3959.435		4.921		13.245		12.691120		30.480
5.296		2.5419		0.0000		3959.431		4.925		13.240		12.709709		30.520
5.298		2.5458		0.0000		3959.427		4.929		13.245		12.728988		30.560
5.306		2.5494		0.0000		3959.424		4.932		13.265		12.746888		30.600
5.312		2.5525		0.0000		3959.421		4.935		13.280		12.762724		30.640
5.312		2.5557		0.0000		3959.417		4.938		13.280		12.778560		30.680
5.308		2.5589		0.0000		3959.414		4.942		13.270		12.794395		30.720
5.306		2.5622		0.0000		3959.411		4.945		13.265		12.810921		30.760
5.306		2.5654		0.0000		3959.408		4.948		13.265		12.826756		30.800
5.304		2.5685		0.0000		3959.405		4.951		13.260		12.842592		30.840
5.302		2.5717		0.0000		3959.402		4.954		13.255		12.858425		30.880
5.302		2.5753		0.0000		3959.398		4.958		13.255		12.876328		30.920
5.302		2.5788		0.0000		3959.394		4.962		13.255		12.894229		30.960
5.306		2.5827		0.0000		3959.390		4.965		13.265		12.913507		31.000
5.312		2.5859		0.0000		3959.387		4.969		13.280		12.929343		31.040
5.314		2.5892		0.0000		3959.384		4.972		13.285		12.945866		31.080
5.314		2.5923		0.0000		3959.381		4.975		13.285		12.961701		31.120
5.312		2.5956		0.0000		3959.377		4.978		13.280		12.978226		31.160
5.310		2.5988		0.0000		3959.374		4.982		13.275		12.994061		31.200
5.308		2.6018		0.0000		3959.371		4.985		13.270		13.009209		31.240
5.306		2.6051		0.0000		3959.368		4.988		13.265		13.025731		31.280
5.306		2.6085		0.0000		3959.365		4.991		13.265		13.042255		31.320
5.304		2.6120		0.0000		3959.361		4.995		13.260		13.060156		31.360
5.308		2.6160		0.0000		3959.357		4.999		13.270		13.080124		31.400
5.316		2.6195		0.0000		3959.354		5.002		13.290		13.097335		31.440
5.320		2.6225		0.0000		3959.351		5.005		13.300		13.112482		31.480
5.318		2.6258		0.0000		3959.347		5.009		13.295		13.129006		31.520
5.316		2.6290		0.0000		3959.344		5.012		13.290		13.144842		31.560
5.314		2.6321		0.0000		3959.341		5.015		13.285		13.160678		31.600
5.314		2.6353		0.0000		3959.338		5.018		13.285		13.176514		31.640
5.312		2.6386		0.0000		3959.334		5.021		13.280		13.193036		31.680
5.310		2.6416		0.0000		3959.332		5.024		13.275		13.208185		31.720
5.310		2.6454		0.0000		3959.328		5.028		13.275		13.226775		31.760
5.312		2.6492		0.0000		3959.324		5.032		13.280		13.246051		31.800
5.316		2.6528		0.0000		3959.320		5.036		13.290		13.263954		31.840
5.322		2.6560		0.0000		3959.317		5.039		13.305		13.279787		31.880
5.322		2.6591		0.0000		3959.314		5.042		13.305		13.295623		31.920
5.320		2.6623		0.0000		3959.311		5.045		13.300		13.311459		31.960
5.318		2.6655		0.0000		3959.308		5.048		13.295		13.327294		32.000
5.316		2.6688		0.0000		3959.304		5.052		13.290		13.343820		32.040
5.316		2.6718		0.0000		3959.302		5.055		13.290		13.358966		32.080
5.314		2.6750		0.0000		3959.298		5.058		13.285		13.374802		32.120
5.312		2.6785		0.0000		3959.295		5.061		13.280		13.392702		32.160
5.314		2.6824		0.0000		3959.291		5.065		13.285		13.411981		32.200
5.318		2.6863		0.0000		3959.287		5.069		13.295		13.431259		32.240
5.324		2.6894		0.0000		3959.284		5.072		13.310		13.447093		32.280
5.326		2.6926		0.0000		3959.281		5.075		13.315		13.462929		32.320
5.324		2.6958		0.0000		3959.277		5.079		13.310		13.478765		32.360
5.320		2.6991		0.0000		3959.274		5.082		13.300		13.495289		32.400
5.320		2.7021		0.0000		3959.271		5.085		13.300		13.510436		32.440
5.318		2.7054		0.0000		3959.268		5.088		13.295		13.526960		32.480
5.316		2.7084		0.0000		3959.265		5.091		13.290		13.542108		32.520
5.314		2.7119		0.0000		3959.261		5.095		13.285		13.559319		32.560
5.314		2.7156		0.0000		3959.258		5.098		13.285		13.577909		32.600
5.318		2.7193		0.0000		3959.254		5.102		13.295		13.596498		32.640
5.322		2.7229		0.0000		3959.250		5.106		13.305		13.614398		32.680
5.326		2.7260		0.0000		3959.247		5.109		13.315		13.630234		32.720
5.324		2.7291		0.0000		3959.244		5.112		13.310		13.645381		32.760
5.320		2.7324		0.0000		3959.241		5.115		13.300		13.661905		32.800
5.316		2.7355		0.0000		3959.238		5.118		13.290		13.677741		32.840
5.314		2.7387		0.0000		3959.234		5.121		13.285		13.693577		32.880
5.312		2.7419		0.0000		3959.231		5.125		13.280		13.709413		32.920
5.310		2.7452		0.0000		3959.228		5.128		13.275		13.725935		32.960
5.308		2.7488		0.0000		3959.224		5.132		13.270		13.743838		33.000
5.308		2.7526		0.0000		3959.220		5.135		13.270		13.763114		33.040
5.314		2.7563		0.0000		3959.217		5.139		13.285		13.781704		33.080
5.320		2.7594		0.0000		3959.214		5.142		13.300		13.796853		33.120
5.318		2.7625		0.0000		3959.211		5.145		13.295		13.812686		33.160
5.314		2.7658		0.0000		3959.207		5.149		13.285		13.829211		33.200
5.312		2.7690		0.0000		3959.204		5.152		13.280		13.845047		33.240
5.310		2.7722		0.0000		3959.201		5.155		13.275		13.860883		33.280
5.306		2.7753		0.0000		3959.198		5.158		13.265		13.876719		33.320
5.304		2.7786		0.0000		3959.195		5.161		13.260		13.893241		33.360
5.302		2.7821		0.0000		3959.191		5.165		13.255		13.910455		33.400
5.302		2.7858		0.0000		3959.188		5.169		13.255		13.929044		33.440
5.304		2.7897		0.0000		3959.184		5.172		13.260		13.948322		33.480
5.310		2.7927		0.0000		3959.180		5.175		13.275		13.963470		33.520
5.310		2.7960		0.0000		3959.177		5.179		13.275		13.979992		33.560
5.306		2.7992		0.0000		3959.174		5.182		13.265		13.995828		33.600
5.304		2.8023		0.0000		3959.171		5.185		13.260		14.011663		33.640
5.302		2.8055		0.0000		3959.168		5.188		13.255		14.027499		33.680
5.298		2.8087		0.0000		3959.165		5.191		13.245		14.043335		33.720
5.296		2.8120		0.0000		3959.161		5.195		13.240		14.059859		33.760
5.294		2.8151		0.0000		3959.158		5.198		13.235		14.075695		33.800
5.292		2.8190		0.0000		3959.154		5.202		13.230		14.094972		33.840
5.296		2.8230		0.0000		3959.150		5.206		13.240		14.114939		33.880
5.302		2.8263		0.0000		3959.147		5.209		13.255		14.131464		33.920
5.302		2.8293		0.0000		3959.144		5.212		13.255		14.146610		33.960
5.300		2.8326		0.0000		3959.141		5.215		13.250		14.163133		34.000
5.296		2.8358		0.0000		3959.137		5.219		13.240		14.178968		34.040
5.292		2.8390		0.0000		3959.134		5.222		13.230		14.194804		34.080
5.290		2.8421		0.0000		3959.131		5.225		13.225		14.210640		34.120
5.288		2.8454		0.0000		3959.128		5.228		13.220		14.227165		34.160
5.284		2.8486		0.0000		3959.125		5.231		13.210		14.243001		34.200
5.284		2.8522		0.0000		3959.121		5.235		13.210		14.260901		34.240
5.284		2.8560		0.0000		3959.117		5.239		13.210		14.280180		34.280
5.290		2.8596		0.0000		3959.114		5.242		13.225		14.298080		34.320
5.292		2.8628		0.0000		3959.110		5.246		13.230		14.313916		34.360
5.292		2.8660		0.0000		3959.107		5.249		13.230		14.329752		34.400
5.288		2.8693		0.0000		3959.104		5.252		13.220		14.346274		34.440
5.284		2.8724		0.0000		3959.101		5.255		13.210		14.362110		34.480
5.282		2.8756		0.0000		3959.098		5.258		13.205		14.377946		34.520
5.278		2.8788		0.0000		3959.094		5.262		13.195		14.393782		34.560
5.276		2.8819		0.0000		3959.091		5.265		13.190		14.409617		34.600
5.274		2.8854		0.0000		3959.088		5.268		13.185		14.426828		34.640
5.274		2.8892		0.0000		3959.084		5.272		13.185		14.446107		34.680
5.278		2.8931		0.0000		3959.080		5.276		13.195		14.465385		34.720
5.284		2.8962		0.0000		3959.077		5.279		13.210		14.481221		34.760
5.284		2.8994		0.0000		3959.074		5.282		13.210		14.497057		34.800
5.280		2.9026		0.0000		3959.071		5.285		13.200		14.512893		34.840
5.276		2.9057		0.0000		3959.067		5.289		13.190		14.528727		34.880
5.274		2.9091		0.0000		3959.064		5.292		13.185		14.545251		34.920
5.270		2.9121		0.0000		3959.061		5.295		13.175		14.560398		34.960
5.268		2.9152		0.0000		3959.058		5.298		13.170		14.576234		35.000
5.264		2.9187		0.0000		3959.054		5.301		13.160		14.593448		35.040
5.264		2.9225		0.0000		3959.051		5.305		13.160		14.612723		35.080
5.266		2.9263		0.0000		3959.047		5.309		13.165		14.631313		35.120
5.270		2.9296		0.0000		3959.044		5.312		13.175		14.647838		35.160
5.272		2.9329		0.0000		3959.040		5.316		13.180		14.664363		35.200
5.270		2.9360		0.0000		3959.037		5.319		13.175		14.680199		35.240
5.266		2.9392		0.0000		3959.034		5.322		13.165		14.696032		35.280
5.262		2.9424		0.0000		3959.031		5.325		13.155		14.711867		35.320
5.260		2.9455		0.0000		3959.028		5.328		13.150		14.727703		35.360
5.256		2.9487		0.0000		3959.024		5.331		13.140		14.743539		35.400
5.254		2.9520		0.0000		3959.021		5.335		13.135		14.760064		35.440
5.252		2.9557		0.0000		3959.018		5.338		13.130		14.778653		35.480
5.252		2.9596		0.0000		3959.014		5.342		13.130		14.797932		35.520
5.258		2.9630		0.0000		3959.010		5.346		13.145		14.815144		35.560
5.262		2.9662		0.0000		3959.007		5.349		13.155		14.830979		35.600
5.258		2.9694		0.0000		3959.004		5.352		13.145		14.846815		35.640
5.256		2.9725		0.0000		3959.001		5.355		13.140		14.862651		35.680
5.252		2.9758		0.0000		3958.997		5.359		13.130		14.879173		35.720
5.250		2.9790		0.0000		3958.994		5.362		13.125		14.895009		35.760
5.248		2.9822		0.0000		3958.991		5.365		13.120		14.910845		35.800
5.244		2.9853		0.0000		3958.988		5.368		13.110		14.926681		35.840
5.242		2.9889		0.0000		3958.984		5.372		13.105		14.944581		35.880
5.244		2.9926		0.0000		3958.980		5.375		13.110		14.963170		35.920
5.248		2.9964		0.0000		3958.977		5.379		13.120		14.981760		35.960
5.252		2.9997		0.0000		3958.974		5.382		13.130		14.998284		36.000
5.252		3.0028		0.0000		3958.970		5.386		13.130		15.014120		36.040
5.248		3.0060		0.0000		3958.967		5.389		13.120		15.029956		36.080
5.244		3.0093		0.0000		3958.964		5.392		13.110		15.046478		36.120
5.240		3.0123		0.0000		3958.961		5.395		13.100		15.061625		36.160
5.236		3.0155		0.0000		3958.958		5.398		13.090		15.077461		36.200
5.232		3.0188		0.0000		3958.954		5.402		13.080		15.093986		36.240
5.228		3.0221		0.0000		3958.951		5.405		13.070		15.110511		36.280
5.226		3.0258		0.0000		3958.947		5.409		13.065		15.129100		36.320
5.228		3.0297		0.0000		3958.944		5.412		13.070		15.148376		36.360
5.234		3.0331		0.0000		3958.940		5.416		13.085		15.165590		36.400
5.234		3.0361		0.0000		3958.937		5.419		13.085		15.180737		36.440
5.230		3.0393		0.0000		3958.934		5.422		13.075		15.196572		36.480
5.226		3.0426		0.0000		3958.931		5.425		13.065		15.213098		36.520
5.222		3.0458		0.0000		3958.927		5.429		13.055		15.228930		36.560
5.220		3.0490		0.0000		3958.924		5.432		13.050		15.244766		36.600
5.216		3.0523		0.0000		3958.921		5.435		13.040		15.261292		36.640
5.212		3.0554		0.0000		3958.918		5.438		13.030		15.277127		36.680
5.210		3.0591		0.0000		3958.914		5.442		13.025		15.295716		36.720
5.210		3.0629		0.0000		3958.910		5.446		13.025		15.314306		36.760
5.214		3.0664		0.0000		3958.907		5.449		13.035		15.332207		36.800
5.216		3.0696		0.0000		3958.904		5.452		13.040		15.348042		36.840
5.214		3.0728		0.0000		3958.900		5.456		13.035		15.363878		36.880
5.210		3.0759		0.0000		3958.897		5.459		13.025		15.379714		36.920
5.206		3.0792		0.0000		3958.894		5.462		13.015		15.396236		36.960
5.204		3.0824		0.0000		3958.891		5.465		13.010		15.412072		37.000
5.200		3.0856		0.0000		3958.888		5.468		13.000		15.427908		37.040
5.198		3.0887		0.0000		3958.885		5.472		12.995		15.443744		37.080
5.196		3.0923		0.0000		3958.881		5.475		12.990		15.461644		37.120
5.196		3.0962		0.0000		3958.877		5.479		12.990		15.480923		37.160
5.198		3.0999		0.0000		3958.873		5.483		12.995		15.499512		37.200
5.202		3.1031		0.0000		3958.870		5.486		13.005		15.515347		37.240
5.202		3.1061		0.0000		3958.867		5.489		13.005		15.530495		37.280
5.196		3.1094		0.0000		3958.864		5.492		12.990		15.547019		37.320
5.194		3.1126		0.0000		3958.861		5.495		12.985		15.562855		37.360
5.190		3.1157		0.0000		3958.857		5.498		12.975		15.578691		37.400
5.188		3.1190		0.0000		3958.854		5.502		12.970		15.595213		37.440
5.184		3.1222		0.0000		3958.851		5.505		12.960		15.611049		37.480
5.182		3.1255		0.0000		3958.848		5.508		12.955		15.627574		37.520
5.180		3.1294		0.0000		3958.844		5.512		12.950		15.646852		37.560
5.182		3.1331		0.0000		3958.840		5.516		12.955		15.665442		37.600
5.186		3.1364		0.0000		3958.837		5.519		12.965		15.681964		37.640
5.186		3.1396		0.0000		3958.834		5.522		12.965		15.697800		37.680
5.182		3.1427		0.0000		3958.831		5.525		12.955		15.713635		37.720
5.178		3.1460		0.0000		3958.827		5.529		12.945		15.730161		37.760
5.176		3.1492		0.0000		3958.824		5.532		12.940		15.745996		37.800
5.172		3.1524		0.0000		3958.821		5.535		12.930		15.761832		37.840
5.168		3.1555		0.0000		3958.818		5.538		12.920		15.777665		37.880
5.166		3.1588		0.0000		3958.814		5.542		12.915		15.794190		37.920
5.164		3.1626		0.0000		3958.811		5.545		12.910		15.812779		37.960
5.164		3.1664		0.0000		3958.807		5.549		12.910		15.832058		38.000
5.168		3.1699		0.0000		3958.803		5.553		12.920		15.849270		38.040
5.172		3.1730		0.0000		3958.800		5.556		12.930		15.865106		38.080
5.168		3.1762		0.0000		3958.797		5.559		12.920		15.880941		38.120
5.162		3.1794		0.0000		3958.794		5.562		12.905		15.896777		38.160
5.158		3.1827		0.0000		3958.791		5.565		12.895		15.913301		38.200
5.156		3.1858		0.0000		3958.787		5.569		12.890		15.929137		38.240
5.152		3.1890		0.0000		3958.784		5.572		12.880		15.944971		38.280
5.146		3.1922		0.0000		3958.781		5.575		12.865		15.960807		38.320
5.144		3.1957		0.0000		3958.777		5.579		12.860		15.978709		38.360
5.142		3.1996		0.0000		3958.774		5.582		12.855		15.997986		38.400
5.146		3.2032		0.0000		3958.770		5.586		12.865		16.015888		38.440
5.148		3.2063		0.0000		3958.767		5.589		12.870		16.031721		38.480
5.146		3.2096		0.0000		3958.763		5.592		12.865		16.048246		38.521
5.142		3.2128		0.0000		3958.760		5.596		12.855		16.064083		38.561
5.138		3.2160		0.0000		3958.757		5.599		12.845		16.079918		38.601
5.136		3.2192		0.0000		3958.754		5.602		12.840		16.095755		38.641
5.132		3.2223		0.0000		3958.751		5.605		12.830		16.111589		38.681
5.126		3.2256		0.0000		3958.748		5.608		12.815		16.128113		38.721
5.122		3.2289		0.0000		3958.744		5.612		12.805		16.144636		38.761
5.120		3.2326		0.0000		3958.740		5.615		12.800		16.163227		38.801
5.122		3.2365		0.0000		3958.737		5.619		12.805		16.182505		38.841
5.126		3.2398		0.0000		3958.733		5.623		12.815		16.199028		38.881
5.126		3.2430		0.0000		3958.730		5.626		12.815		16.214863		38.921
5.122		3.2461		0.0000		3958.727		5.629		12.805		16.230700		38.961
5.118		3.2494		0.0000		3958.724		5.632		12.795		16.247223		39.001
5.114		3.2526		0.0000		3958.721		5.635		12.785		16.263060		39.041
5.112		3.2558		0.0000		3958.718		5.639		12.780		16.278894		39.081
5.108		3.2589		0.0000		3958.714		5.642		12.770		16.294731		39.121
5.104		3.2623		0.0000		3958.711		5.645		12.760		16.311253		39.161
5.102		3.2660		0.0000		3958.707		5.649		12.755		16.329844		39.201
5.102		3.2697		0.0000		3958.704		5.652		12.755		16.348433		39.241
5.106		3.2733		0.0000		3958.700		5.656		12.765		16.366333		39.281
5.106		3.2764		0.0000		3958.697		5.659		12.765		16.382168		39.321
5.104		3.2796		0.0000		3958.694		5.662		12.760		16.398005		39.361
5.100		3.2828		0.0000		3958.690		5.666		12.750		16.413839		39.401
5.096		3.2861		0.0000		3958.687		5.669		12.740		16.430365		39.441
5.092		3.2892		0.0000		3958.684		5.672		12.730		16.446201		39.481
5.088		3.2924		0.0000		3958.681		5.675		12.720		16.462036		39.521
5.084		3.2956		0.0000		3958.678		5.678		12.710		16.477869		39.561
5.080		3.2992		0.0000		3958.674		5.682		12.700		16.495773		39.601
5.080		3.3030		0.0000		3958.670		5.686		12.700		16.515049		39.641
5.082		3.3066		0.0000		3958.667		5.689		12.705		16.532951		39.681
5.084		3.3099		0.0000		3958.663		5.693		12.710		16.549475		39.721
5.080		3.3129		0.0000		3958.660		5.696		12.700		16.564621		39.761
5.074		3.3162		0.0000		3958.657		5.699		12.685		16.581146		39.801
5.070		3.3194		0.0000		3958.654		5.702		12.675		16.596981		39.841
5.066		3.3226		0.0000		3958.651		5.705		12.665		16.612818		39.881
5.060		3.3257		0.0000		3958.647		5.708		12.650		16.628653		39.921
5.056		3.3290		0.0000		3958.644		5.712		12.640		16.645176		39.961
5.054		3.3325		0.0000		3958.641		5.715		12.635		16.662390		40.001
5.050		3.3362		0.0000		3958.637		5.719		12.625		16.680979		40.041
5.052		3.3399		0.0000		3958.633		5.723		12.630		16.699568		40.081
5.054		3.3432		0.0000		3958.630		5.726		12.635		16.716093		40.121
5.054		3.3464		0.0000		3958.627		5.729		12.635		16.731926		40.161
5.048		3.3496		0.0000		3958.624		5.732		12.620		16.747763		40.201
5.044		3.3529		0.0000		3958.620		5.736		12.610		16.764286		40.241
5.040		3.3560		0.0000		3958.617		5.739		12.600		16.780123		40.281
5.036		3.3592		0.0000		3958.614		5.742		12.590		16.795958		40.321
5.032		3.3624		0.0000		3958.611		5.745		12.580		16.811794		40.361
5.028		3.3657		0.0000		3958.607		5.748		12.570		16.828316		40.401
5.024		3.3694		0.0000		3958.604		5.752		12.560		16.846907		40.441
5.024		3.3732		0.0000		3958.600		5.756		12.560		16.866184		40.481
5.028		3.3767		0.0000		3958.596		5.759		12.570		16.883398		40.521
5.028		3.3797		0.0000		3958.594		5.762		12.570		16.898544		40.561
5.024		3.3829		0.0000		3958.590		5.766		12.560		16.914381		40.601
5.020		3.3862		0.0000		3958.587		5.769		12.550		16.930902		40.641
5.016		3.3895		0.0000		3958.584		5.772		12.540		16.947428		40.681
5.014		3.3927		0.0000		3958.581		5.775		12.535		16.963264		40.721
5.010		3.3958		0.0000		3958.577		5.779		12.525		16.979099		40.761
5.006		3.3990		0.0000		3958.574		5.782		12.515		16.994936		40.801
5.004		3.4026		0.0000		3958.571		5.785		12.510		17.012836		40.841
5.002		3.4063		0.0000		3958.567		5.789		12.505		17.031425		40.881
5.004		3.4100		0.0000		3958.563		5.793		12.510		17.050014		40.921
5.006		3.4132		0.0000		3958.560		5.796		12.515		17.065851		40.961
5.006		3.4163		0.0000		3958.557		5.799		12.515		17.081686		41.001
5.000		3.4196		0.0000		3958.553		5.802		12.500		17.098209		41.041
4.996		3.4228		0.0000		3958.550		5.806		12.490		17.114044		41.081
4.994		3.4260		0.0000		3958.547		5.809		12.485		17.129881		41.121
4.990		3.4291		0.0000		3958.544		5.812		12.475		17.145716		41.161
4.986		3.4324		0.0000		3958.541		5.815		12.465		17.162241		41.201
4.982		3.4358		0.0000		3958.537		5.819		12.455		17.178762		41.241
4.980		3.4396		0.0000		3958.534		5.822		12.450		17.198042		41.281
4.984		3.4433		0.0000		3958.530		5.826		12.460		17.216631		41.321
4.986		3.4466		0.0000		3958.527		5.829		12.465		17.233156		41.361
4.986		3.4497		0.0000		3958.523		5.832		12.465		17.248302		41.401
4.982		3.4530		0.0000		3958.520		5.836		12.455		17.264828		41.441
4.976		3.4561		0.0000		3958.517		5.839		12.440		17.280661		41.481
4.972		3.4594		0.0000		3958.514		5.842		12.430		17.297186		41.521
4.970		3.4626		0.0000		3958.510		5.845		12.425		17.313021		41.561
4.966		3.4658		0.0000		3958.507		5.849		12.415		17.328857		41.601
4.962		3.4691		0.0000		3958.504		5.852		12.405		17.345383		41.641
4.958		3.4728		0.0000		3958.500		5.856		12.395		17.363972		41.681
4.960		3.4766		0.0000		3958.497		5.859		12.400		17.383247		41.721
4.962		3.4800		0.0000		3958.493		5.863		12.405		17.399773		41.761
4.964		3.4831		0.0000		3958.490		5.866		12.410		17.415607		41.801
4.960		3.4864		0.0000		3958.487		5.869		12.400		17.432133		41.841
4.956		3.4896		0.0000		3958.484		5.872		12.390		17.447966		41.881
4.952		3.4928		0.0000		3958.480		5.876		12.380		17.463802		41.921
4.948		3.4959		0.0000		3958.477		5.879		12.370		17.479637		41.961
4.944		3.4992		0.0000		3958.474		5.882		12.360		17.496162		42.001
4.940		3.5024		0.0000		3958.471		5.885		12.350		17.511999		42.041
4.936		3.5060		0.0000		3958.467		5.889		12.340		17.529900		42.081
4.936		3.5098		0.0000		3958.463		5.893		12.340		17.549177		42.121
4.938		3.5134		0.0000		3958.460		5.896		12.345		17.567078		42.161
4.940		3.5166		0.0000		3958.457		5.899		12.350		17.582914		42.201
4.938		3.5197		0.0000		3958.453		5.903		12.345		17.598749		42.241
4.932		3.5229		0.0000		3958.450		5.906		12.330		17.614586		42.281
4.928		3.5262		0.0000		3958.447		5.909		12.320		17.631107		42.321
4.924		3.5294		0.0000		3958.444		5.912		12.310		17.646944		42.361
4.920		3.5326		0.0000		3958.441		5.915		12.300		17.662779		42.401
4.916		3.5359		0.0000		3958.437		5.919		12.290		17.679304		42.441
4.912		3.5392		0.0000		3958.434		5.922		12.280		17.695826		42.481
4.910		3.5430		0.0000		3958.430		5.926		12.275		17.715105		42.521
4.912		3.5467		0.0000		3958.427		5.929		12.280		17.733694		42.561
4.914		3.5499		0.0000		3958.423		5.933		12.285		17.749531		42.601
4.912		3.5532		0.0000		3958.420		5.936		12.280		17.766054		42.641
4.906		3.5564		0.0000		3958.417		5.939		12.265		17.781891		42.681
4.902		3.5595		0.0000		3958.414		5.942		12.255		17.797726		42.721
4.898		3.5628		0.0000		3958.410		5.946		12.245		17.814249		42.761
4.894		3.5660		0.0000		3958.407		5.949		12.235		17.830084		42.801
4.888		3.5692		0.0000		3958.404		5.952		12.220		17.845921		42.841
4.884		3.5725		0.0000		3958.401		5.955		12.210		17.862446		42.881
4.882		3.5762		0.0000		3958.397		5.959		12.205		17.881035		42.921
4.882		3.5801		0.0000		3958.393		5.963		12.205		17.900311		42.961
4.886		3.5835		0.0000		3958.390		5.966		12.215		17.917524		43.001
4.886		3.5865		0.0000		3958.387		5.969		12.215		17.932671		43.041
4.880		3.5897		0.0000		3958.384		5.972		12.200		17.948507		43.081
4.874		3.5930		0.0000		3958.380		5.976		12.185		17.965033		43.121
4.868		3.5962		0.0000		3958.377		5.979		12.170		17.980865		43.161
4.864		3.5995		0.0000		3958.374		5.982		12.160		17.997391		43.201
4.858		3.6026		0.0000		3958.371		5.985		12.145		18.013226		43.241
4.854		3.6058		0.0000		3958.367		5.989		12.135		18.029062		43.281
4.848		3.6094		0.0000		3958.364		5.992		12.120		18.046963		43.321
4.846		3.6131		0.0000		3958.360		5.996		12.115		18.065552		43.361
4.848		3.6168		0.0000		3958.356		6.000		12.120		18.084141		43.401
4.848		3.6200		0.0000		3958.353		6.003		12.120		18.099977		43.441
4.844		3.6232		0.0000		3958.350		6.006		12.110		18.115812		43.481
4.836		3.6263		0.0000		3958.347		6.009		12.090		18.131649		43.521
4.830		3.6296		0.0000		3958.344		6.012		12.075		18.148170		43.561
4.824		3.6328		0.0000		3958.340		6.016		12.060		18.164007		43.601
4.818		3.6360		0.0000		3958.337		6.019		12.045		18.179842		43.641
4.812		3.6391		0.0000		3958.334		6.022		12.030		18.195679		43.681
4.806		3.6427		0.0000		3958.331		6.025		12.015		18.213579		43.721
4.802		3.6464		0.0000		3958.327		6.029		12.005		18.232168		43.761
4.802		3.6502		0.0000		3958.323		6.033		12.005		18.250757		43.801
4.802		3.6535		0.0000		3958.320		6.036		12.005		18.267282		43.841
4.798		3.6565		0.0000		3958.317		6.039		11.995		18.282429		43.881
4.790		3.6598		0.0000		3958.313		6.043		11.975		18.298954		43.921
4.784		3.6630		0.0000		3958.310		6.046		11.960		18.314789		43.961
