数据量:1093
试验力		变形		扩展变形		位置		位移		应力		应变		时间
0.010		0.0000		0.0000		3961.992		2.571		0.025		0.000000		0.040
0.010		0.0032		0.0000		3961.989		2.575		0.025		0.015836		0.080
0.012		0.0063		0.0000		3961.986		2.578		0.030		0.031672		0.120
0.012		0.0096		0.0000		3961.982		2.581		0.030		0.048195		0.160
0.014		0.0132		0.0000		3961.979		2.585		0.035		0.066097		0.200
0.016		0.0168		0.0000		3961.975		2.588		0.040		0.083997		0.240
0.018		0.0205		0.0000		3961.971		2.592		0.045		0.102587		0.280
0.018		0.0237		0.0000		3961.968		2.595		0.045		0.118423		0.320
0.020		0.0269		0.0000		3961.965		2.598		0.050		0.134258		0.360
0.022		0.0300		0.0000		3961.962		2.601		0.055		0.150094		0.400
0.024		0.0333		0.0000		3961.958		2.605		0.060		0.166618		0.440
0.026		0.0365		0.0000		3961.955		2.608		0.065		0.182453		0.480
0.028		0.0398		0.0000		3961.952		2.611		0.070		0.198977		0.520
0.030		0.0431		0.0000		3961.949		2.615		0.075		0.215501		0.560
0.032		0.0464		0.0000		3961.945		2.618		0.080		0.232025		0.600
0.036		0.0501		0.0000		3961.942		2.622		0.090		0.250615		0.640
0.038		0.0537		0.0000		3961.938		2.625		0.095		0.268515		0.680
0.042		0.0570		0.0000		3961.935		2.628		0.105		0.285040		0.720
0.044		0.0603		0.0000		3961.931		2.632		0.110		0.301564		0.760
0.048		0.0635		0.0000		3961.928		2.635		0.120		0.317400		0.800
0.052		0.0668		0.0000		3961.925		2.638		0.130		0.333923		0.840
0.054		0.0700		0.0000		3961.922		2.641		0.135		0.349759		0.880
0.058		0.0731		0.0000		3961.919		2.645		0.145		0.365595		0.920
0.062		0.0764		0.0000		3961.915		2.648		0.155		0.382118		0.960
0.066		0.0797		0.0000		3961.912		2.651		0.165		0.398642		1.000
0.070		0.0833		0.0000		3961.908		2.655		0.175		0.416543		1.040
0.076		0.0870		0.0000		3961.905		2.658		0.190		0.435133		1.080
0.080		0.0905		0.0000		3961.901		2.662		0.200		0.452346		1.120
0.086		0.0936		0.0000		3961.898		2.665		0.215		0.468180		1.160
0.092		0.0968		0.0000		3961.895		2.668		0.230		0.484016		1.200
0.096		0.1001		0.0000		3961.892		2.672		0.240		0.500540		1.240
0.102		0.1033		0.0000		3961.888		2.675		0.255		0.516375		1.280
0.108		0.1066		0.0000		3961.885		2.678		0.270		0.532900		1.320
0.114		0.1097		0.0000		3961.882		2.681		0.285		0.548735		1.360
0.120		0.1131		0.0000		3961.879		2.684		0.300		0.565259		1.400
0.128		0.1165		0.0000		3961.875		2.688		0.320		0.582472		1.440
0.134		0.1202		0.0000		3961.872		2.692		0.335		0.601062		1.480
0.142		0.1238		0.0000		3961.868		2.695		0.355		0.618962		1.520
0.152		0.1270		0.0000		3961.865		2.698		0.380		0.634798		1.560
0.160		0.1303		0.0000		3961.862		2.702		0.400		0.651321		1.600
0.168		0.1334		0.0000		3961.858		2.705		0.420		0.667157		1.640
0.176		0.1367		0.0000		3961.855		2.708		0.440		0.683681		1.680
0.184		0.1399		0.0000		3961.852		2.711		0.460		0.699517		1.720
0.192		0.1432		0.0000		3961.849		2.715		0.480		0.716040		1.760
0.202		0.1464		0.0000		3961.845		2.718		0.505		0.731876		1.800
0.210		0.1498		0.0000		3961.842		2.721		0.525		0.749089		1.840
0.220		0.1535		0.0000		3961.838		2.725		0.550		0.767678		1.880
0.230		0.1573		0.0000		3961.834		2.729		0.575		0.786268		1.920
0.242		0.1604		0.0000		3961.831		2.732		0.605		0.802103		1.960
0.252		0.1636		0.0000		3961.828		2.735		0.630		0.817939		2.000
0.262		0.1669		0.0000		3961.825		2.738		0.655		0.834463		2.040
0.270		0.1701		0.0000		3961.822		2.741		0.675		0.850298		2.080
0.280		0.1734		0.0000		3961.818		2.745		0.700		0.866822		2.120
0.290		0.1765		0.0000		3961.815		2.748		0.725		0.882658		2.160
0.300		0.1798		0.0000		3961.812		2.751		0.750		0.899181		2.200
0.310		0.1831		0.0000		3961.809		2.755		0.775		0.915706		2.240
0.320		0.1867		0.0000		3961.805		2.758		0.800		0.933607		2.280
0.332		0.1904		0.0000		3961.801		2.762		0.830		0.952196		2.320
0.344		0.1937		0.0000		3961.798		2.765		0.860		0.968720		2.360
0.354		0.1970		0.0000		3961.795		2.768		0.885		0.985245		2.400
0.366		0.2002		0.0000		3961.792		2.772		0.915		1.001079		2.440
0.374		0.2035		0.0000		3961.788		2.775		0.935		1.017604		2.480
0.384		0.2068		0.0000		3961.785		2.778		0.960		1.034127		2.520
0.396		0.2100		0.0000		3961.782		2.781		0.990		1.049963		2.560
0.406		0.2132		0.0000		3961.779		2.785		1.015		1.065799		2.600
0.418		0.2165		0.0000		3961.775		2.788		1.045		1.082323		2.640
0.430		0.2200		0.0000		3961.772		2.791		1.075		1.100223		2.680
0.444		0.2236		0.0000		3961.768		2.795		1.110		1.118125		2.720
0.458		0.2272		0.0000		3961.765		2.799		1.145		1.136025		2.760
0.474		0.2304		0.0000		3961.761		2.802		1.185		1.151861		2.800
0.488		0.2337		0.0000		3961.758		2.805		1.220		1.168385		2.840
0.500		0.2368		0.0000		3961.755		2.808		1.250		1.184220		2.880
0.512		0.2401		0.0000		3961.752		2.812		1.280		1.200745		2.920
0.526		0.2433		0.0000		3961.749		2.815		1.315		1.216580		2.960
0.538		0.2466		0.0000		3961.745		2.818		1.345		1.233104		3.000
0.552		0.2498		0.0000		3961.742		2.821		1.380		1.248939		3.040
0.564		0.2532		0.0000		3961.739		2.825		1.410		1.266152		3.080
0.578		0.2569		0.0000		3961.735		2.828		1.445		1.284741		3.120
0.592		0.2605		0.0000		3961.731		2.832		1.480		1.302643		3.160
0.606		0.2638		0.0000		3961.728		2.835		1.515		1.319166		3.200
0.620		0.2670		0.0000		3961.725		2.838		1.550		1.335002		3.240
0.634		0.2703		0.0000		3961.721		2.842		1.585		1.351526		3.280
0.646		0.2735		0.0000		3961.718		2.845		1.615		1.367362		3.320
0.658		0.2768		0.0000		3961.715		2.848		1.645		1.383885		3.360
0.670		0.2799		0.0000		3961.712		2.851		1.675		1.399721		3.400
0.680		0.2832		0.0000		3961.708		2.855		1.700		1.416245		3.440
0.692		0.2866		0.0000		3961.705		2.858		1.730		1.432769		3.480
0.706		0.2901		0.0000		3961.702		2.862		1.765		1.450670		3.520
0.720		0.2939		0.0000		3961.698		2.865		1.800		1.469259		3.560
0.736		0.2972		0.0000		3961.695		2.869		1.840		1.485784		3.600
0.752		0.3005		0.0000		3961.691		2.872		1.880		1.502308		3.640
0.766		0.3036		0.0000		3961.688		2.875		1.915		1.518143		3.680
0.780		0.3069		0.0000		3961.685		2.878		1.950		1.534667		3.720
0.792		0.3101		0.0000		3961.682		2.882		1.980		1.550503		3.760
0.808		0.3134		0.0000		3961.678		2.885		2.020		1.567026		3.800
0.822		0.3166		0.0000		3961.675		2.888		2.055		1.582862		3.840
0.836		0.3199		0.0000		3961.672		2.891		2.090		1.599386		3.880
0.852		0.3235		0.0000		3961.668		2.895		2.130		1.617287		3.920
0.868		0.3270		0.0000		3961.665		2.898		2.170		1.635188		3.960
0.884		0.3306		0.0000		3961.661		2.902		2.210		1.653090		4.000
0.902		0.3338		0.0000		3961.658		2.905		2.255		1.668924		4.040
0.918		0.3371		0.0000		3961.655		2.908		2.295		1.685449		4.080
0.934		0.3403		0.0000		3961.652		2.912		2.335		1.701285		4.120
0.950		0.3436		0.0000		3961.648		2.915		2.375		1.717808		4.160
0.966		0.3467		0.0000		3961.645		2.918		2.415		1.733644		4.200
0.982		0.3499		0.0000		3961.642		2.921		2.455		1.749479		4.240
0.998		0.3532		0.0000		3961.639		2.925		2.495		1.766003		4.280
1.016		0.3566		0.0000		3961.635		2.928		2.540		1.783216		4.320
1.032		0.3604		0.0000		3961.631		2.932		2.580		1.801805		4.360
1.052		0.3639		0.0000		3961.628		2.935		2.630		1.819706		4.400
1.072		0.3672		0.0000		3961.625		2.939		2.680		1.836230		4.440
1.090		0.3704		0.0000		3961.621		2.942		2.725		1.852065		4.480
1.108		0.3737		0.0000		3961.618		2.945		2.770		1.868590		4.520
1.126		0.3769		0.0000		3961.615		2.948		2.815		1.884425		4.560
1.144		0.3801		0.0000		3961.612		2.951		2.860		1.900260		4.600
1.164		0.3834		0.0000		3961.608		2.955		2.910		1.916784		4.640
1.184		0.3867		0.0000		3961.605		2.958		2.960		1.933309		4.680
1.202		0.3900		0.0000		3961.602		2.961		3.005		1.949832		4.720
1.224		0.3935		0.0000		3961.598		2.965		3.060		1.967734		4.760
1.244		0.3973		0.0000		3961.594		2.969		3.110		1.986324		4.800
1.266		0.4006		0.0000		3961.591		2.972		3.165		2.002847		4.840
1.290		0.4039		0.0000		3961.588		2.975		3.225		2.019371		4.880
1.310		0.4070		0.0000		3961.585		2.978		3.275		2.035207		4.920
1.330		0.4103		0.0000		3961.582		2.982		3.325		2.051730		4.960
1.352		0.4135		0.0000		3961.578		2.985		3.380		2.067566		5.000
1.372		0.4167		0.0000		3961.575		2.988		3.430		2.083402		5.040
1.392		0.4200		0.0000		3961.572		2.991		3.480		2.099925		5.080
1.414		0.4232		0.0000		3961.569		2.995		3.535		2.115761		5.120
1.436		0.4267		0.0000		3961.565		2.998		3.590		2.133662		5.160
1.458		0.4305		0.0000		3961.561		3.002		3.645		2.152251		5.200
1.482		0.4340		0.0000		3961.558		3.005		3.705		2.170153		5.240
1.508		0.4372		0.0000		3961.555		3.009		3.770		2.185988		5.280
1.530		0.4405		0.0000		3961.551		3.012		3.825		2.202512		5.320
1.552		0.4437		0.0000		3961.548		3.015		3.880		2.218348		5.360
1.574		0.4470		0.0000		3961.545		3.018		3.935		2.234871		5.400
1.594		0.4501		0.0000		3961.542		3.022		3.985		2.250707		5.440
1.616		0.4533		0.0000		3961.539		3.025		4.040		2.266543		5.480
1.638		0.4566		0.0000		3961.535		3.028		4.095		2.283067		5.520
1.660		0.4601		0.0000		3961.532		3.031		4.150		2.300279		5.560
1.684		0.4638		0.0000		3961.528		3.035		4.210		2.318869		5.600
1.708		0.4674		0.0000		3961.524		3.039		4.270		2.336769		5.640
1.734		0.4707		0.0000		3961.521		3.042		4.335		2.353294		5.680
1.758		0.4738		0.0000		3961.518		3.045		4.395		2.369130		5.720
1.780		0.4771		0.0000		3961.515		3.049		4.450		2.385653		5.760
1.802		0.4803		0.0000		3961.511		3.052		4.505		2.401489		5.800
1.824		0.4836		0.0000		3961.508		3.055		4.560		2.418013		5.840
1.846		0.4868		0.0000		3961.505		3.058		4.615		2.433848		5.880
1.868		0.4899		0.0000		3961.502		3.061		4.670		2.449684		5.920
1.890		0.4932		0.0000		3961.499		3.065		4.725		2.466208		5.960
1.914		0.4970		0.0000		3961.495		3.068		4.785		2.484797		6.000
1.938		0.5008		0.0000		3961.491		3.072		4.845		2.504075		6.040
1.964		0.5041		0.0000		3961.488		3.076		4.910		2.520599		6.080
1.992		0.5073		0.0000		3961.485		3.079		4.980		2.536435		6.120
2.014		0.5105		0.0000		3961.481		3.082		5.035		2.552270		6.160
2.036		0.5138		0.0000		3961.478		3.085		5.090		2.568794		6.200
2.058		0.5169		0.0000		3961.475		3.088		5.145		2.584629		6.240
2.082		0.5201		0.0000		3961.472		3.092		5.205		2.600465		6.280
2.104		0.5234		0.0000		3961.469		3.095		5.260		2.616990		6.320
2.128		0.5267		0.0000		3961.465		3.098		5.320		2.633513		6.360
2.150		0.5303		0.0000		3961.461		3.102		5.375		2.651414		6.400
2.176		0.5340		0.0000		3961.458		3.105		5.440		2.670003		6.440
2.202		0.5374		0.0000		3961.454		3.109		5.505		2.687216		6.480
2.228		0.5407		0.0000		3961.451		3.112		5.570		2.703741		6.520
2.254		0.5439		0.0000		3961.448		3.115		5.635		2.719575		6.560
2.278		0.5471		0.0000		3961.445		3.118		5.695		2.735411		6.600
2.300		0.5504		0.0000		3961.441		3.122		5.750		2.751935		6.640
2.324		0.5536		0.0000		3961.438		3.125		5.810		2.767770		6.680
2.346		0.5567		0.0000		3961.435		3.128		5.865		2.783606		6.720
2.368		0.5599		0.0000		3961.432		3.131		5.920		2.799442		6.760
2.392		0.5635		0.0000		3961.428		3.135		5.980		2.817342		6.800
2.416		0.5672		0.0000		3961.425		3.139		6.040		2.835932		6.840
2.442		0.5709		0.0000		3961.421		3.142		6.105		2.854521		6.880
2.468		0.5741		0.0000		3961.418		3.145		6.170		2.870357		6.920
2.494		0.5772		0.0000		3961.415		3.149		6.235		2.886193		6.960
2.518		0.5804		0.0000		3961.411		3.152		6.295		2.902029		7.000
2.540		0.5837		0.0000		3961.408		3.155		6.350		2.918552		7.040
2.562		0.5869		0.0000		3961.405		3.158		6.405		2.934388		7.080
2.586		0.5902		0.0000		3961.402		3.162		6.465		2.950912		7.120
2.608		0.5933		0.0000		3961.398		3.165		6.520		2.966747		7.160
2.630		0.5968		0.0000		3961.395		3.168		6.575		2.983960		7.200
2.654		0.6004		0.0000		3961.391		3.172		6.635		3.001860		7.240
2.678		0.6041		0.0000		3961.388		3.175		6.695		3.020450		7.280
2.704		0.6075		0.0000		3961.384		3.179		6.760		3.037663		7.320
2.730		0.6107		0.0000		3961.381		3.182		6.825		3.053498		7.360
2.752		0.6139		0.0000		3961.378		3.185		6.880		3.069334		7.400
2.774		0.6172		0.0000		3961.375		3.189		6.935		3.085858		7.440
2.796		0.6203		0.0000		3961.372		3.192		6.990		3.101693		7.480
2.818		0.6235		0.0000		3961.368		3.195		7.045		3.117529		7.520
2.840		0.6267		0.0000		3961.365		3.198		7.100		3.133364		7.560
2.862		0.6300		0.0000		3961.362		3.201		7.155		3.149889		7.600
2.884		0.6337		0.0000		3961.358		3.205		7.210		3.168478		7.640
2.908		0.6374		0.0000		3961.354		3.209		7.270		3.187068		7.680
2.934		0.6409		0.0000		3961.351		3.212		7.335		3.204280		7.720
2.960		0.6440		0.0000		3961.348		3.215		7.400		3.220115		7.760
2.984		0.6472		0.0000		3961.345		3.219		7.460		3.235950		7.800
3.004		0.6505		0.0000		3961.341		3.222		7.510		3.252474		7.840
3.024		0.6538		0.0000		3961.338		3.225		7.560		3.268999		7.880
3.044		0.6570		0.0000		3961.335		3.228		7.610		3.284835		7.920
3.066		0.6601		0.0000		3961.332		3.232		7.665		3.300669		7.960
3.086		0.6634		0.0000		3961.328		3.235		7.715		3.317194		8.000
3.108		0.6669		0.0000		3961.325		3.238		7.770		3.334407		8.040
3.130		0.6706		0.0000		3961.321		3.242		7.825		3.352996		8.080
3.154		0.6742		0.0000		3961.318		3.246		7.885		3.370897		8.120
3.178		0.6775		0.0000		3961.314		3.249		7.945		3.387420		8.160
3.202		0.6807		0.0000		3961.311		3.252		8.005		3.403256		8.200
3.224		0.6838		0.0000		3961.308		3.255		8.060		3.419092		8.240
3.242		0.6871		0.0000		3961.305		3.259		8.105		3.435615		8.280
3.262		0.6903		0.0000		3961.302		3.262		8.155		3.451451		8.320
3.282		0.6936		0.0000		3961.298		3.265		8.205		3.467975		8.360
3.302		0.6968		0.0000		3961.295		3.268		8.255		3.483810		8.400
3.322		0.7001		0.0000		3961.292		3.271		8.305		3.500334		8.440
3.340		0.7038		0.0000		3961.288		3.275		8.350		3.518924		8.480
3.362		0.7076		0.0000		3961.284		3.279		8.405		3.538202		8.520
3.386		0.7109		0.0000		3961.281		3.282		8.465		3.554726		8.560
3.408		0.7141		0.0000		3961.278		3.286		8.520		3.570561		8.600
3.428		0.7173		0.0000		3961.275		3.289		8.570		3.586397		8.640
3.444		0.7204		0.0000		3961.271		3.292		8.610		3.602233		8.680
3.462		0.7238		0.0000		3961.268		3.295		8.655		3.618757		8.720
3.480		0.7269		0.0000		3961.265		3.298		8.700		3.634592		8.760
3.498		0.7302		0.0000		3961.262		3.302		8.745		3.651116		8.800
3.514		0.7334		0.0000		3961.259		3.305		8.785		3.666952		8.840
3.532		0.7370		0.0000		3961.255		3.308		8.830		3.684852		8.880
3.552		0.7408		0.0000		3961.251		3.312		8.880		3.704131		8.920
3.574		0.7443		0.0000		3961.248		3.316		8.935		3.721343		8.960
3.594		0.7474		0.0000		3961.244		3.319		8.985		3.737179		9.000
3.614		0.7506		0.0000		3961.241		3.322		9.035		3.753014		9.040
3.630		0.7539		0.0000		3961.238		3.325		9.075		3.769538		9.080
3.646		0.7572		0.0000		3961.235		3.329		9.115		3.786062		9.120
3.662		0.7604		0.0000		3961.231		3.332		9.155		3.801898		9.160
3.678		0.7635		0.0000		3961.228		3.335		9.195		3.817734		9.200
3.692		0.7667		0.0000		3961.225		3.338		9.230		3.833568		9.240
3.708		0.7703		0.0000		3961.221		3.342		9.270		3.851470		9.280
3.724		0.7740		0.0000		3961.218		3.345		9.310		3.870059		9.320
3.744		0.7777		0.0000		3961.214		3.349		9.360		3.888649		9.360
3.764		0.7809		0.0000		3961.211		3.352		9.410		3.904485		9.400
3.782		0.7841		0.0000		3961.208		3.355		9.455		3.920319		9.440
3.796		0.7872		0.0000		3961.205		3.359		9.490		3.936155		9.480
3.808		0.7907		0.0000		3961.201		3.362		9.520		3.953367		9.520
3.822		0.7937		0.0000		3961.198		3.365		9.555		3.968514		9.560
3.836		0.7970		0.0000		3961.195		3.368		9.590		3.985039		9.600
3.848		0.8002		0.0000		3961.192		3.372		9.620		4.000874		9.640
3.862		0.8035		0.0000		3961.188		3.375		9.655		4.017398		9.680
3.876		0.8072		0.0000		3961.185		3.379		9.690		4.035988		9.720
3.890		0.8109		0.0000		3961.181		3.382		9.725		4.054577		9.760
3.908		0.8142		0.0000		3961.177		3.386		9.770		4.071101		9.800
3.924		0.8175		0.0000		3961.174		3.389		9.810		4.087625		9.840
3.938		0.8208		0.0000		3961.171		3.392		9.845		4.104149		9.880
3.950		0.8240		0.0000		3961.168		3.395		9.875		4.119985		9.920
3.962		0.8272		0.0000		3961.165		3.399		9.905		4.135819		9.960
3.974		0.8303		0.0000		3961.161		3.402		9.935		4.151655		10.000
3.984		0.8336		0.0000		3961.158		3.405		9.960		4.168179		10.040
3.994		0.8369		0.0000		3961.155		3.408		9.985		4.184704		10.080
4.006		0.8407		0.0000		3961.151		3.412		10.015		4.203293		10.120
4.020		0.8442		0.0000		3961.148		3.416		10.050		4.221194		10.160
4.034		0.8477		0.0000		3961.144		3.419		10.085		4.238406		10.200
4.050		0.8508		0.0000		3961.141		3.422		10.125		4.254242		10.240
4.062		0.8542		0.0000		3961.138		3.426		10.155		4.270766		10.280
4.070		0.8573		0.0000		3961.135		3.429		10.175		4.286602		10.320
4.080		0.8606		0.0000		3961.131		3.432		10.200		4.303125		10.360
4.090		0.8638		0.0000		3961.128		3.435		10.225		4.318961		10.400
4.100		0.8670		0.0000		3961.125		3.438		10.250		4.334797		10.440
4.108		0.8701		0.0000		3961.122		3.442		10.270		4.350633		10.480
4.118		0.8738		0.0000		3961.118		3.445		10.295		4.369222		10.520
4.128		0.8774		0.0000		3961.115		3.449		10.320		4.387122		10.560
4.140		0.8811		0.0000		3961.111		3.453		10.350		4.405712		10.600
4.152		0.8843		0.0000		3961.107		3.456		10.380		4.421548		10.640
4.164		0.8876		0.0000		3961.104		3.459		10.410		4.438071		10.680
4.170		0.8908		0.0000		3961.101		3.462		10.425		4.453907		10.720
4.178		0.8939		0.0000		3961.098		3.465		10.445		4.469743		10.760
4.184		0.8971		0.0000		3961.095		3.469		10.460		4.485579		10.800
4.192		0.9004		0.0000		3961.091		3.472		10.480		4.502102		10.840
4.200		0.9034		0.0000		3961.088		3.475		10.500		4.517249		10.880
4.206		0.9070		0.0000		3961.085		3.478		10.515		4.535151		10.920
4.214		0.9107		0.0000		3961.081		3.482		10.535		4.553740		10.960
4.224		0.9145		0.0000		3961.077		3.486		10.560		4.572330		11.000
4.236		0.9178		0.0000		3961.074		3.489		10.590		4.588853		11.040
4.246		0.9209		0.0000		3961.071		3.492		10.615		4.604689		11.080
4.254		0.9241		0.0000		3961.068		3.496		10.635		4.620524		11.120
4.258		0.9273		0.0000		3961.064		3.499		10.645		4.636359		11.160
4.264		0.9306		0.0000		3961.061		3.502		10.660		4.652884		11.200
4.270		0.9337		0.0000		3961.058		3.505		10.675		4.668718		11.240
4.276		0.9369		0.0000		3961.055		3.508		10.690		4.684554		11.280
4.282		0.9402		0.0000		3961.052		3.512		10.705		4.701079		11.320
4.288		0.9439		0.0000		3961.048		3.515		10.720		4.719668		11.360
4.296		0.9477		0.0000		3961.044		3.519		10.740		4.738258		11.400
4.306		0.9512		0.0000		3961.041		3.523		10.765		4.756159		11.440
4.316		0.9543		0.0000		3961.038		3.526		10.790		4.771305		11.480
4.324		0.9576		0.0000		3961.034		3.529		10.810		4.787830		11.520
4.328		0.9609		0.0000		3961.031		3.532		10.820		4.804354		11.560
4.334		0.9639		0.0000		3961.028		3.535		10.835		4.819500		11.600
4.338		0.9672		0.0000		3961.025		3.539		10.845		4.836024		11.640
4.342		0.9704		0.0000		3961.021		3.542		10.855		4.851860		11.680
4.348		0.9735		0.0000		3961.018		3.545		10.870		4.867696		11.720
4.352		0.9773		0.0000		3961.015		3.549		10.880		4.886285		11.760
4.358		0.9808		0.0000		3961.011		3.552		10.895		4.904185		11.800
4.366		0.9847		0.0000		3961.007		3.556		10.915		4.923464		11.840
4.378		0.9879		0.0000		3961.004		3.559		10.945		4.939300		11.880
4.384		0.9908		0.0000		3961.001		3.562		10.960		4.953757		11.920
4.388		0.9942		0.0000		3960.998		3.566		10.970		4.970970		11.960
4.392		0.9974		0.0000		3960.994		3.569		10.980		4.986806		12.000
4.396		1.0007		0.0000		3960.991		3.572		10.990		5.003329		12.040
4.400		1.0038		0.0000		3960.988		3.575		11.000		5.019165		12.080
4.404		1.0070		0.0000		3960.985		3.578		11.010		5.035001		12.120
4.408		1.0104		0.0000		3960.981		3.582		11.020		5.052214		12.160
4.412		1.0142		0.0000		3960.978		3.586		11.030		5.070803		12.200
4.418		1.0179		0.0000		3960.974		3.589		11.045		5.089393		12.240
4.426		1.0212		0.0000		3960.971		3.593		11.065		5.105916		12.280
4.434		1.0244		0.0000		3960.968		3.596		11.085		5.121752		12.320
4.438		1.0275		0.0000		3960.964		3.599		11.095		5.137588		12.360
4.442		1.0307		0.0000		3960.961		3.602		11.105		5.153423		12.400
4.444		1.0340		0.0000		3960.958		3.605		11.110		5.169947		12.440
4.448		1.0372		0.0000		3960.955		3.609		11.120		5.185783		12.480
4.450		1.0403		0.0000		3960.951		3.612		11.125		5.201619		12.520
4.452		1.0436		0.0000		3960.948		3.615		11.130		5.218143		12.560
4.456		1.0475		0.0000		3960.944		3.619		11.140		5.237420		12.600
4.462		1.0512		0.0000		3960.941		3.623		11.155		5.256009		12.640
4.470		1.0546		0.0000		3960.937		3.626		11.175		5.273222		12.680
4.478		1.0577		0.0000		3960.934		3.629		11.195		5.288370		12.720
4.482		1.0610		0.0000		3960.931		3.632		11.205		5.304893		12.760
4.484		1.0641		0.0000		3960.928		3.636		11.210		5.320729		12.800
4.486		1.0675		0.0000		3960.924		3.639		11.215		5.337253		12.840
4.488		1.0705		0.0000		3960.921		3.642		11.220		5.352399		12.880
4.490		1.0738		0.0000		3960.918		3.645		11.225		5.368924		12.920
4.492		1.0771		0.0000		3960.915		3.648		11.230		5.385448		12.960
4.496		1.0807		0.0000		3960.911		3.652		11.240		5.403348		13.000
4.500		1.0844		0.0000		3960.907		3.656		11.250		5.421938		13.040
4.508		1.0880		0.0000		3960.904		3.659		11.270		5.439839		13.080
4.514		1.0911		0.0000		3960.901		3.663		11.285		5.455675		13.120
4.520		1.0943		0.0000		3960.897		3.666		11.300		5.471510		13.160
4.522		1.0976		0.0000		3960.894		3.669		11.305		5.488034		13.200
4.524		1.1008		0.0000		3960.891		3.672		11.310		5.503869		13.240
4.526		1.1039		0.0000		3960.888		3.675		11.315		5.519705		13.280
4.528		1.1071		0.0000		3960.885		3.679		11.320		5.535541		13.320
4.528		1.1104		0.0000		3960.881		3.682		11.320		5.552064		13.360
4.532		1.1139		0.0000		3960.878		3.685		11.330		5.569277		13.400
4.534		1.1176		0.0000		3960.874		3.689		11.335		5.587866		13.440
4.540		1.1213		0.0000		3960.871		3.693		11.350		5.606456		13.480
4.548		1.1246		0.0000		3960.867		3.696		11.370		5.622981		13.520
4.554		1.1278		0.0000		3960.864		3.699		11.385		5.638815		13.560
4.556		1.1309		0.0000		3960.861		3.702		11.390		5.654651		13.600
4.558		1.1342		0.0000		3960.858		3.706		11.395		5.671175		13.640
4.560		1.1374		0.0000		3960.854		3.709		11.400		5.687010		13.680
4.562		1.1406		0.0000		3960.851		3.712		11.405		5.702846		13.720
4.564		1.1439		0.0000		3960.848		3.715		11.410		5.719370		13.760
4.566		1.1472		0.0000		3960.845		3.719		11.415		5.735894		13.800
4.568		1.1509		0.0000		3960.841		3.722		11.420		5.754484		13.840
4.572		1.1546		0.0000		3960.837		3.726		11.430		5.773073		13.880
4.580		1.1581		0.0000		3960.834		3.729		11.450		5.790286		13.920
4.586		1.1612		0.0000		3960.831		3.733		11.465		5.806121		13.960
4.588		1.1644		0.0000		3960.827		3.736		11.470		5.821957		14.000
4.590		1.1676		0.0000		3960.824		3.739		11.475		5.837792		14.040
4.592		1.1709		0.0000		3960.821		3.742		11.480		5.854316		14.080
4.592		1.1740		0.0000		3960.818		3.745		11.480		5.870152		14.120
4.594		1.1772		0.0000		3960.815		3.749		11.485		5.885987		14.160
4.596		1.1804		0.0000		3960.812		3.752		11.490		5.901823		14.200
4.596		1.1841		0.0000		3960.808		3.755		11.490		5.920413		14.240
4.600		1.1878		0.0000		3960.804		3.759		11.500		5.939002		14.280
4.606		1.1915		0.0000		3960.800		3.763		11.515		5.957592		14.320
4.612		1.1945		0.0000		3960.797		3.766		11.530		5.972738		14.360
4.616		1.1977		0.0000		3960.794		3.769		11.540		5.988574		14.400
4.618		1.2010		0.0000		3960.791		3.772		11.545		6.005097		14.440
4.618		1.2042		0.0000		3960.788		3.776		11.545		6.020933		14.480
4.620		1.2074		0.0000		3960.784		3.779		11.550		6.036769		14.520
4.622		1.2105		0.0000		3960.781		3.782		11.555		6.052604		14.560
4.622		1.2138		0.0000		3960.778		3.785		11.555		6.069129		14.600
4.624		1.2173		0.0000		3960.775		3.789		11.560		6.086341		14.640
4.626		1.2210		0.0000		3960.771		3.792		11.565		6.104931		14.680
4.632		1.2247		0.0000		3960.767		3.796		11.580		6.123520		14.720
4.638		1.2280		0.0000		3960.764		3.799		11.595		6.140044		14.760
4.642		1.2312		0.0000		3960.761		3.803		11.605		6.155879		14.800
4.644		1.2343		0.0000		3960.758		3.806		11.610		6.171714		14.840
4.644		1.2376		0.0000		3960.754		3.809		11.610		6.188239		14.880
4.646		1.2408		0.0000		3960.751		3.812		11.615		6.204075		14.920
4.646		1.2440		0.0000		3960.748		3.815		11.615		6.219909		14.960
4.648		1.2471		0.0000		3960.745		3.819		11.620		6.235745		15.000
4.648		1.2505		0.0000		3960.741		3.822		11.620		6.252269		15.040
4.650		1.2543		0.0000		3960.738		3.826		11.625		6.271547		15.080
4.656		1.2580		0.0000		3960.734		3.829		11.640		6.290136		15.120
4.664		1.2615		0.0000		3960.730		3.833		11.660		6.307349		15.160
4.670		1.2645		0.0000		3960.727		3.836		11.675		6.322496		15.200
4.674		1.2678		0.0000		3960.724		3.839		11.685		6.339020		15.240
4.674		1.2710		0.0000		3960.721		3.842		11.685		6.354856		15.280
4.674		1.2743		0.0000		3960.718		3.846		11.685		6.371380		15.320
4.676		1.2774		0.0000		3960.714		3.849		11.690		6.387215		15.360
4.678		1.2806		0.0000		3960.711		3.852		11.695		6.403050		15.400
4.678		1.2838		0.0000		3960.708		3.855		11.695		6.418886		15.440
4.680		1.2875		0.0000		3960.704		3.859		11.700		6.437476		15.480
4.682		1.2914		0.0000		3960.700		3.863		11.705		6.456753		15.520
4.688		1.2948		0.0000		3960.697		3.866		11.720		6.473966		15.560
4.696		1.2980		0.0000		3960.694		3.869		11.740		6.489801		15.600
4.700		1.3011		0.0000		3960.691		3.873		11.750		6.505637		15.640
4.700		1.3044		0.0000		3960.688		3.876		11.750		6.522161		15.680
4.700		1.3076		0.0000		3960.684		3.879		11.750		6.537996		15.720
4.702		1.3108		0.0000		3960.681		3.882		11.755		6.553832		15.760
4.702		1.3139		0.0000		3960.678		3.885		11.755		6.569668		15.800
4.702		1.3171		0.0000		3960.675		3.889		11.755		6.585503		15.840
4.704		1.3207		0.0000		3960.671		3.892		11.760		6.603404		15.880
4.706		1.3245		0.0000		3960.667		3.896		11.765		6.622682		15.920
4.712		1.3281		0.0000		3960.664		3.900		11.780		6.640583		15.960
4.718		1.3314		0.0000		3960.660		3.903		11.795		6.657107		16.000
4.724		1.3346		0.0000		3960.657		3.906		11.810		6.672943		16.040
4.724		1.3378		0.0000		3960.654		3.909		11.810		6.688778		16.080
4.724		1.3411		0.0000		3960.651		3.912		11.810		6.705302		16.120
4.726		1.3442		0.0000		3960.648		3.916		11.815		6.721138		16.160
4.728		1.3474		0.0000		3960.645		3.919		11.820		6.736974		16.200
4.728		1.3506		0.0000		3960.641		3.922		11.820		6.752808		16.240
4.728		1.3540		0.0000		3960.638		3.925		11.820		6.770020		16.280
4.730		1.3577		0.0000		3960.634		3.929		11.825		6.788610		16.320
4.734		1.3614		0.0000		3960.630		3.933		11.835		6.807199		16.360
4.740		1.3649		0.0000		3960.627		3.936		11.850		6.824412		16.400
4.746		1.3680		0.0000		3960.624		3.939		11.865		6.840248		16.440
4.748		1.3712		0.0000		3960.621		3.943		11.870		6.856084		16.480
4.748		1.3744		0.0000		3960.617		3.946		11.870		6.871920		16.520
4.748		1.3776		0.0000		3960.614		3.949		11.870		6.887754		16.560
4.748		1.3807		0.0000		3960.611		3.952		11.870		6.903590		16.600
4.748		1.3839		0.0000		3960.608		3.955		11.870		6.919426		16.640
4.748		1.3872		0.0000		3960.605		3.959		11.870		6.935949		16.680
4.750		1.3909		0.0000		3960.601		3.962		11.875		6.954539		16.720
4.752		1.3946		0.0000		3960.597		3.966		11.880		6.973128		16.760
4.758		1.3983		0.0000		3960.594		3.970		11.895		6.991718		16.800
4.766		1.4014		0.0000		3960.590		3.973		11.915		7.006865		16.840
4.768		1.4045		0.0000		3960.587		3.976		11.920		7.022700		16.880
4.768		1.4078		0.0000		3960.584		3.979		11.920		7.039225		16.920
4.768		1.4110		0.0000		3960.581		3.982		11.920		7.055059		16.960
4.768		1.4142		0.0000		3960.578		3.986		11.920		7.070895		17.000
4.768		1.4173		0.0000		3960.574		3.989		11.920		7.086731		17.040
4.770		1.4207		0.0000		3960.571		3.992		11.925		7.103255		17.080
4.770		1.4241		0.0000		3960.568		3.996		11.925		7.120467		17.120
4.772		1.4278		0.0000		3960.564		3.999		11.930		7.139057		17.160
4.778		1.4317		0.0000		3960.560		4.003		11.945		7.158334		17.200
4.784		1.4348		0.0000		3960.557		4.006		11.960		7.174170		17.240
4.788		1.4380		0.0000		3960.554		4.009		11.970		7.190006		17.280
4.790		1.4412		0.0000		3960.551		4.013		11.975		7.205842		17.320
4.790		1.4445		0.0000		3960.547		4.016		11.975		7.222366		17.360
4.790		1.4475		0.0000		3960.544		4.019		11.975		7.237513		17.400
4.792		1.4508		0.0000		3960.541		4.022		11.980		7.254035		17.440
4.792		1.4540		0.0000		3960.538		4.025		11.980		7.269871		17.480
4.792		1.4574		0.0000		3960.534		4.029		11.980		7.287085		17.520
4.794		1.4611		0.0000		3960.531		4.033		11.985		7.305675		17.560
4.798		1.4650		0.0000		3960.527		4.036		11.995		7.324953		17.600
4.804		1.4683		0.0000		3960.523		4.040		12.010		7.341475		17.640
4.810		1.4713		0.0000		3960.521		4.043		12.025		7.356622		17.680
4.812		1.4746		0.0000		3960.517		4.046		12.030		7.373147		17.720
4.812		1.4778		0.0000		3960.514		4.049		12.030		7.388983		17.760
4.812		1.4810		0.0000		3960.511		4.052		12.030		7.404819		17.800
4.814		1.4841		0.0000		3960.508		4.056		12.035		7.420654		17.840
4.816		1.4874		0.0000		3960.504		4.059		12.040		7.437177		17.880
4.816		1.4906		0.0000		3960.501		4.062		12.040		7.453012		17.920
4.818		1.4943		0.0000		3960.498		4.066		12.045		7.471602		17.960
4.820		1.4982		0.0000		3960.494		4.070		12.050		7.490880		18.000
4.826		1.5016		0.0000		3960.490		4.073		12.065		7.508092		18.040
4.832		1.5048		0.0000		3960.487		4.076		12.080		7.523928		18.080
4.836		1.5080		0.0000		3960.484		4.079		12.090		7.539763		18.120
4.836		1.5113		0.0000		3960.480		4.083		12.090		7.556288		18.160
4.836		1.5144		0.0000		3960.477		4.086		12.090		7.572124		18.200
4.836		1.5176		0.0000		3960.474		4.089		12.090		7.587960		18.240
4.838		1.5208		0.0000		3960.471		4.092		12.095		7.603796		18.280
4.838		1.5239		0.0000		3960.468		4.095		12.095		7.619631		18.320
4.840		1.5275		0.0000		3960.464		4.099		12.100		7.637532		18.360
4.842		1.5314		0.0000		3960.460		4.103		12.105		7.656810		18.400
4.848		1.5349		0.0000		3960.457		4.106		12.120		7.674711		18.440
4.854		1.5382		0.0000		3960.454		4.110		12.135		7.691233		18.480
4.858		1.5413		0.0000		3960.450		4.113		12.145		7.706382		18.520
4.860		1.5446		0.0000		3960.447		4.116		12.150		7.722905		18.560
4.860		1.5477		0.0000		3960.444		4.119		12.150		7.738740		18.600
4.860		1.5511		0.0000		3960.441		4.122		12.150		7.755265		18.640
4.862		1.5542		0.0000		3960.438		4.126		12.155		7.771101		18.680
4.862		1.5574		0.0000		3960.434		4.129		12.155		7.786937		18.720
4.864		1.5607		0.0000		3960.431		4.132		12.160		7.803459		18.760
4.866		1.5645		0.0000		3960.427		4.136		12.165		7.822738		18.800
4.870		1.5683		0.0000		3960.424		4.140		12.175		7.841327		18.840
4.878		1.5716		0.0000		3960.420		4.143		12.195		7.857852		18.880
4.882		1.5747		0.0000		3960.417		4.146		12.205		7.873688		18.920
4.886		1.5780		0.0000		3960.414		4.149		12.215		7.890210		18.960
4.886		1.5812		0.0000		3960.411		4.153		12.215		7.906046		19.000
4.886		1.5844		0.0000		3960.407		4.156		12.215		7.921882		19.040
4.888		1.5875		0.0000		3960.404		4.159		12.220		7.937717		19.080
4.888		1.5907		0.0000		3960.401		4.162		12.220		7.953553		19.120
4.888		1.5940		0.0000		3960.398		4.165		12.220		7.970076		19.160
4.890		1.5977		0.0000		3960.394		4.169		12.225		7.988665		19.200
4.894		1.6016		0.0000		3960.390		4.173		12.235		8.007944		19.240
4.900		1.6050		0.0000		3960.387		4.176		12.250		8.025158		19.280
4.906		1.6082		0.0000		3960.384		4.180		12.265		8.040993		19.320
4.910		1.6114		0.0000		3960.380		4.183		12.275		8.056827		19.360
4.910		1.6145		0.0000		3960.377		4.186		12.275		8.072662		19.400
4.910		1.6178		0.0000		3960.374		4.189		12.275		8.089188		19.440
4.912		1.6210		0.0000		3960.371		4.192		12.280		8.105022		19.480
4.912		1.6242		0.0000		3960.368		4.196		12.280		8.120859		19.520
4.912		1.6275		0.0000		3960.364		4.199		12.280		8.137381		19.560
4.914		1.6311		0.0000		3960.361		4.202		12.285		8.155284		19.600
4.916		1.6348		0.0000		3960.357		4.206		12.290		8.173874		19.640
4.922		1.6384		0.0000		3960.354		4.210		12.305		8.191774		19.680
4.928		1.6417		0.0000		3960.350		4.213		12.320		8.208299		19.720
4.934		1.6448		0.0000		3960.347		4.216		12.335		8.224133		19.760
4.934		1.6480		0.0000		3960.344		4.219		12.335		8.239967		19.800
4.934		1.6512		0.0000		3960.341		4.223		12.335		8.255804		19.840
4.934		1.6543		0.0000		3960.337		4.226		12.335		8.271639		19.880
4.936		1.6575		0.0000		3960.334		4.229		12.340		8.287476		19.920
4.936		1.6608		0.0000		3960.331		4.232		12.340		8.304000		19.960
4.936		1.6642		0.0000		3960.328		4.236		12.340		8.321211		20.000
4.938		1.6680		0.0000		3960.324		4.239		12.345		8.339801		20.040
4.942		1.6717		0.0000		3960.320		4.243		12.355		8.358391		20.080
4.948		1.6751		0.0000		3960.317		4.247		12.370		8.375605		20.120
4.954		1.6782		0.0000		3960.314		4.250		12.385		8.390751		20.160
4.954		1.6813		0.0000		3960.311		4.253		12.385		8.406587		20.200
4.954		1.6846		0.0000		3960.307		4.256		12.385		8.423109		20.240
4.954		1.6878		0.0000		3960.304		4.259		12.385		8.438945		20.280
4.956		1.6910		0.0000		3960.301		4.262		12.390		8.454781		20.320
4.956		1.6943		0.0000		3960.298		4.266		12.390		8.471306		20.360
4.956		1.6976		0.0000		3960.294		4.269		12.390		8.487827		20.400
4.958		1.7011		0.0000		3960.291		4.273		12.395		8.505731		20.440
4.960		1.7049		0.0000		3960.287		4.276		12.400		8.524321		20.480
4.966		1.7084		0.0000		3960.283		4.280		12.415		8.542221		20.520
4.972		1.7116		0.0000		3960.280		4.283		12.430		8.558056		20.560
4.974		1.7148		0.0000		3960.277		4.286		12.435		8.573893		20.600
4.974		1.7179		0.0000		3960.274		4.289		12.435		8.589725		20.640
4.976		1.7213		0.0000		3960.271		4.293		12.440		8.606251		20.680
4.976		1.7244		0.0000		3960.267		4.296		12.440		8.622086		20.720
4.976		1.7276		0.0000		3960.264		4.299		12.440		8.637922		20.760
4.976		1.7308		0.0000		3960.261		4.302		12.440		8.653757		20.800
4.978		1.7343		0.0000		3960.258		4.306		12.445		8.671658		20.840
4.980		1.7382		0.0000		3960.254		4.310		12.450		8.690937		20.880
4.986		1.7418		0.0000		3960.250		4.313		12.465		8.708838		20.920
4.992		1.7449		0.0000		3960.247		4.316		12.480		8.724672		20.960
4.996		1.7481		0.0000		3960.244		4.320		12.490		8.740509		21.000
4.996		1.7514		0.0000		3960.240		4.323		12.490		8.757030		21.040
4.996		1.7546		0.0000		3960.237		4.326		12.490		8.772867		21.080
4.996		1.7577		0.0000		3960.234		4.329		12.490		8.788702		21.120
4.998		1.7610		0.0000		3960.231		4.332		12.495		8.805227		21.160
4.998		1.7642		0.0000		3960.228		4.336		12.495		8.821063		21.200
5.000		1.7677		0.0000		3960.224		4.339		12.500		8.838274		21.240
5.000		1.7714		0.0000		3960.220		4.343		12.500		8.856864		21.280
5.006		1.7751		0.0000		3960.217		4.347		12.515		8.875454		21.320
5.012		1.7784		0.0000		3960.213		4.350		12.530		8.891978		21.360
5.018		1.7816		0.0000		3960.210		4.353		12.545		8.907814		21.400
5.020		1.7847		0.0000		3960.207		4.356		12.550		8.923650		21.440
5.020		1.7880		0.0000		3960.204		4.359		12.550		8.940172		21.480
5.020		1.7912		0.0000		3960.201		4.363		12.550		8.956008		21.520
5.020		1.7944		0.0000		3960.198		4.366		12.550		8.971844		21.560
5.022		1.7975		0.0000		3960.194		4.369		12.555		8.987679		21.600
5.022		1.8008		0.0000		3960.191		4.372		12.555		9.004204		21.640
5.024		1.8046		0.0000		3960.187		4.376		12.560		9.022794		21.680
5.028		1.8083		0.0000		3960.184		4.380		12.570		9.041384		21.720
5.034		1.8117		0.0000		3960.180		4.383		12.585		9.058595		21.760
5.040		1.8149		0.0000		3960.177		4.386		12.600		9.074430		21.800
5.044		1.8182		0.0000		3960.174		4.390		12.610		9.090956		21.840
5.042		1.8214		0.0000		3960.170		4.393		12.605		9.106791		21.880
5.044		1.8247		0.0000		3960.167		4.396		12.610		9.123314		21.920
5.044		1.8278		0.0000		3960.164		4.399		12.610		9.139149		21.960
5.044		1.8310		0.0000		3960.161		4.402		12.610		9.154985		22.000
5.046		1.8342		0.0000		3960.158		4.406		12.615		9.170820		22.040
5.046		1.8377		0.0000		3960.154		4.409		12.615		9.188721		22.080
5.050		1.8416		0.0000		3960.150		4.413		12.625		9.208000		22.120
5.056		1.8452		0.0000		3960.147		4.417		12.640		9.225901		22.160
5.062		1.8483		0.0000		3960.144		4.420		12.655		9.241735		22.200
5.066		1.8515		0.0000		3960.140		4.423		12.665		9.257572		22.240
5.066		1.8548		0.0000		3960.137		4.426		12.665		9.274096		22.280
5.066		1.8580		0.0000		3960.134		4.429		12.665		9.289932		22.320
5.066		1.8612		0.0000		3960.131		4.433		12.665		9.305765		22.360
5.068		1.8643		0.0000		3960.127		4.436		12.670		9.321602		22.400
5.066		1.8676		0.0000		3960.124		4.439		12.665		9.338126		22.440
5.068		1.8709		0.0000		3960.121		4.442		12.670		9.354650		22.480
5.068		1.8748		0.0000		3960.117		4.446		12.670		9.373927		22.520
5.074		1.8785		0.0000		3960.113		4.450		12.685		9.392517		22.560
5.080		1.8818		0.0000		3960.110		4.453		12.700		9.409041		22.600
5.086		1.8850		0.0000		3960.107		4.456		12.715		9.424877		22.640
5.086		1.8881		0.0000		3960.104		4.460		12.715		9.440713		22.680
5.086		1.8914		0.0000		3960.100		4.463		12.715		9.457237		22.720
5.086		1.8946		0.0000		3960.097		4.466		12.715		9.473071		22.760
5.086		1.8978		0.0000		3960.094		4.469		12.715		9.488907		22.800
5.086		1.9009		0.0000		3960.091		4.472		12.715		9.504743		22.840
5.086		1.9043		0.0000		3960.088		4.476		12.715		9.521267		22.880
5.088		1.9080		0.0000		3960.084		4.479		12.720		9.539857		22.920
5.090		1.9118		0.0000		3960.080		4.483		12.725		9.559135		22.960
5.096		1.9153		0.0000		3960.077		4.487		12.740		9.576347		23.000
5.102		1.9184		0.0000		3960.073		4.490		12.755		9.592182		23.040
5.106		1.9216		0.0000		3960.070		4.493		12.765		9.608019		23.080
5.106		1.9248		0.0000		3960.067		4.496		12.765		9.623854		23.120
5.106		1.9279		0.0000		3960.064		4.499		12.765		9.639690		23.160
5.106		1.9311		0.0000		3960.061		4.503		12.765		9.655525		23.200
5.106		1.9343		0.0000		3960.058		4.506		12.765		9.671359		23.240
5.106		1.9376		0.0000		3960.054		4.509		12.765		9.687883		23.280
5.106		1.9412		0.0000		3960.051		4.513		12.765		9.705784		23.320
5.108		1.9450		0.0000		3960.047		4.516		12.770		9.725063		23.360
5.114		1.9487		0.0000		3960.043		4.520		12.785		9.743652		23.400
5.120		1.9518		0.0000		3960.040		4.523		12.800		9.758799		23.440
5.122		1.9549		0.0000		3960.037		4.526		12.805		9.774635		23.480
5.122		1.9582		0.0000		3960.034		4.530		12.805		9.791160		23.520
5.120		1.9614		0.0000		3960.031		4.533		12.800		9.806995		23.560
5.120		1.9646		0.0000		3960.027		4.536		12.800		9.822831		23.600
5.120		1.9677		0.0000		3960.024		4.539		12.800		9.838665		23.640
5.120		1.9710		0.0000		3960.021		4.542		12.800		9.855189		23.680
5.122		1.9745		0.0000		3960.017		4.546		12.805		9.872403		23.720
5.122		1.9782		0.0000		3960.014		4.550		12.805		9.890993		23.760
5.126		1.9819		0.0000		3960.010		4.553		12.815		9.909582		23.800
5.134		1.9852		0.0000		3960.007		4.557		12.835		9.926105		23.840
5.138		1.9884		0.0000		3960.003		4.560		12.845		9.941940		23.880
5.138		1.9916		0.0000		3960.000		4.563		12.845		9.957776		23.920
5.138		1.9949		0.0000		3959.997		4.566		12.845		9.974300		23.960
5.138		1.9980		0.0000		3959.994		4.569		12.845		9.990137		24.000
5.138		2.0012		0.0000		3959.991		4.573		12.845		10.005970		24.040
5.138		2.0044		0.0000		3959.988		4.576		12.845		10.021806		24.080
5.136		2.0077		0.0000		3959.984		4.579		12.840		10.038330		24.120
5.138		2.0114		0.0000		3959.980		4.583		12.845		10.056920		24.160
5.142		2.0152		0.0000		3959.977		4.587		12.855		10.076199		24.200
5.148		2.0187		0.0000		3959.973		4.590		12.870		10.093410		24.240
5.154		2.0217		0.0000		3959.970		4.593		12.885		10.108557		24.280
5.156		2.0249		0.0000		3959.967		4.596		12.890		10.124393		24.320
5.154		2.0282		0.0000		3959.964		4.600		12.885		10.140917		24.360
5.154		2.0314		0.0000		3959.960		4.603		12.885		10.156754		24.400
5.156		2.0345		0.0000		3959.957		4.606		12.890		10.172588		24.440
5.154		2.0378		0.0000		3959.954		4.609		12.885		10.189112		24.480
5.154		2.0410		0.0000		3959.951		4.612		12.885		10.204947		24.520
5.154		2.0446		0.0000		3959.947		4.616		12.885		10.222847		24.560
5.156		2.0484		0.0000		3959.943		4.620		12.890		10.242126		24.600
5.162		2.0520		0.0000		3959.940		4.623		12.905		10.260027		24.640
5.168		2.0552		0.0000		3959.937		4.627		12.920		10.275862		24.680
5.172		2.0583		0.0000		3959.934		4.630		12.930		10.291698		24.720
5.172		2.0616		0.0000		3959.930		4.633		12.930		10.308223		24.760
5.172		2.0648		0.0000		3959.927		4.636		12.930		10.324059		24.800
5.172		2.0680		0.0000		3959.924		4.639		12.930		10.339894		24.840
5.172		2.0711		0.0000		3959.921		4.643		12.930		10.355730		24.880
5.172		2.0743		0.0000		3959.917		4.646		12.930		10.371563		24.920
5.174		2.0778		0.0000		3959.914		4.649		12.935		10.388777		24.960
5.174		2.0816		0.0000		3959.910		4.653		12.935		10.408056		25.000
5.180		2.0855		0.0000		3959.906		4.657		12.950		10.427334		25.040
5.188		2.0886		0.0000		3959.903		4.660		12.970		10.443168		25.080
5.192		2.0918		0.0000		3959.900		4.663		12.980		10.459003		25.120
5.192		2.0950		0.0000		3959.897		4.666		12.980		10.474839		25.160
5.190		2.0983		0.0000		3959.894		4.670		12.975		10.491364		25.200
5.190		2.1014		0.0000		3959.890		4.673		12.975		10.507200		25.240
5.192		2.1046		0.0000		3959.887		4.676		12.980		10.523035		25.280
5.192		2.1078		0.0000		3959.884		4.679		12.980		10.538872		25.320
5.192		2.1111		0.0000		3959.881		4.682		12.980		10.555393		25.360
5.192		2.1148		0.0000		3959.877		4.686		12.980		10.573983		25.400
5.196		2.1187		0.0000		3959.873		4.690		12.990		10.593262		25.440
5.202		2.1221		0.0000		3959.870		4.694		13.005		10.610474		25.480
5.208		2.1253		0.0000		3959.866		4.697		13.020		10.626308		25.520
5.210		2.1284		0.0000		3959.863		4.700		13.025		10.642145		25.560
5.208		2.1316		0.0000		3959.860		4.703		13.020		10.657980		25.600
5.208		2.1348		0.0000		3959.857		4.706		13.020		10.673817		25.640
5.208		2.1379		0.0000		3959.854		4.709		13.020		10.689651		25.680
5.208		2.1411		0.0000		3959.851		4.713		13.020		10.705488		25.720
5.206		2.1444		0.0000		3959.847		4.716		13.015		10.722010		25.760
5.208		2.1480		0.0000		3959.844		4.719		13.020		10.739913		25.800
5.210		2.1520		0.0000		3959.840		4.723		13.025		10.759878		25.840
5.216		2.1554		0.0000		3959.836		4.727		13.040		10.777092		25.880
5.224		2.1586		0.0000		3959.833		4.730		13.060		10.792928		25.920
5.226		2.1618		0.0000		3959.830		4.733		13.065		10.808762		25.960
5.224		2.1651		0.0000		3959.827		4.736		13.060		10.825286		26.000
5.224		2.1682		0.0000		3959.823		4.740		13.060		10.841122		26.040
5.224		2.1714		0.0000		3959.820		4.743		13.060		10.856957		26.080
5.224		2.1746		0.0000		3959.817		4.746		13.060		10.872793		26.120
5.222		2.1777		0.0000		3959.814		4.749		13.055		10.888629		26.160
5.222		2.1813		0.0000		3959.811		4.753		13.055		10.906529		26.200
5.222		2.1850		0.0000		3959.807		4.756		13.055		10.925119		26.240
5.226		2.1887		0.0000		3959.803		4.760		13.065		10.943708		26.280
5.234		2.1920		0.0000		3959.800		4.763		13.085		10.960234		26.320
5.238		2.1952		0.0000		3959.797		4.767		13.095		10.976067		26.360
5.238		2.1984		0.0000		3959.793		4.770		13.095		10.991902		26.400
5.238		2.2015		0.0000		3959.790		4.773		13.095		11.007738		26.440
5.236		2.2047		0.0000		3959.787		4.776		13.090		11.023574		26.480
5.236		2.2079		0.0000		3959.784		4.779		13.090		11.039410		26.520
5.236		2.2112		0.0000		3959.781		4.783		13.090		11.055935		26.560
5.236		2.2145		0.0000		3959.777		4.786		13.090		11.072456		26.600
5.236		2.2183		0.0000		3959.773		4.790		13.090		11.091736		26.640
5.240		2.2221		0.0000		3959.770		4.793		13.100		11.110325		26.680
5.246		2.2255		0.0000		3959.766		4.797		13.115		11.127539		26.720
5.252		2.2287		0.0000		3959.763		4.800		13.130		11.143372		26.760
5.252		2.2317		0.0000		3959.760		4.803		13.130		11.158522		26.800
5.250		2.2350		0.0000		3959.757		4.806		13.125		11.175043		26.840
5.250		2.2382		0.0000		3959.754		4.810		13.125		11.190880		26.880
5.250		2.2413		0.0000		3959.750		4.813		13.125		11.206715		26.920
5.248		2.2445		0.0000		3959.747		4.816		13.120		11.222551		26.960
5.248		2.2478		0.0000		3959.744		4.819		13.120		11.239076		27.000
5.248		2.2514		0.0000		3959.740		4.823		13.120		11.256976		27.040
5.250		2.2553		0.0000		3959.737		4.827		13.125		11.276255		27.080
5.256		2.2590		0.0000		3959.733		4.830		13.140		11.294844		27.120
5.262		2.2620		0.0000		3959.730		4.833		13.155		11.309991		27.160
5.264		2.2652		0.0000		3959.727		4.837		13.160		11.325827		27.200
5.264		2.2683		0.0000		3959.723		4.840		13.160		11.341660		27.240
5.262		2.2716		0.0000		3959.720		4.843		13.155		11.358185		27.280
5.260		2.2748		0.0000		3959.717		4.846		13.150		11.374021		27.320
5.260		2.2780		0.0000		3959.714		4.849		13.150		11.389856		27.360
5.260		2.2811		0.0000		3959.711		4.853		13.150		11.405692		27.400
5.260		2.2847		0.0000		3959.707		4.856		13.150		11.423593		27.440
5.262		2.2884		0.0000		3959.703		4.860		13.155		11.442183		27.480
5.266		2.2923		0.0000		3959.699		4.864		13.165		11.461460		27.520
5.272		2.2955		0.0000		3959.696		4.867		13.180		11.477297		27.560
5.276		2.2986		0.0000		3959.693		4.870		13.190		11.493132		27.600
5.276		2.3019		0.0000		3959.690		4.873		13.190		11.509655		27.640
5.274		2.3050		0.0000		3959.687		4.876		13.185		11.524801		27.680
5.274		2.3081		0.0000		3959.684		4.880		13.185		11.540637		27.720
5.272		2.3113		0.0000		3959.680		4.883		13.180		11.556473		27.760
5.272		2.3147		0.0000		3959.677		4.886		13.180		11.573687		27.800
5.272		2.3180		0.0000		3959.674		4.889		13.180		11.590209		27.840
5.272		2.3216		0.0000		3959.670		4.893		13.180		11.608109		27.880
5.276		2.3255		0.0000		3959.666		4.897		13.190		11.627388		27.920
5.282		2.3289		0.0000		3959.663		4.900		13.205		11.644602		27.960
5.286		2.3319		0.0000		3959.660		4.903		13.215		11.659748		28.000
5.288		2.3351		0.0000		3959.657		4.907		13.220		11.675585		28.040
5.286		2.3384		0.0000		3959.653		4.910		13.215		11.692106		28.080
5.284		2.3416		0.0000		3959.650		4.913		13.210		11.707943		28.120
5.284		2.3448		0.0000		3959.647		4.916		13.210		11.723778		28.160
5.284		2.3479		0.0000		3959.644		4.919		13.210		11.739614		28.200
5.282		2.3512		0.0000		3959.641		4.923		13.205		11.756139		28.240
5.282		2.3548		0.0000		3959.637		4.926		13.205		11.774039		28.280
5.286		2.3588		0.0000		3959.633		4.930		13.215		11.794004		28.320
5.292		2.3624		0.0000		3959.629		4.934		13.230		11.811907		28.360
5.298		2.3654		0.0000		3959.626		4.937		13.245		11.827054		28.400
5.302		2.3686		0.0000		3959.623		4.940		13.255		11.842890		28.440
5.300		2.3719		0.0000		3959.620		4.943		13.250		11.859412		28.480
5.298		2.3750		0.0000		3959.617		4.946		13.245		11.875248		28.520
5.298		2.3782		0.0000		3959.614		4.950		13.245		11.891084		28.560
5.298		2.3814		0.0000		3959.610		4.953		13.245		11.906919		28.600
5.298		2.3847		0.0000		3959.607		4.956		13.245		11.923445		28.640
5.296		2.3881		0.0000		3959.604		4.960		13.240		11.940656		28.680
5.298		2.3921		0.0000		3959.600		4.964		13.245		11.960623		28.720
5.302		2.3957		0.0000		3959.596		4.967		13.255		11.978523		28.760
5.308		2.3989		0.0000		3959.593		4.970		13.270		11.994360		28.800
5.310		2.4020		0.0000		3959.590		4.973		13.275		12.010195		28.840
5.310		2.4052		0.0000		3959.587		4.977		13.275		12.026031		28.880
5.308		2.4085		0.0000		3959.583		4.980		13.270		12.042553		28.920
5.306		2.4117		0.0000		3959.580		4.983		13.265		12.058390		28.960
5.304		2.4147		0.0000		3959.577		4.986		13.260		12.073536		29.000
5.304		2.4179		0.0000		3959.574		4.989		13.260		12.089372		29.040
5.302		2.4213		0.0000		3959.571		4.993		13.255		12.106586		29.080
5.302		2.4253		0.0000		3959.566		4.997		13.255		12.126551		29.120
5.306		2.4290		0.0000		3959.563		5.000		13.265		12.145140		29.160
5.312		2.4322		0.0000		3959.560		5.004		13.280		12.160976		29.200
5.316		2.4355		0.0000		3959.556		5.007		13.290		12.177501		29.240
5.316		2.4385		0.0000		3959.553		5.010		13.290		12.192648		29.280
5.314		2.4418		0.0000		3959.550		5.013		13.285		12.209172		29.320
5.312		2.4450		0.0000		3959.547		5.016		13.280		12.225006		29.360
5.312		2.4483		0.0000		3959.543		5.020		13.280		12.241530		29.400
5.310		2.4515		0.0000		3959.540		5.023		13.275		12.257366		29.440
5.310		2.4548		0.0000		3959.537		5.026		13.275		12.273891		29.480
5.310		2.4584		0.0000		3959.533		5.030		13.275		12.291792		29.520
5.312		2.4621		0.0000		3959.530		5.033		13.280		12.310381		29.560
5.318		2.4657		0.0000		3959.526		5.037		13.295		12.328281		29.600
5.324		2.4690		0.0000		3959.523		5.040		13.310		12.344807		29.640
5.326		2.4721		0.0000		3959.520		5.044		13.315		12.360641		29.680
5.324		2.4753		0.0000		3959.517		5.047		13.310		12.376478		29.720
5.322		2.4783		0.0000		3959.513		5.050		13.305		12.391624		29.760
5.322		2.4816		0.0000		3959.510		5.053		13.305		12.408147		29.800
5.320		2.4848		0.0000		3959.507		5.056		13.300		12.423983		29.840
5.318		2.4880		0.0000		3959.504		5.059		13.295		12.439818		29.880
5.318		2.4915		0.0000		3959.500		5.063		13.295		12.457719		29.920
5.318		2.4954		0.0000		3959.496		5.067		13.295		12.476997		29.960
5.322		2.4991		0.0000		3959.493		5.071		13.305		12.495586		30.000
5.328		2.5021		0.0000		3959.490		5.074		13.320		12.510734		30.040
5.332		2.5053		0.0000		3959.487		5.077		13.330		12.526569		30.080
5.330		2.5086		0.0000		3959.483		5.080		13.325		12.543095		30.120
5.328		2.5119		0.0000		3959.480		5.083		13.320		12.559616		30.160
5.326		2.5150		0.0000		3959.477		5.086		13.315		12.574766		30.200
5.326		2.5183		0.0000		3959.474		5.090		13.315		12.591288		30.240
5.324		2.5214		0.0000		3959.470		5.093		13.310		12.607124		30.280
5.322		2.5247		0.0000		3959.467		5.096		13.305		12.623649		30.320
5.322		2.5286		0.0000		3959.463		5.100		13.305		12.642927		30.360
5.324		2.5324		0.0000		3959.459		5.104		13.310		12.662203		30.400
5.330		2.5356		0.0000		3959.456		5.107		13.325		12.678040		30.440
5.334		2.5389		0.0000		3959.453		5.110		13.335		12.694564		30.480
5.334		2.5419		0.0000		3959.450		5.113		13.335		12.709711		30.520
5.332		2.5452		0.0000		3959.447		5.117		13.330		12.726235		30.560
5.330		2.5484		0.0000		3959.443		5.120		13.325		12.742071		30.600
5.328		2.5516		0.0000		3959.440		5.123		13.320		12.757904		30.640
5.328		2.5547		0.0000		3959.437		5.126		13.320		12.773741		30.680
5.326		2.5581		0.0000		3959.434		5.129		13.315		12.790265		30.720
5.326		2.5618		0.0000		3959.430		5.133		13.315		12.808855		30.760
5.328		2.5658		0.0000		3959.426		5.137		13.320		12.828822		30.800
5.334		2.5692		0.0000		3959.423		5.141		13.335		12.846033		30.840
5.340		2.5722		0.0000		3959.420		5.144		13.350		12.861180		30.880
5.340		2.5754		0.0000		3959.417		5.147		13.350		12.877016		30.920
5.338		2.5787		0.0000		3959.413		5.150		13.345		12.893541		30.960
5.336		2.5819		0.0000		3959.410		5.153		13.340		12.909376		31.000
5.336		2.5850		0.0000		3959.407		5.156		13.340		12.925210		31.040
5.334		2.5882		0.0000		3959.404		5.160		13.335		12.941046		31.080
5.334		2.5915		0.0000		3959.400		5.163		13.335		12.957571		31.120
5.332		2.5950		0.0000		3959.397		5.166		13.330		12.974782		31.160
5.332		2.5988		0.0000		3959.393		5.170		13.330		12.994061		31.200
5.338		2.6025		0.0000		3959.389		5.174		13.345		13.012650		31.240
5.342		2.6057		0.0000		3959.386		5.177		13.355		13.028486		31.280
5.344		2.6089		0.0000		3959.383		5.180		13.360		13.044321		31.320
5.344		2.6120		0.0000		3959.380		5.183		13.360		13.060158		31.360
5.342		2.6153		0.0000		3959.376		5.187		13.355		13.076682		31.400
5.340		2.6185		0.0000		3959.373		5.190		13.350		13.092516		31.440
5.338		2.6217		0.0000		3959.370		5.193		13.345		13.108351		31.480
5.336		2.6248		0.0000		3959.367		5.196		13.340		13.124187		31.520
5.336		2.6283		0.0000		3959.364		5.200		13.340		13.141401		31.560
5.334		2.6320		0.0000		3959.360		5.203		13.335		13.159990		31.600
5.338		2.6359		0.0000		3959.356		5.207		13.345		13.179266		31.640
5.344		2.6392		0.0000		3959.353		5.211		13.360		13.195791		31.680
5.348		2.6422		0.0000		3959.350		5.214		13.370		13.210938		31.720
5.348		2.6455		0.0000		3959.346		5.217		13.370		13.227463		31.760
5.346		2.6487		0.0000		3959.343		5.220		13.365		13.243299		31.800
5.346		2.6518		0.0000		3959.340		5.223		13.365		13.259134		31.840
5.344		2.6551		0.0000		3959.337		5.227		13.360		13.275657		31.880
5.344		2.6583		0.0000		3959.333		5.230		13.360		13.291492		31.920
5.342		2.6615		0.0000		3959.330		5.233		13.355		13.307328		31.960
5.342		2.6652		0.0000		3959.327		5.237		13.355		13.325918		32.000
5.344		2.6692		0.0000		3959.323		5.241		13.360		13.345885		32.040
5.348		2.6725		0.0000		3959.319		5.244		13.370		13.362408		32.080
5.354		2.6756		0.0000		3959.316		5.247		13.385		13.378243		32.120
5.354		2.6788		0.0000		3959.313		5.250		13.385		13.394079		32.160
5.352		2.6820		0.0000		3959.310		5.253		13.380		13.409915		32.200
5.350		2.6853		0.0000		3959.307		5.257		13.375		13.426439		32.240
5.348		2.6885		0.0000		3959.303		5.260		13.370		13.442276		32.280
5.346		2.6916		0.0000		3959.300		5.263		13.365		13.458111		32.320
5.344		2.6948		0.0000		3959.297		5.266		13.360		13.473945		32.360
5.342		2.6985		0.0000		3959.293		5.270		13.355		13.492535		32.400
5.342		2.7024		0.0000		3959.290		5.274		13.355		13.511812		32.440
5.346		2.7059		0.0000		3959.286		5.277		13.365		13.529713		32.480
5.352		2.7091		0.0000		3959.283		5.281		13.380		13.545549		32.520
5.354		2.7123		0.0000		3959.280		5.284		13.385		13.561384		32.560
5.350		2.7154		0.0000		3959.276		5.287		13.375		13.577221		32.600
5.348		2.7187		0.0000		3959.273		5.290		13.370		13.593745		32.640
5.346		2.7219		0.0000		3959.270		5.293		13.365		13.609581		32.680
5.344		2.7249		0.0000		3959.267		5.296		13.360		13.624727		32.720
5.342		2.7283		0.0000		3959.264		5.300		13.355		13.641251		32.760
5.340		2.7317		0.0000		3959.260		5.303		13.350		13.658464		32.800
5.340		2.7354		0.0000		3959.256		5.307		13.350		13.677053		32.840
5.342		2.7393		0.0000		3959.252		5.311		13.355		13.696332		32.880
5.348		2.7426		0.0000		3959.249		5.314		13.370		13.712854		32.920
5.350		2.7457		0.0000		3959.246		5.317		13.375		13.728690		32.960
5.350		2.7489		0.0000		3959.243		5.320		13.375		13.744526		33.000
5.346		2.7521		0.0000		3959.240		5.323		13.365		13.760362		33.040
5.344		2.7552		0.0000		3959.237		5.327		13.360		13.776197		33.080
5.342		2.7584		0.0000		3959.233		5.330		13.355		13.792033		33.120
5.340		2.7616		0.0000		3959.230		5.333		13.350		13.807869		33.160
5.338		2.7650		0.0000		3959.227		5.336		13.345		13.825081		33.200
5.336		2.7687		0.0000		3959.223		5.340		13.340		13.843670		33.240
5.338		2.7726		0.0000		3959.219		5.344		13.345		13.862948		33.280
5.342		2.7760		0.0000		3959.216		5.347		13.355		13.880159		33.320
5.346		2.7791		0.0000		3959.213		5.350		13.365		13.895307		33.360
5.346		2.7822		0.0000		3959.209		5.354		13.365		13.911142		33.400
5.344		2.7855		0.0000		3959.206		5.357		13.360		13.927668		33.440
5.342		2.7887		0.0000		3959.203		5.360		13.355		13.943502		33.480
5.340		2.7919		0.0000		3959.200		5.363		13.350		13.959339		33.520
5.338		2.7950		0.0000		3959.197		5.366		13.345		13.975174		33.560
5.336		2.7983		0.0000		3959.194		5.370		13.340		13.991697		33.600
5.334		2.8019		0.0000		3959.190		5.373		13.335		14.009600		33.640
5.334		2.8056		0.0000		3959.186		5.377		13.335		14.028189		33.680
5.338		2.8094		0.0000		3959.182		5.381		13.345		14.046779		33.720
5.342		2.8125		0.0000		3959.179		5.384		13.355		14.062613		33.760
5.342		2.8157		0.0000		3959.176		5.387		13.355		14.078447		33.800
5.338		2.8189		0.0000		3959.173		5.390		13.345		14.094284		33.840
5.336		2.8220		0.0000		3959.170		5.393		13.340		14.110119		33.880
5.332		2.8252		0.0000		3959.167		5.397		13.330		14.125956		33.920
5.330		2.8284		0.0000		3959.164		5.400		13.325		14.141790		33.960
5.328		2.8317		0.0000		3959.160		5.403		13.320		14.158316		34.000
5.324		2.8350		0.0000		3959.157		5.406		13.310		14.174838		34.040
5.324		2.8390		0.0000		3959.153		5.410		13.310		14.194805		34.080
5.326		2.8427		0.0000		3959.149		5.414		13.315		14.213395		34.120
5.332		2.8458		0.0000		3959.146		5.417		13.330		14.229231		34.160
5.332		2.8490		0.0000		3959.143		5.420		13.330		14.245067		34.200
5.330		2.8523		0.0000		3959.139		5.424		13.325		14.261589		34.240
5.326		2.8555		0.0000		3959.136		5.427		13.315		14.277425		34.280
5.324		2.8587		0.0000		3959.133		5.430		13.310		14.293261		34.320
5.322		2.8618		0.0000		3959.130		5.433		13.305		14.309096		34.360
5.320		2.8651		0.0000		3959.127		5.437		13.300		14.325621		34.400
5.316		2.8684		0.0000		3959.123		5.440		13.290		14.342144		34.440
5.316		2.8721		0.0000		3959.120		5.444		13.290		14.360733		34.480
5.318		2.8760		0.0000		3959.116		5.447		13.295		14.380012		34.520
5.322		2.8793		0.0000		3959.113		5.451		13.305		14.396536		34.560
5.326		2.8825		0.0000		3959.109		5.454		13.315		14.412373		34.600
5.324		2.8856		0.0000		3959.106		5.457		13.310		14.428205		34.640
5.322		2.8888		0.0000		3959.103		5.460		13.305		14.444041		34.680
5.318		2.8921		0.0000		3959.100		5.464		13.295		14.460566		34.720
5.314		2.8953		0.0000		3959.096		5.467		13.285		14.476402		34.760
5.312		2.8984		0.0000		3959.093		5.470		13.280		14.492237		34.800
5.308		2.9016		0.0000		3959.090		5.473		13.270		14.508074		34.840
5.306		2.9053		0.0000		3959.086		5.477		13.265		14.526663		34.880
5.308		2.9092		0.0000		3959.083		5.481		13.270		14.545938		34.920
5.312		2.9128		0.0000		3959.079		5.484		13.280		14.563842		34.960
5.316		2.9158		0.0000		3959.076		5.487		13.290		14.578989		35.000
5.316		2.9191		0.0000		3959.073		5.491		13.290		14.595510		35.040
5.314		2.9223		0.0000		3959.070		5.494		13.285		14.611347		35.080
5.310		2.9254		0.0000		3959.066		5.497		13.275		14.627182		35.120
5.308		2.9286		0.0000		3959.063		5.500		13.270		14.643019		35.160
5.304		2.9319		0.0000		3959.060		5.503		13.260		14.659543		35.200
5.302		2.9351		0.0000		3959.057		5.506		13.255		14.675379		35.240
5.298		2.9385		0.0000		3959.053		5.510		13.245		14.692591		35.280
5.298		2.9424		0.0000		3959.050		5.514		13.245		14.711868		35.320
5.300		2.9461		0.0000		3959.046		5.518		13.250		14.730458		35.360
5.304		2.9493		0.0000		3959.042		5.521		13.260		14.746294		35.400
5.306		2.9524		0.0000		3959.039		5.524		13.265		14.762130		35.440
5.304		2.9556		0.0000		3959.036		5.527		13.260		14.777966		35.480
5.302		2.9589		0.0000		3959.033		5.530		13.255		14.794488		35.520
5.298		2.9621		0.0000		3959.030		5.533		13.245		14.810324		35.560
5.296		2.9652		0.0000		3959.027		5.537		13.240		14.826159		35.600
5.294		2.9684		0.0000		3959.023		5.540		13.235		14.841995		35.640
5.290		2.9717		0.0000		3959.020		5.543		13.225		14.858521		35.680
5.288		2.9756		0.0000		3959.016		5.547		13.220		14.877796		35.720
5.288		2.9794		0.0000		3959.012		5.551		13.220		14.897075		35.760
5.292		2.9827		0.0000		3959.009		5.554		13.230		14.913599		35.800
5.294		2.9859		0.0000		3959.006		5.557		13.235		14.929436		35.840
5.290		2.9891		0.0000		3959.003		5.560		13.225		14.945271		35.880
5.286		2.9922		0.0000		3959.000		5.564		13.215		14.961107		35.920
5.284		2.9955		0.0000		3958.996		5.567		13.210		14.977629		35.960
5.280		2.9987		0.0000		3958.993		5.570		13.200		14.993465		36.000
5.276		3.0019		0.0000		3958.990		5.573		13.190		15.009300		36.040
5.272		3.0052		0.0000		3958.987		5.577		13.180		15.025826		36.080
5.270		3.0086		0.0000		3958.983		5.580		13.175		15.043037		36.120
5.268		3.0126		0.0000		3958.979		5.584		13.170		15.063004		36.160
5.270		3.0162		0.0000		3958.976		5.588		13.175		15.080905		36.200
5.272		3.0193		0.0000		3958.972		5.591		13.180		15.096741		36.240
5.272		3.0225		0.0000		3958.969		5.594		13.180		15.112576		36.280
5.268		3.0257		0.0000		3958.966		5.597		13.170		15.128412		36.320
5.264		3.0288		0.0000		3958.963		5.600		13.160		15.144245		36.360
5.258		3.0320		0.0000		3958.960		5.603		13.145		15.160082		36.400
5.254		3.0352		0.0000		3958.957		5.607		13.135		15.175917		36.440
5.250		3.0385		0.0000		3958.953		5.610		13.125		15.192442		36.480
5.248		3.0419		0.0000		3958.950		5.613		13.120		15.209654		36.520
5.246		3.0458		0.0000		3958.946		5.617		13.115		15.228931		36.560
5.248		3.0495		0.0000		3958.942		5.621		13.120		15.247521		36.600
5.252		3.0527		0.0000		3958.939		5.624		13.130		15.263357		36.640
5.252		3.0558		0.0000		3958.936		5.627		13.130		15.279193		36.680
5.248		3.0590		0.0000		3958.933		5.630		13.120		15.295029		36.720
5.244		3.0623		0.0000		3958.929		5.634		13.110		15.311551		36.760
5.240		3.0655		0.0000		3958.926		5.637		13.100		15.327387		36.800
5.236		3.0686		0.0000		3958.923		5.640		13.090		15.343223		36.840
5.232		3.0719		0.0000		3958.920		5.643		13.080		15.359747		36.880
5.228		3.0753		0.0000		3958.917		5.647		13.070		15.376272		36.920
5.226		3.0790		0.0000		3958.913		5.650		13.065		15.394861		36.960
5.226		3.0827		0.0000		3958.909		5.654		13.065		15.413451		37.000
5.230		3.0861		0.0000		3958.906		5.658		13.075		15.430662		37.040
5.232		3.0893		0.0000		3958.903		5.661		13.080		15.446499		37.080
5.230		3.0925		0.0000		3958.899		5.664		13.075		15.462334		37.120
5.226		3.0956		0.0000		3958.896		5.667		13.065		15.478170		37.160
5.222		3.0989		0.0000		3958.893		5.670		13.055		15.494692		37.200
5.218		3.1020		0.0000		3958.890		5.673		13.045		15.509839		37.240
5.214		3.1053		0.0000		3958.886		5.677		13.035		15.526363		37.280
5.210		3.1084		0.0000		3958.883		5.680		13.025		15.542200		37.320
5.206		3.1122		0.0000		3958.880		5.684		13.015		15.560789		37.360
5.206		3.1160		0.0000		3958.876		5.687		13.015		15.580068		37.400
5.208		3.1196		0.0000		3958.872		5.691		13.020		15.597968		37.440
5.210		3.1226		0.0000		3958.869		5.694		13.025		15.613115		37.480
5.210		3.1258		0.0000		3958.866		5.697		13.025		15.628950		37.520
5.204		3.1291		0.0000		3958.863		5.701		13.010		15.645475		37.560
5.200		3.1323		0.0000		3958.860		5.704		13.000		15.661311		37.600
5.196		3.1354		0.0000		3958.856		5.707		12.990		15.677145		37.640
5.194		3.1386		0.0000		3958.853		5.710		12.985		15.692980		37.680
5.190		3.1419		0.0000		3958.850		5.713		12.975		15.709505		37.720
5.186		3.1453		0.0000		3958.846		5.717		12.965		15.726717		37.760
5.184		3.1492		0.0000		3958.843		5.721		12.960		15.745995		37.800
5.184		3.1529		0.0000		3958.839		5.724		12.960		15.764585		37.840
5.188		3.1561		0.0000		3958.836		5.727		12.970		15.780420		37.880
5.188		3.1593		0.0000		3958.833		5.731		12.970		15.796256		37.920
5.184		3.1624		0.0000		3958.829		5.734		12.960		15.812092		37.960
5.180		3.1657		0.0000		3958.826		5.737		12.950		15.828617		38.000
5.176		3.1689		0.0000		3958.823		5.740		12.940		15.844450		38.040
5.172		3.1721		0.0000		3958.820		5.743		12.930		15.860286		38.080
5.168		3.1752		0.0000		3958.817		5.747		12.920		15.876122		38.120
5.164		3.1785		0.0000		3958.813		5.750		12.910		15.892647		38.160
5.162		3.1824		0.0000		3958.809		5.754		12.905		15.911924		38.200
5.162		3.1862		0.0000		3958.806		5.758		12.905		15.931201		38.240
5.166		3.1895		0.0000		3958.802		5.761		12.915		15.947725		38.280
5.168		3.1926		0.0000		3958.799		5.764		12.920		15.962873		38.320
5.164		3.1959		0.0000		3958.796		5.767		12.910		15.979397		38.360
5.160		3.1990		0.0000		3958.793		5.770		12.900		15.995234		38.400
5.156		3.2024		0.0000		3958.790		5.774		12.890		16.011755		38.440
5.152		3.2055		0.0000		3958.786		5.777		12.880		16.027592		38.480
5.150		3.2087		0.0000		3958.783		5.780		12.875		16.043427		38.521
5.146		3.2120		0.0000		3958.780		5.783		12.865		16.059952		38.561
5.142		3.2156		0.0000		3958.776		5.787		12.855		16.077852		38.601
5.142		3.2194		0.0000		3958.772		5.791		12.855		16.097130		38.641
5.144		3.2229		0.0000		3958.769		5.794		12.860		16.114342		38.681
5.146		3.2260		0.0000		3958.766		5.797		12.865		16.130178		38.721
5.144		3.2292		0.0000		3958.763		5.801		12.860		16.146013		38.761
5.140		3.2325		0.0000		3958.759		5.804		12.850		16.162539		38.801
5.136		3.2357		0.0000		3958.756		5.807		12.840		16.178375		38.841
5.132		3.2388		0.0000		3958.753		5.810		12.830		16.194210		38.881
5.128		3.2420		0.0000		3958.750		5.813		12.820		16.210045		38.921
5.124		3.2453		0.0000		3958.747		5.817		12.810		16.226568		38.961
5.120		3.2488		0.0000		3958.743		5.820		12.800		16.243782		39.001
5.118		3.2526		0.0000		3958.739		5.824		12.795		16.263058		39.041
5.120		3.2563		0.0000		3958.736		5.828		12.800		16.281647		39.081
5.124		3.2595		0.0000		3958.732		5.831		12.810		16.297483		39.121
5.124		3.2627		0.0000		3958.729		5.834		12.810		16.313320		39.161
5.120		3.2658		0.0000		3958.726		5.837		12.800		16.329155		39.201
5.114		3.2691		0.0000		3958.723		5.841		12.785		16.345680		39.241
5.112		3.2723		0.0000		3958.719		5.844		12.780		16.361515		39.281
5.108		3.2755		0.0000		3958.716		5.847		12.770		16.377352		39.321
5.104		3.2786		0.0000		3958.713		5.850		12.760		16.393185		39.361
5.098		3.2821		0.0000		3958.710		5.853		12.745		16.410398		39.401
5.096		3.2858		0.0000		3958.706		5.857		12.740		16.428988		39.441
5.096		3.2895		0.0000		3958.702		5.861		12.740		16.447578		39.481
5.096		3.2928		0.0000		3958.699		5.864		12.740		16.464102		39.521
5.098		3.2961		0.0000		3958.696		5.868		12.745		16.480625		39.561
5.094		3.2993		0.0000		3958.693		5.871		12.735		16.496460		39.601
5.090		3.3025		0.0000		3958.689		5.874		12.725		16.512297		39.641
5.084		3.3056		0.0000		3958.686		5.877		12.710		16.528131		39.681
5.080		3.3088		0.0000		3958.683		5.880		12.700		16.543968		39.721
5.076		3.3121		0.0000		3958.680		5.884		12.690		16.560490		39.761
5.072		3.3153		0.0000		3958.677		5.887		12.680		16.576326		39.801
5.070		3.3190		0.0000		3958.673		5.890		12.675		16.594915		39.841
5.068		3.3228		0.0000		3958.669		5.894		12.670		16.614193		39.881
5.070		3.3263		0.0000		3958.666		5.898		12.675		16.631409		39.921
5.072		3.3294		0.0000		3958.662		5.901		12.680		16.647242		39.961
5.070		3.3326		0.0000		3958.659		5.904		12.675		16.663076		40.001
5.066		3.3359		0.0000		3958.656		5.907		12.665		16.679602		40.041
5.062		3.3391		0.0000		3958.653		5.910		12.655		16.695438		40.081
5.058		3.3423		0.0000		3958.650		5.914		12.645		16.711273		40.121
5.054		3.3454		0.0000		3958.646		5.917		12.635		16.727108		40.161
5.050		3.3487		0.0000		3958.643		5.920		12.625		16.743631		40.201
5.046		3.3523		0.0000		3958.639		5.924		12.615		16.761534		40.241
5.044		3.3560		0.0000		3958.636		5.927		12.610		16.780125		40.281
5.046		3.3596		0.0000		3958.632		5.931		12.615		16.798023		40.321
5.048		3.3629		0.0000		3958.629		5.934		12.620		16.814547		40.361
5.046		3.3661		0.0000		3958.626		5.937		12.615		16.830383		40.401
5.044		3.3692		0.0000		3958.623		5.941		12.610		16.846218		40.441
5.040		3.3725		0.0000		3958.619		5.944		12.600		16.862743		40.481
5.036		3.3757		0.0000		3958.616		5.947		12.590		16.878578		40.521
5.032		3.3789		0.0000		3958.613		5.950		12.580		16.894415		40.561
5.028		3.3821		0.0000		3958.610		5.953		12.570		16.910250		40.601
5.024		3.3855		0.0000		3958.606		5.957		12.560		16.927462		40.641
5.022		3.3892		0.0000		3958.603		5.961		12.555		16.946051		40.681
5.022		3.3931		0.0000		3958.599		5.964		12.555		16.965330		40.721
5.024		3.3964		0.0000		3958.595		5.968		12.560		16.981852		40.761
5.024		3.3994		0.0000		3958.593		5.971		12.560		16.997002		40.801
5.022		3.4026		0.0000		3958.589		5.974		12.555		17.012835		40.841
5.016		3.4059		0.0000		3958.586		5.977		12.540		17.029360		40.881
5.012		3.4090		0.0000		3958.583		5.980		12.530		17.045195		40.921
5.008		3.4122		0.0000		3958.580		5.984		12.520		17.061031		40.961
5.002		3.4155		0.0000		3958.576		5.987		12.505		17.077557		41.001
4.998		3.4188		0.0000		3958.573		5.990		12.495		17.094078		41.041
4.996		3.4224		0.0000		3958.569		5.994		12.490		17.111979		41.081
4.994		3.4263		0.0000		3958.566		5.998		12.485		17.131256		41.121
4.994		3.4297		0.0000		3958.562		6.001		12.485		17.148472		41.161
4.996		3.4329		0.0000		3958.559		6.004		12.490		17.164307		41.201
4.992		3.4360		0.0000		3958.556		6.007		12.480		17.180140		41.241
4.988		3.4393		0.0000		3958.552		6.011		12.470		17.196665		41.281
4.984		3.4425		0.0000		3958.549		6.014		12.460		17.212502		41.321
4.980		3.4457		0.0000		3958.546		6.017		12.450		17.228336		41.361
4.976		3.4488		0.0000		3958.543		6.020		12.440		17.244171		41.401
4.972		3.4520		0.0000		3958.540		6.023		12.430		17.260008		41.441
4.968		3.4557		0.0000		3958.536		6.027		12.420		17.278597		41.481
4.966		3.4594		0.0000		3958.532		6.031		12.415		17.297188		41.521
4.968		3.4632		0.0000		3958.529		6.035		12.420		17.315777		41.561
4.970		3.4663		0.0000		3958.525		6.038		12.425		17.331612		41.601
4.970		3.4694		0.0000		3958.522		6.041		12.425		17.346760		41.641
4.964		3.4727		0.0000		3958.519		6.044		12.410		17.363281		41.681
4.960		3.4758		0.0000		3958.516		6.047		12.400		17.379116		41.721
4.956		3.4791		0.0000		3958.513		6.051		12.390		17.395641		41.761
4.952		3.4823		0.0000		3958.510		6.054		12.380		17.411478		41.801
4.948		3.4855		0.0000		3958.506		6.057		12.370		17.427313		41.841
4.944		3.4889		0.0000		3958.503		6.060		12.360		17.444525		41.881
4.942		3.4926		0.0000		3958.499		6.064		12.355		17.463114		41.921
4.942		3.4965		0.0000		3958.495		6.068		12.355		17.482393		41.961
4.944		3.4996		0.0000		3958.492		6.071		12.360		17.498228		42.001
4.944		3.5028		0.0000		3958.489		6.074		12.360		17.514065		42.041
4.942		3.5061		0.0000		3958.486		6.078		12.355		17.530586		42.081
4.938		3.5093		0.0000		3958.482		6.081		12.345		17.546423		42.121
4.934		3.5125		0.0000		3958.479		6.084		12.335		17.562258		42.161
4.930		3.5156		0.0000		3958.476		6.087		12.325		17.578094		42.201
4.924		3.5189		0.0000		3958.473		6.090		12.310		17.594620		42.241
4.920		3.5221		0.0000		3958.470		6.094		12.300		17.610455		42.281
4.918		3.5259		0.0000		3958.466		6.097		12.295		17.629730		42.321
4.916		3.5297		0.0000		3958.462		6.101		12.290		17.648319		42.361
4.918		3.5331		0.0000		3958.459		6.105		12.295		17.665535		42.401
4.920		3.5363		0.0000		3958.456		6.108		12.300		17.681370		42.441
4.918		3.5394		0.0000		3958.452		6.111		12.295		17.697205		42.481
4.914		3.5427		0.0000		3958.449		6.114		12.285		17.713728		42.521
4.908		3.5459		0.0000		3958.446		6.117		12.270		17.729565		42.561
4.904		3.5491		0.0000		3958.443		6.120		12.260		17.745399		42.601
4.900		3.5522		0.0000		3958.440		6.124		12.250		17.761234		42.641
4.896		3.5556		0.0000		3958.436		6.127		12.240		17.777760		42.681
4.892		3.5591		0.0000		3958.433		6.131		12.230		17.795660		42.721
4.890		3.5628		0.0000		3958.429		6.134		12.225		17.814251		42.761
4.890		3.5664		0.0000		3958.425		6.138		12.225		17.832150		42.801
4.892		3.5696		0.0000		3958.422		6.141		12.230		17.847986		42.841
4.890		3.5729		0.0000		3958.419		6.144		12.225		17.864511		42.881
4.884		3.5761		0.0000		3958.416		6.147		12.210		17.880346		42.921
4.880		3.5792		0.0000		3958.413		6.151		12.200		17.896179		42.961
4.876		3.5825		0.0000		3958.409		6.154		12.190		17.912704		43.001
4.872		3.5857		0.0000		3958.406		6.157		12.180		17.928541		43.041
4.866		3.5889		0.0000		3958.403		6.160		12.165		17.944376		43.081
4.862		3.5923		0.0000		3958.399		6.164		12.155		17.961588		43.121
4.860		3.5960		0.0000		3958.396		6.167		12.150		17.980177		43.161
4.860		3.5999		0.0000		3958.392		6.171		12.150		17.999456		43.201
4.860		3.6031		0.0000		3958.389		6.174		12.150		18.015291		43.241
4.860		3.6062		0.0000		3958.385		6.178		12.150		18.031128		43.281
4.856		3.6094		0.0000		3958.382		6.181		12.140		18.046963		43.321
4.850		3.6127		0.0000		3958.379		6.184		12.125		18.063486		43.361
4.844		3.6159		0.0000		3958.376		6.187		12.110		18.079321		43.401
4.840		3.6190		0.0000		3958.373		6.190		12.100		18.095158		43.441
4.834		3.6223		0.0000		3958.369		6.194		12.085		18.111683		43.481
4.828		3.6256		0.0000		3958.366		6.197		12.070		18.128206		43.521
4.822		3.6292		0.0000		3958.363		6.201		12.055		18.146107		43.561
4.820		3.6331		0.0000		3958.359		6.204		12.050		18.165386		43.601
4.820		3.6365		0.0000		3958.355		6.208		12.050		18.182598		43.641
4.818		3.6397		0.0000		3958.352		6.211		12.045		18.198433		43.681
4.814		3.6429		0.0000		3958.349		6.214		12.035		18.214268		43.721
