数据量:1101
试验力		变形		扩展变形		位置		位移		应力		应变		时间
0.010		0.0019		0.0000		3961.950		2.766		0.025		0.009639		0.040
0.010		0.0052		0.0000		3961.947		2.769		0.025		0.026164		0.080
0.012		0.0088		0.0000		3961.943		2.773		0.030		0.044065		0.120
0.014		0.0125		0.0000		3961.939		2.777		0.035		0.062654		0.160
0.016		0.0160		0.0000		3961.936		2.780		0.040		0.079867		0.200
0.018		0.0191		0.0000		3961.933		2.783		0.045		0.095702		0.240
0.020		0.0224		0.0000		3961.929		2.787		0.050		0.112226		0.280
0.022		0.0256		0.0000		3961.926		2.790		0.055		0.128062		0.320
0.024		0.0289		0.0000		3961.923		2.793		0.060		0.144585		0.360
0.028		0.0321		0.0000		3961.920		2.796		0.070		0.160421		0.400
0.030		0.0353		0.0000		3961.917		2.799		0.075		0.176257		0.440
0.032		0.0386		0.0000		3961.913		2.803		0.080		0.192780		0.480
0.034		0.0421		0.0000		3961.910		2.806		0.085		0.210681		0.520
0.038		0.0459		0.0000		3961.906		2.810		0.095		0.229270		0.560
0.040		0.0494		0.0000		3961.902		2.814		0.100		0.247172		0.600
0.044		0.0526		0.0000		3961.899		2.817		0.110		0.263008		0.640
0.048		0.0558		0.0000		3961.896		2.820		0.120		0.278842		0.680
0.050		0.0591		0.0000		3961.893		2.823		0.125		0.295367		0.720
0.054		0.0622		0.0000		3961.890		2.826		0.135		0.311203		0.760
0.058		0.0655		0.0000		3961.886		2.830		0.145		0.327727		0.800
0.062		0.0687		0.0000		3961.883		2.833		0.155		0.343562		0.840
0.066		0.0720		0.0000		3961.880		2.836		0.165		0.360086		0.880
0.068		0.0755		0.0000		3961.876		2.840		0.170		0.377299		0.920
0.074		0.0790		0.0000		3961.873		2.843		0.185		0.395199		0.960
0.078		0.0826		0.0000		3961.869		2.847		0.195		0.413101		1.000
0.082		0.0859		0.0000		3961.866		2.850		0.205		0.429624		1.040
0.088		0.0892		0.0000		3961.863		2.853		0.220		0.446148		1.080
0.092		0.0924		0.0000		3961.859		2.857		0.230		0.461984		1.120
0.098		0.0957		0.0000		3961.856		2.860		0.245		0.478508		1.160
0.102		0.0989		0.0000		3961.853		2.863		0.255		0.494343		1.200
0.108		0.1022		0.0000		3961.850		2.866		0.270		0.510868		1.240
0.114		0.1053		0.0000		3961.846		2.870		0.285		0.526702		1.280
0.120		0.1086		0.0000		3961.843		2.873		0.300		0.543227		1.320
0.126		0.1122		0.0000		3961.840		2.876		0.315		0.561128		1.360
0.134		0.1161		0.0000		3961.836		2.880		0.335		0.580406		1.400
0.142		0.1194		0.0000		3961.833		2.884		0.355		0.596930		1.440
0.150		0.1226		0.0000		3961.829		2.887		0.375		0.612766		1.480
0.158		0.1259		0.0000		3961.826		2.890		0.395		0.629289		1.520
0.166		0.1290		0.0000		3961.823		2.893		0.415		0.645125		1.560
0.174		0.1323		0.0000		3961.820		2.897		0.435		0.661649		1.600
0.182		0.1355		0.0000		3961.816		2.900		0.455		0.677484		1.640
0.190		0.1388		0.0000		3961.813		2.903		0.475		0.694009		1.680
0.198		0.1420		0.0000		3961.810		2.906		0.495		0.709844		1.720
0.208		0.1455		0.0000		3961.806		2.910		0.520		0.727745		1.760
0.218		0.1493		0.0000		3961.802		2.913		0.545		0.746335		1.800
0.228		0.1527		0.0000		3961.799		2.917		0.570		0.763547		1.840
0.240		0.1560		0.0000		3961.796		2.920		0.600		0.780071		1.880
0.250		0.1592		0.0000		3961.793		2.923		0.625		0.795907		1.920
0.260		0.1625		0.0000		3961.789		2.927		0.650		0.812430		1.960
0.270		0.1657		0.0000		3961.786		2.930		0.675		0.828266		2.000
0.280		0.1690		0.0000		3961.783		2.933		0.700		0.844790		2.040
0.290		0.1721		0.0000		3961.780		2.936		0.725		0.860626		2.080
0.298		0.1753		0.0000		3961.777		2.939		0.745		0.876461		2.120
0.308		0.1789		0.0000		3961.773		2.943		0.770		0.894362		2.160
0.320		0.1825		0.0000		3961.770		2.947		0.800		0.912263		2.200
0.330		0.1862		0.0000		3961.766		2.950		0.825		0.930853		2.240
0.342		0.1893		0.0000		3961.762		2.954		0.855		0.946687		2.280
0.354		0.1926		0.0000		3961.759		2.957		0.885		0.963212		2.320
0.364		0.1958		0.0000		3961.756		2.960		0.910		0.979048		2.360
0.376		0.1991		0.0000		3961.753		2.963		0.940		0.995572		2.400
0.386		0.2023		0.0000		3961.750		2.966		0.965		1.011407		2.440
0.398		0.2056		0.0000		3961.746		2.970		0.995		1.027931		2.480
0.410		0.2088		0.0000		3961.743		2.973		1.025		1.043767		2.520
0.422		0.2121		0.0000		3961.740		2.976		1.055		1.060290		2.560
0.436		0.2158		0.0000		3961.736		2.980		1.090		1.078880		2.600
0.450		0.2194		0.0000		3961.732		2.984		1.125		1.096781		2.640
0.466		0.2228		0.0000		3961.729		2.987		1.165		1.113993		2.680
0.480		0.2260		0.0000		3961.726		2.990		1.200		1.129829		2.720
0.494		0.2293		0.0000		3961.723		2.993		1.235		1.146353		2.760
0.508		0.2324		0.0000		3961.719		2.997		1.270		1.162188		2.800
0.522		0.2357		0.0000		3961.716		3.000		1.305		1.178713		2.840
0.536		0.2389		0.0000		3961.713		3.003		1.340		1.194547		2.880
0.548		0.2421		0.0000		3961.710		3.006		1.370		1.210383		2.920
0.562		0.2455		0.0000		3961.706		3.010		1.405		1.227596		2.960
0.576		0.2490		0.0000		3961.703		3.013		1.440		1.244808		3.000
0.590		0.2527		0.0000		3961.699		3.017		1.475		1.263398		3.040
0.604		0.2561		0.0000		3961.696		3.020		1.510		1.280611		3.080
0.618		0.2594		0.0000		3961.692		3.024		1.545		1.297134		3.120
0.630		0.2626		0.0000		3961.689		3.027		1.575		1.312970		3.160
0.642		0.2658		0.0000		3961.686		3.030		1.605		1.328806		3.200
0.654		0.2692		0.0000		3961.683		3.033		1.635		1.346018		3.240
0.668		0.2724		0.0000		3961.679		3.037		1.670		1.361854		3.280
0.680		0.2755		0.0000		3961.676		3.040		1.700		1.377689		3.320
0.694		0.2788		0.0000		3961.673		3.043		1.735		1.394213		3.360
0.710		0.2821		0.0000		3961.670		3.046		1.775		1.410737		3.400
0.724		0.2860		0.0000		3961.666		3.050		1.810		1.430016		3.440
0.742		0.2894		0.0000		3961.662		3.054		1.855		1.447227		3.480
0.758		0.2929		0.0000		3961.659		3.057		1.895		1.464440		3.520
0.774		0.2959		0.0000		3961.656		3.060		1.935		1.479588		3.560
0.790		0.2992		0.0000		3961.653		3.063		1.975		1.496111		3.600
0.804		0.3025		0.0000		3961.649		3.067		2.010		1.512635		3.640
0.820		0.3058		0.0000		3961.646		3.070		2.050		1.529160		3.680
0.836		0.3089		0.0000		3961.643		3.073		2.090		1.544306		3.720
0.852		0.3122		0.0000		3961.640		3.076		2.130		1.560830		3.760
0.868		0.3155		0.0000		3961.636		3.080		2.170		1.577353		3.800
0.884		0.3191		0.0000		3961.633		3.083		2.210		1.595255		3.840
0.902		0.3229		0.0000		3961.629		3.087		2.255		1.614532		3.880
0.922		0.3262		0.0000		3961.626		3.090		2.305		1.631057		3.920
0.940		0.3294		0.0000		3961.623		3.094		2.350		1.646893		3.960
0.958		0.3327		0.0000		3961.619		3.097		2.395		1.663417		4.000
0.974		0.3360		0.0000		3961.616		3.100		2.435		1.679940		4.040
0.992		0.3390		0.0000		3961.613		3.103		2.480		1.695087		4.080
1.008		0.3423		0.0000		3961.610		3.107		2.520		1.711612		4.120
1.026		0.3456		0.0000		3961.606		3.110		2.565		1.728135		4.160
1.044		0.3489		0.0000		3961.603		3.113		2.610		1.744659		4.200
1.062		0.3524		0.0000		3961.600		3.117		2.655		1.761872		4.240
1.080		0.3561		0.0000		3961.596		3.120		2.700		1.780461		4.280
1.100		0.3595		0.0000		3961.592		3.124		2.750		1.797674		4.320
1.122		0.3628		0.0000		3961.589		3.127		2.805		1.814198		4.360
1.144		0.3660		0.0000		3961.586		3.130		2.860		1.830033		4.400
1.164		0.3693		0.0000		3961.583		3.134		2.910		1.846558		4.440
1.184		0.3725		0.0000		3961.579		3.137		2.960		1.862392		4.480
1.202		0.3758		0.0000		3961.576		3.140		3.005		1.878917		4.520
1.224		0.3790		0.0000		3961.573		3.143		3.060		1.894753		4.560
1.244		0.3823		0.0000		3961.570		3.146		3.110		1.911277		4.600
1.264		0.3856		0.0000		3961.566		3.150		3.160		1.927800		4.640
1.286		0.3893		0.0000		3961.562		3.153		3.215		1.946390		4.680
1.310		0.3930		0.0000		3961.559		3.157		3.275		1.964979		4.720
1.334		0.3963		0.0000		3961.556		3.160		3.335		1.981504		4.760
1.358		0.3995		0.0000		3961.552		3.164		3.395		1.997339		4.800
1.380		0.4026		0.0000		3961.549		3.167		3.450		2.013174		4.840
1.402		0.4058		0.0000		3961.546		3.170		3.505		2.029010		4.880
1.422		0.4092		0.0000		3961.543		3.173		3.555		2.046223		4.920
1.444		0.4124		0.0000		3961.540		3.177		3.610		2.062058		4.960
1.466		0.4156		0.0000		3961.536		3.180		3.665		2.077893		5.000
1.488		0.4189		0.0000		3961.533		3.183		3.720		2.094418		5.040
1.510		0.4226		0.0000		3961.529		3.187		3.775		2.113007		5.080
1.536		0.4263		0.0000		3961.526		3.191		3.840		2.131597		5.120
1.562		0.4296		0.0000		3961.522		3.194		3.905		2.148120		5.160
1.588		0.4328		0.0000		3961.519		3.197		3.970		2.163956		5.200
1.610		0.4361		0.0000		3961.516		3.200		4.025		2.180480		5.240
1.632		0.4394		0.0000		3961.512		3.204		4.080		2.197005		5.280
1.654		0.4424		0.0000		3961.510		3.207		4.135		2.212151		5.320
1.678		0.4457		0.0000		3961.506		3.210		4.195		2.228675		5.360
1.700		0.4489		0.0000		3961.503		3.213		4.250		2.244511		5.400
1.722		0.4522		0.0000		3961.500		3.216		4.305		2.261034		5.440
1.746		0.4559		0.0000		3961.496		3.220		4.365		2.279624		5.480
1.770		0.4596		0.0000		3961.492		3.224		4.425		2.298213		5.520
1.796		0.4631		0.0000		3961.489		3.227		4.490		2.315426		5.560
1.824		0.4663		0.0000		3961.486		3.230		4.560		2.331262		5.600
1.848		0.4694		0.0000		3961.482		3.234		4.620		2.347097		5.640
1.870		0.4727		0.0000		3961.479		3.237		4.675		2.363621		5.680
1.892		0.4759		0.0000		3961.476		3.240		4.730		2.379457		5.720
1.916		0.4791		0.0000		3961.473		3.243		4.790		2.395293		5.760
1.940		0.4824		0.0000		3961.469		3.247		4.850		2.411816		5.800
1.962		0.4855		0.0000		3961.466		3.250		4.905		2.427652		5.840
1.986		0.4891		0.0000		3961.463		3.253		4.965		2.445552		5.880
2.010		0.4928		0.0000		3961.459		3.257		5.025		2.464142		5.920
2.036		0.4964		0.0000		3961.456		3.261		5.090		2.482044		5.960
2.064		0.4997		0.0000		3961.452		3.264		5.160		2.498567		6.000
2.092		0.5029		0.0000		3961.449		3.267		5.230		2.514403		6.040
2.116		0.5062		0.0000		3961.446		3.270		5.290		2.530926		6.080
2.138		0.5094		0.0000		3961.443		3.274		5.345		2.546762		6.120
2.162		0.5125		0.0000		3961.439		3.277		5.405		2.562598		6.160
2.186		0.5158		0.0000		3961.436		3.280		5.465		2.579122		6.200
2.208		0.5190		0.0000		3961.433		3.283		5.520		2.594957		6.240
2.232		0.5223		0.0000		3961.430		3.286		5.580		2.611481		6.280
2.256		0.5260		0.0000		3961.426		3.290		5.640		2.630070		6.320
2.282		0.5297		0.0000		3961.422		3.294		5.705		2.648660		6.360
2.310		0.5332		0.0000		3961.419		3.297		5.775		2.665873		6.400
2.338		0.5362		0.0000		3961.416		3.300		5.845		2.681019		6.440
2.362		0.5395		0.0000		3961.412		3.304		5.905		2.697543		6.480
2.384		0.5427		0.0000		3961.409		3.307		5.960		2.713379		6.520
2.408		0.5460		0.0000		3961.406		3.310		6.020		2.729903		6.560
2.432		0.5491		0.0000		3961.403		3.313		6.080		2.745738		6.600
2.454		0.5523		0.0000		3961.400		3.317		6.135		2.761574		6.640
2.478		0.5556		0.0000		3961.396		3.320		6.195		2.778099		6.680
2.502		0.5593		0.0000		3961.393		3.324		6.255		2.796688		6.720
2.526		0.5631		0.0000		3961.389		3.327		6.315		2.815278		6.760
2.554		0.5665		0.0000		3961.385		3.331		6.385		2.832489		6.800
2.580		0.5697		0.0000		3961.382		3.334		6.450		2.848325		6.840
2.606		0.5728		0.0000		3961.379		3.337		6.515		2.864161		6.880
2.628		0.5761		0.0000		3961.376		3.340		6.570		2.880684		6.920
2.650		0.5794		0.0000		3961.372		3.344		6.625		2.897209		6.960
2.672		0.5826		0.0000		3961.369		3.347		6.680		2.913043		7.000
2.694		0.5858		0.0000		3961.366		3.350		6.735		2.928879		7.040
2.716		0.5889		0.0000		3961.363		3.353		6.790		2.944715		7.080
2.738		0.5925		0.0000		3961.359		3.357		6.845		2.962615		7.120
2.762		0.5962		0.0000		3961.356		3.360		6.905		2.981205		7.160
2.788		0.6000		0.0000		3961.352		3.364		6.970		2.999794		7.200
2.816		0.6031		0.0000		3961.349		3.367		7.040		3.015630		7.240
2.840		0.6063		0.0000		3961.346		3.370		7.100		3.031466		7.280
2.860		0.6095		0.0000		3961.343		3.374		7.150		3.047302		7.320
2.882		0.6128		0.0000		3961.339		3.377		7.205		3.063825		7.360
2.902		0.6159		0.0000		3961.336		3.380		7.255		3.079661		7.400
2.924		0.6192		0.0000		3961.333		3.383		7.310		3.096185		7.440
2.946		0.6224		0.0000		3961.330		3.387		7.365		3.112020		7.480
2.966		0.6258		0.0000		3961.326		3.390		7.415		3.129233		7.520
2.988		0.6294		0.0000		3961.323		3.394		7.470		3.147134		7.560
3.012		0.6331		0.0000		3961.319		3.397		7.530		3.165723		7.600
3.038		0.6364		0.0000		3961.315		3.401		7.595		3.182248		7.640
3.062		0.6398		0.0000		3961.312		3.404		7.655		3.198771		7.680
3.084		0.6429		0.0000		3961.309		3.407		7.710		3.214607		7.720
3.104		0.6461		0.0000		3961.306		3.410		7.760		3.230443		7.760
3.124		0.6494		0.0000		3961.302		3.414		7.810		3.246967		7.800
3.142		0.6526		0.0000		3961.299		3.417		7.855		3.262802		7.840
3.162		0.6557		0.0000		3961.296		3.420		7.905		3.278637		7.880
3.182		0.6590		0.0000		3961.293		3.423		7.955		3.295162		7.920
3.202		0.6628		0.0000		3961.289		3.427		8.005		3.313751		7.960
3.222		0.6665		0.0000		3961.285		3.431		8.055		3.332341		8.000
3.246		0.6699		0.0000		3961.282		3.434		8.115		3.349553		8.040
3.270		0.6731		0.0000		3961.279		3.437		8.175		3.365388		8.080
3.290		0.6762		0.0000		3961.276		3.440		8.225		3.381224		8.120
3.308		0.6795		0.0000		3961.272		3.444		8.270		3.397748		8.160
3.326		0.6827		0.0000		3961.269		3.447		8.315		3.413583		8.200
3.344		0.6860		0.0000		3961.266		3.450		8.360		3.430108		8.240
3.362		0.6892		0.0000		3961.263		3.453		8.405		3.445942		8.280
3.380		0.6925		0.0000		3961.259		3.457		8.450		3.462467		8.320
3.398		0.6959		0.0000		3961.256		3.460		8.495		3.479680		8.360
3.418		0.6997		0.0000		3961.252		3.464		8.545		3.498269		8.400
3.440		0.7032		0.0000		3961.249		3.467		8.600		3.516170		8.440
3.462		0.7065		0.0000		3961.245		3.471		8.655		3.532695		8.480
3.482		0.7097		0.0000		3961.242		3.474		8.705		3.548529		8.520
3.498		0.7129		0.0000		3961.239		3.477		8.745		3.564365		8.560
3.514		0.7162		0.0000		3961.236		3.480		8.785		3.580889		8.600
3.530		0.7193		0.0000		3961.232		3.484		8.825		3.596724		8.640
3.548		0.7225		0.0000		3961.229		3.487		8.870		3.612560		8.680
3.564		0.7258		0.0000		3961.226		3.490		8.910		3.629084		8.720
3.580		0.7291		0.0000		3961.223		3.493		8.950		3.645608		8.760
3.596		0.7328		0.0000		3961.219		3.497		8.990		3.664198		8.800
3.614		0.7367		0.0000		3961.215		3.501		9.035		3.683475		8.840
3.636		0.7399		0.0000		3961.212		3.504		9.090		3.699311		8.880
3.654		0.7432		0.0000		3961.209		3.507		9.135		3.715835		8.920
3.670		0.7463		0.0000		3961.206		3.511		9.175		3.731670		8.960
3.682		0.7495		0.0000		3961.202		3.514		9.205		3.747506		9.000
3.696		0.7528		0.0000		3961.199		3.517		9.240		3.764030		9.040
3.710		0.7560		0.0000		3961.196		3.520		9.275		3.779866		9.080
3.724		0.7591		0.0000		3961.193		3.523		9.310		3.795701		9.120
3.738		0.7624		0.0000		3961.189		3.527		9.345		3.812225		9.160
3.752		0.7660		0.0000		3961.186		3.530		9.380		3.830127		9.200
3.766		0.7697		0.0000		3961.182		3.534		9.415		3.848716		9.240
3.784		0.7733		0.0000		3961.178		3.538		9.460		3.866616		9.280
3.802		0.7765		0.0000		3961.175		3.541		9.505		3.882452		9.320
3.816		0.7797		0.0000		3961.172		3.544		9.540		3.898288		9.360
3.828		0.7830		0.0000		3961.169		3.547		9.570		3.914812		9.400
3.840		0.7861		0.0000		3961.166		3.550		9.600		3.930647		9.440
3.852		0.7893		0.0000		3961.163		3.553		9.630		3.946482		9.480
3.864		0.7926		0.0000		3961.159		3.557		9.660		3.963007		9.520
3.876		0.7958		0.0000		3961.156		3.560		9.690		3.978842		9.560
3.886		0.7993		0.0000		3961.153		3.564		9.715		3.996743		9.600
3.900		0.8031		0.0000		3961.149		3.567		9.750		4.015332		9.640
3.914		0.8068		0.0000		3961.145		3.571		9.785		4.033922		9.680
3.932		0.8100		0.0000		3961.142		3.574		9.830		4.049758		9.720
3.944		0.8130		0.0000		3961.139		3.577		9.860		4.064904		9.760
3.954		0.8163		0.0000		3961.135		3.580		9.885		4.081428		9.800
3.964		0.8196		0.0000		3961.132		3.584		9.910		4.097953		9.840
3.974		0.8228		0.0000		3961.129		3.587		9.935		4.113788		9.880
3.984		0.8259		0.0000		3961.126		3.590		9.960		4.129623		9.920
3.994		0.8291		0.0000		3961.123		3.593		9.985		4.145459		9.960
4.004		0.8325		0.0000		3961.119		3.597		10.010		4.162672		10.000
4.012		0.8363		0.0000		3961.116		3.600		10.030		4.181261		10.040
4.026		0.8400		0.0000		3961.112		3.604		10.065		4.199851		10.080
4.040		0.8433		0.0000		3961.109		3.607		10.100		4.216374		10.120
4.052		0.8464		0.0000		3961.105		3.611		10.130		4.232210		10.160
4.060		0.8497		0.0000		3961.102		3.614		10.150		4.248734		10.200
4.068		0.8529		0.0000		3961.099		3.617		10.170		4.264569		10.240
4.076		0.8562		0.0000		3961.096		3.620		10.190		4.281094		10.280
4.084		0.8594		0.0000		3961.093		3.624		10.210		4.296928		10.320
4.092		0.8626		0.0000		3961.089		3.627		10.230		4.312764		10.360
4.100		0.8659		0.0000		3961.086		3.630		10.250		4.329288		10.400
4.110		0.8696		0.0000		3961.082		3.634		10.275		4.347878		10.440
4.120		0.8733		0.0000		3961.079		3.637		10.300		4.366467		10.480
4.132		0.8767		0.0000		3961.075		3.641		10.330		4.383679		10.520
4.144		0.8799		0.0000		3961.072		3.644		10.360		4.399515		10.560
4.152		0.8831		0.0000		3961.069		3.647		10.380		4.415351		10.600
4.158		0.8864		0.0000		3961.065		3.651		10.395		4.431875		10.640
4.164		0.8895		0.0000		3961.062		3.654		10.410		4.447711		10.680
4.170		0.8927		0.0000		3961.059		3.657		10.425		4.463546		10.720
4.176		0.8959		0.0000		3961.056		3.660		10.440		4.479382		10.760
4.182		0.8992		0.0000		3961.053		3.663		10.455		4.495906		10.800
4.188		0.9028		0.0000		3961.049		3.667		10.470		4.513806		10.840
4.196		0.9065		0.0000		3961.045		3.671		10.490		4.532395		10.880
4.206		0.9101		0.0000		3961.042		3.674		10.515		4.550297		10.920
4.218		0.9134		0.0000		3961.039		3.678		10.545		4.566821		10.960
4.226		0.9165		0.0000		3961.035		3.681		10.565		4.582657		11.000
4.232		0.9197		0.0000		3961.032		3.684		10.580		4.598493		11.040
4.236		0.9230		0.0000		3961.029		3.687		10.590		4.615016		11.080
4.242		0.9262		0.0000		3961.026		3.690		10.605		4.630852		11.120
4.246		0.9293		0.0000		3961.022		3.694		10.615		4.646688		11.160
4.252		0.9325		0.0000		3961.019		3.697		10.630		4.662522		11.200
4.256		0.9359		0.0000		3961.016		3.700		10.640		4.679735		11.240
4.262		0.9397		0.0000		3961.012		3.704		10.655		4.698324		11.280
4.270		0.9435		0.0000		3961.008		3.708		10.675		4.717603		11.320
4.282		0.9468		0.0000		3961.005		3.711		10.705		4.734126		11.360
4.290		0.9499		0.0000		3961.002		3.714		10.725		4.749273		11.400
4.294		0.9532		0.0000		3960.999		3.717		10.735		4.765798		11.440
4.298		0.9563		0.0000		3960.996		3.721		10.745		4.781632		11.480
4.302		0.9596		0.0000		3960.992		3.724		10.755		4.798157		11.520
4.306		0.9628		0.0000		3960.989		3.727		10.765		4.813993		11.560
4.310		0.9660		0.0000		3960.986		3.730		10.775		4.829827		11.600
4.312		0.9693		0.0000		3960.983		3.733		10.780		4.846353		11.640
4.316		0.9729		0.0000		3960.979		3.737		10.790		4.864253		11.680
4.324		0.9767		0.0000		3960.975		3.741		10.810		4.883532		11.720
4.332		0.9801		0.0000		3960.972		3.744		10.830		4.900744		11.760
4.340		0.9833		0.0000		3960.969		3.748		10.850		4.916578		11.800
4.346		0.9865		0.0000		3960.965		3.751		10.865		4.932414		11.840
4.350		0.9898		0.0000		3960.962		3.754		10.875		4.948939		11.880
4.354		0.9930		0.0000		3960.959		3.757		10.885		4.964774		11.920
4.358		0.9961		0.0000		3960.956		3.760		10.895		4.980609		11.960
4.362		0.9993		0.0000		3960.953		3.763		10.905		4.996445		12.000
4.364		1.0026		0.0000		3960.949		3.767		10.910		5.012969		12.040
4.368		1.0062		0.0000		3960.946		3.770		10.920		5.030870		12.080
4.374		1.0100		0.0000		3960.942		3.774		10.935		5.050148		12.120
4.382		1.0136		0.0000		3960.938		3.778		10.955		5.068049		12.160
4.390		1.0168		0.0000		3960.935		3.781		10.975		5.083884		12.200
4.396		1.0199		0.0000		3960.932		3.784		10.990		5.099720		12.240
4.398		1.0231		0.0000		3960.929		3.787		10.995		5.115556		12.280
4.400		1.0263		0.0000		3960.926		3.790		11.000		5.131392		12.320
4.404		1.0296		0.0000		3960.922		3.794		11.010		5.147915		12.360
4.406		1.0328		0.0000		3960.919		3.797		11.015		5.163751		12.400
4.408		1.0359		0.0000		3960.916		3.800		11.020		5.179586		12.440
4.410		1.0394		0.0000		3960.913		3.804		11.025		5.196799		12.480
4.414		1.0432		0.0000		3960.909		3.807		11.035		5.216076		12.520
4.420		1.0469		0.0000		3960.905		3.811		11.050		5.234666		12.560
4.428		1.0501		0.0000		3960.902		3.814		11.070		5.250502		12.600
4.434		1.0534		0.0000		3960.898		3.818		11.085		5.267025		12.640
4.438		1.0566		0.0000		3960.895		3.821		11.095		5.282861		12.680
4.438		1.0597		0.0000		3960.892		3.824		11.095		5.298697		12.720
4.440		1.0629		0.0000		3960.889		3.827		11.100		5.314532		12.760
4.442		1.0661		0.0000		3960.886		3.830		11.105		5.330367		12.800
4.444		1.0694		0.0000		3960.883		3.834		11.110		5.346892		12.840
4.446		1.0727		0.0000		3960.879		3.837		11.115		5.363416		12.880
4.448		1.0764		0.0000		3960.875		3.841		11.120		5.382005		12.920
4.454		1.0801		0.0000		3960.872		3.844		11.135		5.400595		12.960
4.462		1.0836		0.0000		3960.868		3.848		11.155		5.417807		13.000
4.470		1.0867		0.0000		3960.865		3.851		11.175		5.433643		13.040
4.472		1.0899		0.0000		3960.862		3.854		11.180		5.449477		13.080
4.472		1.0932		0.0000		3960.859		3.857		11.180		5.466002		13.120
4.474		1.0964		0.0000		3960.855		3.861		11.185		5.481838		13.160
4.476		1.0995		0.0000		3960.852		3.864		11.190		5.497673		13.200
4.478		1.1027		0.0000		3960.849		3.867		11.195		5.513508		13.240
4.480		1.1060		0.0000		3960.846		3.870		11.200		5.530032		13.280
4.482		1.1096		0.0000		3960.842		3.874		11.205		5.547934		13.320
4.486		1.1133		0.0000		3960.839		3.877		11.215		5.566523		13.360
4.492		1.1169		0.0000		3960.835		3.881		11.230		5.584424		13.400
4.500		1.1202		0.0000		3960.832		3.884		11.250		5.600948		13.440
4.504		1.1234		0.0000		3960.829		3.888		11.260		5.616784		13.480
4.504		1.1265		0.0000		3960.825		3.891		11.260		5.632619		13.520
4.506		1.1298		0.0000		3960.822		3.894		11.265		5.649143		13.560
4.508		1.1330		0.0000		3960.819		3.897		11.270		5.664978		13.600
4.508		1.1362		0.0000		3960.816		3.900		11.270		5.680814		13.640
4.510		1.1393		0.0000		3960.812		3.904		11.275		5.696650		13.680
4.512		1.1428		0.0000		3960.809		3.907		11.280		5.713862		13.720
4.514		1.1465		0.0000		3960.805		3.911		11.285		5.732451		13.760
4.520		1.1503		0.0000		3960.802		3.915		11.300		5.751729		13.800
4.528		1.1537		0.0000		3960.798		3.918		11.320		5.768254		13.840
4.532		1.1567		0.0000		3960.795		3.921		11.330		5.783401		13.880
4.534		1.1598		0.0000		3960.792		3.924		11.335		5.799236		13.920
4.534		1.1632		0.0000		3960.789		3.927		11.335		5.815760		13.960
4.536		1.1663		0.0000		3960.786		3.931		11.340		5.831595		14.000
4.536		1.1695		0.0000		3960.782		3.934		11.340		5.847431		14.040
4.538		1.1728		0.0000		3960.779		3.937		11.345		5.863955		14.080
4.540		1.1761		0.0000		3960.776		3.940		11.350		5.880479		14.120
4.540		1.1798		0.0000		3960.772		3.944		11.350		5.899068		14.160
4.544		1.1835		0.0000		3960.768		3.948		11.360		5.917658		14.200
4.552		1.1870		0.0000		3960.765		3.951		11.380		5.934870		14.240
4.558		1.1901		0.0000		3960.762		3.954		11.395		5.950706		14.280
4.560		1.1933		0.0000		3960.759		3.957		11.400		5.966542		14.320
4.560		1.1966		0.0000		3960.755		3.961		11.400		5.983066		14.360
4.560		1.1998		0.0000		3960.752		3.964		11.400		5.998901		14.400
4.562		1.2029		0.0000		3960.749		3.967		11.405		6.014737		14.440
4.562		1.2061		0.0000		3960.746		3.970		11.405		6.030571		14.480
4.564		1.2093		0.0000		3960.743		3.973		11.410		6.046407		14.520
4.566		1.2130		0.0000		3960.739		3.977		11.415		6.064997		14.560
4.568		1.2169		0.0000		3960.735		3.981		11.420		6.084275		14.600
4.576		1.2204		0.0000		3960.731		3.985		11.440		6.102176		14.640
4.584		1.2235		0.0000		3960.729		3.988		11.460		6.117322		14.680
4.586		1.2266		0.0000		3960.725		3.991		11.465		6.133158		14.720
4.586		1.2299		0.0000		3960.722		3.994		11.465		6.149683		14.760
4.586		1.2331		0.0000		3960.719		3.997		11.465		6.165518		14.800
4.588		1.2364		0.0000		3960.716		4.001		11.470		6.182041		14.840
4.588		1.2396		0.0000		3960.712		4.004		11.470		6.197877		14.880
4.588		1.2427		0.0000		3960.709		4.007		11.470		6.213713		14.920
4.590		1.2462		0.0000		3960.706		4.010		11.475		6.230927		14.960
4.590		1.2500		0.0000		3960.702		4.014		11.475		6.250203		15.000
4.596		1.2538		0.0000		3960.698		4.018		11.490		6.268792		15.040
4.604		1.2569		0.0000		3960.695		4.021		11.510		6.284628		15.080
4.608		1.2601		0.0000		3960.692		4.024		11.520		6.300464		15.120
4.610		1.2634		0.0000		3960.688		4.028		11.525		6.316988		15.160
4.610		1.2666		0.0000		3960.685		4.031		11.525		6.332824		15.200
4.610		1.2697		0.0000		3960.682		4.034		11.525		6.348660		15.240
4.612		1.2729		0.0000		3960.679		4.037		11.530		6.364493		15.280
4.612		1.2761		0.0000		3960.676		4.040		11.530		6.380329		15.320
4.614		1.2795		0.0000		3960.672		4.044		11.535		6.397543		15.360
4.614		1.2832		0.0000		3960.669		4.047		11.535		6.416132		15.400
4.620		1.2871		0.0000		3960.665		4.051		11.550		6.435411		15.440
4.626		1.2904		0.0000		3960.661		4.055		11.565		6.451933		15.480
4.632		1.2936		0.0000		3960.658		4.058		11.580		6.467769		15.520
4.634		1.2967		0.0000		3960.655		4.061		11.585		6.483605		15.560
4.634		1.2999		0.0000		3960.652		4.064		11.585		6.499441		15.600
4.634		1.3032		0.0000		3960.649		4.067		11.585		6.515965		15.640
4.636		1.3064		0.0000		3960.646		4.071		11.590		6.531799		15.680
4.638		1.3095		0.0000		3960.642		4.074		11.595		6.547635		15.720
4.638		1.3128		0.0000		3960.639		4.077		11.595		6.564159		15.760
4.640		1.3164		0.0000		3960.635		4.081		11.600		6.582060		15.800
4.642		1.3203		0.0000		3960.632		4.084		11.605		6.601338		15.840
4.648		1.3237		0.0000		3960.628		4.088		11.620		6.618550		15.880
4.656		1.3270		0.0000		3960.625		4.091		11.640		6.635075		15.920
4.658		1.3302		0.0000		3960.622		4.094		11.645		6.650910		15.960
4.658		1.3333		0.0000		3960.618		4.098		11.645		6.666746		16.000
4.658		1.3365		0.0000		3960.615		4.101		11.645		6.682582		16.040
4.658		1.3397		0.0000		3960.612		4.104		11.645		6.698418		16.080
4.658		1.3429		0.0000		3960.609		4.107		11.645		6.714253		16.120
4.658		1.3462		0.0000		3960.606		4.110		11.645		6.730776		16.160
4.660		1.3496		0.0000		3960.602		4.114		11.650		6.747990		16.200
4.662		1.3535		0.0000		3960.598		4.118		11.655		6.767268		16.240
4.666		1.3572		0.0000		3960.595		4.121		11.665		6.785858		16.280
4.674		1.3605		0.0000		3960.591		4.125		11.685		6.802380		16.320
4.678		1.3635		0.0000		3960.588		4.128		11.695		6.817527		16.360
4.678		1.3667		0.0000		3960.585		4.131		11.695		6.833363		16.400
4.676		1.3700		0.0000		3960.582		4.134		11.690		6.849887		16.440
4.678		1.3731		0.0000		3960.579		4.137		11.695		6.865723		16.480
4.678		1.3763		0.0000		3960.576		4.141		11.695		6.881559		16.520
4.678		1.3796		0.0000		3960.572		4.144		11.695		6.898081		16.560
4.678		1.3829		0.0000		3960.569		4.147		11.695		6.914606		16.600
4.680		1.3866		0.0000		3960.565		4.151		11.700		6.933196		16.640
4.684		1.3905		0.0000		3960.561		4.155		11.710		6.952474		16.680
4.690		1.3938		0.0000		3960.558		4.158		11.725		6.968997		16.720
4.696		1.3970		0.0000		3960.555		4.161		11.740		6.984832		16.760
4.698		1.4001		0.0000		3960.552		4.164		11.745		7.000668		16.800
4.698		1.4034		0.0000		3960.548		4.168		11.745		7.017193		16.840
4.698		1.4066		0.0000		3960.545		4.171		11.745		7.033029		16.880
4.698		1.4098		0.0000		3960.542		4.174		11.745		7.048864		16.920
4.698		1.4129		0.0000		3960.539		4.177		11.745		7.064700		16.960
4.698		1.4162		0.0000		3960.536		4.180		11.745		7.081223		17.000
4.700		1.4198		0.0000		3960.532		4.184		11.750		7.099123		17.040
4.702		1.4237		0.0000		3960.528		4.188		11.755		7.118402		17.080
4.708		1.4273		0.0000		3960.525		4.191		11.770		7.136302		17.120
4.714		1.4303		0.0000		3960.521		4.194		11.785		7.151451		17.160
4.716		1.4335		0.0000		3960.518		4.198		11.790		7.167284		17.200
4.716		1.4368		0.0000		3960.515		4.201		11.790		7.183809		17.240
4.716		1.4399		0.0000		3960.512		4.204		11.790		7.199645		17.280
4.716		1.4431		0.0000		3960.509		4.207		11.790		7.215481		17.320
4.718		1.4464		0.0000		3960.505		4.211		11.795		7.232006		17.360
4.718		1.4496		0.0000		3960.502		4.214		11.795		7.247839		17.400
4.718		1.4530		0.0000		3960.499		4.217		11.795		7.265053		17.440
4.720		1.4569		0.0000		3960.495		4.221		11.800		7.284331		17.480
4.726		1.4606		0.0000		3960.491		4.225		11.815		7.302921		17.520
4.734		1.4638		0.0000		3960.488		4.228		11.835		7.318757		17.560
4.736		1.4669		0.0000		3960.485		4.231		11.840		7.334590		17.600
4.738		1.4702		0.0000		3960.482		4.234		11.845		7.351115		17.640
4.738		1.4734		0.0000		3960.479		4.238		11.845		7.366951		17.680
4.738		1.4766		0.0000		3960.475		4.241		11.845		7.382786		17.720
4.738		1.4797		0.0000		3960.472		4.244		11.845		7.398622		17.760
4.740		1.4829		0.0000		3960.469		4.247		11.850		7.414458		17.800
4.740		1.4863		0.0000		3960.466		4.251		11.850		7.431669		17.840
4.742		1.4901		0.0000		3960.462		4.254		11.855		7.450259		17.880
4.746		1.4939		0.0000		3960.458		4.258		11.865		7.469537		17.920
4.754		1.4972		0.0000		3960.455		4.261		11.885		7.486062		17.960
4.760		1.5002		0.0000		3960.452		4.264		11.900		7.501209		18.000
4.760		1.5035		0.0000		3960.448		4.268		11.900		7.517731		18.040
4.760		1.5067		0.0000		3960.445		4.271		11.900		7.533567		18.080
4.760		1.5100		0.0000		3960.442		4.274		11.900		7.550092		18.120
4.762		1.5132		0.0000		3960.439		4.277		11.905		7.565928		18.160
4.764		1.5164		0.0000		3960.436		4.281		11.910		7.581763		18.200
4.764		1.5195		0.0000		3960.432		4.284		11.910		7.597599		18.240
4.764		1.5232		0.0000		3960.429		4.287		11.910		7.616189		18.280
4.768		1.5271		0.0000		3960.425		4.291		11.920		7.635465		18.320
4.774		1.5305		0.0000		3960.421		4.295		11.935		7.652678		18.360
4.780		1.5337		0.0000		3960.418		4.298		11.950		7.668514		18.400
4.784		1.5369		0.0000		3960.415		4.301		11.960		7.684350		18.440
4.784		1.5402		0.0000		3960.412		4.304		11.960		7.700872		18.480
4.784		1.5433		0.0000		3960.408		4.308		11.960		7.716708		18.520
4.786		1.5465		0.0000		3960.405		4.311		11.965		7.732544		18.560
4.786		1.5497		0.0000		3960.402		4.314		11.965		7.748380		18.600
4.786		1.5530		0.0000		3960.399		4.317		11.965		7.764904		18.640
4.786		1.5566		0.0000		3960.395		4.321		11.965		7.782805		18.680
4.790		1.5603		0.0000		3960.392		4.324		11.975		7.801394		18.720
4.796		1.5639		0.0000		3960.388		4.328		11.990		7.819295		18.760
4.802		1.5672		0.0000		3960.385		4.331		12.005		7.835820		18.800
4.806		1.5703		0.0000		3960.382		4.335		12.015		7.851655		18.840
4.808		1.5735		0.0000		3960.378		4.338		12.020		7.867489		18.880
4.808		1.5768		0.0000		3960.375		4.341		12.020		7.884014		18.920
4.808		1.5800		0.0000		3960.372		4.344		12.020		7.899849		18.960
4.810		1.5831		0.0000		3960.369		4.347		12.025		7.915685		19.000
4.810		1.5863		0.0000		3960.365		4.350		12.025		7.931521		19.040
4.812		1.5897		0.0000		3960.362		4.354		12.030		7.948732		19.080
4.814		1.5935		0.0000		3960.358		4.358		12.035		7.967322		19.120
4.818		1.5972		0.0000		3960.355		4.361		12.045		7.985911		19.160
4.826		1.6006		0.0000		3960.351		4.365		12.065		8.003125		19.200
4.830		1.6038		0.0000		3960.348		4.368		12.075		8.018961		19.240
4.832		1.6070		0.0000		3960.345		4.371		12.080		8.034797		19.280
4.832		1.6101		0.0000		3960.342		4.374		12.080		8.050631		19.320
4.834		1.6134		0.0000		3960.338		4.378		12.085		8.067155		19.360
4.834		1.6165		0.0000		3960.335		4.381		12.085		8.082302		19.400
4.836		1.6198		0.0000		3960.332		4.384		12.090		8.098826		19.440
4.836		1.6231		0.0000		3960.329		4.387		12.090		8.115351		19.480
4.838		1.6268		0.0000		3960.325		4.391		12.095		8.133941		19.520
4.842		1.6305		0.0000		3960.321		4.395		12.105		8.152531		19.560
4.848		1.6339		0.0000		3960.318		4.398		12.120		8.169742		19.600
4.854		1.6371		0.0000		3960.315		4.401		12.135		8.185577		19.640
4.856		1.6403		0.0000		3960.312		4.404		12.140		8.201413		19.680
4.854		1.6436		0.0000		3960.308		4.408		12.135		8.217936		19.720
4.856		1.6468		0.0000		3960.305		4.411		12.140		8.233771		19.760
4.856		1.6499		0.0000		3960.302		4.414		12.140		8.249607		19.800
4.856		1.6531		0.0000		3960.299		4.417		12.140		8.265443		19.840
4.856		1.6564		0.0000		3960.295		4.421		12.140		8.281967		19.880
4.858		1.6598		0.0000		3960.292		4.424		12.145		8.299179		19.920
4.860		1.6637		0.0000		3960.288		4.428		12.150		8.318458		19.960
4.866		1.6673		0.0000		3960.285		4.431		12.165		8.336358		20.000
4.872		1.6706		0.0000		3960.281		4.435		12.180		8.352882		20.040
4.876		1.6737		0.0000		3960.278		4.438		12.190		8.368719		20.080
4.876		1.6769		0.0000		3960.275		4.441		12.190		8.384554		20.120
4.876		1.6802		0.0000		3960.272		4.444		12.190		8.401077		20.160
4.876		1.6834		0.0000		3960.269		4.448		12.190		8.416912		20.200
4.878		1.6865		0.0000		3960.265		4.451		12.195		8.432749		20.240
4.878		1.6897		0.0000		3960.262		4.454		12.195		8.448584		20.280
4.878		1.6932		0.0000		3960.259		4.457		12.195		8.465796		20.320
4.880		1.6970		0.0000		3960.255		4.461		12.200		8.485074		20.360
4.884		1.7007		0.0000		3960.251		4.465		12.210		8.503664		20.400
4.892		1.7039		0.0000		3960.248		4.468		12.230		8.519499		20.440
4.896		1.7071		0.0000		3960.245		4.471		12.240		8.535336		20.480
4.898		1.7102		0.0000		3960.242		4.474		12.245		8.551170		20.520
4.898		1.7135		0.0000		3960.238		4.478		12.245		8.567696		20.560
4.898		1.7167		0.0000		3960.235		4.481		12.245		8.583529		20.600
4.900		1.7200		0.0000		3960.232		4.484		12.250		8.600054		20.640
4.902		1.7232		0.0000		3960.229		4.487		12.255		8.615890		20.680
4.902		1.7265		0.0000		3960.225		4.491		12.255		8.632414		20.720
4.904		1.7301		0.0000		3960.222		4.494		12.260		8.650314		20.760
4.908		1.7339		0.0000		3960.218		4.498		12.270		8.669594		20.800
4.914		1.7375		0.0000		3960.214		4.502		12.285		8.687494		20.840
4.920		1.7405		0.0000		3960.211		4.505		12.300		8.702641		20.880
4.924		1.7437		0.0000		3960.208		4.508		12.310		8.718476		20.920
4.924		1.7470		0.0000		3960.205		4.511		12.310		8.735001		20.960
4.924		1.7503		0.0000		3960.202		4.514		12.310		8.751524		21.000
4.924		1.7533		0.0000		3960.198		4.518		12.310		8.766670		21.040
4.926		1.7566		0.0000		3960.195		4.521		12.315		8.783195		21.080
4.926		1.7598		0.0000		3960.192		4.524		12.315		8.799030		21.120
4.928		1.7634		0.0000		3960.188		4.528		12.320		8.816931		21.160
4.930		1.7671		0.0000		3960.185		4.531		12.325		8.835521		21.200
4.936		1.7708		0.0000		3960.181		4.535		12.340		8.854111		21.240
4.942		1.7740		0.0000		3960.178		4.538		12.355		8.869946		21.280
4.946		1.7770		0.0000		3960.175		4.541		12.365		8.885093		21.320
4.946		1.7803		0.0000		3960.172		4.545		12.365		8.901617		21.360
4.946		1.7836		0.0000		3960.168		4.548		12.365		8.918140		21.400
4.946		1.7868		0.0000		3960.165		4.551		12.365		8.933975		21.440
4.948		1.7900		0.0000		3960.162		4.554		12.370		8.949812		21.480
4.948		1.7931		0.0000		3960.159		4.557		12.370		8.965647		21.520
4.950		1.7966		0.0000		3960.155		4.561		12.375		8.982861		21.560
4.952		1.8004		0.0000		3960.151		4.565		12.380		9.002137		21.600
4.956		1.8041		0.0000		3960.148		4.568		12.390		9.020727		21.640
4.964		1.8075		0.0000		3960.145		4.572		12.410		9.037251		21.680
4.968		1.8105		0.0000		3960.141		4.575		12.420		9.052399		21.720
4.970		1.8138		0.0000		3960.138		4.578		12.425		9.068923		21.760
4.968		1.8170		0.0000		3960.135		4.581		12.420		9.084759		21.800
4.968		1.8203		0.0000		3960.132		4.584		12.420		9.101281		21.840
4.970		1.8234		0.0000		3960.128		4.588		12.425		9.117117		21.880
4.970		1.8265		0.0000		3960.125		4.591		12.425		9.132263		21.920
4.970		1.8298		0.0000		3960.122		4.594		12.425		9.148788		21.960
4.972		1.8336		0.0000		3960.118		4.598		12.430		9.168067		22.000
4.976		1.8373		0.0000		3960.115		4.602		12.440		9.186657		22.040
4.982		1.8409		0.0000		3960.111		4.605		12.455		9.204557		22.080
4.988		1.8439		0.0000		3960.108		4.608		12.470		9.219704		22.120
4.990		1.8471		0.0000		3960.105		4.611		12.475		9.235539		22.160
4.990		1.8504		0.0000		3960.102		4.615		12.475		9.252064		22.200
4.990		1.8536		0.0000		3960.098		4.618		12.475		9.267900		22.240
4.992		1.8567		0.0000		3960.095		4.621		12.480		9.283733		22.280
4.992		1.8599		0.0000		3960.092		4.624		12.480		9.299569		22.320
4.992		1.8632		0.0000		3960.089		4.627		12.480		9.316093		22.360
4.992		1.8669		0.0000		3960.085		4.631		12.480		9.334683		22.400
4.994		1.8707		0.0000		3960.081		4.635		12.485		9.353273		22.440
5.000		1.8742		0.0000		3960.078		4.638		12.500		9.371174		22.480
5.006		1.8774		0.0000		3960.074		4.642		12.515		9.387009		22.520
5.010		1.8806		0.0000		3960.071		4.645		12.525		9.402845		22.560
5.010		1.8839		0.0000		3960.068		4.648		12.525		9.419370		22.600
5.010		1.8869		0.0000		3960.065		4.651		12.525		9.434517		22.640
5.012		1.8902		0.0000		3960.062		4.654		12.530		9.451041		22.680
5.012		1.8932		0.0000		3960.059		4.657		12.530		9.466188		22.720
5.012		1.8965		0.0000		3960.055		4.661		12.530		9.482710		22.760
5.012		1.9000		0.0000		3960.052		4.664		12.530		9.499924		22.800
5.014		1.9038		0.0000		3960.048		4.668		12.535		9.519203		22.840
5.018		1.9076		0.0000		3960.044		4.672		12.545		9.537792		22.880
5.026		1.9109		0.0000		3960.041		4.675		12.565		9.554315		22.920
5.030		1.9140		0.0000		3960.038		4.678		12.575		9.570150		22.960
5.030		1.9172		0.0000		3960.035		4.681		12.575		9.585986		23.000
5.028		1.9205		0.0000		3960.031		4.685		12.570		9.602510		23.040
5.028		1.9237		0.0000		3960.028		4.688		12.570		9.618347		23.080
5.028		1.9267		0.0000		3960.025		4.691		12.570		9.633493		23.120
5.028		1.9300		0.0000		3960.022		4.694		12.570		9.650016		23.160
5.028		1.9333		0.0000		3960.019		4.697		12.570		9.666540		23.200
5.030		1.9370		0.0000		3960.015		4.701		12.575		9.685130		23.240
5.032		1.9409		0.0000		3960.011		4.705		12.580		9.704409		23.280
5.040		1.9442		0.0000		3960.008		4.708		12.600		9.720931		23.320
5.044		1.9475		0.0000		3960.004		4.712		12.610		9.737455		23.360
5.046		1.9507		0.0000		3960.001		4.715		12.615		9.753292		23.400
5.044		1.9538		0.0000		3959.998		4.718		12.610		9.769127		23.440
5.044		1.9570		0.0000		3959.995		4.721		12.610		9.784964		23.480
5.044		1.9602		0.0000		3959.992		4.724		12.610		9.800798		23.520
5.044		1.9633		0.0000		3959.989		4.728		12.610		9.816635		23.560
5.044		1.9666		0.0000		3959.985		4.731		12.610		9.833157		23.600
5.044		1.9702		0.0000		3959.982		4.734		12.610		9.851057		23.640
5.046		1.9739		0.0000		3959.978		4.738		12.615		9.869647		23.680
5.054		1.9776		0.0000		3959.974		4.742		12.635		9.888237		23.720
5.060		1.9807		0.0000		3959.971		4.745		12.650		9.903385		23.760
5.062		1.9840		0.0000		3959.968		4.748		12.655		9.919909		23.800
5.062		1.9873		0.0000		3959.965		4.751		12.655		9.936433		23.840
5.062		1.9905		0.0000		3959.961		4.755		12.655		9.952269		23.880
5.062		1.9936		0.0000		3959.958		4.758		12.655		9.968104		23.920
5.062		1.9968		0.0000		3959.955		4.761		12.655		9.983940		23.960
5.062		2.0001		0.0000		3959.952		4.764		12.655		10.000463		24.000
5.062		2.0035		0.0000		3959.948		4.768		12.655		10.017676		24.040
5.064		2.0073		0.0000		3959.945		4.771		12.660		10.036266		24.080
5.068		2.0110		0.0000		3959.941		4.775		12.670		10.054855		24.120
5.074		2.0143		0.0000		3959.938		4.778		12.685		10.071378		24.160
5.080		2.0174		0.0000		3959.934		4.782		12.700		10.087214		24.200
5.080		2.0206		0.0000		3959.931		4.785		12.700		10.103049		24.240
5.080		2.0238		0.0000		3959.928		4.788		12.700		10.118885		24.280
5.080		2.0269		0.0000		3959.925		4.791		12.700		10.134721		24.320
5.080		2.0302		0.0000		3959.922		4.794		12.700		10.151245		24.360
5.080		2.0334		0.0000		3959.918		4.798		12.700		10.167079		24.400
5.082		2.0367		0.0000		3959.915		4.801		12.705		10.183603		24.440
5.082		2.0404		0.0000		3959.911		4.805		12.705		10.202193		24.480
5.086		2.0443		0.0000		3959.907		4.808		12.715		10.221472		24.520
5.092		2.0477		0.0000		3959.904		4.812		12.730		10.238684		24.560
5.098		2.0508		0.0000		3959.901		4.815		12.745		10.253830		24.600
5.098		2.0539		0.0000		3959.898		4.818		12.745		10.269666		24.640
5.098		2.0572		0.0000		3959.895		4.821		12.745		10.286190		24.680
5.096		2.0604		0.0000		3959.891		4.825		12.740		10.302027		24.720
5.098		2.0636		0.0000		3959.888		4.828		12.745		10.317862		24.760
5.098		2.0669		0.0000		3959.885		4.831		12.745		10.334385		24.800
5.098		2.0700		0.0000		3959.882		4.834		12.745		10.350220		24.840
5.098		2.0736		0.0000		3959.878		4.838		12.745		10.368123		24.880
5.100		2.0775		0.0000		3959.875		4.842		12.750		10.387400		24.920
5.106		2.0811		0.0000		3959.871		4.845		12.765		10.405302		24.960
5.114		2.0842		0.0000		3959.868		4.848		12.785		10.421135		25.000
5.116		2.0874		0.0000		3959.865		4.852		12.790		10.436972		25.040
5.116		2.0907		0.0000		3959.861		4.855		12.790		10.453496		25.080
5.114		2.0939		0.0000		3959.858		4.858		12.785		10.469332		25.120
5.114		2.0970		0.0000		3959.855		4.861		12.785		10.485168		25.160
5.114		2.1002		0.0000		3959.852		4.864		12.785		10.501003		25.200
5.114		2.1034		0.0000		3959.848		4.868		12.785		10.516839		25.240
5.114		2.1068		0.0000		3959.845		4.871		12.785		10.534050		25.280
5.114		2.1107		0.0000		3959.841		4.875		12.785		10.553329		25.320
5.120		2.1145		0.0000		3959.837		4.879		12.800		10.572607		25.360
5.128		2.1177		0.0000		3959.834		4.882		12.820		10.588441		25.400
5.132		2.1209		0.0000		3959.831		4.885		12.830		10.604277		25.440
5.132		2.1240		0.0000		3959.828		4.888		12.830		10.620112		25.480
5.130		2.1272		0.0000		3959.825		4.891		12.825		10.635948		25.520
5.130		2.1304		0.0000		3959.822		4.895		12.825		10.651784		25.560
5.130		2.1337		0.0000		3959.818		4.898		12.825		10.668308		25.600
5.130		2.1368		0.0000		3959.815		4.901		12.825		10.684145		25.640
5.128		2.1401		0.0000		3959.812		4.904		12.820		10.700666		25.680
5.130		2.1439		0.0000		3959.808		4.908		12.825		10.719256		25.720
5.132		2.1477		0.0000		3959.804		4.912		12.830		10.738535		25.760
5.140		2.1510		0.0000		3959.801		4.915		12.850		10.755060		25.800
5.146		2.1543		0.0000		3959.798		4.919		12.865		10.771582		25.840
5.148		2.1575		0.0000		3959.794		4.922		12.870		10.787418		25.880
5.146		2.1607		0.0000		3959.791		4.925		12.865		10.803253		25.920
5.146		2.1638		0.0000		3959.788		4.928		12.865		10.819090		25.960
5.146		2.1670		0.0000		3959.785		4.931		12.865		10.834925		26.000
5.146		2.1702		0.0000		3959.782		4.934		12.865		10.850761		26.040
5.146		2.1735		0.0000		3959.778		4.938		12.865		10.867286		26.080
5.146		2.1772		0.0000		3959.775		4.941		12.865		10.885876		26.120
5.148		2.1810		0.0000		3959.771		4.945		12.870		10.905151		26.160
5.154		2.1845		0.0000		3959.767		4.949		12.885		10.922365		26.200
5.160		2.1876		0.0000		3959.764		4.952		12.900		10.938201		26.240
5.162		2.1908		0.0000		3959.761		4.955		12.905		10.954037		26.280
5.160		2.1940		0.0000		3959.758		4.958		12.900		10.969870		26.320
5.158		2.1971		0.0000		3959.755		4.961		12.895		10.985706		26.360
5.158		2.2004		0.0000		3959.751		4.965		12.895		11.002231		26.400
5.158		2.2036		0.0000		3959.748		4.968		12.895		11.018066		26.440
5.158		2.2068		0.0000		3959.745		4.971		12.895		11.033902		26.480
5.158		2.2104		0.0000		3959.741		4.975		12.895		11.051803		26.520
5.158		2.2141		0.0000		3959.738		4.978		12.895		11.070393		26.560
5.162		2.2178		0.0000		3959.734		4.982		12.905		11.088982		26.600
5.170		2.2211		0.0000		3959.731		4.985		12.925		11.105507		26.640
5.172		2.2243		0.0000		3959.728		4.988		12.930		11.121342		26.680
5.172		2.2274		0.0000		3959.724		4.992		12.930		11.137176		26.720
5.170		2.2306		0.0000		3959.721		4.995		12.925		11.153011		26.760
5.168		2.2338		0.0000		3959.718		4.998		12.920		11.168847		26.800
5.168		2.2369		0.0000		3959.715		5.001		12.920		11.184683		26.840
5.166		2.2401		0.0000		3959.712		5.004		12.915		11.200519		26.880
5.166		2.2435		0.0000		3959.708		5.008		12.915		11.217730		26.920
5.166		2.2473		0.0000		3959.705		5.011		12.915		11.236320		26.960
5.170		2.2511		0.0000		3959.701		5.015		12.925		11.255598		27.000
5.178		2.2544		0.0000		3959.698		5.019		12.945		11.272123		27.040
5.182		2.2576		0.0000		3959.694		5.022		12.955		11.287958		27.080
5.182		2.2608		0.0000		3959.691		5.025		12.955		11.303795		27.120
5.182		2.2641		0.0000		3959.688		5.028		12.955		11.320316		27.160
5.180		2.2672		0.0000		3959.685		5.031		12.950		11.336153		27.200
5.180		2.2704		0.0000		3959.681		5.035		12.950		11.351988		27.240
5.178		2.2736		0.0000		3959.678		5.038		12.945		11.367825		27.280
5.178		2.2769		0.0000		3959.675		5.041		12.945		11.384349		27.320
5.178		2.2804		0.0000		3959.671		5.045		12.945		11.402249		27.360
5.180		2.2843		0.0000		3959.667		5.048		12.950		11.421528		27.400
5.186		2.2879		0.0000		3959.664		5.052		12.965		11.439428		27.440
5.192		2.2911		0.0000		3959.661		5.055		12.980		11.455264		27.480
5.194		2.2942		0.0000		3959.658		5.058		12.985		11.471100		27.520
5.192		2.2974		0.0000		3959.655		5.062		12.980		11.486936		27.560
5.192		2.3006		0.0000		3959.651		5.065		12.980		11.502769		27.600
5.192		2.3037		0.0000		3959.648		5.068		12.980		11.518604		27.640
5.190		2.3069		0.0000		3959.645		5.071		12.975		11.534441		27.680
5.190		2.3102		0.0000		3959.642		5.074		12.975		11.550965		27.720
5.190		2.3136		0.0000		3959.638		5.078		12.975		11.568176		27.760
5.190		2.3176		0.0000		3959.634		5.082		12.975		11.588144		27.800
5.196		2.3213		0.0000		3959.631		5.086		12.990		11.606733		27.840
5.204		2.3245		0.0000		3959.627		5.089		13.010		11.622570		27.880
5.206		2.3275		0.0000		3959.624		5.092		13.015		11.637716		27.920
5.204		2.3308		0.0000		3959.621		5.095		13.010		11.654242		27.960
5.202		2.3340		0.0000		3959.618		5.098		13.005		11.670074		28.000
5.202		2.3372		0.0000		3959.615		5.101		13.005		11.685910		28.040
5.202		2.3403		0.0000		3959.612		5.105		13.005		11.701746		28.080
5.200		2.3437		0.0000		3959.608		5.108		13.000		11.718271		28.120
5.200		2.3470		0.0000		3959.605		5.111		13.000		11.734796		28.160
5.200		2.3508		0.0000		3959.601		5.115		13.000		11.754072		28.200
5.202		2.3547		0.0000		3959.597		5.119		13.005		11.773350		28.240
5.210		2.3578		0.0000		3959.594		5.122		13.025		11.789186		28.280
5.214		2.3610		0.0000		3959.591		5.125		13.035		11.805021		28.320
5.214		2.3642		0.0000		3959.588		5.128		13.035		11.820858		28.360
5.212		2.3675		0.0000		3959.584		5.132		13.030		11.837379		28.400
5.212		2.3706		0.0000		3959.581		5.135		13.030		11.853216		28.440
5.212		2.3738		0.0000		3959.578		5.138		13.030		11.869051		28.480
5.210		2.3770		0.0000		3959.575		5.141		13.025		11.884888		28.520
5.210		2.3801		0.0000		3959.572		5.144		13.025		11.900723		28.560
5.208		2.3840		0.0000		3959.568		5.148		13.020		11.920002		28.600
5.212		2.3879		0.0000		3959.564		5.152		13.030		11.939280		28.640
5.218		2.3913		0.0000		3959.561		5.155		13.045		11.956491		28.680
5.224		2.3945		0.0000		3959.557		5.159		13.060		11.972327		28.720
5.224		2.3976		0.0000		3959.554		5.162		13.060		11.988163		28.760
5.222		2.4008		0.0000		3959.551		5.165		13.055		12.003999		28.800
5.220		2.4041		0.0000		3959.548		5.168		13.050		12.020521		28.840
5.220		2.4073		0.0000		3959.545		5.171		13.050		12.036357		28.880
5.218		2.4104		0.0000		3959.542		5.175		13.045		12.052193		28.920
5.218		2.4136		0.0000		3959.538		5.178		13.045		12.068028		28.960
5.216		2.4172		0.0000		3959.535		5.181		13.040		12.085929		29.000
5.218		2.4209		0.0000		3959.531		5.185		13.045		12.104519		29.040
5.222		2.4246		0.0000		3959.527		5.189		13.055		12.123108		29.080
5.228		2.4278		0.0000		3959.524		5.192		13.070		12.138944		29.120
5.232		2.4311		0.0000		3959.521		5.195		13.080		12.155468		29.160
5.230		2.4343		0.0000		3959.518		5.198		13.075		12.171305		29.200
5.230		2.4374		0.0000		3959.514		5.202		13.075		12.187140		29.240
5.228		2.4406		0.0000		3959.511		5.205		13.070		12.202973		29.280
5.228		2.4438		0.0000		3959.508		5.208		13.070		12.218809		29.320
5.226		2.4469		0.0000		3959.505		5.211		13.065		12.234645		29.360
5.226		2.4504		0.0000		3959.501		5.215		13.065		12.251859		29.400
5.226		2.4542		0.0000		3959.498		5.218		13.065		12.271137		29.440
5.228		2.4579		0.0000		3959.494		5.222		13.070		12.289726		29.480
5.236		2.4612		0.0000		3959.491		5.225		13.090		12.306250		29.520
5.240		2.4644		0.0000		3959.488		5.229		13.100		12.322084		29.560
5.238		2.4676		0.0000		3959.484		5.232		13.095		12.337921		29.600
5.236		2.4709		0.0000		3959.481		5.235		13.090		12.354445		29.640
5.234		2.4741		0.0000		3959.478		5.238		13.085		12.370281		29.680
5.234		2.4772		0.0000		3959.475		5.241		13.085		12.386114		29.720
5.232		2.4804		0.0000		3959.471		5.245		13.080		12.401951		29.760
5.230		2.4837		0.0000		3959.468		5.248		13.075		12.418475		29.800
5.230		2.4874		0.0000		3959.464		5.252		13.075		12.437065		29.840
5.232		2.4913		0.0000		3959.461		5.255		13.080		12.456343		29.880
5.236		2.4947		0.0000		3959.457		5.259		13.090		12.473555		29.920
5.242		2.4979		0.0000		3959.454		5.262		13.105		12.489390		29.960
5.242		2.5010		0.0000		3959.451		5.265		13.105		12.505226		30.000
5.240		2.5042		0.0000		3959.448		5.268		13.100		12.521062		30.040
5.238		2.5074		0.0000		3959.445		5.272		13.095		12.536898		30.080
5.238		2.5105		0.0000		3959.441		5.275		13.095		12.552733		30.120
5.236		2.5137		0.0000		3959.438		5.278		13.090		12.568569		30.160
5.234		2.5170		0.0000		3959.435		5.281		13.085		12.585092		30.200
5.232		2.5206		0.0000		3959.431		5.285		13.080		12.602992		30.240
5.234		2.5245		0.0000		3959.427		5.289		13.085		12.622271		30.280
5.238		2.5282		0.0000		3959.424		5.292		13.095		12.640860		30.320
5.244		2.5312		0.0000		3959.421		5.295		13.110		12.656007		30.360
5.246		2.5344		0.0000		3959.417		5.299		13.115		12.671843		30.400
5.242		2.5377		0.0000		3959.414		5.302		13.105		12.688368		30.440
5.240		2.5408		0.0000		3959.411		5.305		13.100		12.704203		30.480
5.238		2.5440		0.0000		3959.408		5.308		13.095		12.720039		30.520
5.238		2.5472		0.0000		3959.405		5.311		13.095		12.735874		30.560
5.236		2.5505		0.0000		3959.401		5.315		13.090		12.752398		30.600
5.234		2.5538		0.0000		3959.398		5.318		13.085		12.768922		30.640
5.234		2.5576		0.0000		3959.394		5.322		13.085		12.788200		30.680
5.238		2.5614		0.0000		3959.391		5.326		13.095		12.806789		30.720
5.244		2.5647		0.0000		3959.387		5.329		13.110		12.823313		30.760
5.246		2.5678		0.0000		3959.384		5.332		13.115		12.839148		30.800
5.246		2.5710		0.0000		3959.381		5.335		13.115		12.854984		30.840
5.244		2.5742		0.0000		3959.378		5.338		13.110		12.870819		30.880
5.242		2.5773		0.0000		3959.375		5.342		13.105		12.886656		30.920
5.242		2.5806		0.0000		3959.371		5.345		13.105		12.903180		30.960
5.240		2.5838		0.0000		3959.368		5.348		13.100		12.919014		31.000
5.238		2.5871		0.0000		3959.365		5.351		13.095		12.935538		31.040
5.238		2.5908		0.0000		3959.361		5.355		13.095		12.954128		31.080
5.240		2.5947		0.0000		3959.357		5.359		13.100		12.973406		31.120
5.246		2.5981		0.0000		3959.354		5.362		13.115		12.990618		31.160
5.250		2.6012		0.0000		3959.351		5.365		13.125		13.005764		31.200
5.250		2.6045		0.0000		3959.347		5.369		13.125		13.022289		31.240
5.248		2.6076		0.0000		3959.344		5.372		13.120		13.038125		31.280
5.246		2.6108		0.0000		3959.341		5.375		13.115		13.053961		31.320
5.244		2.6140		0.0000		3959.338		5.378		13.110		13.069797		31.360
5.244		2.6173		0.0000		3959.335		5.381		13.110		13.086319		31.400
5.242		2.6204		0.0000		3959.332		5.385		13.105		13.102155		31.440
5.240		2.6240		0.0000		3959.328		5.388		13.100		13.120058		31.480
5.240		2.6279		0.0000		3959.324		5.392		13.100		13.139334		31.520
5.244		2.6314		0.0000		3959.320		5.396		13.110		13.157236		31.560
5.250		2.6346		0.0000		3959.317		5.399		13.125		13.173070		31.600
5.250		2.6378		0.0000		3959.314		5.402		13.125		13.188906		31.640
5.248		2.6409		0.0000		3959.311		5.405		13.120		13.204741		31.680
5.246		2.6443		0.0000		3959.308		5.408		13.115		13.221266		31.720
5.244		2.6474		0.0000		3959.304		5.412		13.110		13.237103		31.760
5.242		2.6506		0.0000		3959.301		5.415		13.105		13.252937		31.800
5.240		2.6538		0.0000		3959.298		5.418		13.100		13.268774		31.840
5.238		2.6572		0.0000		3959.295		5.421		13.095		13.285985		31.880
5.238		2.6611		0.0000		3959.291		5.425		13.095		13.305264		31.920
5.240		2.6649		0.0000		3959.287		5.429		13.100		13.324542		31.960
5.248		2.6681		0.0000		3959.284		5.432		13.120		13.340376		32.000
5.250		2.6712		0.0000		3959.281		5.435		13.125		13.356211		32.040
5.248		2.6744		0.0000		3959.277		5.439		13.120		13.372047		32.080
5.244		2.6776		0.0000		3959.274		5.442		13.110		13.387882		32.120
5.242		2.6809		0.0000		3959.271		5.445		13.105		13.404408		32.160
5.240		2.6840		0.0000		3959.268		5.448		13.100		13.420243		32.200
5.238		2.6872		0.0000		3959.265		5.451		13.095		13.436079		32.240
5.236		2.6905		0.0000		3959.261		5.455		13.090		13.452601		32.280
5.234		2.6942		0.0000		3959.258		5.458		13.085		13.471191		32.320
5.236		2.6981		0.0000		3959.254		5.462		13.090		13.490469		32.360
5.242		2.7015		0.0000		3959.250		5.466		13.105		13.507681		32.400
5.246		2.7047		0.0000		3959.247		5.469		13.115		13.523517		32.440
5.246		2.7079		0.0000		3959.244		5.472		13.115		13.539352		32.480
5.242		2.7110		0.0000		3959.241		5.475		13.105		13.555188		32.520
5.240		2.7142		0.0000		3959.238		5.478		13.100		13.571024		32.560
5.236		2.7174		0.0000		3959.235		5.482		13.090		13.586860		32.600
5.234		2.7205		0.0000		3959.231		5.485		13.085		13.602695		32.640
5.232		2.7238		0.0000		3959.228		5.488		13.080		13.619218		32.680
5.230		2.7274		0.0000		3959.224		5.492		13.075		13.637121		32.720
5.230		2.7313		0.0000		3959.221		5.495		13.075		13.656397		32.760
5.234		2.7350		0.0000		3959.217		5.499		13.085		13.674989		32.800
5.240		2.7380		0.0000		3959.214		5.502		13.100		13.690136		32.840
5.242		2.7412		0.0000		3959.211		5.505		13.105		13.705971		32.880
5.238		2.7445		0.0000		3959.207		5.509		13.095		13.722494		32.920
5.236		2.7477		0.0000		3959.204		5.512		13.090		13.738329		32.960
5.232		2.7508		0.0000		3959.201		5.515		13.080		13.754166		33.000
5.230		2.7540		0.0000		3959.198		5.518		13.075		13.770000		33.040
5.226		2.7573		0.0000		3959.195		5.521		13.065		13.786526		33.080
5.224		2.7606		0.0000		3959.191		5.525		13.060		13.803048		33.120
5.222		2.7645		0.0000		3959.188		5.529		13.055		13.822327		33.160
5.224		2.7682		0.0000		3959.184		5.532		13.060		13.840916		33.200
5.228		2.7715		0.0000		3959.180		5.536		13.070		13.857441		33.240
5.230		2.7747		0.0000		3959.177		5.539		13.075		13.873277		33.280
5.228		2.7778		0.0000		3959.174		5.542		13.070		13.889111		33.320
5.224		2.7811		0.0000		3959.171		5.545		13.060		13.905635		33.360
5.222		2.7842		0.0000		3959.168		5.548		13.055		13.920782		33.400
5.218		2.7873		0.0000		3959.165		5.552		13.045		13.936617		33.440
5.216		2.7906		0.0000		3959.161		5.555		13.040		13.953142		33.480
5.212		2.7939		0.0000		3959.158		5.558		13.030		13.969665		33.520
5.210		2.7977		0.0000		3959.154		5.562		13.025		13.988255		33.560
5.212		2.8015		0.0000		3959.150		5.566		13.030		14.007532		33.600
5.218		2.8049		0.0000		3959.147		5.569		13.045		14.024746		33.640
5.220		2.8080		0.0000		3959.144		5.572		13.050		14.039893		33.680
5.218		2.8111		0.0000		3959.141		5.575		13.045		14.055729		33.720
5.214		2.8145		0.0000		3959.137		5.579		13.035		14.072251		33.760
5.210		2.8176		0.0000		3959.134		5.582		13.025		14.088087		33.800
5.208		2.8208		0.0000		3959.131		5.585		13.020		14.103923		33.840
5.204		2.8240		0.0000		3959.128		5.588		13.010		14.119759		33.880
5.202		2.8273		0.0000		3959.125		5.591		13.005		14.136284		33.920
5.200		2.8308		0.0000		3959.121		5.595		13.000		14.154184		33.960
5.200		2.8347		0.0000		3959.117		5.599		13.000		14.173462		34.000
5.204		2.8383		0.0000		3959.114		5.602		13.010		14.191362		34.040
5.208		2.8414		0.0000		3959.110		5.606		13.020		14.207199		34.080
5.208		2.8446		0.0000		3959.107		5.609		13.020		14.223034		34.120
5.206		2.8478		0.0000		3959.104		5.612		13.015		14.238871		34.160
5.202		2.8511		0.0000		3959.101		5.615		13.005		14.255392		34.200
5.198		2.8542		0.0000		3959.098		5.618		12.995		14.271229		34.240
5.196		2.8574		0.0000		3959.094		5.622		12.990		14.287064		34.280
5.192		2.8606		0.0000		3959.091		5.625		12.980		14.302900		34.320
5.190		2.8640		0.0000		3959.088		5.628		12.975		14.320111		34.360
5.190		2.8679		0.0000		3959.084		5.632		12.975		14.339390		34.400
5.194		2.8716		0.0000		3959.080		5.636		12.985		14.357979		34.440
5.200		2.8748		0.0000		3959.077		5.639		13.000		14.373816		34.480
5.202		2.8781		0.0000		3959.074		5.642		13.005		14.390340		34.520
5.200		2.8812		0.0000		3959.071		5.645		13.000		14.406176		34.560
5.198		2.8844		0.0000		3959.067		5.649		12.995		14.422009		34.600
5.194		2.8876		0.0000		3959.064		5.652		12.985		14.437845		34.640
5.192		2.8909		0.0000		3959.061		5.655		12.980		14.454370		34.680
5.190		2.8940		0.0000		3959.058		5.658		12.975		14.470205		34.720
5.188		2.8973		0.0000		3959.054		5.662		12.970		14.486731		34.760
5.186		2.9011		0.0000		3959.051		5.665		12.965		14.505320		34.800
5.186		2.9049		0.0000		3959.047		5.669		12.965		14.524595		34.840
5.192		2.9082		0.0000		3959.044		5.672		12.980		14.541121		34.880
5.196		2.9115		0.0000		3959.040		5.676		12.990		14.557646		34.920
5.194		2.9146		0.0000		3959.037		5.679		12.985		14.572792		34.960
5.190		2.9179		0.0000		3959.034		5.682		12.975		14.589314		35.000
5.188		2.9210		0.0000		3959.031		5.685		12.970		14.605150		35.040
5.184		2.9242		0.0000		3959.028		5.688		12.960		14.620986		35.080
5.182		2.9274		0.0000		3959.024		5.692		12.955		14.636822		35.120
5.178		2.9305		0.0000		3959.021		5.695		12.945		14.652658		35.160
5.176		2.9342		0.0000		3959.018		5.698		12.940		14.671247		35.200
5.176		2.9381		0.0000		3959.014		5.702		12.940		14.690525		35.240
5.180		2.9417		0.0000		3959.010		5.706		12.950		14.708426		35.280
5.184		2.9449		0.0000		3959.007		5.709		12.960		14.724262		35.320
5.184		2.9480		0.0000		3959.004		5.712		12.960		14.740097		35.360
5.180		2.9512		0.0000		3959.001		5.715		12.950		14.755934		35.400
5.176		2.9545		0.0000		3958.997		5.719		12.940		14.772455		35.440
5.174		2.9577		0.0000		3958.994		5.722		12.935		14.788292		35.480
5.172		2.9608		0.0000		3958.991		5.725		12.930		14.804127		35.520
5.170		2.9640		0.0000		3958.988		5.728		12.925		14.819963		35.560
5.166		2.9676		0.0000		3958.984		5.732		12.915		14.837864		35.600
5.166		2.9713		0.0000		3958.980		5.735		12.915		14.856453		35.640
5.168		2.9750		0.0000		3958.977		5.739		12.920		14.875042		35.680
5.172		2.9783		0.0000		3958.974		5.743		12.930		14.891567		35.720
5.172		2.9815		0.0000		3958.970		5.746		12.930		14.907403		35.760
5.170		2.9846		0.0000		3958.967		5.749		12.925		14.923239		35.800
5.166		2.9878		0.0000		3958.964		5.752		12.915		14.939075		35.840
5.162		2.9910		0.0000		3958.961		5.755		12.905		14.954908		35.880
5.158		2.9941		0.0000		3958.958		5.758		12.895		14.970743		35.920
5.156		2.9975		0.0000		3958.954		5.762		12.890		14.987268		35.960
5.152		3.0008		0.0000		3958.951		5.765		12.880		15.003794		36.000
5.150		3.0045		0.0000		3958.948		5.769		12.875		15.022383		36.040
5.152		3.0083		0.0000		3958.944		5.773		12.880		15.041658		36.080
5.156		3.0118		0.0000		3958.940		5.776		12.890		15.058872		36.120
5.158		3.0148		0.0000		3958.937		5.779		12.895		15.074019		36.160
5.156		3.0180		0.0000		3958.934		5.782		12.890		15.089855		36.200
5.150		3.0213		0.0000		3958.931		5.785		12.875		15.106380		36.240
5.148		3.0244		0.0000		3958.927		5.789		12.870		15.122215		36.280
5.144		3.0276		0.0000		3958.924		5.792		12.860		15.138049		36.320
5.140		3.0308		0.0000		3958.921		5.795		12.850		15.153885		36.360
5.136		3.0341		0.0000		3958.918		5.798		12.840		15.170410		36.400
5.132		3.0377		0.0000		3958.914		5.802		12.830		15.188311		36.440
5.130		3.0415		0.0000		3958.910		5.806		12.825		15.207588		36.480
5.132		3.0451		0.0000		3958.907		5.809		12.830		15.225489		36.520
5.136		3.0483		0.0000		3958.904		5.812		12.840		15.241325		36.560
5.134		3.0514		0.0000		3958.900		5.816		12.835		15.257160		36.600
5.128		3.0546		0.0000		3958.897		5.819		12.820		15.272997		36.640
5.124		3.0579		0.0000		3958.894		5.822		12.810		15.289521		36.680
5.120		3.0609		0.0000		3958.891		5.825		12.800		15.304668		36.720
5.116		3.0642		0.0000		3958.888		5.828		12.790		15.321190		36.760
5.112		3.0674		0.0000		3958.885		5.832		12.780		15.337027		36.800
5.108		3.0710		0.0000		3958.881		5.835		12.770		15.354927		36.840
5.106		3.0747		0.0000		3958.877		5.839		12.765		15.373516		36.880
5.108		3.0784		0.0000		3958.874		5.843		12.770		15.392105		36.920
5.112		3.0816		0.0000		3958.870		5.846		12.780		15.407942		36.960
5.110		3.0848		0.0000		3958.867		5.849		12.775		15.423777		37.000
5.106		3.0881		0.0000		3958.864		5.852		12.765		15.440302		37.040
5.102		3.0912		0.0000		3958.861		5.855		12.755		15.456138		37.080
5.098		3.0944		0.0000		3958.857		5.859		12.745		15.471973		37.120
5.094		3.0976		0.0000		3958.854		5.862		12.735		15.487809		37.160
5.092		3.1009		0.0000		3958.851		5.865		12.730		15.504332		37.200
5.088		3.1042		0.0000		3958.848		5.868		12.720		15.520857		37.240
5.084		3.1079		0.0000		3958.844		5.872		12.710		15.539446		37.280
5.084		3.1117		0.0000		3958.840		5.876		12.710		15.558724		37.320
5.088		3.1150		0.0000		3958.837		5.879		12.720		15.575247		37.360
5.090		3.1182		0.0000		3958.834		5.882		12.725		15.591083		37.400
5.086		3.1214		0.0000		3958.831		5.886		12.715		15.606918		37.440
5.082		3.1247		0.0000		3958.827		5.889		12.705		15.623444		37.480
5.078		3.1279		0.0000		3958.824		5.892		12.695		15.639278		37.520
5.074		3.1310		0.0000		3958.821		5.895		12.685		15.655115		37.560
5.070		3.1342		0.0000		3958.818		5.898		12.675		15.670948		37.600
5.066		3.1375		0.0000		3958.814		5.902		12.665		15.687473		37.640
5.064		3.1411		0.0000		3958.811		5.905		12.660		15.705374		37.680
5.062		3.1449		0.0000		3958.807		5.909		12.655		15.724651		37.720
5.066		3.1485		0.0000		3958.803		5.913		12.665		15.742552		37.760
5.070		3.1515		0.0000		3958.800		5.916		12.675		15.757699		37.800
5.068		3.1547		0.0000		3958.797		5.919		12.670		15.773535		37.840
5.064		3.1580		0.0000		3958.794		5.922		12.660		15.790060		37.880
5.060		3.1613		0.0000		3958.791		5.926		12.650		15.806584		37.920
5.056		3.1645		0.0000		3958.787		5.929		12.640		15.822420		37.960
5.054		3.1677		0.0000		3958.784		5.932		12.635		15.838253		38.000
5.050		3.1708		0.0000		3958.781		5.935		12.625		15.854090		38.040
5.046		3.1743		0.0000		3958.778		5.938		12.615		15.871304		38.080
5.044		3.1781		0.0000		3958.774		5.942		12.610		15.890581		38.120
5.046		3.1818		0.0000		3958.770		5.946		12.615		15.909171		38.160
5.050		3.1850		0.0000		3958.767		5.949		12.625		15.925005		38.200
5.050		3.1882		0.0000		3958.764		5.952		12.625		15.940840		38.240
5.046		3.1915		0.0000		3958.760		5.956		12.615		15.957365		38.280
5.042		3.1946		0.0000		3958.757		5.959		12.605		15.973201		38.320
5.038		3.1978		0.0000		3958.754		5.962		12.595		15.989037		38.360
5.034		3.2010		0.0000		3958.751		5.965		12.585		16.004871		38.400
5.030		3.2041		0.0000		3958.748		5.968		12.575		16.020708		38.440
5.026		3.2076		0.0000		3958.744		5.972		12.565		16.037920		38.480
5.024		3.2114		0.0000		3958.740		5.976		12.560		16.057198		38.521
5.024		3.2152		0.0000		3958.737		5.979		12.560		16.075787		38.561
5.028		3.2185		0.0000		3958.733		5.983		12.570		16.092310		38.601
5.028		3.2215		0.0000		3958.730		5.986		12.570		16.107460		38.641
5.026		3.2248		0.0000		3958.727		5.989		12.565		16.123981		38.681
5.020		3.2281		0.0000		3958.724		5.992		12.550		16.140507		38.721
5.018		3.2313		0.0000		3958.721		5.995		12.545		16.156342		38.761
5.016		3.2344		0.0000		3958.718		5.999		12.540		16.172178		38.801
5.012		3.2376		0.0000		3958.714		6.002		12.530		16.188013		38.841
5.008		3.2410		0.0000		3958.711		6.005		12.520		16.205225		38.881
5.004		3.2446		0.0000		3958.707		6.009		12.510		16.223125		38.921
5.004		3.2483		0.0000		3958.704		6.013		12.510		16.241714		38.961
5.006		3.2518		0.0000		3958.700		6.016		12.515		16.258928		39.001
5.010		3.2551		0.0000		3958.697		6.019		12.525		16.275452		39.041
5.008		3.2583		0.0000		3958.694		6.022		12.520		16.291286		39.081
5.002		3.2614		0.0000		3958.690		6.026		12.505		16.307123		39.121
4.998		3.2646		0.0000		3958.687		6.029		12.495		16.322958		39.161
4.996		3.2678		0.0000		3958.684		6.032		12.490		16.338795		39.201
4.992		3.2711		0.0000		3958.681		6.035		12.480		16.355320		39.241
4.988		3.2742		0.0000		3958.678		6.038		12.470		16.371153		39.281
4.984		3.2778		0.0000		3958.674		6.042		12.460		16.389055		39.321
4.982		3.2815		0.0000		3958.670		6.046		12.455		16.407644		39.361
4.984		3.2852		0.0000		3958.667		6.049		12.460		16.426235		39.401
4.988		3.2886		0.0000		3958.663		6.053		12.470		16.442757		39.441
4.986		3.2916		0.0000		3958.660		6.056		12.465		16.457903		39.481
4.982		3.2947		0.0000		3958.657		6.059		12.455		16.473740		39.521
4.976		3.2981		0.0000		3958.654		6.062		12.440		16.490265		39.561
4.974		3.3012		0.0000		3958.651		6.065		12.435		16.506100		39.601
4.970		3.3044		0.0000		3958.647		6.069		12.425		16.521935		39.641
4.966		3.3077		0.0000		3958.644		6.072		12.415		16.538460		39.681
4.962		3.3110		0.0000		3958.641		6.075		12.405		16.554983		39.721
4.960		3.3147		0.0000		3958.637		6.079		12.400		16.573572		39.761
4.960		3.3186		0.0000		3958.633		6.083		12.400		16.592850		39.801
4.964		3.3219		0.0000		3958.630		6.086		12.410		16.609375		39.841
4.964		3.3250		0.0000		3958.627		6.089		12.410		16.625212		39.881
4.962		3.3282		0.0000		3958.624		6.092		12.405		16.641045		39.921
4.958		3.3315		0.0000		3958.620		6.096		12.395		16.657570		39.961
4.954		3.3347		0.0000		3958.617		6.099		12.385		16.673405		40.001
4.950		3.3378		0.0000		3958.614		6.102		12.375		16.689241		40.041
4.946		3.3412		0.0000		3958.611		6.105		12.365		16.705765		40.081
4.942		3.3443		0.0000		3958.608		6.109		12.355		16.721600		40.121
4.938		3.3480		0.0000		3958.604		6.112		12.345		16.740189		40.161
4.938		3.3519		0.0000		3958.600		6.116		12.345		16.759468		40.201
4.940		3.3552		0.0000		3958.597		6.119		12.350		16.775991		40.241
4.942		3.3585		0.0000		3958.593		6.123		12.355		16.792517		40.281
4.938		3.3615		0.0000		3958.590		6.126		12.345		16.807663		40.321
4.934		3.3648		0.0000		3958.587		6.129		12.335		16.824186		40.361
4.930		3.3681		0.0000		3958.584		6.132		12.325		16.840710		40.401
4.926		3.3713		0.0000		3958.581		6.135		12.315		16.856546		40.441
4.922		3.3745		0.0000		3958.577		6.139		12.305		16.872383		40.481
4.918		3.3776		0.0000		3958.574		6.142		12.295		16.888218		40.521
4.914		3.3812		0.0000		3958.571		6.145		12.285		16.906118		40.561
4.912		3.3851		0.0000		3958.567		6.149		12.280		16.925396		40.601
4.912		3.3887		0.0000		3958.563		6.153		12.280		16.943298		40.641
4.914		3.3918		0.0000		3958.560		6.156		12.285		16.959133		40.681
4.912		3.3950		0.0000		3958.557		6.159		12.280		16.974968		40.721
4.908		3.3982		0.0000		3958.554		6.162		12.270		16.990805		40.761
4.904		3.4015		0.0000		3958.550		6.166		12.260		17.007328		40.801
4.900		3.4046		0.0000		3958.547		6.169		12.250		17.023163		40.841
4.896		3.4078		0.0000		3958.544		6.172		12.240		17.038998		40.881
4.892		3.4111		0.0000		3958.541		6.175		12.230		17.055523		40.921
4.888		3.4145		0.0000		3958.537		6.179		12.220		17.072735		40.961
4.884		3.4181		0.0000		3958.534		6.182		12.210		17.090635		41.001
4.886		3.4221		0.0000		3958.530		6.186		12.215		17.110603		41.041
4.888		3.4254		0.0000		3958.526		6.190		12.220		17.127129		41.081
4.888		3.4283		0.0000		3958.523		6.193		12.220		17.141586		41.121
4.884		3.4316		0.0000		3958.520		6.196		12.210		17.158110		41.161
4.880		3.4348		0.0000		3958.517		6.199		12.200		17.173943		41.201
4.874		3.4381		0.0000		3958.514		6.202		12.185		17.190468		41.241
4.872		3.4413		0.0000		3958.510		6.205		12.180		17.206305		41.281
4.868		3.4444		0.0000		3958.508		6.209		12.170		17.222139		41.321
4.864		3.4477		0.0000		3958.504		6.212		12.160		17.238665		41.361
4.860		3.4515		0.0000		3958.500		6.216		12.150		17.257254		41.401
4.860		3.4553		0.0000		3958.497		6.219		12.150		17.276531		41.441
4.862		3.4586		0.0000		3958.493		6.223		12.155		17.293055		41.481
4.864		3.4619		0.0000		3958.490		6.226		12.160		17.309580		41.521
4.862		3.4649		0.0000		3958.487		6.229		12.155		17.324726		41.561
4.858		3.4684		0.0000		3958.483		6.233		12.145		17.341938		41.601
4.854		3.4714		0.0000		3958.480		6.236		12.135		17.357084		41.641
4.850		3.4747		0.0000		3958.477		6.239		12.125		17.373610		41.681
4.846		3.4779		0.0000		3958.474		6.242		12.115		17.389446		41.721
4.842		3.4811		0.0000		3958.471		6.245		12.105		17.405281		41.761
4.838		3.4848		0.0000		3958.467		6.249		12.095		17.423870		41.801
4.836		3.4885		0.0000		3958.463		6.253		12.090		17.442459		41.841
4.838		3.4921		0.0000		3958.460		6.256		12.095		17.460361		41.881
4.840		3.4952		0.0000		3958.457		6.259		12.100		17.476196		41.921
4.840		3.4984		0.0000		3958.453		6.263		12.100		17.492031		41.961
4.836		3.5016		0.0000		3958.450		6.266		12.090		17.507868		42.001
4.830		3.5049		0.0000		3958.447		6.269		12.075		17.524391		42.041
4.828		3.5080		0.0000		3958.444		6.272		12.070		17.540226		42.081
4.824		3.5114		0.0000		3958.440		6.276		12.060		17.556751		42.121
4.820		3.5145		0.0000		3958.437		6.279		12.050		17.572586		42.161
4.816		3.5180		0.0000		3958.434		6.282		12.040		17.589798		42.201
4.814		3.5217		0.0000		3958.430		6.286		12.035		17.608387		42.241
4.814		3.5254		0.0000		3958.427		6.290		12.035		17.626976		42.281
4.818		3.5287		0.0000		3958.423		6.293		12.045		17.643501		42.321
4.818		3.5319		0.0000		3958.420		6.296		12.045		17.659338		42.361
4.814		3.5350		0.0000		3958.417		6.299		12.035		17.675173		42.401
4.810		3.5383		0.0000		3958.414		6.303		12.025		17.691696		42.441
4.806		3.5415		0.0000		3958.410		6.306		12.015		17.707531		42.481
4.804		3.5447		0.0000		3958.407		6.309		12.010		17.723368		42.521
4.800		3.5480		0.0000		3958.404		6.312		12.000		17.739891		42.561
4.796		3.5513		0.0000		3958.401		6.315		11.990		17.756414		42.601
4.794		3.5550		0.0000		3958.397		6.319		11.985		17.775003		42.641
4.792		3.5587		0.0000		3958.393		6.323		11.980		17.793594		42.681
4.796		3.5622		0.0000		3958.390		6.326		11.990		17.810806		42.721
4.796		3.5652		0.0000		3958.387		6.329		11.990		17.825954		42.761
4.794		3.5684		0.0000		3958.384		6.333		11.985		17.841789		42.801
4.788		3.5717		0.0000		3958.380		6.336		11.970		17.858315		42.841
4.784		3.5750		0.0000		3958.377		6.339		11.960		17.874836		42.881
4.782		3.5781		0.0000		3958.374		6.342		11.955		17.890673		42.921
4.778		3.5813		0.0000		3958.371		6.345		11.945		17.906509		42.961
4.774		3.5846		0.0000		3958.367		6.349		11.935		17.923033		43.001
4.772		3.5882		0.0000		3958.364		6.352		11.930		17.940933		43.041
4.770		3.5919		0.0000		3958.360		6.356		11.925		17.959522		43.081
4.772		3.5955		0.0000		3958.356		6.360		11.930		17.977425		43.121
4.774		3.5987		0.0000		3958.353		6.363		11.935		17.993259		43.161
4.774		3.6018		0.0000		3958.350		6.366		11.935		18.009094		43.201
4.770		3.6051		0.0000		3958.347		6.369		11.925		18.025620		43.241
4.766		3.6083		0.0000		3958.344		6.372		11.915		18.041456		43.281
4.762		3.6115		0.0000		3958.340		6.376		11.905		18.057289		43.321
4.758		3.6146		0.0000		3958.337		6.379		11.895		18.073124		43.361
4.754		3.6179		0.0000		3958.334		6.382		11.885		18.089649		43.401
4.750		3.6214		0.0000		3958.331		6.386		11.875		18.106861		43.441
4.748		3.6251		0.0000		3958.327		6.389		11.870		18.125450		43.481
4.748		3.6288		0.0000		3958.323		6.393		11.870		18.144039		43.521
4.752		3.6321		0.0000		3958.320		6.396		11.880		18.160564		43.561
4.752		3.6353		0.0000		3958.317		6.399		11.880		18.176401		43.601
4.748		3.6384		0.0000		3958.313		6.403		11.870		18.192236		43.641
4.744		3.6418		0.0000		3958.310		6.406		11.860		18.208761		43.681
4.740		3.6449		0.0000		3958.307		6.409		11.850		18.224594		43.721
4.736		3.6481		0.0000		3958.304		6.412		11.840		18.240431		43.761
4.732		3.6514		0.0000		3958.301		6.416		11.830		18.256954		43.801
4.728		3.6547		0.0000		3958.297		6.419		11.820		18.273479		43.841
4.726		3.6584		0.0000		3958.293		6.423		11.815		18.292068		43.881
4.724		3.6621		0.0000		3958.290		6.426		11.810		18.310659		43.921
4.728		3.6654		0.0000		3958.286		6.430		11.820		18.327181		43.961
4.728		3.6686		0.0000		3958.283		6.433		11.820		18.343018		44.001
4.726		3.6719		0.0000		3958.280		6.436		11.815		18.359543		44.041
