数据量:1167
试验力		变形		扩展变形		位置		位移		应力		应变		时间
0.010		0.0007		0.0000		3961.959		2.952		0.025		0.003443		0.040
0.010		0.0039		0.0000		3961.956		2.955		0.025		0.019277		0.080
0.012		0.0072		0.0000		3961.953		2.958		0.030		0.035802		0.120
0.014		0.0103		0.0000		3961.950		2.961		0.035		0.051638		0.160
0.014		0.0136		0.0000		3961.946		2.965		0.035		0.068161		0.200
0.016		0.0174		0.0000		3961.943		2.968		0.040		0.086751		0.240
0.018		0.0211		0.0000		3961.939		2.972		0.045		0.105340		0.280
0.020		0.0244		0.0000		3961.936		2.975		0.050		0.121864		0.320
0.022		0.0277		0.0000		3961.932		2.979		0.055		0.138389		0.360
0.024		0.0308		0.0000		3961.929		2.982		0.060		0.154223		0.400
0.026		0.0340		0.0000		3961.926		2.985		0.065		0.170059		0.440
0.028		0.0373		0.0000		3961.923		2.988		0.070		0.186583		0.480
0.030		0.0405		0.0000		3961.919		2.991		0.075		0.202419		0.520
0.032		0.0438		0.0000		3961.916		2.995		0.080		0.218943		0.560
0.036		0.0470		0.0000		3961.913		2.998		0.090		0.234778		0.600
0.038		0.0505		0.0000		3961.909		3.001		0.095		0.252680		0.640
0.042		0.0543		0.0000		3961.906		3.005		0.105		0.271269		0.680
0.046		0.0578		0.0000		3961.902		3.009		0.115		0.289170		0.720
0.050		0.0610		0.0000		3961.899		3.012		0.125		0.305005		0.760
0.052		0.0642		0.0000		3961.896		3.015		0.130		0.320841		0.800
0.056		0.0675		0.0000		3961.893		3.018		0.140		0.337365		0.840
0.060		0.0706		0.0000		3961.889		3.022		0.150		0.353200		0.880
0.066		0.0739		0.0000		3961.886		3.025		0.165		0.369724		0.920
0.070		0.0771		0.0000		3961.883		3.028		0.175		0.385560		0.960
0.074		0.0804		0.0000		3961.880		3.031		0.185		0.402083		1.000
0.080		0.0839		0.0000		3961.876		3.035		0.200		0.419296		1.040
0.086		0.0874		0.0000		3961.873		3.038		0.215		0.437198		1.080
0.092		0.0912		0.0000		3961.869		3.042		0.230		0.455787		1.120
0.098		0.0943		0.0000		3961.866		3.045		0.245		0.471623		1.160
0.104		0.0976		0.0000		3961.862		3.049		0.260		0.488147		1.200
0.112		0.1008		0.0000		3961.859		3.052		0.280		0.503982		1.240
0.118		0.1041		0.0000		3961.856		3.055		0.295		0.520506		1.280
0.124		0.1073		0.0000		3961.853		3.058		0.310		0.536342		1.320
0.132		0.1106		0.0000		3961.849		3.061		0.330		0.552865		1.360
0.138		0.1137		0.0000		3961.846		3.065		0.345		0.568701		1.400
0.146		0.1170		0.0000		3961.843		3.068		0.365		0.585225		1.440
0.154		0.1208		0.0000		3961.839		3.072		0.385		0.603814		1.480
0.162		0.1245		0.0000		3961.835		3.075		0.405		0.622404		1.520
0.172		0.1278		0.0000		3961.832		3.079		0.430		0.638928		1.560
0.182		0.1310		0.0000		3961.829		3.082		0.455		0.654763		1.600
0.190		0.1343		0.0000		3961.826		3.085		0.475		0.671288		1.640
0.200		0.1374		0.0000		3961.823		3.088		0.500		0.687122		1.680
0.208		0.1407		0.0000		3961.819		3.092		0.520		0.703647		1.720
0.218		0.1439		0.0000		3961.816		3.095		0.545		0.719483		1.760
0.228		0.1472		0.0000		3961.813		3.098		0.570		0.736006		1.800
0.236		0.1504		0.0000		3961.810		3.101		0.590		0.751842		1.840
0.246		0.1539		0.0000		3961.806		3.105		0.615		0.769743		1.880
0.258		0.1577		0.0000		3961.802		3.109		0.645		0.788332		1.920
0.268		0.1611		0.0000		3961.799		3.112		0.670		0.805545		1.960
0.280		0.1644		0.0000		3961.796		3.115		0.700		0.822068		2.000
0.290		0.1676		0.0000		3961.792		3.118		0.725		0.837904		2.040
0.300		0.1709		0.0000		3961.789		3.122		0.750		0.854428		2.080
0.310		0.1741		0.0000		3961.786		3.125		0.775		0.870264		2.120
0.320		0.1774		0.0000		3961.783		3.128		0.800		0.886788		2.160
0.330		0.1805		0.0000		3961.780		3.131		0.825		0.902623		2.200
0.340		0.1838		0.0000		3961.776		3.135		0.850		0.919148		2.240
0.348		0.1873		0.0000		3961.773		3.138		0.870		0.936360		2.280
0.358		0.1910		0.0000		3961.769		3.142		0.895		0.954950		2.320
0.368		0.1946		0.0000		3961.765		3.145		0.920		0.972850		2.360
0.382		0.1977		0.0000		3961.762		3.149		0.955		0.988686		2.400
0.394		0.2010		0.0000		3961.759		3.152		0.985		1.005210		2.440
0.408		0.2042		0.0000		3961.756		3.155		1.020		1.021045		2.480
0.420		0.2075		0.0000		3961.752		3.158		1.050		1.037569		2.520
0.434		0.2107		0.0000		3961.749		3.162		1.085		1.053405		2.560
0.446		0.2140		0.0000		3961.746		3.165		1.115		1.069928		2.600
0.458		0.2172		0.0000		3961.743		3.168		1.145		1.085764		2.640
0.472		0.2206		0.0000		3961.740		3.172		1.180		1.102977		2.680
0.484		0.2242		0.0000		3961.736		3.175		1.210		1.120878		2.720
0.498		0.2278		0.0000		3961.732		3.179		1.245		1.138779		2.760
0.512		0.2312		0.0000		3961.729		3.182		1.280		1.155992		2.800
0.526		0.2344		0.0000		3961.726		3.185		1.315		1.171827		2.840
0.540		0.2377		0.0000		3961.722		3.189		1.350		1.188351		2.880
0.554		0.2408		0.0000		3961.719		3.192		1.385		1.204187		2.920
0.566		0.2441		0.0000		3961.716		3.195		1.415		1.220710		2.960
0.580		0.2473		0.0000		3961.713		3.198		1.450		1.236546		3.000
0.594		0.2505		0.0000		3961.709		3.201		1.485		1.252382		3.040
0.608		0.2538		0.0000		3961.706		3.205		1.520		1.268905		3.080
0.620		0.2575		0.0000		3961.702		3.208		1.550		1.287495		3.120
0.632		0.2611		0.0000		3961.699		3.212		1.580		1.305395		3.160
0.646		0.2645		0.0000		3961.696		3.215		1.615		1.322608		3.200
0.658		0.2678		0.0000		3961.692		3.219		1.645		1.339133		3.240
0.672		0.2710		0.0000		3961.689		3.222		1.680		1.354967		3.280
0.684		0.2743		0.0000		3961.686		3.225		1.710		1.371492		3.320
0.698		0.2775		0.0000		3961.683		3.228		1.745		1.387328		3.360
0.712		0.2808		0.0000		3961.679		3.232		1.780		1.403852		3.400
0.726		0.2839		0.0000		3961.676		3.235		1.815		1.419687		3.440
0.740		0.2872		0.0000		3961.673		3.238		1.850		1.436211		3.480
0.756		0.2907		0.0000		3961.669		3.242		1.890		1.453424		3.520
0.770		0.2943		0.0000		3961.666		3.245		1.925		1.471324		3.560
0.788		0.2978		0.0000		3961.662		3.249		1.970		1.489226		3.600
0.804		0.3011		0.0000		3961.659		3.252		2.010		1.505749		3.640
0.820		0.3043		0.0000		3961.656		3.255		2.050		1.521585		3.680
0.836		0.3076		0.0000		3961.652		3.259		2.090		1.538109		3.720
0.852		0.3109		0.0000		3961.649		3.262		2.130		1.554633		3.760
0.868		0.3141		0.0000		3961.646		3.265		2.170		1.570468		3.800
0.882		0.3174		0.0000		3961.643		3.268		2.205		1.586993		3.840
0.898		0.3206		0.0000		3961.639		3.271		2.245		1.602827		3.880
0.914		0.3240		0.0000		3961.636		3.275		2.285		1.620040		3.920
0.932		0.3276		0.0000		3961.632		3.278		2.330		1.637942		3.960
0.950		0.3313		0.0000		3961.629		3.282		2.375		1.656531		4.000
0.970		0.3346		0.0000		3961.625		3.286		2.425		1.673055		4.040
0.988		0.3378		0.0000		3961.622		3.289		2.470		1.688890		4.080
1.006		0.3409		0.0000		3961.619		3.292		2.515		1.704726		4.120
1.022		0.3442		0.0000		3961.616		3.295		2.555		1.721250		4.160
1.040		0.3474		0.0000		3961.613		3.298		2.600		1.737086		4.200
1.058		0.3507		0.0000		3961.609		3.302		2.645		1.753609		4.240
1.074		0.3539		0.0000		3961.606		3.305		2.685		1.769445		4.280
1.094		0.3573		0.0000		3961.603		3.308		2.735		1.786658		4.320
1.112		0.3608		0.0000		3961.599		3.312		2.780		1.803870		4.360
1.132		0.3645		0.0000		3961.595		3.315		2.830		1.822460		4.400
1.154		0.3679		0.0000		3961.592		3.319		2.885		1.839672		4.440
1.176		0.3712		0.0000		3961.589		3.322		2.940		1.856196		4.480
1.198		0.3744		0.0000		3961.585		3.325		2.995		1.872032		4.520
1.218		0.3777		0.0000		3961.582		3.329		3.045		1.888555		4.560
1.238		0.3809		0.0000		3961.579		3.332		3.095		1.904391		4.600
1.260		0.3840		0.0000		3961.576		3.335		3.150		1.920227		4.640
1.282		0.3874		0.0000		3961.573		3.338		3.205		1.936750		4.680
1.302		0.3905		0.0000		3961.570		3.341		3.255		1.952586		4.720
1.324		0.3941		0.0000		3961.566		3.345		3.310		1.970487		4.760
1.348		0.3977		0.0000		3961.562		3.349		3.370		1.988388		4.800
1.372		0.4014		0.0000		3961.559		3.352		3.430		2.006978		4.840
1.396		0.4047		0.0000		3961.555		3.356		3.490		2.023501		4.880
1.420		0.4079		0.0000		3961.552		3.359		3.550		2.039337		4.920
1.442		0.4110		0.0000		3961.549		3.362		3.605		2.055173		4.960
1.462		0.4142		0.0000		3961.546		3.365		3.655		2.071007		5.000
1.484		0.4175		0.0000		3961.542		3.368		3.710		2.087532		5.040
1.506		0.4207		0.0000		3961.539		3.372		3.765		2.103367		5.080
1.528		0.4240		0.0000		3961.536		3.375		3.820		2.119892		5.120
1.550		0.4273		0.0000		3961.533		3.378		3.875		2.136415		5.160
1.572		0.4310		0.0000		3961.529		3.382		3.930		2.155005		5.200
1.598		0.4347		0.0000		3961.525		3.386		3.995		2.173594		5.240
1.624		0.4380		0.0000		3961.522		3.389		4.060		2.190118		5.280
1.646		0.4412		0.0000		3961.519		3.392		4.115		2.205954		5.320
1.668		0.4445		0.0000		3961.515		3.395		4.170		2.222478		5.360
1.690		0.4477		0.0000		3961.512		3.399		4.225		2.238313		5.400
1.712		0.4510		0.0000		3961.509		3.402		4.280		2.254838		5.440
1.734		0.4541		0.0000		3961.506		3.405		4.335		2.270672		5.480
1.756		0.4573		0.0000		3961.503		3.408		4.390		2.286508		5.520
1.778		0.4606		0.0000		3961.499		3.412		4.445		2.303033		5.560
1.802		0.4642		0.0000		3961.496		3.415		4.505		2.320933		5.600
1.826		0.4680		0.0000		3961.492		3.419		4.565		2.340212		5.640
1.854		0.4715		0.0000		3961.489		3.422		4.635		2.357423		5.680
1.880		0.4747		0.0000		3961.485		3.426		4.700		2.373259		5.720
1.904		0.4778		0.0000		3961.482		3.429		4.760		2.389095		5.760
1.926		0.4810		0.0000		3961.479		3.432		4.815		2.404931		5.800
1.948		0.4843		0.0000		3961.476		3.435		4.870		2.421454		5.840
1.972		0.4875		0.0000		3961.472		3.438		4.930		2.437290		5.880
1.996		0.4908		0.0000		3961.469		3.442		4.990		2.453814		5.920
2.018		0.4939		0.0000		3961.466		3.445		5.045		2.469649		5.960
2.042		0.4975		0.0000		3961.462		3.448		5.105		2.487550		6.000
2.068		0.5012		0.0000		3961.459		3.452		5.170		2.506139		6.040
2.094		0.5048		0.0000		3961.455		3.456		5.235		2.524041		6.080
2.122		0.5081		0.0000		3961.452		3.459		5.305		2.540565		6.120
2.148		0.5113		0.0000		3961.449		3.462		5.370		2.556400		6.160
2.170		0.5144		0.0000		3961.446		3.465		5.425		2.572236		6.200
2.194		0.5178		0.0000		3961.442		3.469		5.485		2.588760		6.240
2.216		0.5209		0.0000		3961.439		3.472		5.540		2.604595		6.280
2.240		0.5241		0.0000		3961.436		3.475		5.600		2.620431		6.320
2.262		0.5273		0.0000		3961.433		3.478		5.655		2.636267		6.360
2.286		0.5307		0.0000		3961.429		3.482		5.715		2.653478		6.400
2.310		0.5344		0.0000		3961.426		3.485		5.775		2.672068		6.440
2.336		0.5381		0.0000		3961.422		3.489		5.840		2.690657		6.480
2.364		0.5414		0.0000		3961.418		3.492		5.910		2.707182		6.520
2.390		0.5446		0.0000		3961.415		3.496		5.975		2.723018		6.560
2.412		0.5478		0.0000		3961.412		3.499		6.030		2.738853		6.600
2.436		0.5511		0.0000		3961.409		3.502		6.090		2.755377		6.640
2.458		0.5544		0.0000		3961.406		3.505		6.145		2.771901		6.680
2.482		0.5575		0.0000		3961.402		3.508		6.205		2.787737		6.720
2.504		0.5607		0.0000		3961.399		3.512		6.260		2.803572		6.760
2.528		0.5640		0.0000		3961.396		3.515		6.320		2.820096		6.800
2.552		0.5676		0.0000		3961.392		3.519		6.380		2.837996		6.840
2.578		0.5713		0.0000		3961.389		3.522		6.445		2.856586		6.880
2.604		0.5749		0.0000		3961.385		3.526		6.510		2.874488		6.920
2.632		0.5781		0.0000		3961.382		3.529		6.580		2.890323		6.960
2.654		0.5812		0.0000		3961.379		3.532		6.635		2.906158		7.000
2.676		0.5845		0.0000		3961.375		3.535		6.690		2.922683		7.040
2.700		0.5878		0.0000		3961.372		3.539		6.750		2.939206		7.080
2.722		0.5909		0.0000		3961.369		3.542		6.805		2.954353		7.120
2.746		0.5940		0.0000		3961.366		3.545		6.865		2.970189		7.160
2.768		0.5973		0.0000		3961.363		3.548		6.920		2.986712		7.200
2.790		0.6009		0.0000		3961.359		3.552		6.975		3.004614		7.240
2.814		0.6046		0.0000		3961.355		3.556		7.035		3.023204		7.280
2.842		0.6082		0.0000		3961.352		3.559		7.105		3.041104		7.320
2.868		0.6114		0.0000		3961.349		3.562		7.170		3.056940		7.360
2.892		0.6146		0.0000		3961.345		3.565		7.230		3.072776		7.400
2.912		0.6179		0.0000		3961.342		3.569		7.280		3.089299		7.440
2.934		0.6212		0.0000		3961.339		3.572		7.335		3.105823		7.480
2.956		0.6243		0.0000		3961.336		3.575		7.390		3.121659		7.520
2.976		0.6276		0.0000		3961.332		3.579		7.440		3.138183		7.560
2.998		0.6308		0.0000		3961.329		3.582		7.495		3.154018		7.600
3.020		0.6341		0.0000		3961.326		3.585		7.550		3.170543		7.640
3.042		0.6378		0.0000		3961.322		3.589		7.605		3.189132		7.680
3.068		0.6415		0.0000		3961.318		3.592		7.670		3.207722		7.720
3.094		0.6450		0.0000		3961.315		3.596		7.735		3.224934		7.760
3.116		0.6480		0.0000		3961.312		3.599		7.790		3.240081		7.800
3.138		0.6512		0.0000		3961.309		3.602		7.845		3.255917		7.840
3.158		0.6545		0.0000		3961.305		3.605		7.895		3.272440		7.880
3.178		0.6577		0.0000		3961.302		3.609		7.945		3.288276		7.920
3.198		0.6610		0.0000		3961.299		3.612		7.995		3.304800		7.960
3.218		0.6641		0.0000		3961.296		3.615		8.045		3.320636		8.000
3.238		0.6674		0.0000		3961.292		3.618		8.095		3.337159		8.040
3.258		0.6710		0.0000		3961.289		3.622		8.145		3.355061		8.080
3.280		0.6749		0.0000		3961.285		3.626		8.200		3.374338		8.120
3.306		0.6783		0.0000		3961.282		3.629		8.265		3.391551		8.160
3.328		0.6815		0.0000		3961.279		3.632		8.320		3.407387		8.200
3.348		0.6846		0.0000		3961.275		3.636		8.370		3.423222		8.240
3.364		0.6878		0.0000		3961.272		3.639		8.410		3.439057		8.280
3.384		0.6911		0.0000		3961.269		3.642		8.460		3.455582		8.320
3.402		0.6943		0.0000		3961.266		3.645		8.505		3.471417		8.360
3.420		0.6975		0.0000		3961.262		3.648		8.550		3.487252		8.400
3.438		0.7008		0.0000		3961.259		3.652		8.595		3.503777		8.440
3.456		0.7042		0.0000		3961.256		3.655		8.640		3.520989		8.480
3.476		0.7081		0.0000		3961.252		3.659		8.690		3.540267		8.520
3.498		0.7116		0.0000		3961.248		3.663		8.745		3.558168		8.560
3.520		0.7148		0.0000		3961.245		3.666		8.800		3.574003		8.600
3.538		0.7181		0.0000		3961.242		3.669		8.845		3.590528		8.640
3.554		0.7214		0.0000		3961.239		3.672		8.885		3.607051		8.680
3.570		0.7244		0.0000		3961.236		3.675		8.925		3.622198		8.720
3.586		0.7277		0.0000		3961.232		3.679		8.965		3.638723		8.760
3.602		0.7309		0.0000		3961.229		3.682		9.005		3.654557		8.800
3.616		0.7342		0.0000		3961.226		3.685		9.040		3.671082		8.840
3.632		0.7377		0.0000		3961.222		3.689		9.080		3.688295		8.880
3.648		0.7412		0.0000		3961.219		3.692		9.120		3.706195		8.920
3.668		0.7450		0.0000		3961.215		3.696		9.170		3.724785		8.960
3.688		0.7483		0.0000		3961.212		3.699		9.220		3.741308		9.000
3.706		0.7516		0.0000		3961.208		3.702		9.265		3.757833		9.040
3.720		0.7547		0.0000		3961.205		3.706		9.300		3.773668		9.080
3.732		0.7579		0.0000		3961.202		3.709		9.330		3.789504		9.120
3.746		0.7612		0.0000		3961.199		3.712		9.365		3.806028		9.160
3.762		0.7644		0.0000		3961.196		3.715		9.405		3.821863		9.200
3.774		0.7675		0.0000		3961.192		3.718		9.435		3.837699		9.240
3.788		0.7708		0.0000		3961.189		3.722		9.470		3.854222		9.280
3.802		0.7746		0.0000		3961.185		3.725		9.505		3.872812		9.320
3.818		0.7781		0.0000		3961.182		3.729		9.545		3.890713		9.360
3.836		0.7816		0.0000		3961.178		3.732		9.590		3.907926		9.400
3.854		0.7849		0.0000		3961.175		3.736		9.635		3.924450		9.440
3.868		0.7881		0.0000		3961.172		3.739		9.670		3.940285		9.480
3.878		0.7912		0.0000		3961.169		3.742		9.695		3.956121		9.520
3.890		0.7945		0.0000		3961.166		3.745		9.725		3.972645		9.560
3.902		0.7977		0.0000		3961.162		3.749		9.755		3.988481		9.600
3.914		0.8010		0.0000		3961.159		3.752		9.785		4.005004		9.640
3.924		0.8042		0.0000		3961.156		3.755		9.810		4.020840		9.680
3.934		0.8079		0.0000		3961.152		3.759		9.835		4.039430		9.720
3.948		0.8116		0.0000		3961.148		3.763		9.870		4.058019		9.760
3.962		0.8152		0.0000		3961.145		3.766		9.905		4.075919		9.800
3.978		0.8184		0.0000		3961.142		3.769		9.945		4.091755		9.840
3.990		0.8214		0.0000		3961.139		3.772		9.975		4.106902		9.880
3.998		0.8247		0.0000		3961.135		3.776		9.995		4.123426		9.920
4.008		0.8280		0.0000		3961.132		3.779		10.020		4.139950		9.960
4.018		0.8312		0.0000		3961.129		3.782		10.045		4.155786		10.000
4.028		0.8343		0.0000		3961.126		3.785		10.070		4.171622		10.040
4.036		0.8376		0.0000		3961.122		3.789		10.090		4.188146		10.080
4.046		0.8409		0.0000		3961.119		3.792		10.115		4.204669		10.120
4.056		0.8448		0.0000		3961.115		3.796		10.140		4.223948		10.160
4.070		0.8485		0.0000		3961.112		3.799		10.175		4.242537		10.200
4.084		0.8518		0.0000		3961.108		3.803		10.210		4.259061		10.240
4.094		0.8548		0.0000		3961.105		3.806		10.235		4.274207		10.280
4.102		0.8581		0.0000		3961.102		3.809		10.255		4.290732		10.320
4.110		0.8613		0.0000		3961.099		3.812		10.275		4.306568		10.360
4.118		0.8646		0.0000		3961.095		3.816		10.295		4.323092		10.400
4.126		0.8678		0.0000		3961.092		3.819		10.315		4.338927		10.440
4.134		0.8710		0.0000		3961.089		3.822		10.335		4.354762		10.480
4.140		0.8743		0.0000		3961.086		3.825		10.350		4.371286		10.520
4.150		0.8780		0.0000		3961.082		3.829		10.375		4.389876		10.560
4.160		0.8818		0.0000		3961.078		3.833		10.400		4.409153		10.600
4.174		0.8851		0.0000		3961.075		3.836		10.435		4.425678		10.640
4.184		0.8883		0.0000		3961.072		3.839		10.460		4.441513		10.680
4.190		0.8915		0.0000		3961.069		3.842		10.475		4.457349		10.720
4.194		0.8948		0.0000		3961.065		3.846		10.485		4.473873		10.760
4.202		0.8979		0.0000		3961.062		3.849		10.505		4.489708		10.800
4.208		0.9011		0.0000		3961.059		3.852		10.520		4.505544		10.840
4.214		0.9043		0.0000		3961.056		3.855		10.535		4.521379		10.880
4.220		0.9076		0.0000		3961.052		3.858		10.550		4.537903		10.920
4.226		0.9112		0.0000		3961.049		3.862		10.565		4.555805		10.960
4.234		0.9150		0.0000		3961.045		3.866		10.585		4.575082		11.000
4.244		0.9185		0.0000		3961.042		3.869		10.610		4.592295		11.040
4.254		0.9218		0.0000		3961.038		3.873		10.635		4.608818		11.080
4.262		0.9249		0.0000		3961.035		3.876		10.655		4.624654		11.120
4.266		0.9281		0.0000		3961.032		3.879		10.665		4.640490		11.160
4.270		0.9314		0.0000		3961.029		3.882		10.675		4.657013		11.200
4.276		0.9346		0.0000		3961.025		3.885		10.690		4.672849		11.240
4.280		0.9377		0.0000		3961.022		3.889		10.700		4.688685		11.280
4.286		0.9409		0.0000		3961.019		3.892		10.715		4.704521		11.320
4.290		0.9445		0.0000		3961.015		3.895		10.725		4.722421		11.360
4.296		0.9482		0.0000		3961.012		3.899		10.740		4.741011		11.400
4.306		0.9519		0.0000		3961.008		3.903		10.765		4.759600		11.440
4.316		0.9552		0.0000		3961.005		3.906		10.790		4.776125		11.480
4.324		0.9583		0.0000		3961.002		3.909		10.810		4.791272		11.520
4.328		0.9616		0.0000		3960.999		3.912		10.820		4.807796		11.560
4.332		0.9647		0.0000		3960.995		3.916		10.830		4.823631		11.600
4.336		0.9680		0.0000		3960.992		3.919		10.840		4.840155		11.640
4.340		0.9712		0.0000		3960.989		3.922		10.850		4.855990		11.680
4.344		0.9744		0.0000		3960.986		3.925		10.860		4.871826		11.720
4.348		0.9777		0.0000		3960.982		3.929		10.870		4.888350		11.760
4.352		0.9814		0.0000		3960.979		3.932		10.880		4.906940		11.800
4.360		0.9852		0.0000		3960.975		3.936		10.900		4.926218		11.840
4.370		0.9885		0.0000		3960.971		3.939		10.925		4.942741		11.880
4.376		0.9916		0.0000		3960.969		3.942		10.940		4.957888		11.920
4.380		0.9949		0.0000		3960.965		3.946		10.950		4.974413		11.960
4.384		0.9982		0.0000		3960.962		3.949		10.960		4.990936		12.000
4.386		1.0014		0.0000		3960.959		3.952		10.965		5.006772		12.040
4.390		1.0045		0.0000		3960.956		3.955		10.975		5.022607		12.080
4.392		1.0077		0.0000		3960.952		3.959		10.980		5.038443		12.120
4.394		1.0110		0.0000		3960.949		3.962		10.985		5.054967		12.160
4.398		1.0146		0.0000		3960.945		3.965		10.995		5.072868		12.200
4.404		1.0184		0.0000		3960.942		3.969		11.010		5.092146		12.240
4.412		1.0220		0.0000		3960.938		3.973		11.030		5.110047		12.280
4.420		1.0250		0.0000		3960.935		3.976		11.050		5.125194		12.320
4.422		1.0283		0.0000		3960.932		3.979		11.055		5.141718		12.360
4.424		1.0315		0.0000		3960.928		3.982		11.060		5.157553		12.400
4.426		1.0348		0.0000		3960.925		3.986		11.065		5.174078		12.440
4.428		1.0380		0.0000		3960.922		3.989		11.070		5.189912		12.480
4.432		1.0410		0.0000		3960.919		3.992		11.080		5.205060		12.520
4.434		1.0443		0.0000		3960.916		3.995		11.085		5.221584		12.560
4.436		1.0479		0.0000		3960.912		3.999		11.090		5.239484		12.600
4.442		1.0516		0.0000		3960.908		4.003		11.105		5.258074		12.640
4.448		1.0553		0.0000		3960.905		4.006		11.120		5.276663		12.680
4.456		1.0585		0.0000		3960.901		4.009		11.140		5.292499		12.720
4.462		1.0618		0.0000		3960.898		4.013		11.155		5.309024		12.760
4.464		1.0650		0.0000		3960.895		4.016		11.160		5.324860		12.800
4.464		1.0681		0.0000		3960.892		4.019		11.160		5.340695		12.840
4.468		1.0713		0.0000		3960.889		4.022		11.170		5.356529		12.880
4.468		1.0745		0.0000		3960.885		4.025		11.170		5.372365		12.920
4.470		1.0776		0.0000		3960.882		4.029		11.175		5.388200		12.960
4.472		1.0811		0.0000		3960.879		4.032		11.180		5.405414		13.000
4.476		1.0848		0.0000		3960.875		4.036		11.190		5.424004		13.040
4.482		1.0887		0.0000		3960.871		4.040		11.205		5.443280		13.080
4.492		1.0920		0.0000		3960.868		4.043		11.230		5.459805		13.120
4.496		1.0951		0.0000		3960.865		4.046		11.240		5.475640		13.160
4.498		1.0983		0.0000		3960.862		4.049		11.245		5.491476		13.200
4.498		1.1016		0.0000		3960.858		4.053		11.245		5.508001		13.240
4.500		1.1048		0.0000		3960.855		4.056		11.250		5.523834		13.280
4.502		1.1079		0.0000		3960.852		4.059		11.255		5.539670		13.320
4.502		1.1112		0.0000		3960.849		4.062		11.255		5.556195		13.360
4.504		1.1144		0.0000		3960.845		4.065		11.260		5.572031		13.400
4.506		1.1180		0.0000		3960.842		4.069		11.265		5.589931		13.440
4.510		1.1218		0.0000		3960.838		4.073		11.275		5.609210		13.480
4.518		1.1254		0.0000		3960.834		4.076		11.295		5.627110		13.520
4.524		1.1286		0.0000		3960.831		4.080		11.310		5.642946		13.560
4.526		1.1318		0.0000		3960.828		4.083		11.315		5.658782		13.600
4.528		1.1349		0.0000		3960.825		4.086		11.320		5.674617		13.640
4.530		1.1381		0.0000		3960.822		4.089		11.325		5.690453		13.680
4.530		1.1413		0.0000		3960.819		4.092		11.325		5.706289		13.720
4.532		1.1446		0.0000		3960.815		4.095		11.330		5.722811		13.760
4.534		1.1477		0.0000		3960.812		4.099		11.335		5.738647		13.800
4.536		1.1513		0.0000		3960.809		4.102		11.340		5.756547		13.840
4.540		1.1549		0.0000		3960.805		4.106		11.350		5.774450		13.880
4.546		1.1587		0.0000		3960.801		4.110		11.365		5.793726		13.920
4.554		1.1621		0.0000		3960.798		4.113		11.385		5.810251		13.960
4.558		1.1651		0.0000		3960.795		4.116		11.395		5.825398		14.000
4.558		1.1684		0.0000		3960.792		4.119		11.395		5.841923		14.040
4.560		1.1716		0.0000		3960.788		4.122		11.400		5.857759		14.080
4.560		1.1747		0.0000		3960.785		4.126		11.400		5.873594		14.120
4.562		1.1779		0.0000		3960.782		4.129		11.405		5.889430		14.160
4.564		1.1812		0.0000		3960.779		4.132		11.410		5.905952		14.200
4.564		1.1845		0.0000		3960.775		4.135		11.410		5.922477		14.240
4.568		1.1882		0.0000		3960.772		4.139		11.420		5.941067		14.280
4.574		1.1921		0.0000		3960.768		4.143		11.435		5.960345		14.320
4.580		1.1954		0.0000		3960.765		4.146		11.450		5.976868		14.360
4.584		1.1985		0.0000		3960.761		4.149		11.460		5.992703		14.400
4.586		1.2017		0.0000		3960.758		4.153		11.465		6.008539		14.440
4.586		1.2050		0.0000		3960.755		4.156		11.465		6.025064		14.480
4.588		1.2082		0.0000		3960.752		4.159		11.470		6.040900		14.520
4.588		1.2113		0.0000		3960.749		4.162		11.470		6.056736		14.560
4.590		1.2145		0.0000		3960.745		4.165		11.475		6.072569		14.600
4.592		1.2178		0.0000		3960.742		4.169		11.480		6.089094		14.640
4.594		1.2214		0.0000		3960.739		4.172		11.485		6.106994		14.680
4.598		1.2253		0.0000		3960.735		4.176		11.495		6.126273		14.720
4.606		1.2288		0.0000		3960.731		4.180		11.515		6.144173		14.760
4.612		1.2319		0.0000		3960.728		4.183		11.530		6.159320		14.800
4.614		1.2352		0.0000		3960.725		4.186		11.535		6.175845		14.840
4.614		1.2383		0.0000		3960.722		4.189		11.535		6.191680		14.880
4.616		1.2416		0.0000		3960.718		4.193		11.540		6.208205		14.920
4.616		1.2448		0.0000		3960.715		4.196		11.540		6.224041		14.960
4.618		1.2480		0.0000		3960.712		4.199		11.545		6.239874		15.000
4.618		1.2511		0.0000		3960.709		4.202		11.545		6.255710		15.040
4.620		1.2546		0.0000		3960.705		4.205		11.550		6.272924		15.080
4.622		1.2586		0.0000		3960.701		4.209		11.555		6.292889		15.120
4.630		1.2622		0.0000		3960.698		4.213		11.575		6.310792		15.160
4.638		1.2653		0.0000		3960.695		4.216		11.595		6.326625		15.200
4.640		1.2685		0.0000		3960.691		4.219		11.600		6.342461		15.240
4.640		1.2718		0.0000		3960.688		4.223		11.600		6.358986		15.280
4.640		1.2750		0.0000		3960.685		4.226		11.600		6.374822		15.320
4.642		1.2781		0.0000		3960.682		4.229		11.605		6.390657		15.360
4.642		1.2813		0.0000		3960.679		4.232		11.605		6.406493		15.400
4.642		1.2845		0.0000		3960.676		4.235		11.605		6.422329		15.440
4.642		1.2879		0.0000		3960.672		4.239		11.605		6.439540		15.480
4.646		1.2918		0.0000		3960.668		4.243		11.615		6.458819		15.520
4.650		1.2955		0.0000		3960.665		4.246		11.625		6.477408		15.560
4.658		1.2988		0.0000		3960.661		4.250		11.645		6.493931		15.600
4.662		1.3020		0.0000		3960.658		4.253		11.655		6.509767		15.640
4.662		1.3051		0.0000		3960.655		4.256		11.655		6.525602		15.680
4.662		1.3084		0.0000		3960.652		4.259		11.655		6.542127		15.720
4.662		1.3116		0.0000		3960.648		4.263		11.655		6.557963		15.760
4.664		1.3148		0.0000		3960.645		4.266		11.660		6.573799		15.800
4.664		1.3179		0.0000		3960.642		4.269		11.660		6.589634		15.840
4.664		1.3212		0.0000		3960.639		4.272		11.660		6.606157		15.880
4.666		1.3249		0.0000		3960.635		4.276		11.665		6.624746		15.920
4.670		1.3287		0.0000		3960.631		4.280		11.675		6.643336		15.960
4.678		1.3322		0.0000		3960.628		4.283		11.695		6.661236		16.000
4.682		1.3354		0.0000		3960.625		4.286		11.705		6.677072		16.040
4.684		1.3386		0.0000		3960.621		4.289		11.710		6.692908		16.080
4.684		1.3417		0.0000		3960.618		4.293		11.710		6.708744		16.120
4.684		1.3451		0.0000		3960.615		4.296		11.710		6.725268		16.160
4.684		1.3481		0.0000		3960.612		4.299		11.710		6.740415		16.200
4.684		1.3513		0.0000		3960.609		4.302		11.710		6.756251		16.240
4.684		1.3546		0.0000		3960.605		4.305		11.710		6.772773		16.280
4.686		1.3581		0.0000		3960.602		4.309		11.715		6.790676		16.320
4.688		1.3619		0.0000		3960.598		4.313		11.720		6.809266		16.360
4.694		1.3656		0.0000		3960.594		4.316		11.735		6.827855		16.400
4.702		1.3687		0.0000		3960.591		4.320		11.755		6.843691		16.440
4.704		1.3719		0.0000		3960.588		4.323		11.760		6.859524		16.480
4.702		1.3751		0.0000		3960.585		4.326		11.755		6.875360		16.520
4.702		1.3784		0.0000		3960.582		4.329		11.755		6.891885		16.560
4.702		1.3815		0.0000		3960.578		4.332		11.755		6.907721		16.600
4.704		1.3847		0.0000		3960.575		4.336		11.760		6.923556		16.640
4.704		1.3880		0.0000		3960.572		4.339		11.760		6.940079		16.680
4.704		1.3913		0.0000		3960.569		4.342		11.760		6.956604		16.720
4.706		1.3950		0.0000		3960.565		4.346		11.765		6.975193		16.760
4.710		1.3989		0.0000		3960.561		4.350		11.775		6.994472		16.800
4.716		1.4022		0.0000		3960.558		4.353		11.790		7.010996		16.840
4.720		1.4054		0.0000		3960.555		4.356		11.800		7.026830		16.880
4.720		1.4085		0.0000		3960.552		4.359		11.800		7.042665		16.920
4.720		1.4117		0.0000		3960.548		4.363		11.800		7.058501		16.960
4.722		1.4150		0.0000		3960.545		4.366		11.805		7.075026		17.000
4.722		1.4182		0.0000		3960.542		4.369		11.805		7.090862		17.040
4.722		1.4213		0.0000		3960.539		4.372		11.805		7.106698		17.080
4.722		1.4246		0.0000		3960.535		4.376		11.805		7.123220		17.120
4.724		1.4284		0.0000		3960.531		4.379		11.810		7.141809		17.160
4.728		1.4322		0.0000		3960.528		4.383		11.820		7.161088		17.200
4.736		1.4357		0.0000		3960.524		4.387		11.840		7.178302		17.240
4.740		1.4387		0.0000		3960.521		4.390		11.850		7.193449		17.280
4.742		1.4419		0.0000		3960.518		4.393		11.855		7.209284		17.320
4.742		1.4452		0.0000		3960.515		4.396		11.855		7.225807		17.360
4.742		1.4483		0.0000		3960.512		4.399		11.855		7.241642		17.400
4.744		1.4515		0.0000		3960.509		4.402		11.860		7.257478		17.440
4.744		1.4548		0.0000		3960.505		4.406		11.860		7.274003		17.480
4.746		1.4580		0.0000		3960.502		4.409		11.865		7.289839		17.520
4.746		1.4615		0.0000		3960.499		4.412		11.865		7.307739		17.560
4.750		1.4654		0.0000		3960.495		4.416		11.875		7.327018		17.600
4.756		1.4690		0.0000		3960.491		4.420		11.890		7.344918		17.640
4.762		1.4722		0.0000		3960.488		4.423		11.905		7.360754		17.680
4.764		1.4753		0.0000		3960.485		4.426		11.910		7.376590		17.720
4.764		1.4786		0.0000		3960.481		4.430		11.910		7.393112		17.760
4.764		1.4818		0.0000		3960.478		4.433		11.910		7.408948		17.800
4.764		1.4848		0.0000		3960.475		4.436		11.910		7.424095		17.840
4.766		1.4881		0.0000		3960.472		4.439		11.915		7.440619		17.880
4.766		1.4913		0.0000		3960.469		4.442		11.915		7.456455		17.920
4.768		1.4947		0.0000		3960.465		4.446		11.920		7.473667		17.960
4.770		1.4986		0.0000		3960.461		4.450		11.925		7.492945		18.000
4.776		1.5023		0.0000		3960.458		4.453		11.940		7.511535		18.040
4.784		1.5056		0.0000		3960.454		4.457		11.960		7.528059		18.080
4.788		1.5086		0.0000		3960.451		4.460		11.970		7.543206		18.120
4.788		1.5119		0.0000		3960.448		4.463		11.970		7.559731		18.160
4.788		1.5151		0.0000		3960.445		4.466		11.970		7.575564		18.200
4.788		1.5184		0.0000		3960.442		4.469		11.970		7.592089		18.240
4.790		1.5216		0.0000		3960.438		4.472		11.975		7.607925		18.280
4.790		1.5248		0.0000		3960.435		4.476		11.975		7.623761		18.320
4.792		1.5281		0.0000		3960.432		4.479		11.980		7.640285		18.360
4.794		1.5318		0.0000		3960.428		4.483		11.985		7.658875		18.400
4.800		1.5355		0.0000		3960.425		4.486		12.000		7.677464		18.440
4.808		1.5389		0.0000		3960.421		4.490		12.020		7.694676		18.480
4.814		1.5421		0.0000		3960.418		4.493		12.035		7.710512		18.520
4.816		1.5453		0.0000		3960.415		4.496		12.040		7.726347		18.560
4.816		1.5486		0.0000		3960.411		4.499		12.040		7.742870		18.600
4.816		1.5517		0.0000		3960.408		4.503		12.040		7.758706		18.640
4.818		1.5549		0.0000		3960.405		4.506		12.045		7.774541		18.680
4.818		1.5581		0.0000		3960.402		4.509		12.045		7.790377		18.720
4.820		1.5614		0.0000		3960.399		4.512		12.050		7.806902		18.760
4.820		1.5650		0.0000		3960.395		4.516		12.050		7.824802		18.800
4.824		1.5688		0.0000		3960.391		4.520		12.060		7.844081		18.840
4.832		1.5724		0.0000		3960.388		4.523		12.080		7.861981		18.880
4.838		1.5756		0.0000		3960.385		4.526		12.095		7.877817		18.920
4.840		1.5787		0.0000		3960.381		4.530		12.100		7.893653		18.960
4.840		1.5819		0.0000		3960.378		4.533		12.100		7.909489		19.000
4.840		1.5852		0.0000		3960.375		4.536		12.100		7.926011		19.040
4.842		1.5884		0.0000		3960.372		4.539		12.105		7.941847		19.080
4.842		1.5915		0.0000		3960.368		4.542		12.105		7.957683		19.120
4.842		1.5948		0.0000		3960.365		4.546		12.105		7.974207		19.160
4.844		1.5983		0.0000		3960.362		4.549		12.110		7.991419		19.200
4.846		1.6020		0.0000		3960.358		4.553		12.115		8.010008		19.240
4.852		1.6056		0.0000		3960.354		4.556		12.130		8.027908		19.280
4.858		1.6090		0.0000		3960.351		4.560		12.145		8.045122		19.320
4.862		1.6122		0.0000		3960.348		4.563		12.155		8.060959		19.360
4.862		1.6154		0.0000		3960.345		4.566		12.155		8.076794		19.400
4.862		1.6185		0.0000		3960.342		4.569		12.155		8.092630		19.440
4.862		1.6218		0.0000		3960.338		4.573		12.155		8.109152		19.480
4.864		1.6249		0.0000		3960.335		4.576		12.160		8.124299		19.520
4.864		1.6282		0.0000		3960.332		4.579		12.160		8.140823		19.560
4.864		1.6315		0.0000		3960.329		4.582		12.160		8.157349		19.600
4.866		1.6352		0.0000		3960.325		4.586		12.165		8.175938		19.640
4.870		1.6389		0.0000		3960.321		4.590		12.175		8.194528		19.680
4.878		1.6423		0.0000		3960.318		4.593		12.195		8.211739		19.720
4.882		1.6455		0.0000		3960.314		4.596		12.205		8.227575		19.760
4.884		1.6487		0.0000		3960.311		4.600		12.210		8.243410		19.800
4.882		1.6520		0.0000		3960.308		4.603		12.205		8.259935		19.840
4.884		1.6552		0.0000		3960.305		4.606		12.210		8.275768		19.880
4.884		1.6583		0.0000		3960.302		4.609		12.210		8.291605		19.920
4.884		1.6616		0.0000		3960.298		4.613		12.210		8.308129		19.960
4.886		1.6648		0.0000		3960.295		4.616		12.215		8.323965		20.000
4.886		1.6684		0.0000		3960.292		4.619		12.215		8.341866		20.040
4.890		1.6721		0.0000		3960.288		4.623		12.225		8.360455		20.080
4.896		1.6758		0.0000		3960.284		4.627		12.240		8.379045		20.120
4.902		1.6788		0.0000		3960.281		4.630		12.255		8.394192		20.160
4.904		1.6821		0.0000		3960.278		4.633		12.260		8.410716		20.200
4.904		1.6853		0.0000		3960.275		4.636		12.260		8.426552		20.240
4.904		1.6886		0.0000		3960.271		4.640		12.260		8.443074		20.280
4.904		1.6918		0.0000		3960.268		4.643		12.260		8.458910		20.320
4.904		1.6949		0.0000		3960.265		4.646		12.260		8.474746		20.360
4.904		1.6981		0.0000		3960.262		4.649		12.260		8.490582		20.400
4.904		1.7017		0.0000		3960.258		4.653		12.260		8.508482		20.440
4.908		1.7054		0.0000		3960.255		4.656		12.270		8.527071		20.480
4.914		1.7091		0.0000		3960.251		4.660		12.285		8.545661		20.520
4.920		1.7123		0.0000		3960.248		4.663		12.300		8.561497		20.560
4.922		1.7155		0.0000		3960.245		4.666		12.305		8.577332		20.600
4.922		1.7188		0.0000		3960.241		4.670		12.305		8.593857		20.640
4.922		1.7219		0.0000		3960.238		4.673		12.305		8.609694		20.680
4.924		1.7251		0.0000		3960.235		4.676		12.310		8.625528		20.720
4.924		1.7284		0.0000		3960.231		4.679		12.310		8.642052		20.760
4.926		1.7316		0.0000		3960.229		4.682		12.315		8.657887		20.800
4.926		1.7349		0.0000		3960.225		4.686		12.315		8.674412		20.840
4.928		1.7386		0.0000		3960.221		4.690		12.320		8.693001		20.880
4.932		1.7423		0.0000		3960.218		4.693		12.330		8.711591		20.920
4.938		1.7458		0.0000		3960.214		4.697		12.345		8.728802		20.960
4.944		1.7489		0.0000		3960.211		4.700		12.360		8.744638		21.000
4.944		1.7521		0.0000		3960.208		4.703		12.360		8.760473		21.040
4.944		1.7554		0.0000		3960.205		4.706		12.360		8.776999		21.080
4.946		1.7586		0.0000		3960.201		4.709		12.365		8.792834		21.120
4.946		1.7617		0.0000		3960.198		4.713		12.365		8.808670		21.160
4.948		1.7649		0.0000		3960.195		4.716		12.370		8.824503		21.200
4.948		1.7682		0.0000		3960.192		4.719		12.370		8.841028		21.240
4.948		1.7718		0.0000		3960.188		4.723		12.370		8.858929		21.280
4.952		1.7756		0.0000		3960.184		4.727		12.380		8.878207		21.320
4.960		1.7792		0.0000		3960.181		4.730		12.400		8.896108		21.360
4.966		1.7824		0.0000		3960.177		4.733		12.415		8.911943		21.400
4.968		1.7856		0.0000		3960.174		4.736		12.420		8.927779		21.440
4.968		1.7887		0.0000		3960.171		4.740		12.420		8.943615		21.480
4.968		1.7920		0.0000		3960.168		4.743		12.420		8.960140		21.520
4.968		1.7952		0.0000		3960.165		4.746		12.420		8.975975		21.560
4.970		1.7984		0.0000		3960.162		4.749		12.425		8.991809		21.600
4.970		1.8015		0.0000		3960.158		4.752		12.425		9.007645		21.640
4.972		1.8050		0.0000		3960.155		4.756		12.430		9.024858		21.680
4.974		1.8088		0.0000		3960.151		4.760		12.435		9.044137		21.720
4.982		1.8125		0.0000		3960.147		4.763		12.455		9.062727		21.760
4.988		1.8157		0.0000		3960.144		4.767		12.470		9.078560		21.800
4.992		1.8189		0.0000		3960.141		4.770		12.480		9.094396		21.840
4.992		1.8222		0.0000		3960.138		4.773		12.480		9.110920		21.880
4.994		1.8254		0.0000		3960.135		4.776		12.485		9.126757		21.920
4.994		1.8285		0.0000		3960.131		4.779		12.485		9.142591		21.960
4.994		1.8317		0.0000		3960.128		4.783		12.485		9.158428		22.000
4.996		1.8350		0.0000		3960.125		4.786		12.490		9.174950		22.040
4.996		1.8383		0.0000		3960.122		4.789		12.490		9.191475		22.080
4.998		1.8420		0.0000		3960.118		4.793		12.495		9.210064		22.120
5.004		1.8459		0.0000		3960.114		4.797		12.510		9.229343		22.160
5.010		1.8492		0.0000		3960.111		4.800		12.525		9.245865		22.200
5.016		1.8523		0.0000		3960.108		4.803		12.540		9.261702		22.240
5.016		1.8555		0.0000		3960.104		4.806		12.540		9.277536		22.280
5.014		1.8588		0.0000		3960.101		4.810		12.535		9.294062		22.320
5.016		1.8620		0.0000		3960.098		4.813		12.540		9.309897		22.360
5.016		1.8651		0.0000		3960.095		4.816		12.540		9.325733		22.400
5.016		1.8683		0.0000		3960.092		4.819		12.540		9.341569		22.440
5.016		1.8716		0.0000		3960.088		4.823		12.540		9.358091		22.480
5.018		1.8752		0.0000		3960.085		4.826		12.545		9.375992		22.520
5.020		1.8791		0.0000		3960.081		4.830		12.550		9.395270		22.560
5.026		1.8825		0.0000		3960.077		4.833		12.565		9.412484		22.600
5.032		1.8858		0.0000		3960.074		4.837		12.580		9.429007		22.640
5.034		1.8890		0.0000		3960.071		4.840		12.585		9.444842		22.680
5.034		1.8921		0.0000		3960.068		4.843		12.585		9.460678		22.720
5.034		1.8953		0.0000		3960.065		4.846		12.585		9.476514		22.760
5.034		1.8985		0.0000		3960.062		4.849		12.585		9.492350		22.800
5.034		1.9018		0.0000		3960.058		4.853		12.585		9.508875		22.840
5.034		1.9049		0.0000		3960.055		4.856		12.585		9.524708		22.880
5.034		1.9084		0.0000		3960.052		4.859		12.585		9.541922		22.920
5.038		1.9122		0.0000		3960.048		4.863		12.595		9.561200		22.960
5.044		1.9160		0.0000		3960.044		4.867		12.610		9.579790		23.000
5.050		1.9193		0.0000		3960.041		4.870		12.625		9.596312		23.040
5.052		1.9223		0.0000		3960.038		4.873		12.630		9.611459		23.080
5.052		1.9255		0.0000		3960.034		4.876		12.630		9.627295		23.120
5.050		1.9288		0.0000		3960.031		4.880		12.625		9.643820		23.160
5.052		1.9319		0.0000		3960.028		4.883		12.630		9.659655		23.200
5.052		1.9351		0.0000		3960.025		4.886		12.630		9.675491		23.240
5.052		1.9384		0.0000		3960.021		4.889		12.630		9.692013		23.280
5.052		1.9417		0.0000		3960.018		4.893		12.630		9.708538		23.320
5.054		1.9454		0.0000		3960.015		4.896		12.635		9.727127		23.360
5.058		1.9493		0.0000		3960.011		4.900		12.645		9.746407		23.400
5.066		1.9526		0.0000		3960.007		4.903		12.665		9.762931		23.440
5.070		1.9558		0.0000		3960.004		4.907		12.675		9.778765		23.480
5.070		1.9589		0.0000		3960.001		4.910		12.675		9.794600		23.520
5.068		1.9622		0.0000		3959.998		4.913		12.670		9.811125		23.560
5.068		1.9654		0.0000		3959.995		4.916		12.670		9.826961		23.600
5.068		1.9686		0.0000		3959.991		4.919		12.670		9.842796		23.640
5.068		1.9717		0.0000		3959.988		4.923		12.670		9.858632		23.680
5.068		1.9750		0.0000		3959.985		4.926		12.670		9.875154		23.720
5.068		1.9786		0.0000		3959.981		4.930		12.670		9.893057		23.760
5.072		1.9825		0.0000		3959.978		4.933		12.680		9.912333		23.800
5.080		1.9860		0.0000		3959.974		4.937		12.700		9.930237		23.840
5.086		1.9891		0.0000		3959.971		4.940		12.715		9.945383		23.880
5.086		1.9922		0.0000		3959.968		4.943		12.715		9.961219		23.920
5.084		1.9955		0.0000		3959.964		4.946		12.710		9.977741		23.960
5.084		1.9989		0.0000		3959.961		4.950		12.710		9.994267		24.000
5.086		2.0020		0.0000		3959.958		4.953		12.715		10.010101		24.040
5.084		2.0052		0.0000		3959.955		4.956		12.710		10.025938		24.080
5.084		2.0084		0.0000		3959.952		4.959		12.710		10.041773		24.120
5.084		2.0118		0.0000		3959.948		4.963		12.710		10.058985		24.160
5.088		2.0157		0.0000		3959.944		4.967		12.720		10.078263		24.200
5.092		2.0194		0.0000		3959.941		4.970		12.730		10.096853		24.240
5.100		2.0225		0.0000		3959.938		4.973		12.750		10.112688		24.280
5.102		2.0257		0.0000		3959.934		4.977		12.755		10.128525		24.320
5.102		2.0290		0.0000		3959.931		4.980		12.755		10.145046		24.360
5.102		2.0322		0.0000		3959.928		4.983		12.755		10.160883		24.400
5.102		2.0353		0.0000		3959.925		4.986		12.755		10.176718		24.440
5.102		2.0385		0.0000		3959.921		4.989		12.755		10.192554		24.480
5.102		2.0417		0.0000		3959.918		4.993		12.755		10.208389		24.520
5.102		2.0451		0.0000		3959.915		4.996		12.755		10.225601		24.560
5.104		2.0488		0.0000		3959.911		5.000		12.760		10.244190		24.600
5.110		2.0527		0.0000		3959.907		5.004		12.775		10.263470		24.640
5.118		2.0560		0.0000		3959.904		5.007		12.795		10.279994		24.680
5.122		2.0592		0.0000		3959.901		5.010		12.805		10.295830		24.720
5.120		2.0623		0.0000		3959.898		5.013		12.800		10.311666		24.760
5.120		2.0656		0.0000		3959.894		5.017		12.800		10.328188		24.800
5.120		2.0688		0.0000		3959.891		5.020		12.800		10.344024		24.840
5.120		2.0720		0.0000		3959.888		5.023		12.800		10.359859		24.880
5.120		2.0751		0.0000		3959.885		5.026		12.800		10.375695		24.920
5.122		2.0784		0.0000		3959.882		5.029		12.805		10.392220		24.960
5.122		2.0820		0.0000		3959.878		5.033		12.805		10.410120		25.000
5.126		2.0859		0.0000		3959.874		5.037		12.815		10.429399		25.040
5.132		2.0895		0.0000		3959.871		5.040		12.830		10.447300		25.080
5.138		2.0925		0.0000		3959.867		5.043		12.845		10.462446		25.120
5.140		2.0958		0.0000		3959.864		5.047		12.850		10.478971		25.160
5.138		2.0990		0.0000		3959.861		5.050		12.845		10.494804		25.200
5.138		2.1021		0.0000		3959.858		5.053		12.845		10.510640		25.240
5.138		2.1053		0.0000		3959.855		5.056		12.845		10.526476		25.280
5.138		2.1085		0.0000		3959.852		5.059		12.845		10.542312		25.320
5.138		2.1118		0.0000		3959.848		5.063		12.845		10.558836		25.360
5.140		2.1152		0.0000		3959.845		5.066		12.850		10.576048		25.400
5.144		2.1191		0.0000		3959.841		5.070		12.860		10.595326		25.440
5.150		2.1228		0.0000		3959.837		5.074		12.875		10.613916		25.480
5.158		2.1260		0.0000		3959.834		5.077		12.895		10.629751		25.520
5.160		2.1291		0.0000		3959.831		5.080		12.900		10.645588		25.560
5.158		2.1324		0.0000		3959.828		5.083		12.895		10.662109		25.600
5.158		2.1356		0.0000		3959.824		5.087		12.895		10.677946		25.640
5.158		2.1388		0.0000		3959.821		5.090		12.895		10.693781		25.680
5.158		2.1421		0.0000		3959.818		5.093		12.895		10.710306		25.720
5.158		2.1451		0.0000		3959.815		5.096		12.895		10.725452		25.760
5.158		2.1485		0.0000		3959.812		5.099		12.895		10.742664		25.800
5.158		2.1524		0.0000		3959.808		5.103		12.895		10.761943		25.840
5.164		2.1561		0.0000		3959.804		5.107		12.910		10.780533		25.880
5.170		2.1594		0.0000		3959.801		5.110		12.925		10.797057		25.920
5.174		2.1626		0.0000		3959.797		5.113		12.935		10.812893		25.960
5.174		2.1657		0.0000		3959.794		5.117		12.935		10.828729		26.000
5.172		2.1689		0.0000		3959.791		5.120		12.930		10.844564		26.040
5.172		2.1721		0.0000		3959.788		5.123		12.930		10.860397		26.080
5.172		2.1754		0.0000		3959.785		5.126		12.930		10.876923		26.120
5.170		2.1786		0.0000		3959.781		5.129		12.925		10.892758		26.160
5.170		2.1817		0.0000		3959.778		5.133		12.925		10.908594		26.200
5.172		2.1856		0.0000		3959.774		5.136		12.930		10.927873		26.240
5.176		2.1893		0.0000		3959.771		5.140		12.940		10.946463		26.280
5.182		2.1929		0.0000		3959.767		5.144		12.955		10.964363		26.320
5.188		2.1959		0.0000		3959.764		5.147		12.970		10.979509		26.360
5.188		2.1992		0.0000		3959.761		5.150		12.970		10.996035		26.400
5.186		2.2024		0.0000		3959.758		5.153		12.965		11.011869		26.440
5.186		2.2057		0.0000		3959.754		5.157		12.965		11.028393		26.480
5.186		2.2087		0.0000		3959.751		5.160		12.965		11.043539		26.520
5.184		2.2119		0.0000		3959.748		5.163		12.960		11.059375		26.560
5.184		2.2152		0.0000		3959.745		5.166		12.960		11.075899		26.600
5.184		2.2188		0.0000		3959.741		5.170		12.960		11.093800		26.640
5.186		2.2225		0.0000		3959.738		5.173		12.965		11.112390		26.680
5.192		2.2262		0.0000		3959.734		5.177		12.980		11.130980		26.720
5.198		2.2294		0.0000		3959.731		5.180		12.995		11.146814		26.760
5.200		2.2325		0.0000		3959.728		5.183		13.000		11.162651		26.800
5.198		2.2358		0.0000		3959.724		5.187		12.995		11.179175		26.840
5.198		2.2390		0.0000		3959.721		5.190		12.995		11.195009		26.880
5.198		2.2422		0.0000		3959.718		5.193		12.995		11.210844		26.920
5.196		2.2453		0.0000		3959.715		5.196		12.990		11.226681		26.960
5.196		2.2485		0.0000		3959.711		5.199		12.990		11.242516		27.000
5.196		2.2519		0.0000		3959.708		5.203		12.990		11.259729		27.040
5.196		2.2558		0.0000		3959.704		5.207		12.990		11.279006		27.080
5.202		2.2595		0.0000		3959.700		5.210		13.005		11.297596		27.120
5.208		2.2628		0.0000		3959.697		5.214		13.020		11.314120		27.160
5.212		2.2660		0.0000		3959.694		5.217		13.030		11.329956		27.200
5.210		2.2692		0.0000		3959.691		5.220		13.025		11.345792		27.240
5.210		2.2725		0.0000		3959.688		5.223		13.025		11.362316		27.280
5.208		2.2756		0.0000		3959.684		5.227		13.020		11.378150		27.320
5.208		2.2788		0.0000		3959.681		5.230		13.020		11.393986		27.360
5.206		2.2820		0.0000		3959.678		5.233		13.015		11.409822		27.400
5.206		2.2853		0.0000		3959.675		5.236		13.015		11.426346		27.440
5.206		2.2890		0.0000		3959.671		5.240		13.015		11.444936		27.480
5.210		2.2928		0.0000		3959.667		5.244		13.025		11.464214		27.520
5.216		2.2963		0.0000		3959.664		5.247		13.040		11.481426		27.560
5.222		2.2995		0.0000		3959.661		5.250		13.055		11.497261		27.600
5.222		2.3026		0.0000		3959.657		5.254		13.055		11.513098		27.640
5.220		2.3058		0.0000		3959.654		5.257		13.050		11.528933		27.680
5.220		2.3090		0.0000		3959.651		5.260		13.050		11.544769		27.720
5.218		2.3121		0.0000		3959.648		5.263		13.045		11.560604		27.760
5.218		2.3153		0.0000		3959.645		5.266		13.045		11.576438		27.800
5.216		2.3186		0.0000		3959.641		5.270		13.040		11.592962		27.840
5.216		2.3222		0.0000		3959.638		5.273		13.040		11.610863		27.880
5.218		2.3260		0.0000		3959.634		5.277		13.045		11.630142		27.920
5.226		2.3297		0.0000		3959.630		5.281		13.065		11.648731		27.960
5.232		2.3329		0.0000		3959.627		5.284		13.080		11.664567		28.000
5.234		2.3359		0.0000		3959.624		5.287		13.085		11.679714		28.040
5.232		2.3392		0.0000		3959.621		5.290		13.080		11.696239		28.080
5.230		2.3424		0.0000		3959.618		5.293		13.075		11.712074		28.120
5.230		2.3456		0.0000		3959.615		5.296		13.075		11.727910		28.160
5.230		2.3487		0.0000		3959.611		5.300		13.075		11.743744		28.200
5.230		2.3521		0.0000		3959.608		5.303		13.075		11.760268		28.240
5.228		2.3554		0.0000		3959.605		5.306		13.070		11.776793		28.280
5.230		2.3592		0.0000		3959.601		5.310		13.075		11.796072		28.320
5.236		2.3631		0.0000		3959.597		5.314		13.090		11.815348		28.360
5.242		2.3662		0.0000		3959.594		5.317		13.105		11.831183		28.400
5.244		2.3694		0.0000		3959.591		5.320		13.110		11.847019		28.440
5.244		2.3726		0.0000		3959.587		5.323		13.110		11.862855		28.480
5.242		2.3757		0.0000		3959.584		5.327		13.105		11.878691		28.520
5.242		2.3790		0.0000		3959.581		5.330		13.105		11.895216		28.560
5.242		2.3821		0.0000		3959.578		5.333		13.105		11.910362		28.600
5.240		2.3854		0.0000		3959.575		5.336		13.100		11.926885		28.640
5.240		2.3887		0.0000		3959.571		5.340		13.100		11.943409		28.680
5.240		2.3924		0.0000		3959.568		5.343		13.100		11.961999		28.720
5.246		2.3963		0.0000		3959.564		5.347		13.115		11.981277		28.760
5.252		2.3997		0.0000		3959.560		5.351		13.130		11.998489		28.800
5.256		2.4029		0.0000		3959.557		5.354		13.140		12.014324		28.840
5.256		2.4060		0.0000		3959.554		5.357		13.140		12.030161		28.880
5.254		2.4092		0.0000		3959.551		5.360		13.135		12.045996		28.920
5.254		2.4124		0.0000		3959.548		5.363		13.135		12.061832		28.960
5.252		2.4155		0.0000		3959.544		5.366		13.130		12.077667		29.000
5.252		2.4188		0.0000		3959.541		5.370		13.130		12.094191		29.040
5.250		2.4220		0.0000		3959.538		5.373		13.125		12.110025		29.080
5.250		2.4256		0.0000		3959.534		5.376		13.125		12.127926		29.120
5.254		2.4294		0.0000		3959.531		5.380		13.135		12.147205		29.160
5.260		2.4330		0.0000		3959.527		5.384		13.150		12.165106		29.200
5.264		2.4363		0.0000		3959.524		5.387		13.160		12.181630		29.240
5.266		2.4395		0.0000		3959.521		5.390		13.165		12.197466		29.280
5.264		2.4427		0.0000		3959.517		5.394		13.160		12.213302		29.320
5.264		2.4458		0.0000		3959.514		5.397		13.160		12.229137		29.360
5.262		2.4490		0.0000		3959.511		5.400		13.155		12.244973		29.400
5.260		2.4522		0.0000		3959.508		5.403		13.150		12.260809		29.440
5.260		2.4555		0.0000		3959.504		5.406		13.150		12.277331		29.480
5.258		2.4589		0.0000		3959.501		5.410		13.145		12.294545		29.520
5.260		2.4626		0.0000		3959.497		5.414		13.150		12.313135		29.560
5.264		2.4665		0.0000		3959.493		5.417		13.160		12.332411		29.600
5.272		2.4696		0.0000		3959.490		5.421		13.180		12.348247		29.640
5.274		2.4728		0.0000		3959.487		5.424		13.185		12.364082		29.680
5.272		2.4760		0.0000		3959.484		5.427		13.180		12.379918		29.720
5.270		2.4793		0.0000		3959.481		5.430		13.175		12.396442		29.760
5.268		2.4825		0.0000		3959.478		5.433		13.170		12.412279		29.800
5.268		2.4856		0.0000		3959.474		5.437		13.170		12.428114		29.840
5.266		2.4888		0.0000		3959.471		5.440		13.165		12.443948		29.880
5.264		2.4921		0.0000		3959.468		5.443		13.160		12.460472		29.920
5.264		2.4958		0.0000		3959.464		5.447		13.160		12.479062		29.960
5.268		2.4997		0.0000		3959.460		5.451		13.170		12.498341		30.000
5.274		2.5031		0.0000		3959.457		5.454		13.185		12.515553		30.040
5.278		2.5063		0.0000		3959.454		5.457		13.195		12.531387		30.080
5.276		2.5094		0.0000		3959.450		5.460		13.190		12.547224		30.120
5.276		2.5126		0.0000		3959.447		5.464		13.190		12.563059		30.160
5.274		2.5158		0.0000		3959.444		5.467		13.185		12.578896		30.200
5.272		2.5189		0.0000		3959.441		5.470		13.180		12.594730		30.240
5.272		2.5221		0.0000		3959.438		5.473		13.180		12.610567		30.280
5.270		2.5254		0.0000		3959.435		5.476		13.175		12.627089		30.320
5.270		2.5290		0.0000		3959.431		5.480		13.175		12.644992		30.360
5.272		2.5329		0.0000		3959.427		5.484		13.180		12.664268		30.400
5.280		2.5366		0.0000		3959.423		5.487		13.200		12.682858		30.440
5.284		2.5396		0.0000		3959.420		5.491		13.210		12.698004		30.480
5.284		2.5428		0.0000		3959.417		5.494		13.210		12.713840		30.520
5.280		2.5461		0.0000		3959.414		5.497		13.200		12.730365		30.560
5.278		2.5492		0.0000		3959.411		5.500		13.195		12.746201		30.600
5.278		2.5524		0.0000		3959.407		5.503		13.195		12.762036		30.640
5.276		2.5556		0.0000		3959.404		5.506		13.190		12.777872		30.680
5.274		2.5589		0.0000		3959.401		5.510		13.185		12.794394		30.720
5.272		2.5623		0.0000		3959.398		5.513		13.180		12.811608		30.760
5.272		2.5660		0.0000		3959.394		5.517		13.180		12.830198		30.800
5.278		2.5699		0.0000		3959.390		5.521		13.195		12.849476		30.840
5.284		2.5731		0.0000		3959.387		5.524		13.210		12.865313		30.880
5.286		2.5762		0.0000		3959.384		5.527		13.215		12.881145		30.920
5.284		2.5794		0.0000		3959.381		5.530		13.210		12.896981		30.960
5.282		2.5827		0.0000		3959.377		5.534		13.205		12.913506		31.000
5.280		2.5859		0.0000		3959.374		5.537		13.200		12.929342		31.040
5.280		2.5890		0.0000		3959.371		5.540		13.200		12.945177		31.080
5.278		2.5922		0.0000		3959.368		5.543		13.195		12.961014		31.120
5.276		2.5955		0.0000		3959.365		5.546		13.190		12.977535		31.160
5.276		2.5992		0.0000		3959.361		5.550		13.190		12.996125		31.200
5.280		2.6031		0.0000		3959.357		5.554		13.200		13.015404		31.240
5.286		2.6065		0.0000		3959.354		5.557		13.215		13.032618		31.280
5.290		2.6096		0.0000		3959.350		5.560		13.225		13.047764		31.320
5.288		2.6129		0.0000		3959.347		5.564		13.220		13.064287		31.360
5.286		2.6160		0.0000		3959.344		5.567		13.215		13.080122		31.400
5.284		2.6192		0.0000		3959.341		5.570		13.210		13.095959		31.440
5.284		2.6225		0.0000		3959.337		5.573		13.210		13.112483		31.480
5.284		2.6257		0.0000		3959.334		5.577		13.210		13.128319		31.520
5.282		2.6288		0.0000		3959.331		5.580		13.205		13.144155		31.560
5.282		2.6324		0.0000		3959.328		5.583		13.205		13.162055		31.600
5.284		2.6363		0.0000		3959.324		5.587		13.210		13.181334		31.640
5.290		2.6398		0.0000		3959.320		5.591		13.225		13.199234		31.680
5.294		2.6430		0.0000		3959.317		5.594		13.235		13.215070		31.720
5.294		2.6462		0.0000		3959.314		5.597		13.235		13.230906		31.760
5.292		2.6495		0.0000		3959.311		5.600		13.230		13.247428		31.800
5.290		2.6527		0.0000		3959.307		5.604		13.225		13.263264		31.840
5.288		2.6558		0.0000		3959.304		5.607		13.220		13.279099		31.880
5.288		2.6590		0.0000		3959.301		5.610		13.220		13.294935		31.920
5.286		2.6622		0.0000		3959.298		5.613		13.215		13.310771		31.960
5.284		2.6656		0.0000		3959.294		5.617		13.210		13.327982		32.000
5.286		2.6695		0.0000		3959.291		5.620		13.215		13.347261		32.040
5.292		2.6733		0.0000		3959.287		5.624		13.230		13.366539		32.080
5.298		2.6765		0.0000		3959.283		5.627		13.245		13.382376		32.120
5.300		2.6796		0.0000		3959.280		5.631		13.250		13.398211		32.160
5.296		2.6828		0.0000		3959.277		5.634		13.240		13.414044		32.200
5.294		2.6861		0.0000		3959.274		5.637		13.235		13.430569		32.240
5.292		2.6893		0.0000		3959.271		5.640		13.230		13.446405		32.280
5.290		2.6924		0.0000		3959.268		5.643		13.225		13.462240		32.320
5.288		2.6956		0.0000		3959.264		5.647		13.220		13.478077		32.360
5.288		2.6989		0.0000		3959.261		5.650		13.220		13.494598		32.400
5.288		2.7026		0.0000		3959.257		5.654		13.220		13.513188		32.440
5.290		2.7065		0.0000		3959.253		5.657		13.225		13.532467		32.480
5.296		2.7099		0.0000		3959.250		5.661		13.240		13.549681		32.520
5.300		2.7131		0.0000		3959.247		5.664		13.250		13.565516		32.560
5.298		2.7163		0.0000		3959.244		5.667		13.245		13.581350		32.600
5.294		2.7194		0.0000		3959.240		5.670		13.235		13.597185		32.640
5.292		2.7226		0.0000		3959.237		5.674		13.230		13.613022		32.680
5.288		2.7258		0.0000		3959.234		5.677		13.220		13.628857		32.720
5.286		2.7289		0.0000		3959.231		5.680		13.215		13.644693		32.760
5.284		2.7322		0.0000		3959.228		5.683		13.210		13.661218		32.800
5.282		2.7358		0.0000		3959.224		5.687		13.205		13.679118		32.840
5.284		2.7397		0.0000		3959.220		5.691		13.210		13.698397		32.880
5.290		2.7434		0.0000		3959.217		5.694		13.225		13.716986		32.920
5.294		2.7464		0.0000		3959.214		5.697		13.235		13.732133		32.960
5.294		2.7496		0.0000		3959.210		5.701		13.235		13.747969		33.000
5.290		2.7529		0.0000		3959.207		5.704		13.225		13.764491		33.040
5.288		2.7561		0.0000		3959.204		5.707		13.220		13.780327		33.080
5.284		2.7592		0.0000		3959.201		5.710		13.210		13.796163		33.120
5.282		2.7624		0.0000		3959.198		5.713		13.205		13.811998		33.160
5.280		2.7657		0.0000		3959.194		5.717		13.200		13.828524		33.200
5.278		2.7691		0.0000		3959.191		5.720		13.195		13.845735		33.240
5.278		2.7729		0.0000		3959.187		5.724		13.195		13.864325		33.280
5.282		2.7767		0.0000		3959.183		5.728		13.205		13.883602		33.320
5.288		2.7799		0.0000		3959.180		5.731		13.220		13.899439		33.360
5.288		2.7831		0.0000		3959.177		5.734		13.220		13.915274		33.400
5.284		2.7862		0.0000		3959.174		5.737		13.210		13.931110		33.440
5.282		2.7895		0.0000		3959.170		5.740		13.205		13.947632		33.480
5.280		2.7926		0.0000		3959.167		5.743		13.200		13.962779		33.520
5.278		2.7957		0.0000		3959.164		5.747		13.195		13.978615		33.560
5.276		2.7990		0.0000		3959.161		5.750		13.190		13.995140		33.600
5.274		2.8023		0.0000		3959.158		5.753		13.185		14.011664		33.640
5.272		2.8061		0.0000		3959.154		5.757		13.180		14.030254		33.680
5.276		2.8099		0.0000		3959.150		5.761		13.190		14.049530		33.720
5.282		2.8133		0.0000		3959.147		5.764		13.205		14.066744		33.760
5.284		2.8164		0.0000		3959.144		5.767		13.210		14.081890		33.800
5.280		2.8197		0.0000		3959.140		5.771		13.200		14.098415		33.840
5.278		2.8228		0.0000		3959.137		5.774		13.195		14.114248		33.880
5.274		2.8260		0.0000		3959.134		5.777		13.185		14.130085		33.920
5.272		2.8292		0.0000		3959.131		5.780		13.180		14.145920		33.960
5.270		2.8325		0.0000		3959.127		5.783		13.175		14.162445		34.000
5.268		2.8357		0.0000		3959.124		5.787		13.170		14.178281		34.040
5.266		2.8392		0.0000		3959.121		5.790		13.165		14.196181		34.080
5.268		2.8432		0.0000		3959.117		5.794		13.170		14.216148		34.120
5.272		2.8467		0.0000		3959.113		5.798		13.180		14.233360		34.160
5.274		2.8498		0.0000		3959.110		5.801		13.185		14.249196		34.200
5.274		2.8530		0.0000		3959.107		5.804		13.185		14.265032		34.240
5.270		2.8563		0.0000		3959.104		5.807		13.175		14.281557		34.280
5.266		2.8595		0.0000		3959.101		5.810		13.165		14.297390		34.320
5.264		2.8626		0.0000		3959.097		5.814		13.160		14.313226		34.360
5.260		2.8658		0.0000		3959.094		5.817		13.150		14.329062		34.400
5.258		2.8690		0.0000		3959.091		5.820		13.145		14.344897		34.440
5.256		2.8726		0.0000		3959.087		5.823		13.140		14.362798		34.480
5.256		2.8764		0.0000		3959.083		5.827		13.140		14.382076		34.520
5.262		2.8800		0.0000		3959.080		5.831		13.155		14.399977		34.560
5.266		2.8832		0.0000		3959.077		5.834		13.165		14.415812		34.600
5.266		2.8865		0.0000		3959.073		5.837		13.165		14.432337		34.640
5.264		2.8896		0.0000		3959.070		5.841		13.160		14.448174		34.680
5.260		2.8928		0.0000		3959.067		5.844		13.150		14.464008		34.720
5.258		2.8960		0.0000		3959.064		5.847		13.145		14.479845		34.760
5.256		2.8993		0.0000		3959.061		5.850		13.140		14.496367		34.800
5.252		2.9024		0.0000		3959.058		5.853		13.130		14.512203		34.840
5.248		2.9057		0.0000		3959.054		5.857		13.120		14.528728		34.880
5.248		2.9096		0.0000		3959.050		5.861		13.120		14.548006		34.920
5.250		2.9133		0.0000		3959.047		5.864		13.125		14.566595		34.960
5.256		2.9166		0.0000		3959.043		5.868		13.140		14.583118		35.000
5.258		2.9199		0.0000		3959.040		5.871		13.145		14.599643		35.040
5.256		2.9230		0.0000		3959.037		5.874		13.140		14.614790		35.080
5.252		2.9263		0.0000		3959.034		5.877		13.130		14.631314		35.120
5.250		2.9294		0.0000		3959.031		5.880		13.125		14.647150		35.160
5.248		2.9326		0.0000		3959.027		5.884		13.120		14.662983		35.200
5.244		2.9358		0.0000		3959.024		5.887		13.110		14.678820		35.240
5.240		2.9391		0.0000		3959.021		5.890		13.100		14.695344		35.280
5.240		2.9428		0.0000		3959.017		5.894		13.100		14.713934		35.320
5.240		2.9466		0.0000		3959.013		5.898		13.100		14.733212		35.360
5.246		2.9501		0.0000		3959.010		5.901		13.115		14.750423		35.400
5.248		2.9533		0.0000		3959.007		5.904		13.120		14.766259		35.440
5.246		2.9564		0.0000		3959.004		5.907		13.115		14.782095		35.480
5.242		2.9596		0.0000		3959.000		5.910		13.105		14.797931		35.520
5.240		2.9629		0.0000		3958.997		5.914		13.100		14.814455		35.560
5.238		2.9661		0.0000		3958.994		5.917		13.095		14.830289		35.600
5.236		2.9692		0.0000		3958.991		5.920		13.090		14.846125		35.640
5.232		2.9724		0.0000		3958.988		5.923		13.080		14.861960		35.680
5.230		2.9760		0.0000		3958.984		5.927		13.075		14.879861		35.720
5.230		2.9797		0.0000		3958.980		5.931		13.075		14.898451		35.760
5.234		2.9835		0.0000		3958.976		5.934		13.085		14.917728		35.800
5.238		2.9867		0.0000		3958.973		5.938		13.095		14.933565		35.840
5.238		2.9899		0.0000		3958.970		5.941		13.095		14.949400		35.880
5.234		2.9930		0.0000		3958.967		5.944		13.085		14.965237		35.920
5.230		2.9962		0.0000		3958.964		5.947		13.075		14.981071		35.960
5.228		2.9994		0.0000		3958.961		5.950		13.070		14.996908		36.000
5.224		3.0025		0.0000		3958.958		5.953		13.060		15.012743		36.040
5.220		3.0059		0.0000		3958.954		5.957		13.050		15.029266		36.080
5.218		3.0092		0.0000		3958.951		5.960		13.045		15.045791		36.120
5.216		3.0130		0.0000		3958.947		5.964		13.040		15.065069		36.160
5.218		3.0167		0.0000		3958.943		5.968		13.045		15.083658		36.200
5.222		3.0202		0.0000		3958.940		5.971		13.055		15.100870		36.240
5.222		3.0232		0.0000		3958.937		5.974		13.055		15.116016		36.280
5.218		3.0264		0.0000		3958.934		5.977		13.045		15.131853		36.320
5.214		3.0297		0.0000		3958.930		5.981		13.035		15.148377		36.360
5.212		3.0328		0.0000		3958.927		5.984		13.030		15.164213		36.400
5.208		3.0360		0.0000		3958.924		5.987		13.020		15.180049		36.440
5.204		3.0392		0.0000		3958.921		5.990		13.010		15.195883		36.480
5.202		3.0425		0.0000		3958.917		5.993		13.005		15.212407		36.520
5.198		3.0462		0.0000		3958.914		5.997		12.995		15.230997		36.560
5.198		3.0499		0.0000		3958.910		6.001		12.995		15.249586		36.600
5.202		3.0535		0.0000		3958.906		6.004		13.005		15.267487		36.640
5.204		3.0567		0.0000		3958.903		6.008		13.010		15.283322		36.680
5.202		3.0598		0.0000		3958.900		6.011		13.005		15.299158		36.720
5.198		3.0630		0.0000		3958.897		6.014		12.995		15.314994		36.760
5.196		3.0663		0.0000		3958.894		6.017		12.990		15.331518		36.800
5.192		3.0695		0.0000		3958.891		6.020		12.980		15.347355		36.840
5.190		3.0726		0.0000		3958.887		6.024		12.975		15.363188		36.880
5.186		3.0758		0.0000		3958.884		6.027		12.965		15.379024		36.920
5.184		3.0794		0.0000		3958.881		6.030		12.960		15.396927		36.960
5.184		3.0832		0.0000		3958.877		6.034		12.960		15.416203		37.000
5.188		3.0868		0.0000		3958.873		6.038		12.970		15.434105		37.040
5.192		3.0900		0.0000		3958.870		6.041		12.980		15.449939		37.080
5.190		3.0932		0.0000		3958.867		6.044		12.975		15.465775		37.120
5.186		3.0965		0.0000		3958.864		6.047		12.965		15.482300		37.160
5.184		3.0996		0.0000		3958.860		6.051		12.960		15.498135		37.200
5.182		3.1028		0.0000		3958.857		6.054		12.955		15.513971		37.240
5.180		3.1060		0.0000		3958.854		6.057		12.950		15.529806		37.280
5.176		3.1093		0.0000		3958.851		6.060		12.940		15.546329		37.320
5.174		3.1126		0.0000		3958.847		6.063		12.935		15.562854		37.360
5.172		3.1164		0.0000		3958.844		6.067		12.930		15.582132		37.400
5.174		3.1201		0.0000		3958.840		6.071		12.935		15.600721		37.440
5.178		3.1234		0.0000		3958.836		6.074		12.945		15.617247		37.480
5.178		3.1266		0.0000		3958.833		6.078		12.945		15.633080		37.520
5.174		3.1298		0.0000		3958.830		6.081		12.935		15.648916		37.560
5.170		3.1331		0.0000		3958.827		6.084		12.925		15.665441		37.600
5.166		3.1363		0.0000		3958.824		6.087		12.915		15.681276		37.640
5.162		3.1394		0.0000		3958.821		6.090		12.905		15.697112		37.680
5.158		3.1426		0.0000		3958.817		6.094		12.895		15.712948		37.720
5.156		3.1459		0.0000		3958.814		6.097		12.890		15.729470		37.760
5.152		3.1496		0.0000		3958.810		6.101		12.880		15.748060		37.800
5.154		3.1535		0.0000		3958.806		6.104		12.885		15.767338		37.840
5.158		3.1569		0.0000		3958.803		6.108		12.895		15.784552		37.880
5.160		3.1599		0.0000		3958.800		6.111		12.900		15.799699		37.920
5.158		3.1632		0.0000		3958.797		6.114		12.895		15.816221		37.960
5.152		3.1664		0.0000		3958.793		6.117		12.880		15.832057		38.000
5.150		3.1697		0.0000		3958.790		6.121		12.875		15.848581		38.040
5.146		3.1729		0.0000		3958.787		6.124		12.865		15.864418		38.080
5.144		3.1761		0.0000		3958.784		6.127		12.860		15.880253		38.120
5.140		3.1792		0.0000		3958.781		6.130		12.850		15.896090		38.160
5.136		3.1828		0.0000		3958.777		6.134		12.840		15.913990		38.200
5.136		3.1867		0.0000		3958.773		6.138		12.840		15.933268		38.240
5.140		3.1902		0.0000		3958.770		6.141		12.850		15.951168		38.280
5.142		3.1934		0.0000		3958.767		6.144		12.855		15.967005		38.320
5.140		3.1966		0.0000		3958.763		6.147		12.850		15.982840		38.360
5.136		3.1999		0.0000		3958.760		6.151		12.840		15.999363		38.400
5.132		3.2030		0.0000		3958.757		6.154		12.830		16.015198		38.440
5.130		3.2062		0.0000		3958.754		6.157		12.825		16.031034		38.480
5.126		3.2094		0.0000		3958.750		6.160		12.815		16.046869		38.521
5.122		3.2127		0.0000		3958.747		6.164		12.805		16.063395		38.561
5.118		3.2160		0.0000		3958.744		6.167		12.795		16.079918		38.601
5.118		3.2198		0.0000		3958.740		6.171		12.795		16.099195		38.641
5.120		3.2236		0.0000		3958.736		6.174		12.800		16.117785		38.681
5.124		3.2269		0.0000		3958.733		6.178		12.810		16.134310		38.721
5.124		3.2300		0.0000		3958.730		6.181		12.810		16.150146		38.761
5.120		3.2332		0.0000		3958.727		6.184		12.800		16.165979		38.801
5.116		3.2365		0.0000		3958.723		6.187		12.790		16.182503		38.841
5.114		3.2397		0.0000		3958.720		6.191		12.785		16.198339		38.881
5.110		3.2428		0.0000		3958.717		6.194		12.775		16.214176		38.921
5.108		3.2460		0.0000		3958.714		6.197		12.770		16.230011		38.961
5.104		3.2493		0.0000		3958.711		6.200		12.760		16.246532		39.001
5.102		3.2530		0.0000		3958.707		6.204		12.755		16.265123		39.041
5.104		3.2567		0.0000		3958.703		6.208		12.760		16.283712		39.081
5.106		3.2603		0.0000		3958.700		6.211		12.765		16.301615		39.121
5.108		3.2635		0.0000		3958.697		6.214		12.770		16.317451		39.161
5.104		3.2667		0.0000		3958.693		6.218		12.760		16.333284		39.201
5.100		3.2698		0.0000		3958.690		6.221		12.750		16.349121		39.241
5.098		3.2731		0.0000		3958.687		6.224		12.745		16.365644		39.281
5.094		3.2762		0.0000		3958.684		6.227		12.735		16.380791		39.321
5.090		3.2795		0.0000		3958.680		6.230		12.725		16.397316		39.361
5.088		3.2826		0.0000		3958.677		6.234		12.720		16.413153		39.401
5.084		3.2862		0.0000		3958.674		6.237		12.710		16.431053		39.441
5.084		3.2901		0.0000		3958.670		6.241		12.710		16.450331		39.481
5.088		3.2936		0.0000		3958.666		6.245		12.720		16.468231		39.521
5.090		3.2968		0.0000		3958.663		6.248		12.725		16.484068		39.561
5.086		3.3000		0.0000		3958.660		6.251		12.715		16.499903		39.601
5.080		3.3033		0.0000		3958.657		6.254		12.700		16.516426		39.641
5.076		3.3065		0.0000		3958.654		6.257		12.690		16.532261		39.681
5.072		3.3096		0.0000		3958.650		6.261		12.680		16.548098		39.721
5.068		3.3128		0.0000		3958.647		6.264		12.670		16.563932		39.761
5.066		3.3161		0.0000		3958.644		6.267		12.665		16.580458		39.801
5.062		3.3195		0.0000		3958.640		6.270		12.655		16.597670		39.841
5.060		3.3233		0.0000		3958.637		6.274		12.650		16.616259		39.881
5.062		3.3270		0.0000		3958.633		6.278		12.655		16.634848		39.921
5.066		3.3303		0.0000		3958.630		6.281		12.665		16.651373		39.961
5.064		3.3334		0.0000		3958.626		6.284		12.660		16.667210		40.001
5.060		3.3366		0.0000		3958.623		6.288		12.650		16.683044		40.041
5.056		3.3399		0.0000		3958.620		6.291		12.640		16.699566		40.081
5.054		3.3431		0.0000		3958.617		6.294		12.635		16.715403		40.121
5.050		3.3462		0.0000		3958.614		6.297		12.625		16.731239		40.161
5.046		3.3494		0.0000		3958.611		6.300		12.615		16.747074		40.201
5.042		3.3527		0.0000		3958.607		6.304		12.605		16.763599		40.241
5.038		3.3564		0.0000		3958.604		6.307		12.595		16.782188		40.281
5.040		3.3603		0.0000		3958.600		6.311		12.600		16.801464		40.321
5.044		3.3637		0.0000		3958.596		6.315		12.610		16.818678		40.361
5.044		3.3668		0.0000		3958.593		6.318		12.610		16.833824		40.401
5.040		3.3699		0.0000		3958.590		6.321		12.600		16.849661		40.441
5.036		3.3732		0.0000		3958.587		6.324		12.590		16.866184		40.481
5.034		3.3764		0.0000		3958.583		6.327		12.585		16.882019		40.521
5.030		3.3797		0.0000		3958.580		6.331		12.575		16.898544		40.561
5.028		3.3829		0.0000		3958.577		6.334		12.570		16.914379		40.601
5.024		3.3860		0.0000		3958.574		6.337		12.560		16.930216		40.641
5.022		3.3896		0.0000		3958.570		6.341		12.555		16.948116		40.681
5.022		3.3935		0.0000		3958.566		6.344		12.555		16.967394		40.721
5.026		3.3971		0.0000		3958.563		6.348		12.565		16.985294		40.761
5.026		3.4002		0.0000		3958.560		6.351		12.565		17.001131		40.801
5.024		3.4034		0.0000		3958.557		6.354		12.560		17.016966		40.841
5.020		3.4067		0.0000		3958.553		6.358		12.550		17.033491		40.881
5.016		3.4099		0.0000		3958.550		6.361		12.540		17.049324		40.921
5.012		3.4130		0.0000		3958.547		6.364		12.530		17.065161		40.961
5.010		3.4162		0.0000		3958.544		6.367		12.525		17.080996		41.001
5.006		3.4195		0.0000		3958.541		6.370		12.515		17.097521		41.041
5.002		3.4229		0.0000		3958.537		6.374		12.505		17.114733		41.081
5.000		3.4267		0.0000		3958.533		6.378		12.500		17.133322		41.121
5.002		3.4304		0.0000		3958.530		6.381		12.505		17.151911		41.161
5.004		3.4337		0.0000		3958.526		6.385		12.510		17.168436		41.201
5.002		3.4367		0.0000		3958.523		6.388		12.505		17.183582		41.241
4.996		3.4400		0.0000		3958.520		6.391		12.490		17.200108		41.281
4.992		3.4432		0.0000		3958.517		6.394		12.480		17.215942		41.321
4.988		3.4465		0.0000		3958.513		6.397		12.470		17.232466		41.361
4.984		3.4497		0.0000		3958.510		6.401		12.460		17.248302		41.401
4.980		3.4528		0.0000		3958.507		6.404		12.450		17.264137		41.441
4.976		3.4561		0.0000		3958.504		6.407		12.440		17.280663		41.481
4.974		3.4599		0.0000		3958.500		6.411		12.435		17.299252		41.521
4.976		3.4637		0.0000		3958.496		6.415		12.440		17.318531		41.561
4.980		3.4670		0.0000		3958.493		6.418		12.450		17.335052		41.601
4.980		3.4702		0.0000		3958.490		6.421		12.450		17.350887		41.641
4.976		3.4735		0.0000		3958.487		6.424		12.440		17.367413		41.681
4.972		3.4766		0.0000		3958.483		6.428		12.430		17.383249		41.721
4.968		3.4798		0.0000		3958.480		6.431		12.420		17.399084		41.761
4.966		3.4830		0.0000		3958.477		6.434		12.415		17.414917		41.801
4.962		3.4863		0.0000		3958.474		6.437		12.405		17.431442		41.841
4.958		3.4895		0.0000		3958.470		6.440		12.395		17.447279		41.881
4.956		3.4930		0.0000		3958.467		6.444		12.390		17.465179		41.921
4.956		3.4969		0.0000		3958.463		6.448		12.390		17.484457		41.961
4.960		3.5005		0.0000		3958.459		6.451		12.400		17.502357		42.001
4.962		3.5036		0.0000		3958.456		6.455		12.405		17.518194		42.041
4.962		3.5068		0.0000		3958.453		6.458		12.405		17.534029		42.081
4.956		3.5100		0.0000		3958.450		6.461		12.390		17.549866		42.121
4.952		3.5133		0.0000		3958.447		6.464		12.380		17.566391		42.161
4.950		3.5164		0.0000		3958.444		6.467		12.375		17.582224		42.201
4.948		3.5196		0.0000		3958.440		6.471		12.370		17.598059		42.241
4.944		3.5229		0.0000		3958.437		6.474		12.360		17.614584		42.281
4.940		3.5264		0.0000		3958.434		6.477		12.350		17.631796		42.321
4.940		3.5301		0.0000		3958.430		6.481		12.350		17.650385		42.361
4.942		3.5338		0.0000		3958.426		6.485		12.355		17.668974		42.401
4.944		3.5370		0.0000		3958.423		6.488		12.360		17.684811		42.441
4.944		3.5403		0.0000		3958.420		6.491		12.360		17.701336		42.481
4.940		3.5434		0.0000		3958.417		6.494		12.350		17.717171		42.521
4.936		3.5466		0.0000		3958.413		6.498		12.340		17.733006		42.561
4.932		3.5499		0.0000		3958.410		6.501		12.330		17.749529		42.601
4.930		3.5531		0.0000		3958.407		6.504		12.325		17.765366		42.641
4.926		3.5562		0.0000		3958.404		6.507		12.315		17.781200		42.681
4.922		3.5595		0.0000		3958.400		6.510		12.305		17.797726		42.721
4.920		3.5633		0.0000		3958.397		6.514		12.300		17.816315		42.761
4.922		3.5671		0.0000		3958.393		6.518		12.305		17.835594		42.801
4.926		3.5704		0.0000		3958.390		6.521		12.315		17.852116		42.841
4.926		3.5736		0.0000		3958.386		6.525		12.315		17.867950		42.881
4.922		3.5768		0.0000		3958.383		6.528		12.305		17.883787		42.921
4.918		3.5801		0.0000		3958.380		6.531		12.295		17.900312		42.961
4.914		3.5832		0.0000		3958.377		6.534		12.285		17.916147		43.001
4.910		3.5865		0.0000		3958.374		6.537		12.275		17.932671		43.041
4.906		3.5897		0.0000		3958.370		6.541		12.265		17.948505		43.081
4.902		3.5929		0.0000		3958.367		6.544		12.255		17.964342		43.121
4.900		3.5964		0.0000		3958.364		6.547		12.250		17.982243		43.161
4.900		3.6003		0.0000		3958.360		6.551		12.250		18.001520		43.201
4.902		3.6037		0.0000		3958.356		6.555		12.255		18.018734		43.241
4.904		3.6071		0.0000		3958.353		6.558		12.260		18.035257		43.281
4.900		3.6102		0.0000		3958.350		6.561		12.250		18.051092		43.321
4.896		3.6134		0.0000		3958.347		6.564		12.240		18.066929		43.361
4.894		3.6167		0.0000		3958.343		6.568		12.235		18.083454		43.401
4.890		3.6199		0.0000		3958.340		6.571		12.225		18.099289		43.441
4.886		3.6230		0.0000		3958.337		6.574		12.215		18.115122		43.481
4.882		3.6262		0.0000		3958.334		6.577		12.205		18.130959		43.521
4.878		3.6298		0.0000		3958.330		6.581		12.195		18.148861		43.561
4.878		3.6335		0.0000		3958.326		6.584		12.195		18.167450		43.601
4.880		3.6372		0.0000		3958.323		6.588		12.200		18.186039		43.641
4.884		3.6405		0.0000		3958.320		6.591		12.210		18.202562		43.681
4.882		3.6435		0.0000		3958.316		6.594		12.205		18.217709		43.721
4.878		3.6468		0.0000		3958.313		6.598		12.195		18.234234		43.761
4.874		3.6500		0.0000		3958.310		6.601		12.185		18.250069		43.801
4.872		3.6533		0.0000		3958.307		6.604		12.180		18.266594		43.841
4.868		3.6565		0.0000		3958.303		6.607		12.170		18.282429		43.881
4.866		3.6597		0.0000		3958.300		6.611		12.165		18.298264		43.921
4.862		3.6631		0.0000		3958.297		6.614		12.155		18.315477		43.961
4.860		3.6667		0.0000		3958.293		6.618		12.150		18.333378		44.001
4.862		3.6704		0.0000		3958.290		6.621		12.155		18.351967		44.041
4.866		3.6738		0.0000		3958.286		6.625		12.165		18.369179		44.081
4.866		3.6770		0.0000		3958.283		6.628		12.165		18.385014		44.121
4.864		3.6802		0.0000		3958.280		6.631		12.160		18.400850		44.161
4.862		3.6835		0.0000		3958.277		6.634		12.155		18.417376		44.201
4.858		3.6866		0.0000		3958.273		6.638		12.145		18.433210		44.241
4.856		3.6898		0.0000		3958.270		6.641		12.140		18.449047		44.281
4.854		3.6930		0.0000		3958.267		6.644		12.135		18.464882		44.321
4.850		3.6964		0.0000		3958.264		6.647		12.125		18.482094		44.361
4.848		3.7000		0.0000		3958.260		6.651		12.120		18.499994		44.401
4.848		3.7037		0.0000		3958.256		6.655		12.120		18.518583		44.441
4.852		3.7073		0.0000		3958.253		6.658		12.130		18.536488		44.481
4.854		3.7105		0.0000		3958.250		6.661		12.135		18.552320		44.521
4.852		3.7135		0.0000		3958.247		6.664		12.130		18.567469		44.561
4.846		3.7169		0.0000		3958.243		6.668		12.115		18.584681		44.601
4.842		3.7201		0.0000		3958.240		6.671		12.105		18.600517		44.641
4.840		3.7233		0.0000		3958.237		6.674		12.100		18.616352		44.681
4.838		3.7264		0.0000		3958.234		6.677		12.095		18.632187		44.721
4.834		3.7297		0.0000		3958.230		6.681		12.085		18.648710		44.761
4.832		3.7332		0.0000		3958.227		6.684		12.080		18.665924		44.801
4.830		3.7370		0.0000		3958.223		6.688		12.075		18.685204		44.841
4.834		3.7406		0.0000		3958.219		6.692		12.085		18.703102		44.881
4.836		3.7439		0.0000		3958.216		6.695		12.090		18.719625		44.921
4.836		3.7471		0.0000		3958.213		6.698		12.090		18.735462		44.961
4.832		3.7503		0.0000		3958.210		6.701		12.080		18.751297		45.001
4.828		3.7536		0.0000		3958.206		6.704		12.070		18.767822		45.041
4.826		3.7567		0.0000		3958.203		6.708		12.065		18.783657		45.081
4.824		3.7599		0.0000		3958.200		6.711		12.060		18.799494		45.121
4.820		3.7631		0.0000		3958.197		6.714		12.050		18.815329		45.161
4.816		3.7665		0.0000		3958.193		6.717		12.040		18.832541		45.201
4.816		3.7701		0.0000		3958.190		6.721		12.040		18.850441		45.241
4.818		3.7739		0.0000		3958.186		6.725		12.045		18.869720		45.281
4.822		3.7772		0.0000		3958.183		6.728		12.055		18.886244		45.321
4.822		3.7804		0.0000		3958.179		6.731		12.055		18.902081		45.361
4.820		3.7836		0.0000		3958.177		6.734		12.050		18.917913		45.401
4.816		3.7869		0.0000		3958.173		6.738		12.040		18.934439		45.441
4.814		3.7901		0.0000		3958.170		6.741		12.035		18.950274		45.481
4.812		3.7932		0.0000		3958.167		6.744		12.030		18.966110		45.521
4.808		3.7964		0.0000		3958.164		6.747		12.020		18.981945		45.561
4.806		3.7998		0.0000		3958.160		6.751		12.015		18.999157		45.601
4.804		3.8034		0.0000		3958.156		6.754		12.010		19.017057		45.641
4.806		3.8071		0.0000		3958.153		6.758		12.015		19.035646		45.681
4.808		3.8107		0.0000		3958.149		6.762		12.020		19.053551		45.721
4.810		3.8139		0.0000		3958.146		6.765		12.025		19.069386		45.761
4.810		3.8170		0.0000		3958.143		6.768		12.025		19.085218		45.801
4.806		3.8203		0.0000		3958.140		6.771		12.015		19.101744		45.841
4.802		3.8235		0.0000		3958.136		6.774		12.005		19.117580		45.881
4.800		3.8267		0.0000		3958.133		6.778		12.000		19.133415		45.921
4.798		3.8299		0.0000		3958.130		6.781		11.995		19.149250		45.961
4.794		3.8330		0.0000		3958.127		6.784		11.985		19.165087		46.001
4.790		3.8367		0.0000		3958.123		6.788		11.975		19.183676		46.041
4.790		3.8403		0.0000		3958.120		6.791		11.975		19.201576		46.081
4.792		3.8442		0.0000		3958.116		6.795		11.980		19.220856		46.121
4.794		3.8473		0.0000		3958.113		6.798		11.985		19.236691		46.161
4.794		3.8505		0.0000		3958.109		6.801		11.985		19.252525		46.201
4.788		3.8537		0.0000		3958.106		6.805		11.970		19.268360		46.241
4.784		3.8568		0.0000		3958.103		6.808		11.960		19.284195		46.281
4.782		3.8600		0.0000		3958.100		6.811		11.955		19.300032		46.321
4.778		3.8633		0.0000		3958.097		6.814		11.945		19.316557		46.361
4.776		3.8665		0.0000		3958.094		6.817		11.940		19.332392		46.401
4.772		3.8699		0.0000		3958.090		6.821		11.930		19.349604		46.441
4.770		3.8736		0.0000		3958.086		6.825		11.925		19.368193		46.481
4.772		3.8774		0.0000		3958.083		6.828		11.930		19.386784		46.521
4.774		3.8807		0.0000		3958.079		6.832		11.935		19.403307		46.561
4.772		3.8838		0.0000		3958.076		6.835		11.930		19.419144		46.601
4.768		3.8870		0.0000		3958.073		6.838		11.920		19.434978		46.641
4.764		3.8903		0.0000		3958.070		6.841		11.910		19.451502		46.681
