数据量:1452
试验力		变形		扩展变形		位置		位移		应力		应变		时间
0.010		0.0014		0.0000		3961.953		2.061		0.025		0.006884		0.040
0.010		0.0045		0.0000		3961.950		2.064		0.025		0.022720		0.080
0.010		0.0080		0.0000		3961.947		2.067		0.025		0.039933		0.120
0.012		0.0114		0.0000		3961.943		2.071		0.030		0.057145		0.160
0.012		0.0151		0.0000		3961.939		2.075		0.030		0.075735		0.200
0.014		0.0186		0.0000		3961.936		2.078		0.035		0.092947		0.240
0.014		0.0219		0.0000		3961.933		2.081		0.035		0.109471		0.280
0.016		0.0251		0.0000		3961.930		2.085		0.040		0.125307		0.320
0.018		0.0284		0.0000		3961.926		2.088		0.045		0.141830		0.360
0.018		0.0315		0.0000		3961.923		2.091		0.045		0.157666		0.400
0.020		0.0348		0.0000		3961.920		2.094		0.050		0.174190		0.440
0.022		0.0380		0.0000		3961.917		2.097		0.055		0.190026		0.480
0.026		0.0412		0.0000		3961.914		2.101		0.065		0.205861		0.520
0.028		0.0448		0.0000		3961.910		2.104		0.070		0.223762		0.560
0.030		0.0483		0.0000		3961.906		2.108		0.075		0.241663		0.600
0.034		0.0521		0.0000		3961.903		2.111		0.085		0.260253		0.640
0.038		0.0552		0.0000		3961.899		2.115		0.095		0.276088		0.680
0.042		0.0584		0.0000		3961.896		2.118		0.105		0.291923		0.720
0.046		0.0617		0.0000		3961.893		2.121		0.115		0.308447		0.760
0.050		0.0650		0.0000		3961.890		2.124		0.125		0.324972		0.800
0.054		0.0682		0.0000		3961.886		2.128		0.135		0.340807		0.840
0.060		0.0713		0.0000		3961.883		2.131		0.150		0.356642		0.880
0.066		0.0746		0.0000		3961.880		2.134		0.165		0.373167		0.920
0.072		0.0779		0.0000		3961.877		2.137		0.180		0.389690		0.960
0.078		0.0817		0.0000		3961.873		2.141		0.195		0.408280		1.000
0.084		0.0854		0.0000		3961.869		2.145		0.210		0.426869		1.040
0.092		0.0887		0.0000		3961.866		2.148		0.230		0.443393		1.080
0.100		0.0918		0.0000		3961.863		2.151		0.250		0.459229		1.120
0.108		0.0950		0.0000		3961.860		2.154		0.270		0.475065		1.160
0.116		0.0983		0.0000		3961.856		2.158		0.290		0.491588		1.200
0.124		0.1016		0.0000		3961.853		2.161		0.310		0.508113		1.240
0.132		0.1048		0.0000		3961.850		2.164		0.330		0.523947		1.280
0.142		0.1080		0.0000		3961.847		2.167		0.355		0.539783		1.320
0.150		0.1113		0.0000		3961.844		2.171		0.375		0.556307		1.360
0.160		0.1148		0.0000		3961.840		2.174		0.400		0.574208		1.400
0.170		0.1186		0.0000		3961.836		2.178		0.425		0.592798		1.440
0.182		0.1220		0.0000		3961.833		2.181		0.455		0.610011		1.480
0.194		0.1253		0.0000		3961.829		2.185		0.485		0.626534		1.520
0.204		0.1285		0.0000		3961.826		2.188		0.510		0.642370		1.560
0.216		0.1316		0.0000		3961.823		2.191		0.540		0.658206		1.600
0.228		0.1349		0.0000		3961.820		2.194		0.570		0.674729		1.640
0.240		0.1381		0.0000		3961.817		2.198		0.600		0.690565		1.680
0.252		0.1414		0.0000		3961.813		2.201		0.630		0.707089		1.720
0.264		0.1447		0.0000		3961.810		2.204		0.660		0.723614		1.760
0.278		0.1482		0.0000		3961.807		2.208		0.695		0.740825		1.800
0.292		0.1519		0.0000		3961.803		2.211		0.730		0.759414		1.840
0.306		0.1553		0.0000		3961.799		2.215		0.765		0.776627		1.880
0.322		0.1586		0.0000		3961.796		2.218		0.805		0.793152		1.920
0.334		0.1618		0.0000		3961.793		2.221		0.835		0.808986		1.960
0.348		0.1650		0.0000		3961.790		2.224		0.870		0.824822		2.000
0.358		0.1684		0.0000		3961.786		2.228		0.895		0.842035		2.040
0.370		0.1716		0.0000		3961.783		2.231		0.925		0.857871		2.080
0.382		0.1747		0.0000		3961.780		2.234		0.955		0.873706		2.120
0.398		0.1780		0.0000		3961.777		2.237		0.995		0.890230		2.160
0.416		0.1815		0.0000		3961.773		2.241		1.040		0.907443		2.200
0.432		0.1851		0.0000		3961.770		2.245		1.080		0.925343		2.240
0.452		0.1888		0.0000		3961.766		2.248		1.130		0.943933		2.280
0.472		0.1920		0.0000		3961.763		2.251		1.180		0.959768		2.320
0.490		0.1953		0.0000		3961.760		2.255		1.225		0.976292		2.360
0.506		0.1984		0.0000		3961.756		2.258		1.265		0.992128		2.400
0.524		0.2017		0.0000		3961.753		2.261		1.310		1.008652		2.440
0.542		0.2049		0.0000		3961.750		2.264		1.355		1.024487		2.480
0.560		0.2082		0.0000		3961.747		2.268		1.400		1.041012		2.520
0.578		0.2114		0.0000		3961.743		2.271		1.445		1.056846		2.560
0.594		0.2148		0.0000		3961.740		2.274		1.485		1.074059		2.600
0.612		0.2184		0.0000		3961.736		2.278		1.530		1.091961		2.640
0.628		0.2220		0.0000		3961.733		2.281		1.570		1.109861		2.680
0.644		0.2254		0.0000		3961.729		2.285		1.610		1.127074		2.720
0.660		0.2287		0.0000		3961.726		2.288		1.650		1.143597		2.760
0.676		0.2319		0.0000		3961.723		2.291		1.690		1.159433		2.800
0.692		0.2351		0.0000		3961.720		2.294		1.730		1.175269		2.840
0.708		0.2384		0.0000		3961.716		2.298		1.770		1.191792		2.880
0.728		0.2415		0.0000		3961.713		2.301		1.820		1.207628		2.920
0.746		0.2448		0.0000		3961.710		2.304		1.865		1.224152		2.960
0.764		0.2480		0.0000		3961.707		2.307		1.910		1.239988		3.000
0.782		0.2516		0.0000		3961.703		2.311		1.955		1.257889		3.040
0.802		0.2553		0.0000		3961.699		2.315		2.005		1.276479		3.080
0.824		0.2589		0.0000		3961.696		2.318		2.060		1.294379		3.120
0.844		0.2620		0.0000		3961.693		2.321		2.110		1.310215		3.160
0.864		0.2652		0.0000		3961.689		2.325		2.160		1.326051		3.200
0.882		0.2685		0.0000		3961.686		2.328		2.205		1.342574		3.240
0.902		0.2717		0.0000		3961.683		2.331		2.255		1.358410		3.280
0.922		0.2750		0.0000		3961.680		2.334		2.305		1.374934		3.320
0.944		0.2782		0.0000		3961.677		2.338		2.360		1.390769		3.360
0.964		0.2815		0.0000		3961.673		2.341		2.410		1.407293		3.400
0.986		0.2849		0.0000		3961.670		2.344		2.465		1.424506		3.440
1.008		0.2885		0.0000		3961.666		2.348		2.520		1.442407		3.480
1.032		0.2921		0.0000		3961.663		2.352		2.580		1.460308		3.520
1.058		0.2955		0.0000		3961.659		2.355		2.645		1.477520		3.560
1.082		0.2987		0.0000		3961.656		2.358		2.705		1.493356		3.600
1.104		0.3020		0.0000		3961.653		2.361		2.760		1.509880		3.640
1.128		0.3051		0.0000		3961.650		2.365		2.820		1.525716		3.680
1.150		0.3084		0.0000		3961.646		2.368		2.875		1.542239		3.720
1.174		0.3116		0.0000		3961.643		2.371		2.935		1.558075		3.760
1.198		0.3148		0.0000		3961.640		2.374		2.995		1.573911		3.800
1.222		0.3181		0.0000		3961.637		2.378		3.055		1.590434		3.840
1.248		0.3217		0.0000		3961.633		2.381		3.120		1.608336		3.880
1.276		0.3254		0.0000		3961.629		2.385		3.190		1.626925		3.920
1.306		0.3288		0.0000		3961.626		2.388		3.265		1.644137		3.960
1.334		0.3320		0.0000		3961.623		2.391		3.335		1.659973		4.000
1.362		0.3353		0.0000		3961.619		2.395		3.405		1.676497		4.040
1.386		0.3386		0.0000		3961.616		2.398		3.465		1.693021		4.080
1.412		0.3418		0.0000		3961.613		2.401		3.530		1.708857		4.120
1.438		0.3451		0.0000		3961.610		2.405		3.595		1.725380		4.160
1.464		0.3482		0.0000		3961.606		2.408		3.660		1.741216		4.200
1.492		0.3515		0.0000		3961.603		2.411		3.730		1.757740		4.240
1.520		0.3550		0.0000		3961.600		2.414		3.800		1.774952		4.280
1.550		0.3587		0.0000		3961.596		2.418		3.875		1.793542		4.320
1.580		0.3622		0.0000		3961.593		2.422		3.950		1.810755		4.360
1.614		0.3655		0.0000		3961.589		2.425		4.035		1.827278		4.400
1.644		0.3686		0.0000		3961.586		2.428		4.110		1.843114		4.440
1.672		0.3719		0.0000		3961.583		2.431		4.180		1.859637		4.480
1.702		0.3751		0.0000		3961.580		2.435		4.255		1.875473		4.520
1.730		0.3784		0.0000		3961.576		2.438		4.325		1.891997		4.560
1.758		0.3816		0.0000		3961.573		2.441		4.395		1.907833		4.600
1.786		0.3849		0.0000		3961.570		2.444		4.465		1.924357		4.640
1.814		0.3882		0.0000		3961.567		2.448		4.535		1.940881		4.680
1.844		0.3919		0.0000		3961.563		2.451		4.610		1.959471		4.720
1.876		0.3957		0.0000		3961.559		2.455		4.690		1.978748		4.760
1.912		0.3989		0.0000		3961.556		2.458		4.780		1.994584		4.800
1.944		0.4021		0.0000		3961.553		2.462		4.860		2.010419		4.840
1.974		0.4053		0.0000		3961.550		2.465		4.935		2.026255		4.880
2.002		0.4086		0.0000		3961.546		2.468		5.005		2.042779		4.920
2.032		0.4117		0.0000		3961.543		2.471		5.080		2.058614		4.960
2.062		0.4150		0.0000		3961.540		2.474		5.155		2.075138		5.000
2.094		0.4182		0.0000		3961.537		2.478		5.235		2.090974		5.040
2.124		0.4215		0.0000		3961.533		2.481		5.310		2.107497		5.080
2.154		0.4251		0.0000		3961.530		2.485		5.385		2.125399		5.120
2.186		0.4289		0.0000		3961.526		2.488		5.465		2.144676		5.160
2.222		0.4322		0.0000		3961.522		2.492		5.555		2.161201		5.200
2.258		0.4355		0.0000		3961.519		2.495		5.645		2.177725		5.240
2.290		0.4387		0.0000		3961.516		2.498		5.725		2.193561		5.280
2.320		0.4419		0.0000		3961.513		2.501		5.800		2.209396		5.320
2.350		0.4452		0.0000		3961.510		2.505		5.875		2.225920		5.360
2.382		0.4484		0.0000		3961.506		2.508		5.955		2.241756		5.400
2.414		0.4517		0.0000		3961.503		2.511		6.035		2.258279		5.440
2.444		0.4548		0.0000		3961.500		2.514		6.110		2.274115		5.480
2.476		0.4584		0.0000		3961.496		2.518		6.190		2.292016		5.520
2.510		0.4623		0.0000		3961.492		2.522		6.275		2.311294		5.560
2.548		0.4658		0.0000		3961.489		2.525		6.370		2.329195		5.600
2.584		0.4690		0.0000		3961.486		2.528		6.460		2.345030		5.640
2.618		0.4720		0.0000		3961.483		2.531		6.545		2.360177		5.680
2.650		0.4753		0.0000		3961.479		2.535		6.625		2.376702		5.720
2.680		0.4786		0.0000		3961.476		2.538		6.700		2.393225		5.760
2.712		0.4818		0.0000		3961.473		2.541		6.780		2.409061		5.800
2.744		0.4850		0.0000		3961.470		2.544		6.860		2.424897		5.840
2.776		0.4883		0.0000		3961.467		2.548		6.940		2.441421		5.880
2.806		0.4916		0.0000		3961.463		2.551		7.015		2.457944		5.920
2.840		0.4954		0.0000		3961.459		2.555		7.100		2.477223		5.960
2.876		0.4990		0.0000		3961.456		2.558		7.190		2.495123		6.000
2.914		0.5023		0.0000		3961.452		2.562		7.285		2.511648		6.040
2.950		0.5055		0.0000		3961.449		2.565		7.375		2.527483		6.080
2.982		0.5087		0.0000		3961.446		2.568		7.455		2.543318		6.120
3.012		0.5120		0.0000		3961.443		2.571		7.530		2.559842		6.160
3.044		0.5151		0.0000		3961.440		2.575		7.610		2.575678		6.200
3.076		0.5183		0.0000		3961.437		2.578		7.690		2.591513		6.240
3.108		0.5215		0.0000		3961.433		2.581		7.770		2.607349		6.280
3.138		0.5249		0.0000		3961.430		2.584		7.845		2.624562		6.320
3.170		0.5286		0.0000		3961.426		2.588		7.925		2.643151		6.360
3.206		0.5325		0.0000		3961.422		2.592		8.015		2.662429		6.400
3.244		0.5358		0.0000		3961.419		2.595		8.110		2.678953		6.440
3.280		0.5390		0.0000		3961.416		2.598		8.200		2.694788		6.480
3.314		0.5421		0.0000		3961.413		2.602		8.285		2.710624		6.520
3.344		0.5454		0.0000		3961.409		2.605		8.360		2.727147		6.560
3.376		0.5486		0.0000		3961.406		2.608		8.440		2.742983		6.600
3.408		0.5518		0.0000		3961.403		2.611		8.520		2.758819		6.640
3.440		0.5549		0.0000		3961.400		2.614		8.600		2.774655		6.680
3.470		0.5582		0.0000		3961.396		2.618		8.675		2.791178		6.720
3.502		0.5620		0.0000		3961.393		2.621		8.755		2.809768		6.760
3.536		0.5655		0.0000		3961.389		2.625		8.840		2.827669		6.800
3.574		0.5693		0.0000		3961.385		2.629		8.935		2.846259		6.840
3.610		0.5724		0.0000		3961.382		2.632		9.025		2.862093		6.880
3.644		0.5754		0.0000		3961.379		2.635		9.110		2.877241		6.920
3.672		0.5788		0.0000		3961.376		2.638		9.180		2.893765		6.960
3.704		0.5821		0.0000		3961.373		2.641		9.260		2.910289		7.000
3.734		0.5852		0.0000		3961.369		2.645		9.335		2.926124		7.040
3.764		0.5884		0.0000		3961.366		2.648		9.410		2.941960		7.080
3.794		0.5916		0.0000		3961.363		2.651		9.485		2.957796		7.120
3.826		0.5950		0.0000		3961.360		2.654		9.565		2.975008		7.160
3.858		0.5989		0.0000		3961.356		2.658		9.645		2.994286		7.200
3.892		0.6026		0.0000		3961.352		2.662		9.730		3.012875		7.240
3.930		0.6059		0.0000		3961.349		2.665		9.825		3.029399		7.280
3.964		0.6089		0.0000		3961.346		2.668		9.910		3.044547		7.320
3.992		0.6121		0.0000		3961.343		2.672		9.980		3.060381		7.360
4.022		0.6154		0.0000		3961.339		2.675		10.055		3.076906		7.400
4.050		0.6187		0.0000		3961.336		2.678		10.125		3.093430		7.440
4.080		0.6219		0.0000		3961.333		2.681		10.200		3.109266		7.480
4.110		0.6250		0.0000		3961.330		2.684		10.275		3.125101		7.520
4.140		0.6285		0.0000		3961.326		2.688		10.350		3.142314		7.560
4.170		0.6320		0.0000		3961.323		2.691		10.425		3.160214		7.600
4.202		0.6358		0.0000		3961.319		2.695		10.505		3.178804		7.640
4.238		0.6392		0.0000		3961.315		2.699		10.595		3.196017		7.680
4.272		0.6424		0.0000		3961.312		2.702		10.680		3.211852		7.720
4.302		0.6455		0.0000		3961.309		2.705		10.755		3.227687		7.760
4.330		0.6488		0.0000		3961.306		2.708		10.825		3.244212		7.800
4.358		0.6520		0.0000		3961.303		2.711		10.895		3.260047		7.840
4.386		0.6552		0.0000		3961.300		2.715		10.965		3.275882		7.880
4.414		0.6583		0.0000		3961.296		2.718		11.035		3.291718		7.920
4.442		0.6616		0.0000		3961.293		2.721		11.105		3.308241		7.960
4.470		0.6652		0.0000		3961.290		2.725		11.175		3.326143		8.000
4.500		0.6691		0.0000		3961.286		2.729		11.250		3.345420		8.040
4.534		0.6727		0.0000		3961.282		2.732		11.335		3.363322		8.080
4.568		0.6758		0.0000		3961.279		2.735		11.420		3.379158		8.120
4.596		0.6789		0.0000		3961.276		2.738		11.490		3.394305		8.160
4.622		0.6822		0.0000		3961.272		2.742		11.555		3.410828		8.200
4.646		0.6855		0.0000		3961.269		2.745		11.615		3.427353		8.240
4.674		0.6886		0.0000		3961.266		2.748		11.685		3.443187		8.280
4.700		0.6918		0.0000		3961.263		2.751		11.750		3.459023		8.320
4.724		0.6951		0.0000		3961.260		2.755		11.810		3.475548		8.360
4.750		0.6986		0.0000		3961.256		2.758		11.875		3.492759		8.400
4.778		0.7023		0.0000		3961.252		2.762		11.945		3.511349		8.440
4.808		0.7060		0.0000		3961.249		2.765		12.020		3.529938		8.480
4.840		0.7092		0.0000		3961.246		2.769		12.100		3.545774		8.520
4.868		0.7123		0.0000		3961.242		2.772		12.170		3.561610		8.560
4.892		0.7156		0.0000		3961.239		2.775		12.230		3.578134		8.600
4.916		0.7188		0.0000		3961.236		2.778		12.290		3.593969		8.640
4.940		0.7220		0.0000		3961.233		2.781		12.350		3.609805		8.680
4.964		0.7251		0.0000		3961.229		2.785		12.410		3.625641		8.720
4.988		0.7284		0.0000		3961.226		2.788		12.470		3.642164		8.760
5.010		0.7317		0.0000		3961.223		2.791		12.525		3.658688		8.800
5.034		0.7355		0.0000		3961.219		2.795		12.585		3.677278		8.840
5.062		0.7393		0.0000		3961.215		2.799		12.655		3.696556		8.880
5.094		0.7426		0.0000		3961.212		2.802		12.735		3.713080		8.920
5.120		0.7458		0.0000		3961.209		2.805		12.800		3.728915		8.960
5.144		0.7490		0.0000		3961.206		2.808		12.860		3.744751		9.000
5.164		0.7523		0.0000		3961.202		2.812		12.910		3.761275		9.040
5.184		0.7554		0.0000		3961.199		2.815		12.960		3.777111		9.080
5.206		0.7586		0.0000		3961.196		2.818		13.015		3.792946		9.120
5.226		0.7618		0.0000		3961.193		2.821		13.065		3.808781		9.160
5.248		0.7651		0.0000		3961.190		2.825		13.120		3.825306		9.200
5.268		0.7686		0.0000		3961.186		2.828		13.170		3.843206		9.240
5.292		0.7725		0.0000		3961.182		2.832		13.230		3.862485		9.280
5.318		0.7761		0.0000		3961.179		2.836		13.295		3.880385		9.320
5.344		0.7792		0.0000		3961.176		2.839		13.360		3.896221		9.360
5.366		0.7824		0.0000		3961.172		2.842		13.415		3.912057		9.400
5.384		0.7856		0.0000		3961.169		2.845		13.460		3.927892		9.440
5.402		0.7887		0.0000		3961.166		2.848		13.505		3.943727		9.480
5.420		0.7921		0.0000		3961.163		2.851		13.550		3.960252		9.520
5.436		0.7952		0.0000		3961.159		2.855		13.590		3.976086		9.560
5.454		0.7984		0.0000		3961.156		2.858		13.635		3.991922		9.600
5.470		0.8020		0.0000		3961.153		2.861		13.675		4.009824		9.640
5.490		0.8057		0.0000		3961.149		2.865		13.725		4.028413		9.680
5.512		0.8094		0.0000		3961.145		2.869		13.780		4.047003		9.720
5.536		0.8126		0.0000		3961.142		2.872		13.840		4.062838		9.760
5.556		0.8157		0.0000		3961.139		2.875		13.890		4.078673		9.800
5.572		0.8190		0.0000		3961.136		2.878		13.930		4.095198		9.840
5.586		0.8222		0.0000		3961.133		2.882		13.965		4.111032		9.880
5.602		0.8254		0.0000		3961.129		2.885		14.005		4.126868		9.920
5.618		0.8285		0.0000		3961.126		2.888		14.045		4.142704		9.960
5.632		0.8318		0.0000		3961.123		2.891		14.080		4.159227		10.000
5.646		0.8352		0.0000		3961.120		2.895		14.115		4.175753		10.040
5.662		0.8390		0.0000		3961.116		2.898		14.155		4.195030		10.080
5.680		0.8427		0.0000		3961.112		2.902		14.200		4.213619		10.120
5.702		0.8460		0.0000		3961.109		2.905		14.255		4.230144		10.160
5.720		0.8492		0.0000		3961.105		2.909		14.300		4.245978		10.200
5.734		0.8524		0.0000		3961.102		2.912		14.335		4.261814		10.240
5.746		0.8557		0.0000		3961.099		2.915		14.365		4.278338		10.280
5.758		0.8588		0.0000		3961.096		2.918		14.395		4.294174		10.320
5.770		0.8620		0.0000		3961.093		2.921		14.425		4.310009		10.360
5.782		0.8652		0.0000		3961.090		2.925		14.455		4.325845		10.400
5.792		0.8685		0.0000		3961.086		2.928		14.480		4.342369		10.440
5.804		0.8722		0.0000		3961.083		2.932		14.510		4.360958		10.480
5.820		0.8760		0.0000		3961.079		2.935		14.550		4.380237		10.520
5.838		0.8795		0.0000		3961.075		2.939		14.595		4.397449		10.560
5.856		0.8825		0.0000		3961.072		2.942		14.640		4.412596		10.600
5.868		0.8857		0.0000		3961.069		2.945		14.670		4.428432		10.640
5.876		0.8890		0.0000		3961.066		2.948		14.690		4.444956		10.680
5.886		0.8922		0.0000		3961.062		2.952		14.715		4.460792		10.720
5.896		0.8953		0.0000		3961.059		2.955		14.740		4.476626		10.760
5.906		0.8986		0.0000		3961.056		2.958		14.765		4.493151		10.800
5.916		0.9018		0.0000		3961.053		2.961		14.790		4.508986		10.840
5.926		0.9054		0.0000		3961.049		2.965		14.815		4.526887		10.880
5.938		0.9091		0.0000		3961.046		2.969		14.845		4.545476		10.920
5.954		0.9128		0.0000		3961.042		2.972		14.885		4.564066		10.960
5.972		0.9160		0.0000		3961.039		2.975		14.930		4.579902		11.000
5.984		0.9191		0.0000		3961.036		2.979		14.960		4.595737		11.040
5.992		0.9225		0.0000		3961.032		2.982		14.980		4.612261		11.080
5.998		0.9256		0.0000		3961.029		2.985		14.995		4.628097		11.120
6.006		0.9288		0.0000		3961.026		2.988		15.015		4.643931		11.160
6.014		0.9320		0.0000		3961.023		2.991		15.035		4.659767		11.200
6.022		0.9351		0.0000		3961.020		2.995		15.055		4.675603		11.240
6.030		0.9386		0.0000		3961.016		2.998		15.075		4.692816		11.280
6.038		0.9423		0.0000		3961.012		3.002		15.095		4.711405		11.320
6.052		0.9461		0.0000		3961.009		3.006		15.130		4.730682		11.360
6.068		0.9494		0.0000		3961.005		3.009		15.170		4.747207		11.400
6.080		0.9526		0.0000		3961.002		3.012		15.200		4.763043		11.440
6.088		0.9558		0.0000		3960.999		3.015		15.220		4.778877		11.480
6.092		0.9591		0.0000		3960.996		3.019		15.230		4.795403		11.520
6.098		0.9622		0.0000		3960.992		3.022		15.245		4.811237		11.560
6.106		0.9654		0.0000		3960.989		3.025		15.265		4.827073		11.600
6.112		0.9686		0.0000		3960.986		3.028		15.280		4.842908		11.640
6.118		0.9719		0.0000		3960.983		3.031		15.295		4.859432		11.680
6.124		0.9755		0.0000		3960.979		3.035		15.310		4.877334		11.720
6.132		0.9795		0.0000		3960.975		3.039		15.330		4.897300		11.760
6.146		0.9829		0.0000		3960.972		3.042		15.365		4.914513		11.800
6.160		0.9861		0.0000		3960.969		3.046		15.400		4.930348		11.840
6.166		0.9892		0.0000		3960.966		3.049		15.415		4.946183		11.880
6.172		0.9924		0.0000		3960.962		3.052		15.430		4.962019		11.920
6.176		0.9956		0.0000		3960.959		3.055		15.440		4.977855		11.960
6.182		0.9987		0.0000		3960.956		3.058		15.455		4.993690		12.000
6.188		1.0019		0.0000		3960.953		3.061		15.470		5.009526		12.040
6.192		1.0051		0.0000		3960.950		3.065		15.480		5.025361		12.080
6.198		1.0088		0.0000		3960.946		3.068		15.495		5.043950		12.120
6.206		1.0126		0.0000		3960.942		3.072		15.515		5.063229		12.160
6.218		1.0164		0.0000		3960.938		3.076		15.545		5.081818		12.200
6.232		1.0194		0.0000		3960.935		3.079		15.580		5.096965		12.240
6.240		1.0226		0.0000		3960.932		3.082		15.600		5.112801		12.280
6.244		1.0259		0.0000		3960.929		3.085		15.610		5.129324		12.320
6.248		1.0290		0.0000		3960.926		3.088		15.620		5.145160		12.360
6.252		1.0322		0.0000		3960.923		3.092		15.630		5.160995		12.400
6.256		1.0354		0.0000		3960.919		3.095		15.640		5.176831		12.440
6.260		1.0385		0.0000		3960.916		3.098		15.650		5.192666		12.480
6.264		1.0420		0.0000		3960.913		3.101		15.660		5.209879		12.520
6.270		1.0457		0.0000		3960.909		3.105		15.675		5.228468		12.560
6.280		1.0495		0.0000		3960.905		3.109		15.700		5.247746		12.600
6.292		1.0527		0.0000		3960.902		3.112		15.730		5.263582		12.640
6.302		1.0560		0.0000		3960.899		3.115		15.755		5.280106		12.680
6.306		1.0592		0.0000		3960.896		3.119		15.765		5.295942		12.720
6.308		1.0624		0.0000		3960.892		3.122		15.770		5.311776		12.760
6.310		1.0657		0.0000		3960.889		3.125		15.775		5.328301		12.800
6.314		1.0687		0.0000		3960.886		3.128		15.785		5.343448		12.840
6.316		1.0720		0.0000		3960.883		3.131		15.790		5.359972		12.880
6.320		1.0753		0.0000		3960.879		3.135		15.800		5.376496		12.920
6.324		1.0790		0.0000		3960.876		3.138		15.810		5.395086		12.960
6.332		1.0829		0.0000		3960.872		3.142		15.830		5.414363		13.000
6.344		1.0863		0.0000		3960.868		3.146		15.860		5.431576		13.040
6.354		1.0893		0.0000		3960.865		3.149		15.885		5.446723		13.080
6.358		1.0925		0.0000		3960.862		3.152		15.895		5.462558		13.120
6.360		1.0958		0.0000		3960.859		3.155		15.900		5.479082		13.160
6.362		1.0990		0.0000		3960.856		3.158		15.905		5.494918		13.200
6.366		1.1022		0.0000		3960.853		3.162		15.915		5.510754		13.240
6.368		1.1053		0.0000		3960.849		3.165		15.920		5.526589		13.280
6.370		1.1086		0.0000		3960.846		3.168		15.925		5.543113		13.320
6.372		1.1122		0.0000		3960.843		3.172		15.930		5.561014		13.360
6.378		1.1161		0.0000		3960.839		3.175		15.945		5.580292		13.400
6.388		1.1196		0.0000		3960.835		3.179		15.970		5.598193		13.440
6.400		1.1228		0.0000		3960.832		3.182		16.000		5.614028		13.480
6.404		1.1260		0.0000		3960.829		3.185		16.010		5.629864		13.520
6.406		1.1291		0.0000		3960.826		3.189		16.015		5.645700		13.560
6.410		1.1324		0.0000		3960.822		3.192		16.025		5.662223		13.600
6.412		1.1356		0.0000		3960.819		3.195		16.030		5.678059		13.640
6.414		1.1388		0.0000		3960.816		3.198		16.035		5.693894		13.680
6.416		1.1419		0.0000		3960.813		3.201		16.040		5.709730		13.720
6.418		1.1454		0.0000		3960.809		3.205		16.045		5.726943		13.760
6.422		1.1492		0.0000		3960.805		3.209		16.055		5.746221		13.800
6.430		1.1530		0.0000		3960.802		3.212		16.075		5.764810		13.840
6.442		1.1563		0.0000		3960.798		3.216		16.105		5.781333		13.880
6.448		1.1594		0.0000		3960.795		3.219		16.120		5.797169		13.920
6.448		1.1626		0.0000		3960.792		3.222		16.120		5.813005		13.960
6.450		1.1658		0.0000		3960.789		3.225		16.125		5.828841		14.000
6.452		1.1689		0.0000		3960.786		3.228		16.130		5.844676		14.040
6.454		1.1721		0.0000		3960.783		3.232		16.135		5.860511		14.080
6.454		1.1754		0.0000		3960.779		3.235		16.135		5.877036		14.120
6.456		1.1787		0.0000		3960.776		3.238		16.140		5.893559		14.160
6.460		1.1823		0.0000		3960.772		3.242		16.150		5.911460		14.200
6.466		1.1863		0.0000		3960.769		3.246		16.165		5.931427		14.240
6.476		1.1897		0.0000		3960.765		3.249		16.190		5.948639		14.280
6.486		1.1929		0.0000		3960.762		3.252		16.215		5.964475		14.320
6.490		1.1961		0.0000		3960.759		3.256		16.225		5.980310		14.360
6.490		1.1992		0.0000		3960.755		3.259		16.225		5.996146		14.400
6.490		1.2024		0.0000		3960.752		3.262		16.225		6.011982		14.440
6.492		1.2056		0.0000		3960.749		3.265		16.230		6.027817		14.480
6.494		1.2087		0.0000		3960.746		3.268		16.235		6.043653		14.520
6.494		1.2119		0.0000		3960.743		3.271		16.235		6.059488		14.560
6.496		1.2156		0.0000		3960.739		3.275		16.240		6.078077		14.600
6.502		1.2195		0.0000		3960.735		3.279		16.255		6.097355		14.640
6.512		1.2232		0.0000		3960.731		3.283		16.280		6.115944		14.680
6.524		1.2262		0.0000		3960.729		3.286		16.310		6.131092		14.720
6.528		1.2294		0.0000		3960.725		3.289		16.320		6.146927		14.760
6.528		1.2326		0.0000		3960.722		3.292		16.320		6.162763		14.800
6.530		1.2359		0.0000		3960.719		3.295		16.325		6.179287		14.840
6.530		1.2390		0.0000		3960.716		3.298		16.325		6.195122		14.880
6.532		1.2422		0.0000		3960.713		3.302		16.330		6.210958		14.920
6.534		1.2454		0.0000		3960.709		3.305		16.335		6.226793		14.960
6.534		1.2488		0.0000		3960.706		3.308		16.335		6.244006		15.000
6.538		1.2527		0.0000		3960.702		3.312		16.345		6.263284		15.040
6.546		1.2565		0.0000		3960.698		3.316		16.365		6.282562		15.080
6.558		1.2597		0.0000		3960.695		3.319		16.395		6.298398		15.120
6.564		1.2628		0.0000		3960.692		3.322		16.410		6.314234		15.160
6.564		1.2660		0.0000		3960.689		3.325		16.410		6.330068		15.200
6.564		1.2692		0.0000		3960.686		3.329		16.410		6.345904		15.240
6.566		1.2723		0.0000		3960.682		3.332		16.415		6.361740		15.280
6.566		1.2755		0.0000		3960.679		3.335		16.415		6.377575		15.320
6.566		1.2787		0.0000		3960.676		3.338		16.415		6.393410		15.360
6.568		1.2820		0.0000		3960.673		3.341		16.420		6.409935		15.400
6.570		1.2858		0.0000		3960.669		3.345		16.425		6.429212		15.440
6.576		1.2897		0.0000		3960.665		3.349		16.440		6.448491		15.480
6.586		1.2931		0.0000		3960.662		3.353		16.465		6.465703		15.520
6.596		1.2962		0.0000		3960.658		3.356		16.490		6.480850		15.560
6.598		1.2993		0.0000		3960.655		3.359		16.495		6.496686		15.600
6.598		1.3026		0.0000		3960.652		3.362		16.495		6.513209		15.640
6.600		1.3058		0.0000		3960.649		3.365		16.500		6.529045		15.680
6.602		1.3090		0.0000		3960.646		3.368		16.505		6.544881		15.720
6.604		1.3121		0.0000		3960.643		3.372		16.510		6.560716		15.760
6.604		1.3154		0.0000		3960.639		3.375		16.510		6.577240		15.800
6.606		1.3190		0.0000		3960.636		3.378		16.515		6.595140		15.840
6.610		1.3229		0.0000		3960.632		3.382		16.525		6.614419		15.880
6.620		1.3265		0.0000		3960.628		3.386		16.550		6.632319		15.920
6.630		1.3296		0.0000		3960.625		3.389		16.575		6.648155		15.960
6.634		1.3328		0.0000		3960.622		3.392		16.585		6.663991		16.000
6.632		1.3360		0.0000		3960.619		3.395		16.580		6.679827		16.040
6.632		1.3393		0.0000		3960.615		3.399		16.580		6.696351		16.080
6.632		1.3424		0.0000		3960.612		3.402		16.580		6.712186		16.120
6.634		1.3455		0.0000		3960.609		3.405		16.585		6.727333		16.160
6.634		1.3488		0.0000		3960.606		3.408		16.585		6.743856		16.200
6.634		1.3522		0.0000		3960.603		3.412		16.585		6.761069		16.240
6.638		1.3559		0.0000		3960.599		3.415		16.595		6.779659		16.280
6.644		1.3599		0.0000		3960.595		3.419		16.610		6.799625		16.320
6.656		1.3631		0.0000		3960.592		3.423		16.640		6.815461		16.360
6.662		1.3663		0.0000		3960.588		3.426		16.655		6.831297		16.400
6.662		1.3694		0.0000		3960.585		3.429		16.655		6.847133		16.440
6.662		1.3726		0.0000		3960.582		3.432		16.655		6.862967		16.480
6.662		1.3758		0.0000		3960.579		3.435		16.655		6.878803		16.520
6.662		1.3789		0.0000		3960.576		3.438		16.655		6.894639		16.560
6.662		1.3822		0.0000		3960.573		3.442		16.655		6.911162		16.600
6.664		1.3855		0.0000		3960.569		3.445		16.660		6.927687		16.640
6.666		1.3891		0.0000		3960.566		3.449		16.665		6.945587		16.680
6.672		1.3931		0.0000		3960.562		3.453		16.680		6.965554		16.720
6.682		1.3966		0.0000		3960.558		3.456		16.705		6.982766		16.760
6.690		1.3996		0.0000		3960.555		3.459		16.725		6.997913		16.800
6.692		1.4027		0.0000		3960.552		3.462		16.730		7.013749		16.840
6.690		1.4061		0.0000		3960.549		3.465		16.725		7.030272		16.880
6.690		1.4092		0.0000		3960.545		3.469		16.725		7.046108		16.920
6.692		1.4124		0.0000		3960.542		3.472		16.730		7.061944		16.960
6.692		1.4156		0.0000		3960.539		3.475		16.730		7.077780		17.000
6.692		1.4187		0.0000		3960.536		3.478		16.730		7.093616		17.040
6.692		1.4224		0.0000		3960.532		3.482		16.730		7.112205		17.080
6.698		1.4263		0.0000		3960.528		3.486		16.745		7.131482		17.120
6.708		1.4299		0.0000		3960.525		3.489		16.770		7.149384		17.160
6.716		1.4330		0.0000		3960.522		3.492		16.790		7.165218		17.200
6.718		1.4362		0.0000		3960.519		3.496		16.795		7.181054		17.240
6.718		1.4394		0.0000		3960.515		3.499		16.795		7.196890		17.280
6.718		1.4425		0.0000		3960.512		3.502		16.795		7.212726		17.320
6.720		1.4457		0.0000		3960.509		3.505		16.800		7.228560		17.360
6.720		1.4490		0.0000		3960.506		3.508		16.800		7.245085		17.400
6.720		1.4522		0.0000		3960.502		3.512		16.800		7.260921		17.440
6.720		1.4556		0.0000		3960.499		3.515		16.800		7.278132		17.480
6.724		1.4595		0.0000		3960.495		3.519		16.810		7.297411		17.520
6.730		1.4632		0.0000		3960.491		3.523		16.825		7.316000		17.560
6.740		1.4665		0.0000		3960.488		3.526		16.850		7.332524		17.600
6.746		1.4697		0.0000		3960.485		3.529		16.865		7.348360		17.640
6.746		1.4728		0.0000		3960.482		3.532		16.865		7.364196		17.680
6.744		1.4760		0.0000		3960.479		3.535		16.860		7.380032		17.720
6.744		1.4792		0.0000		3960.476		3.539		16.860		7.395866		17.760
6.746		1.4823		0.0000		3960.472		3.542		16.865		7.411702		17.800
6.746		1.4855		0.0000		3960.469		3.545		16.865		7.427537		17.840
6.746		1.4888		0.0000		3960.466		3.548		16.865		7.444061		17.880
6.748		1.4927		0.0000		3960.462		3.552		16.870		7.463340		17.920
6.754		1.4965		0.0000		3960.458		3.556		16.885		7.482617		17.960
6.766		1.4998		0.0000		3960.455		3.559		16.915		7.499142		18.000
6.772		1.5030		0.0000		3960.452		3.562		16.930		7.514977		18.040
6.774		1.5062		0.0000		3960.448		3.566		16.935		7.530812		18.080
6.772		1.5095		0.0000		3960.445		3.569		16.930		7.547337		18.120
6.774		1.5126		0.0000		3960.442		3.572		16.935		7.563171		18.160
6.774		1.5158		0.0000		3960.439		3.575		16.935		7.579007		18.200
6.774		1.5190		0.0000		3960.436		3.578		16.935		7.594843		18.240
6.774		1.5221		0.0000		3960.433		3.582		16.935		7.610679		18.280
6.776		1.5259		0.0000		3960.429		3.585		16.940		7.629268		18.320
6.780		1.5297		0.0000		3960.425		3.589		16.950		7.648545		18.360
6.790		1.5333		0.0000		3960.421		3.593		16.975		7.666447		18.400
6.800		1.5365		0.0000		3960.418		3.596		17.000		7.682283		18.440
6.802		1.5396		0.0000		3960.415		3.599		17.005		7.698117		18.480
6.802		1.5428		0.0000		3960.412		3.602		17.005		7.713953		18.520
6.802		1.5460		0.0000		3960.409		3.605		17.005		7.729789		18.560
6.802		1.5493		0.0000		3960.406		3.609		17.005		7.746313		18.600
6.804		1.5523		0.0000		3960.402		3.612		17.010		7.761460		18.640
6.804		1.5555		0.0000		3960.399		3.615		17.010		7.777295		18.680
6.804		1.5590		0.0000		3960.396		3.618		17.010		7.795197		18.720
6.806		1.5629		0.0000		3960.392		3.622		17.015		7.814474		18.760
6.814		1.5666		0.0000		3960.388		3.626		17.035		7.833064		18.800
6.824		1.5698		0.0000		3960.385		3.629		17.060		7.848899		18.840
6.830		1.5729		0.0000		3960.382		3.632		17.075		7.864735		18.880
6.828		1.5763		0.0000		3960.378		3.636		17.070		7.881259		18.920
6.828		1.5794		0.0000		3960.375		3.639		17.070		7.897095		18.960
6.830		1.5826		0.0000		3960.372		3.642		17.075		7.912930		19.000
6.830		1.5858		0.0000		3960.369		3.645		17.075		7.928766		19.040
6.830		1.5889		0.0000		3960.366		3.648		17.075		7.944601		19.080
6.832		1.5924		0.0000		3960.362		3.652		17.080		7.961813		19.120
6.834		1.5961		0.0000		3960.359		3.656		17.085		7.980403		19.160
6.840		1.5999		0.0000		3960.355		3.659		17.100		7.999681		19.200
6.850		1.6032		0.0000		3960.352		3.663		17.125		8.016205		19.240
6.858		1.6064		0.0000		3960.348		3.666		17.145		8.032041		19.280
6.858		1.6096		0.0000		3960.345		3.669		17.145		8.047876		19.320
6.858		1.6127		0.0000		3960.342		3.672		17.145		8.063711		19.360
6.858		1.6160		0.0000		3960.339		3.675		17.145		8.080235		19.400
6.858		1.6191		0.0000		3960.336		3.679		17.145		8.095383		19.440
6.860		1.6224		0.0000		3960.332		3.682		17.150		8.111906		19.480
6.860		1.6255		0.0000		3960.329		3.685		17.150		8.127742		19.520
6.860		1.6293		0.0000		3960.325		3.689		17.150		8.146332		19.560
6.866		1.6331		0.0000		3960.322		3.693		17.165		8.165609		19.600
6.874		1.6367		0.0000		3960.318		3.696		17.185		8.183510		19.640
6.884		1.6399		0.0000		3960.315		3.699		17.210		8.199347		19.680
6.884		1.6430		0.0000		3960.312		3.702		17.210		8.215181		19.720
6.882		1.6462		0.0000		3960.309		3.706		17.205		8.231016		19.760
6.882		1.6494		0.0000		3960.305		3.709		17.205		8.246852		19.800
6.882		1.6525		0.0000		3960.302		3.712		17.205		8.262688		19.840
6.882		1.6557		0.0000		3960.299		3.715		17.205		8.278523		19.880
6.882		1.6590		0.0000		3960.296		3.718		17.205		8.295048		19.920
6.884		1.6625		0.0000		3960.292		3.722		17.210		8.312260		19.960
6.886		1.6663		0.0000		3960.288		3.726		17.215		8.331538		20.000
6.894		1.6700		0.0000		3960.285		3.729		17.235		8.350128		20.040
6.904		1.6732		0.0000		3960.281		3.733		17.260		8.365963		20.080
6.908		1.6764		0.0000		3960.278		3.736		17.270		8.381798		20.120
6.906		1.6797		0.0000		3960.275		3.739		17.265		8.398323		20.160
6.906		1.6828		0.0000		3960.272		3.742		17.265		8.414158		20.200
6.906		1.6860		0.0000		3960.269		3.745		17.265		8.429994		20.240
6.906		1.6892		0.0000		3960.266		3.749		17.265		8.445829		20.280
6.906		1.6923		0.0000		3960.262		3.752		17.265		8.461665		20.320
6.906		1.6958		0.0000		3960.259		3.755		17.265		8.478878		20.360
6.906		1.6995		0.0000		3960.255		3.759		17.265		8.497467		20.400
6.912		1.7033		0.0000		3960.251		3.763		17.280		8.516745		20.440
6.924		1.7067		0.0000		3960.248		3.766		17.310		8.533268		20.480
6.930		1.7098		0.0000		3960.245		3.769		17.325		8.549104		20.520
6.930		1.7130		0.0000		3960.242		3.772		17.325		8.564939		20.560
6.930		1.7162		0.0000		3960.239		3.776		17.325		8.580775		20.600
6.930		1.7193		0.0000		3960.235		3.779		17.325		8.596611		20.640
6.930		1.7225		0.0000		3960.232		3.782		17.325		8.612446		20.680
6.932		1.7258		0.0000		3960.229		3.785		17.330		8.628970		20.720
6.932		1.7290		0.0000		3960.226		3.788		17.330		8.644805		20.760
6.932		1.7327		0.0000		3960.222		3.792		17.330		8.663395		20.800
6.936		1.7365		0.0000		3960.218		3.796		17.340		8.682673		20.840
6.946		1.7400		0.0000		3960.215		3.799		17.365		8.699885		20.880
6.954		1.7433		0.0000		3960.211		3.803		17.385		8.716410		20.920
6.956		1.7464		0.0000		3960.208		3.806		17.390		8.732244		20.960
6.956		1.7496		0.0000		3960.205		3.809		17.390		8.748081		21.000
6.956		1.7528		0.0000		3960.202		3.812		17.390		8.763916		21.040
6.956		1.7560		0.0000		3960.199		3.815		17.390		8.779751		21.080
6.956		1.7591		0.0000		3960.196		3.819		17.390		8.795587		21.120
6.958		1.7623		0.0000		3960.192		3.822		17.395		8.811422		21.160
6.958		1.7659		0.0000		3960.189		3.825		17.395		8.829323		21.200
6.960		1.7697		0.0000		3960.185		3.829		17.400		8.848601		21.240
6.970		1.7736		0.0000		3960.181		3.833		17.425		8.867879		21.280
6.978		1.7766		0.0000		3960.178		3.836		17.445		8.883027		21.320
6.982		1.7798		0.0000		3960.175		3.839		17.455		8.898861		21.360
6.982		1.7831		0.0000		3960.172		3.843		17.455		8.915386		21.400
6.980		1.7862		0.0000		3960.168		3.846		17.450		8.931222		21.440
6.980		1.7894		0.0000		3960.165		3.849		17.450		8.947057		21.480
6.982		1.7926		0.0000		3960.162		3.852		17.455		8.962893		21.520
6.982		1.7957		0.0000		3960.159		3.855		17.455		8.978728		21.560
6.982		1.7991		0.0000		3960.156		3.858		17.455		8.995252		21.600
6.984		1.8029		0.0000		3960.152		3.862		17.460		9.014530		21.640
6.992		1.8068		0.0000		3960.148		3.866		17.480		9.033808		21.680
7.002		1.8101		0.0000		3960.145		3.870		17.505		9.050332		21.720
7.008		1.8132		0.0000		3960.142		3.873		17.520		9.066167		21.760
7.008		1.8164		0.0000		3960.138		3.876		17.520		9.082003		21.800
7.006		1.8196		0.0000		3960.135		3.879		17.515		9.097838		21.840
7.006		1.8227		0.0000		3960.132		3.882		17.515		9.113674		21.880
7.006		1.8259		0.0000		3960.129		3.885		17.515		9.129510		21.920
7.006		1.8291		0.0000		3960.126		3.889		17.515		9.145345		21.960
7.006		1.8324		0.0000		3960.122		3.892		17.515		9.161869		22.000
7.006		1.8361		0.0000		3960.119		3.896		17.515		9.180459		22.040
7.010		1.8401		0.0000		3960.115		3.900		17.525		9.200425		22.080
7.020		1.8435		0.0000		3960.111		3.903		17.550		9.217638		22.120
7.028		1.8467		0.0000		3960.108		3.906		17.570		9.233474		22.160
7.030		1.8499		0.0000		3960.105		3.909		17.575		9.249308		22.200
7.028		1.8530		0.0000		3960.102		3.912		17.570		9.265144		22.240
7.028		1.8563		0.0000		3960.098		3.916		17.570		9.281668		22.280
7.028		1.8594		0.0000		3960.095		3.919		17.570		9.296816		22.320
7.028		1.8625		0.0000		3960.092		3.922		17.570		9.312650		22.360
7.028		1.8657		0.0000		3960.089		3.925		17.570		9.328485		22.400
7.028		1.8693		0.0000		3960.085		3.929		17.570		9.346388		22.440
7.032		1.8731		0.0000		3960.082		3.933		17.580		9.365664		22.480
7.042		1.8769		0.0000		3960.078		3.936		17.605		9.384254		22.520
7.052		1.8802		0.0000		3960.074		3.940		17.630		9.400779		22.560
7.058		1.8832		0.0000		3960.072		3.943		17.645		9.415926		22.600
7.058		1.8864		0.0000		3960.068		3.946		17.645		9.431762		22.640
7.056		1.8897		0.0000		3960.065		3.949		17.640		9.448285		22.680
7.058		1.8928		0.0000		3960.062		3.952		17.645		9.464121		22.720
7.058		1.8960		0.0000		3960.059		3.955		17.645		9.479956		22.760
7.056		1.8990		0.0000		3960.056		3.958		17.640		9.495104		22.800
7.058		1.9026		0.0000		3960.052		3.962		17.645		9.513004		22.840
7.058		1.9065		0.0000		3960.048		3.966		17.645		9.532282		22.880
7.066		1.9103		0.0000		3960.044		3.970		17.665		9.551559		22.920
7.078		1.9135		0.0000		3960.041		3.973		17.695		9.567395		22.960
7.084		1.9166		0.0000		3960.038		3.976		17.710		9.583231		23.000
7.082		1.9198		0.0000		3960.035		3.979		17.705		9.599067		23.040
7.080		1.9231		0.0000		3960.031		3.983		17.700		9.615591		23.080
7.080		1.9261		0.0000		3960.029		3.986		17.700		9.630737		23.120
7.080		1.9295		0.0000		3960.025		3.989		17.700		9.647261		23.160
7.080		1.9325		0.0000		3960.022		3.992		17.700		9.662409		23.200
7.080		1.9359		0.0000		3960.019		3.995		17.700		9.679622		23.240
7.080		1.9395		0.0000		3960.015		3.999		17.700		9.697522		23.280
7.084		1.9435		0.0000		3960.011		4.003		17.710		9.717489		23.320
7.094		1.9471		0.0000		3960.008		4.007		17.735		9.735390		23.360
7.102		1.9501		0.0000		3960.005		4.010		17.755		9.750537		23.400
7.102		1.9533		0.0000		3960.001		4.013		17.755		9.766373		23.440
7.100		1.9564		0.0000		3959.998		4.016		17.750		9.782208		23.480
7.100		1.9596		0.0000		3959.995		4.019		17.750		9.798044		23.520
7.098		1.9628		0.0000		3959.992		4.022		17.745		9.813877		23.560
7.098		1.9659		0.0000		3959.989		4.025		17.745		9.829713		23.600
7.098		1.9692		0.0000		3959.985		4.029		17.745		9.846238		23.640
7.098		1.9728		0.0000		3959.982		4.032		17.745		9.864139		23.680
7.100		1.9767		0.0000		3959.978		4.036		17.750		9.883417		23.720
7.110		1.9804		0.0000		3959.974		4.040		17.775		9.902006		23.760
7.120		1.9834		0.0000		3959.971		4.043		17.800		9.917153		23.800
7.124		1.9867		0.0000		3959.968		4.046		17.810		9.933678		23.840
7.122		1.9898		0.0000		3959.965		4.049		17.805		9.948825		23.880
7.122		1.9931		0.0000		3959.962		4.053		17.805		9.965349		23.920
7.120		1.9962		0.0000		3959.958		4.056		17.800		9.981183		23.960
7.120		1.9993		0.0000		3959.956		4.059		17.800		9.996332		24.000
7.120		2.0026		0.0000		3959.952		4.062		17.800		10.012855		24.040
7.120		2.0060		0.0000		3959.949		4.065		17.800		10.030068		24.080
7.122		2.0099		0.0000		3959.945		4.069		17.805		10.049344		24.120
7.130		2.0137		0.0000		3959.941		4.073		17.825		10.068623		24.160
7.140		2.0169		0.0000		3959.938		4.076		17.850		10.084458		24.200
7.146		2.0202		0.0000		3959.935		4.080		17.865		10.100984		24.240
7.146		2.0232		0.0000		3959.931		4.083		17.865		10.116130		24.280
7.146		2.0265		0.0000		3959.928		4.086		17.865		10.132655		24.320
7.144		2.0296		0.0000		3959.925		4.089		17.860		10.147801		24.360
7.144		2.0329		0.0000		3959.922		4.092		17.860		10.164324		24.400
7.144		2.0360		0.0000		3959.919		4.095		17.860		10.180160		24.440
7.144		2.0392		0.0000		3959.916		4.099		17.860		10.195995		24.480
7.144		2.0431		0.0000		3959.912		4.102		17.860		10.215274		24.520
7.150		2.0470		0.0000		3959.908		4.106		17.875		10.235242		24.560
7.162		2.0504		0.0000		3959.904		4.110		17.905		10.251764		24.600
7.168		2.0535		0.0000		3959.901		4.113		17.920		10.267600		24.640
7.170		2.0565		0.0000		3959.898		4.116		17.925		10.282746		24.680
7.168		2.0599		0.0000		3959.895		4.119		17.920		10.299272		24.720
7.166		2.0630		0.0000		3959.892		4.122		17.915		10.315107		24.760
7.166		2.0662		0.0000		3959.888		4.126		17.915		10.330943		24.800
7.166		2.0694		0.0000		3959.885		4.129		17.915		10.346779		24.840
7.166		2.0727		0.0000		3959.882		4.132		17.915		10.363301		24.880
7.166		2.0761		0.0000		3959.879		4.136		17.915		10.380515		24.920
7.170		2.0801		0.0000		3959.875		4.140		17.925		10.400480		24.960
7.180		2.0838		0.0000		3959.871		4.143		17.950		10.419069		25.000
7.190		2.0870		0.0000		3959.868		4.146		17.975		10.434905		25.040
7.194		2.0901		0.0000		3959.865		4.150		17.985		10.450741		25.080
7.192		2.0932		0.0000		3959.862		4.153		17.980		10.465888		25.120
7.190		2.0965		0.0000		3959.858		4.156		17.975		10.482412		25.160
7.190		2.0996		0.0000		3959.855		4.159		17.975		10.498248		25.200
7.190		2.1028		0.0000		3959.852		4.162		17.975		10.514084		25.240
7.188		2.1060		0.0000		3959.849		4.165		17.970		10.529918		25.280
7.188		2.1094		0.0000		3959.845		4.169		17.970		10.547132		25.320
7.190		2.1133		0.0000		3959.842		4.173		17.975		10.566410		25.360
7.198		2.1171		0.0000		3959.838		4.177		17.995		10.585686		25.400
7.210		2.1203		0.0000		3959.834		4.180		18.025		10.601521		25.440
7.214		2.1235		0.0000		3959.831		4.183		18.035		10.617357		25.480
7.214		2.1266		0.0000		3959.828		4.186		18.035		10.633193		25.520
7.212		2.1299		0.0000		3959.825		4.189		18.030		10.649718		25.560
7.210		2.1331		0.0000		3959.822		4.193		18.025		10.665554		25.600
7.210		2.1363		0.0000		3959.818		4.196		18.025		10.681390		25.640
7.210		2.1393		0.0000		3959.815		4.199		18.025		10.696536		25.680
7.208		2.1427		0.0000		3959.812		4.202		18.020		10.713748		25.720
7.210		2.1465		0.0000		3959.808		4.206		18.025		10.732337		25.760
7.214		2.1505		0.0000		3959.804		4.210		18.035		10.752305		25.800
7.224		2.1538		0.0000		3959.801		4.213		18.060		10.768827		25.840
7.234		2.1569		0.0000		3959.798		4.216		18.085		10.784663		25.880
7.234		2.1601		0.0000		3959.795		4.220		18.085		10.800499		25.920
7.234		2.1633		0.0000		3959.792		4.223		18.085		10.816335		25.960
7.234		2.1664		0.0000		3959.788		4.226		18.085		10.832170		26.000
7.234		2.1696		0.0000		3959.785		4.229		18.085		10.848006		26.040
7.234		2.1728		0.0000		3959.782		4.232		18.085		10.863842		26.080
7.232		2.1759		0.0000		3959.779		4.235		18.080		10.879678		26.120
7.232		2.1797		0.0000		3959.775		4.239		18.080		10.898267		26.160
7.236		2.1836		0.0000		3959.771		4.243		18.090		10.918232		26.200
7.246		2.1872		0.0000		3959.768		4.247		18.115		10.936132		26.240
7.256		2.1904		0.0000		3959.764		4.250		18.140		10.951968		26.280
7.258		2.1934		0.0000		3959.761		4.253		18.145		10.967115		26.320
7.256		2.1967		0.0000		3959.758		4.256		18.140		10.983640		26.360
7.256		2.1999		0.0000		3959.755		4.259		18.140		10.999475		26.400
7.256		2.2031		0.0000		3959.752		4.263		18.140		11.015311		26.440
7.256		2.2062		0.0000		3959.749		4.266		18.140		11.031147		26.480
7.256		2.2094		0.0000		3959.745		4.269		18.140		11.046983		26.520
7.254		2.2128		0.0000		3959.742		4.272		18.135		11.064195		26.560
7.256		2.2168		0.0000		3959.738		4.276		18.140		11.084162		26.600
7.264		2.2206		0.0000		3959.734		4.280		18.160		11.102752		26.640
7.274		2.2239		0.0000		3959.731		4.283		18.185		11.119274		26.680
7.280		2.2269		0.0000		3959.728		4.286		18.200		11.134420		26.720
7.278		2.2301		0.0000		3959.725		4.289		18.195		11.150256		26.760
7.274		2.2334		0.0000		3959.721		4.293		18.185		11.166781		26.800
7.274		2.2365		0.0000		3959.718		4.296		18.185		11.182617		26.840
7.272		2.2396		0.0000		3959.715		4.299		18.180		11.197763		26.880
7.272		2.2427		0.0000		3959.712		4.302		18.180		11.213599		26.920
7.270		2.2460		0.0000		3959.709		4.305		18.175		11.230122		26.960
7.270		2.2499		0.0000		3959.705		4.309		18.175		11.249400		27.000
7.276		2.2539		0.0000		3959.701		4.313		18.190		11.269368		27.040
7.288		2.2572		0.0000		3959.698		4.317		18.220		11.285891		27.080
7.294		2.2602		0.0000		3959.695		4.320		18.235		11.301040		27.120
7.294		2.2635		0.0000		3959.691		4.323		18.235		11.317562		27.160
7.292		2.2667		0.0000		3959.688		4.326		18.230		11.333398		27.200
7.290		2.2698		0.0000		3959.685		4.329		18.225		11.349234		27.240
7.290		2.2730		0.0000		3959.682		4.332		18.225		11.365069		27.280
7.288		2.2762		0.0000		3959.678		4.336		18.220		11.380905		27.320
7.288		2.2795		0.0000		3959.675		4.339		18.220		11.397428		27.360
7.286		2.2831		0.0000		3959.672		4.343		18.215		11.415330		27.400
7.290		2.2871		0.0000		3959.668		4.347		18.225		11.435295		27.440
7.300		2.2906		0.0000		3959.664		4.350		18.250		11.453196		27.480
7.310		2.2937		0.0000		3959.661		4.353		18.275		11.468345		27.520
7.314		2.2968		0.0000		3959.658		4.356		18.285		11.484179		27.560
7.312		2.3001		0.0000		3959.655		4.360		18.280		11.500703		27.600
7.310		2.3033		0.0000		3959.651		4.363		18.275		11.516539		27.640
7.310		2.3063		0.0000		3959.648		4.366		18.275		11.531686		27.680
7.310		2.3095		0.0000		3959.645		4.369		18.275		11.547522		27.720
7.308		2.3127		0.0000		3959.642		4.372		18.270		11.563357		27.760
7.308		2.3163		0.0000		3959.638		4.376		18.270		11.581258		27.800
7.310		2.3202		0.0000		3959.635		4.380		18.275		11.601225		27.840
7.318		2.3241		0.0000		3959.631		4.384		18.295		11.620503		27.880
7.330		2.3273		0.0000		3959.627		4.387		18.325		11.636337		27.920
7.334		2.3303		0.0000		3959.625		4.390		18.335		11.651486		27.960
7.332		2.3335		0.0000		3959.621		4.393		18.330		11.667319		28.000
7.330		2.3366		0.0000		3959.618		4.396		18.325		11.683155		28.040
7.328		2.3398		0.0000		3959.615		4.399		18.320		11.698991		28.080
7.328		2.3430		0.0000		3959.612		4.402		18.320		11.714827		28.120
7.326		2.3461		0.0000		3959.609		4.406		18.315		11.730662		28.160
7.326		2.3496		0.0000		3959.605		4.409		18.315		11.747874		28.200
7.326		2.3533		0.0000		3959.601		4.413		18.315		11.766463		28.240
7.330		2.3573		0.0000		3959.597		4.417		18.325		11.786431		28.280
7.342		2.3606		0.0000		3959.594		4.420		18.355		11.802956		28.320
7.348		2.3638		0.0000		3959.591		4.423		18.370		11.818791		28.360
7.348		2.3669		0.0000		3959.588		4.426		18.370		11.834625		28.400
7.344		2.3701		0.0000		3959.585		4.430		18.360		11.850461		28.440
7.344		2.3733		0.0000		3959.582		4.433		18.360		11.866297		28.480
7.344		2.3764		0.0000		3959.578		4.436		18.360		11.882133		28.520
7.342		2.3796		0.0000		3959.575		4.439		18.355		11.897968		28.560
7.342		2.3828		0.0000		3959.572		4.442		18.355		11.913804		28.600
7.340		2.3865		0.0000		3959.568		4.446		18.350		11.932393		28.640
7.346		2.3905		0.0000		3959.564		4.450		18.365		11.952358		28.680
7.356		2.3941		0.0000		3959.561		4.453		18.390		11.970262		28.720
7.364		2.3972		0.0000		3959.558		4.457		18.410		11.986097		28.760
7.366		2.4002		0.0000		3959.554		4.460		18.415		12.001244		28.800
7.364		2.4036		0.0000		3959.551		4.463		18.410		12.017766		28.840
7.362		2.4067		0.0000		3959.548		4.466		18.405		12.033602		28.880
7.360		2.4099		0.0000		3959.545		4.469		18.400		12.049438		28.920
7.360		2.4129		0.0000		3959.542		4.472		18.400		12.064585		28.960
7.358		2.4162		0.0000		3959.539		4.476		18.395		12.081109		29.000
7.358		2.4197		0.0000		3959.535		4.479		18.395		12.098321		29.040
7.360		2.4235		0.0000		3959.531		4.483		18.400		12.117599		29.080
7.368		2.4274		0.0000		3959.527		4.487		18.420		12.136878		29.120
7.378		2.4305		0.0000		3959.524		4.490		18.445		12.152714		29.160
7.384		2.4337		0.0000		3959.521		4.493		18.460		12.168550		29.200
7.382		2.4369		0.0000		3959.518		4.496		18.455		12.184385		29.240
7.380		2.4400		0.0000		3959.515		4.499		18.450		12.200218		29.280
7.378		2.4432		0.0000		3959.511		4.503		18.445		12.216054		29.320
7.378		2.4464		0.0000		3959.508		4.506		18.445		12.231890		29.360
7.376		2.4495		0.0000		3959.505		4.509		18.440		12.247725		29.400
7.376		2.4530		0.0000		3959.502		4.512		18.440		12.264939		29.440
7.376		2.4568		0.0000		3959.498		4.516		18.440		12.284216		29.480
7.382		2.4607		0.0000		3959.494		4.520		18.455		12.303494		29.520
7.394		2.4640		0.0000		3959.491		4.523		18.485		12.320019		29.560
7.400		2.4672		0.0000		3959.488		4.527		18.500		12.335855		29.600
7.400		2.4702		0.0000		3959.485		4.530		18.500		12.351002		29.640
7.398		2.4735		0.0000		3959.481		4.533		18.495		12.367524		29.680
7.396		2.4767		0.0000		3959.478		4.536		18.490		12.383360		29.720
7.396		2.4798		0.0000		3959.475		4.539		18.490		12.399196		29.760
7.394		2.4830		0.0000		3959.472		4.542		18.485		12.415031		29.800
7.394		2.4862		0.0000		3959.469		4.546		18.485		12.430867		29.840
7.392		2.4899		0.0000		3959.465		4.549		18.480		12.449456		29.880
7.396		2.4939		0.0000		3959.461		4.553		18.490		12.469424		29.920
7.408		2.4975		0.0000		3959.457		4.557		18.520		12.487325		29.960
7.416		2.5006		0.0000		3959.454		4.560		18.540		12.503160		30.000
7.418		2.5037		0.0000		3959.451		4.563		18.545		12.518307		30.040
7.414		2.5070		0.0000		3959.448		4.566		18.535		12.534829		30.080
7.412		2.5101		0.0000		3959.445		4.570		18.530		12.550665		30.120
7.412		2.5132		0.0000		3959.442		4.573		18.530		12.565812		30.160
7.410		2.5163		0.0000		3959.438		4.576		18.525		12.581648		30.200
7.410		2.5195		0.0000		3959.435		4.579		18.525		12.597484		30.240
7.408		2.5231		0.0000		3959.432		4.583		18.520		12.615384		30.280
7.410		2.5271		0.0000		3959.428		4.587		18.525		12.635351		30.320
7.418		2.5309		0.0000		3959.424		4.590		18.545		12.654630		30.360
7.430		2.5340		0.0000		3959.421		4.593		18.575		12.669777		30.400
7.432		2.5371		0.0000		3959.417		4.597		18.580		12.685613		30.440
7.430		2.5403		0.0000		3959.415		4.600		18.575		12.701448		30.480
7.428		2.5435		0.0000		3959.411		4.603		18.570		12.717284		30.520
7.426		2.5466		0.0000		3959.408		4.606		18.565		12.733117		30.560
7.424		2.5498		0.0000		3959.405		4.609		18.560		12.748953		30.600
7.422		2.5530		0.0000		3959.402		4.612		18.555		12.764789		30.640
7.422		2.5564		0.0000		3959.398		4.616		18.555		12.782002		30.680
7.424		2.5603		0.0000		3959.395		4.620		18.560		12.801279		30.720
7.430		2.5641		0.0000		3959.391		4.624		18.575		12.820558		30.760
7.440		2.5674		0.0000		3959.387		4.627		18.600		12.837082		30.800
7.446		2.5706		0.0000		3959.384		4.630		18.615		12.852918		30.840
7.446		2.5738		0.0000		3959.381		4.633		18.615		12.868753		30.880
7.444		2.5769		0.0000		3959.378		4.636		18.610		12.884589		30.920
7.442		2.5801		0.0000		3959.375		4.640		18.605		12.900423		30.960
7.442		2.5833		0.0000		3959.372		4.643		18.605		12.916259		31.000
7.440		2.5864		0.0000		3959.368		4.646		18.600		12.932095		31.040
7.440		2.5896		0.0000		3959.365		4.649		18.600		12.947930		31.080
7.438		2.5933		0.0000		3959.361		4.653		18.595		12.966519		31.120
7.444		2.5974		0.0000		3959.357		4.657		18.610		12.987176		31.160
7.454		2.6009		0.0000		3959.354		4.660		18.635		13.004388		31.200
7.464		2.6040		0.0000		3959.351		4.663		18.660		13.020224		31.240
7.464		2.6071		0.0000		3959.348		4.667		18.660		13.035370		31.280
7.462		2.6102		0.0000		3959.344		4.670		18.655		13.051206		31.320
7.460		2.6135		0.0000		3959.341		4.673		18.650		13.067731		31.360
7.460		2.6167		0.0000		3959.338		4.676		18.650		13.083564		31.400
7.458		2.6197		0.0000		3959.335		4.679		18.645		13.098713		31.440
7.456		2.6230		0.0000		3959.332		4.682		18.640		13.115235		31.480
7.456		2.6265		0.0000		3959.328		4.686		18.640		13.132449		31.520
7.458		2.6305		0.0000		3959.324		4.690		18.645		13.152414		31.560
7.466		2.6342		0.0000		3959.321		4.694		18.665		13.171004		31.600
7.476		2.6374		0.0000		3959.317		4.697		18.690		13.186840		31.640
7.478		2.6405		0.0000		3959.314		4.700		18.695		13.202676		31.680
7.476		2.6437		0.0000		3959.311		4.703		18.690		13.218512		31.720
7.474		2.6469		0.0000		3959.308		4.706		18.685		13.234347		31.760
7.472		2.6500		0.0000		3959.305		4.709		18.680		13.250183		31.800
7.472		2.6532		0.0000		3959.302		4.713		18.680		13.266019		31.840
7.470		2.6562		0.0000		3959.299		4.716		18.675		13.281165		31.880
7.468		2.6597		0.0000		3959.295		4.719		18.670		13.298377		31.920
7.470		2.6637		0.0000		3959.291		4.723		18.675		13.318344		31.960
7.476		2.6677		0.0000		3959.287		4.727		18.690		13.338309		32.000
7.490		2.6708		0.0000		3959.284		4.730		18.725		13.354145		32.040
7.496		2.6740		0.0000		3959.281		4.733		18.740		13.369981		32.080
7.492		2.6770		0.0000		3959.278		4.736		18.730		13.385128		32.120
7.490		2.6803		0.0000		3959.274		4.740		18.725		13.401652		32.160
7.488		2.6835		0.0000		3959.271		4.743		18.720		13.417488		32.200
7.486		2.6865		0.0000		3959.268		4.746		18.715		13.432635		32.240
7.484		2.6897		0.0000		3959.265		4.749		18.710		13.448471		32.280
7.484		2.6930		0.0000		3959.262		4.752		18.710		13.464993		32.320
7.484		2.6967		0.0000		3959.258		4.756		18.710		13.483582		32.360
7.488		2.7007		0.0000		3959.254		4.760		18.720		13.503551		32.400
7.498		2.7043		0.0000		3959.250		4.764		18.745		13.521451		32.440
7.508		2.7075		0.0000		3959.247		4.767		18.770		13.537287		32.480
7.508		2.7105		0.0000		3959.244		4.770		18.770		13.552433		32.520
7.504		2.7137		0.0000		3959.241		4.773		18.760		13.568269		32.560
7.502		2.7170		0.0000		3959.238		4.776		18.755		13.584794		32.600
7.500		2.7200		0.0000		3959.235		4.779		18.750		13.599940		32.640
7.498		2.7232		0.0000		3959.231		4.783		18.745		13.615776		32.680
7.496		2.7263		0.0000		3959.229		4.786		18.740		13.631612		32.720
7.494		2.7300		0.0000		3959.225		4.789		18.735		13.650202		32.760
7.498		2.7339		0.0000		3959.221		4.793		18.745		13.669477		32.800
7.506		2.7378		0.0000		3959.217		4.797		18.765		13.688756		32.840
7.518		2.7408		0.0000		3959.214		4.800		18.795		13.703903		32.880
7.520		2.7439		0.0000		3959.211		4.803		18.800		13.719739		32.920
7.518		2.7471		0.0000		3959.208		4.807		18.795		13.735575		32.960
7.516		2.7503		0.0000		3959.204		4.810		18.790		13.751410		33.000
7.514		2.7534		0.0000		3959.201		4.813		18.785		13.767246		33.040
7.512		2.7566		0.0000		3959.198		4.816		18.780		13.783082		33.080
7.510		2.7598		0.0000		3959.195		4.819		18.775		13.798918		33.120
7.508		2.7632		0.0000		3959.191		4.823		18.770		13.816129		33.160
7.508		2.7671		0.0000		3959.188		4.827		18.770		13.835407		33.200
7.512		2.7709		0.0000		3959.184		4.830		18.780		13.854686		33.240
7.524		2.7742		0.0000		3959.180		4.834		18.810		13.871208		33.280
7.528		2.7773		0.0000		3959.177		4.837		18.820		13.886355		33.320
7.526		2.7804		0.0000		3959.174		4.840		18.815		13.902191		33.360
7.524		2.7837		0.0000		3959.171		4.843		18.810		13.918715		33.400
7.522		2.7869		0.0000		3959.168		4.846		18.805		13.934551		33.440
7.520		2.7899		0.0000		3959.165		4.849		18.800		13.949698		33.480
7.518		2.7931		0.0000		3959.162		4.853		18.795		13.965534		33.520
7.514		2.7964		0.0000		3959.158		4.856		18.785		13.982057		33.560
7.514		2.8003		0.0000		3959.155		4.860		18.785		14.001335		33.600
7.518		2.8043		0.0000		3959.150		4.864		18.795		14.021302		33.640
7.528		2.8076		0.0000		3959.147		4.867		18.820		14.037825		33.680
7.534		2.8107		0.0000		3959.144		4.870		18.835		14.053660		33.720
7.532		2.8139		0.0000		3959.141		4.873		18.830		14.069496		33.760
7.528		2.8171		0.0000		3959.138		4.877		18.820		14.085332		33.800
7.526		2.8202		0.0000		3959.135		4.880		18.815		14.101168		33.840
7.524		2.8234		0.0000		3959.131		4.883		18.810		14.117003		33.880
7.522		2.8266		0.0000		3959.128		4.886		18.805		14.132839		33.920
7.520		2.8297		0.0000		3959.125		4.889		18.800		14.148675		33.960
7.520		2.8335		0.0000		3959.121		4.893		18.800		14.167265		34.000
7.522		2.8373		0.0000		3959.117		4.897		18.805		14.186541		34.040
7.530		2.8410		0.0000		3959.114		4.900		18.825		14.205131		34.080
7.538		2.8442		0.0000		3959.111		4.904		18.845		14.220966		34.120
7.542		2.8474		0.0000		3959.107		4.907		18.855		14.236802		34.160
7.538		2.8505		0.0000		3959.104		4.910		18.845		14.252638		34.200
7.534		2.8537		0.0000		3959.101		4.913		18.835		14.268474		34.240
7.532		2.8569		0.0000		3959.098		4.916		18.830		14.284309		34.280
7.532		2.8600		0.0000		3959.095		4.919		18.830		14.300145		34.320
7.528		2.8632		0.0000		3959.092		4.923		18.820		14.315981		34.360
7.528		2.8665		0.0000		3959.088		4.926		18.820		14.332503		34.400
7.528		2.8705		0.0000		3959.084		4.930		18.820		14.352470		34.440
7.536		2.8743		0.0000		3959.080		4.934		18.840		14.371749		34.480
7.548		2.8775		0.0000		3959.077		4.937		18.870		14.387585		34.520
7.552		2.8808		0.0000		3959.074		4.940		18.880		14.404107		34.560
7.550		2.8839		0.0000		3959.071		4.943		18.875		14.419254		34.600
7.548		2.8870		0.0000		3959.068		4.946		18.870		14.435090		34.640
7.546		2.8903		0.0000		3959.064		4.950		18.865		14.451614		34.680
7.544		2.8935		0.0000		3959.061		4.953		18.860		14.467450		34.720
7.542		2.8965		0.0000		3959.058		4.956		18.855		14.482597		34.760
7.540		2.8998		0.0000		3959.055		4.959		18.850		14.499122		34.800
7.538		2.9037		0.0000		3959.051		4.963		18.845		14.518398		34.840
7.542		2.9077		0.0000		3959.047		4.967		18.855		14.538365		34.880
7.552		2.9110		0.0000		3959.044		4.970		18.880		14.554891		34.920
7.560		2.9141		0.0000		3959.041		4.974		18.900		14.570726		34.960
7.558		2.9173		0.0000		3959.037		4.977		18.895		14.586559		35.000
7.554		2.9205		0.0000		3959.034		4.980		18.885		14.602395		35.040
7.552		2.9236		0.0000		3959.031		4.983		18.880		14.618231		35.080
7.550		2.9268		0.0000		3959.028		4.986		18.875		14.634067		35.120
7.548		2.9300		0.0000		3959.025		4.989		18.870		14.649902		35.160
7.544		2.9331		0.0000		3959.021		4.993		18.860		14.665738		35.200
7.542		2.9369		0.0000		3959.018		4.996		18.855		14.684328		35.240
7.544		2.9409		0.0000		3959.014		5.000		18.860		14.704293		35.280
7.552		2.9444		0.0000		3959.010		5.004		18.880		14.722196		35.320
7.562		2.9476		0.0000		3959.007		5.007		18.905		14.738031		35.360
7.562		2.9506		0.0000		3959.004		5.010		18.905		14.753179		35.400
7.560		2.9539		0.0000		3959.001		5.013		18.900		14.769701		35.440
7.556		2.9571		0.0000		3958.998		5.017		18.890		14.785537		35.480
7.556		2.9603		0.0000		3958.994		5.020		18.890		14.801373		35.520
7.552		2.9634		0.0000		3958.991		5.023		18.880		14.817208		35.560
7.550		2.9666		0.0000		3958.988		5.026		18.875		14.833044		35.600
7.548		2.9701		0.0000		3958.985		5.029		18.870		14.850255		35.640
7.548		2.9739		0.0000		3958.981		5.033		18.870		14.869534		35.680
7.554		2.9778		0.0000		3958.977		5.037		18.885		14.888812		35.720
7.564		2.9811		0.0000		3958.974		5.041		18.910		14.905337		35.760
7.568		2.9841		0.0000		3958.971		5.044		18.920		14.920484		35.800
7.564		2.9873		0.0000		3958.968		5.047		18.910		14.936319		35.840
7.560		2.9906		0.0000		3958.964		5.050		18.900		14.952842		35.880
7.558		2.9937		0.0000		3958.961		5.053		18.895		14.968678		35.920
7.554		2.9968		0.0000		3958.958		5.056		18.885		14.983825		35.960
7.552		2.9999		0.0000		3958.955		5.059		18.880		14.999660		36.000
7.550		3.0034		0.0000		3958.951		5.063		18.875		15.016874		36.040
7.548		3.0071		0.0000		3958.948		5.067		18.870		15.035463		36.080
7.552		3.0111		0.0000		3958.944		5.071		18.880		15.055429		36.120
7.562		3.0144		0.0000		3958.940		5.074		18.905		15.071954		36.160
7.568		3.0176		0.0000		3958.937		5.077		18.920		15.087790		36.200
7.566		3.0207		0.0000		3958.934		5.080		18.915		15.103625		36.240
7.562		3.0239		0.0000		3958.931		5.083		18.905		15.119458		36.280
7.560		3.0271		0.0000		3958.928		5.087		18.900		15.135294		36.320
7.558		3.0302		0.0000		3958.925		5.090		18.895		15.151130		36.360
7.556		3.0334		0.0000		3958.921		5.093		18.890		15.166965		36.400
7.554		3.0367		0.0000		3958.918		5.096		18.885		15.183491		36.440
7.550		3.0403		0.0000		3958.915		5.100		18.875		15.201391		36.480
7.552		3.0441		0.0000		3958.911		5.104		18.880		15.220670		36.520
7.558		3.0479		0.0000		3958.907		5.107		18.895		15.239259		36.560
7.566		3.0510		0.0000		3958.904		5.110		18.915		15.255095		36.600
7.566		3.0540		0.0000		3958.901		5.113		18.915		15.270242		36.640
7.562		3.0572		0.0000		3958.897		5.117		18.905		15.286077		36.680
7.558		3.0605		0.0000		3958.894		5.120		18.895		15.302600		36.720
7.556		3.0637		0.0000		3958.891		5.123		18.890		15.318436		36.760
7.552		3.0667		0.0000		3958.888		5.126		18.880		15.333582		36.800
7.550		3.0700		0.0000		3958.885		5.129		18.875		15.350107		36.840
7.546		3.0735		0.0000		3958.881		5.133		18.865		15.367318		36.880
7.546		3.0773		0.0000		3958.877		5.137		18.865		15.386597		36.920
7.552		3.0813		0.0000		3958.873		5.141		18.880		15.406565		36.960
7.562		3.0843		0.0000		3958.870		5.144		18.905		15.421711		37.000
7.562		3.0875		0.0000		3958.867		5.147		18.905		15.437547		37.040
7.558		3.0907		0.0000		3958.864		5.150		18.895		15.453382		37.080
7.554		3.0938		0.0000		3958.861		5.153		18.885		15.469218		37.120
7.550		3.0970		0.0000		3958.858		5.156		18.875		15.485052		37.160
7.546		3.1002		0.0000		3958.854		5.160		18.865		15.500888		37.200
7.542		3.1035		0.0000		3958.851		5.163		18.855		15.517412		37.240
7.538		3.1068		0.0000		3958.848		5.166		18.845		15.533937		37.280
7.536		3.1105		0.0000		3958.844		5.170		18.840		15.552526		37.320
7.538		3.1145		0.0000		3958.840		5.174		18.845		15.572492		37.360
7.546		3.1178		0.0000		3958.837		5.177		18.865		15.589017		37.400
7.550		3.1210		0.0000		3958.834		5.180		18.875		15.604853		37.440
7.548		3.1241		0.0000		3958.831		5.184		18.870		15.620688		37.480
7.544		3.1273		0.0000		3958.827		5.187		18.860		15.636524		37.520
7.540		3.1305		0.0000		3958.824		5.190		18.850		15.652357		37.560
7.536		3.1336		0.0000		3958.821		5.193		18.840		15.668193		37.600
7.534		3.1368		0.0000		3958.818		5.196		18.835		15.684029		37.640
7.532		3.1400		0.0000		3958.815		5.199		18.830		15.699864		37.680
7.528		3.1437		0.0000		3958.811		5.203		18.820		15.718454		37.720
7.530		3.1477		0.0000		3958.807		5.207		18.825		15.738421		37.760
7.538		3.1513		0.0000		3958.803		5.211		18.845		15.756322		37.800
7.546		3.1543		0.0000		3958.801		5.214		18.865		15.771469		37.840
7.546		3.1575		0.0000		3958.797		5.217		18.865		15.787305		37.880
7.542		3.1608		0.0000		3958.794		5.220		18.855		15.803829		37.920
7.538		3.1639		0.0000		3958.791		5.223		18.845		15.819665		37.960
7.536		3.1671		0.0000		3958.788		5.227		18.840		15.835499		38.000
7.534		3.1703		0.0000		3958.784		5.230		18.835		15.851335		38.040
7.530		3.1734		0.0000		3958.781		5.233		18.825		15.867170		38.080
7.528		3.1769		0.0000		3958.778		5.236		18.820		15.884384		38.120
7.528		3.1807		0.0000		3958.774		5.240		18.820		15.903660		38.160
7.534		3.1846		0.0000		3958.770		5.244		18.835		15.922938		38.200
7.544		3.1878		0.0000		3958.767		5.247		18.860		15.938774		38.240
7.546		3.1909		0.0000		3958.764		5.250		18.865		15.954610		38.280
7.542		3.1941		0.0000		3958.761		5.254		18.855		15.970446		38.320
7.538		3.1973		0.0000		3958.758		5.257		18.845		15.986281		38.360
7.536		3.2004		0.0000		3958.754		5.260		18.840		16.002117		38.400
7.532		3.2036		0.0000		3958.751		5.263		18.830		16.017954		38.440
7.530		3.2068		0.0000		3958.748		5.266		18.825		16.033787		38.480
7.526		3.2102		0.0000		3958.745		5.270		18.815		16.051001		38.521
7.524		3.2139		0.0000		3958.741		5.273		18.810		16.069590		38.561
7.528		3.2179		0.0000		3958.737		5.277		18.820		16.089556		38.601
7.536		3.2212		0.0000		3958.733		5.281		18.840		16.106079		38.641
7.540		3.2244		0.0000		3958.730		5.284		18.850		16.121916		38.681
7.538		3.2276		0.0000		3958.727		5.287		18.845		16.137751		38.721
7.534		3.2307		0.0000		3958.724		5.290		18.835		16.153587		38.761
7.532		3.2339		0.0000		3958.721		5.293		18.830		16.169422		38.801
7.530		3.2371		0.0000		3958.718		5.296		18.825		16.185259		38.841
7.526		3.2402		0.0000		3958.715		5.300		18.815		16.201092		38.881
7.524		3.2435		0.0000		3958.711		5.303		18.810		16.217617		38.921
7.522		3.2471		0.0000		3958.708		5.307		18.805		16.235518		38.961
7.524		3.2510		0.0000		3958.704		5.310		18.810		16.254795		39.001
7.530		3.2545		0.0000		3958.700		5.314		18.825		16.272696		39.041
7.536		3.2578		0.0000		3958.697		5.317		18.840		16.289221		39.081
7.536		3.2609		0.0000		3958.694		5.320		18.840		16.304367		39.121
7.532		3.2640		0.0000		3958.691		5.323		18.830		16.320204		39.161
7.528		3.2673		0.0000		3958.687		5.327		18.820		16.336729		39.201
7.526		3.2705		0.0000		3958.684		5.330		18.815		16.352564		39.241
7.522		3.2735		0.0000		3958.681		5.333		18.805		16.367710		39.281
7.520		3.2768		0.0000		3958.678		5.336		18.800		16.384233		39.321
7.516		3.2803		0.0000		3958.674		5.340		18.790		16.401447		39.361
7.516		3.2841		0.0000		3958.671		5.344		18.790		16.420725		39.401
7.522		3.2880		0.0000		3958.667		5.347		18.805		16.440002		39.441
7.532		3.2912		0.0000		3958.664		5.351		18.830		16.455837		39.481
7.532		3.2943		0.0000		3958.660		5.354		18.830		16.471674		39.521
7.528		3.2975		0.0000		3958.657		5.357		18.820		16.487509		39.561
7.524		3.3007		0.0000		3958.654		5.360		18.810		16.503345		39.601
7.520		3.3038		0.0000		3958.651		5.363		18.800		16.519180		39.641
7.516		3.3070		0.0000		3958.648		5.366		18.790		16.535017		39.681
7.512		3.3102		0.0000		3958.645		5.370		18.780		16.550852		39.721
7.510		3.3136		0.0000		3958.641		5.373		18.775		16.568064		39.761
7.510		3.3173		0.0000		3958.637		5.377		18.775		16.586653		39.801
7.514		3.3213		0.0000		3958.633		5.381		18.785		16.606621		39.841
7.522		3.3246		0.0000		3958.630		5.384		18.805		16.623142		39.881
7.528		3.3277		0.0000		3958.627		5.387		18.820		16.638290		39.921
7.524		3.3308		0.0000		3958.624		5.390		18.810		16.654125		39.961
7.520		3.3341		0.0000		3958.621		5.394		18.800		16.670650		40.001
7.516		3.3373		0.0000		3958.617		5.397		18.790		16.686485		40.041
7.514		3.3405		0.0000		3958.614		5.400		18.785		16.702322		40.081
7.510		3.3436		0.0000		3958.611		5.403		18.775		16.718157		40.121
7.506		3.3468		0.0000		3958.608		5.406		18.765		16.733992		40.161
7.502		3.3505		0.0000		3958.604		5.410		18.755		16.752581		40.201
7.504		3.3545		0.0000		3958.600		5.414		18.760		16.772549		40.241
7.512		3.3581		0.0000		3958.597		5.418		18.780		16.790449		40.281
7.518		3.3611		0.0000		3958.594		5.421		18.795		16.805595		40.321
7.518		3.3644		0.0000		3958.590		5.424		18.795		16.822121		40.361
7.514		3.3676		0.0000		3958.587		5.427		18.785		16.837955		40.401
7.510		3.3708		0.0000		3958.584		5.430		18.775		16.853792		40.441
7.506		3.3738		0.0000		3958.581		5.433		18.765		16.868938		40.481
7.504		3.3770		0.0000		3958.578		5.436		18.760		16.884773		40.521
7.500		3.3804		0.0000		3958.574		5.440		18.750		16.901985		40.561
7.496		3.3837		0.0000		3958.571		5.443		18.740		16.918510		40.601
7.496		3.3876		0.0000		3958.567		5.447		18.740		16.937788		40.641
7.502		3.3914		0.0000		3958.563		5.451		18.755		16.957066		40.681
7.508		3.3946		0.0000		3958.560		5.454		18.770		16.972900		40.721
7.508		3.3977		0.0000		3958.557		5.457		18.770		16.988737		40.761
7.504		3.4009		0.0000		3958.554		5.460		18.760		17.004572		40.801
7.498		3.4041		0.0000		3958.551		5.464		18.745		17.020409		40.841
7.494		3.4072		0.0000		3958.547		5.467		18.735		17.036243		40.881
7.492		3.4106		0.0000		3958.544		5.470		18.730		17.052769		40.921
7.488		3.4136		0.0000		3958.541		5.473		18.720		17.067915		40.961
7.484		3.4169		0.0000		3958.538		5.476		18.710		17.084438		41.001
7.482		3.4207		0.0000		3958.534		5.480		18.705		17.103716		41.041
7.488		3.4247		0.0000		3958.530		5.484		18.720		17.123684		41.081
7.496		3.4280		0.0000		3958.527		5.487		18.740		17.140205		41.121
7.498		3.4311		0.0000		3958.524		5.491		18.745		17.155354		41.161
7.494		3.4342		0.0000		3958.521		5.494		18.735		17.171188		41.201
7.490		3.4375		0.0000		3958.517		5.497		18.725		17.187714		41.241
7.486		3.4407		0.0000		3958.514		5.500		18.715		17.203548		41.281
7.482		3.4439		0.0000		3958.511		5.503		18.705		17.219385		41.321
7.478		3.4470		0.0000		3958.508		5.506		18.695		17.235220		41.361
7.476		3.4503		0.0000		3958.504		5.510		18.690		17.251743		41.401
7.472		3.4539		0.0000		3958.501		5.513		18.680		17.269646		41.441
7.474		3.4579		0.0000		3958.497		5.517		18.685		17.289612		41.481
7.482		3.4615		0.0000		3958.493		5.521		18.705		17.307512		41.521
7.490		3.4647		0.0000		3958.490		5.524		18.725		17.323347		41.561
7.488		3.4677		0.0000		3958.487		5.527		18.720		17.338493		41.601
7.484		3.4709		0.0000		3958.484		5.530		18.710		17.354330		41.641
7.480		3.4742		0.0000		3958.480		5.534		18.700		17.370855		41.681
7.478		3.4773		0.0000		3958.477		5.537		18.695		17.386690		41.721
7.474		3.4805		0.0000		3958.474		5.540		18.685		17.402527		41.761
7.470		3.4837		0.0000		3958.471		5.543		18.675		17.418362		41.801
7.466		3.4873		0.0000		3958.468		5.547		18.665		17.436262		41.841
7.466		3.4912		0.0000		3958.463		5.551		18.665		17.456228		41.881
7.474		3.4948		0.0000		3958.460		5.554		18.685		17.474131		41.921
7.480		3.4980		0.0000		3958.457		5.557		18.700		17.489965		41.961
7.480		3.5012		0.0000		3958.454		5.561		18.700		17.505800		42.001
7.476		3.5043		0.0000		3958.450		5.564		18.690		17.521635		42.041
7.472		3.5076		0.0000		3958.447		5.567		18.680		17.538160		42.081
7.468		3.5107		0.0000		3958.444		5.570		18.670		17.553307		42.121
7.466		3.5140		0.0000		3958.441		5.573		18.665		17.569832		42.161
7.462		3.5171		0.0000		3958.438		5.577		18.655		17.585667		42.201
7.458		3.5206		0.0000		3958.434		5.580		18.645		17.602879		42.241
7.456		3.5243		0.0000		3958.430		5.584		18.640		17.621468		42.281
7.460		3.5281		0.0000		3958.427		5.588		18.650		17.640747		42.321
7.468		3.5315		0.0000		3958.423		5.591		18.670		17.657272		42.361
7.470		3.5345		0.0000		3958.420		5.594		18.675		17.672419		42.401
7.466		3.5378		0.0000		3958.417		5.597		18.665		17.688940		42.441
7.462		3.5410		0.0000		3958.414		5.600		18.655		17.704777		42.481
7.458		3.5441		0.0000		3958.411		5.604		18.645		17.720612		42.521
7.456		3.5473		0.0000		3958.407		5.607		18.640		17.736448		42.561
7.452		3.5505		0.0000		3958.404		5.610		18.630		17.752283		42.601
7.448		3.5538		0.0000		3958.401		5.613		18.620		17.768808		42.641
7.444		3.5575		0.0000		3958.397		5.617		18.610		17.787397		42.681
7.446		3.5613		0.0000		3958.393		5.621		18.615		17.806675		42.721
7.452		3.5649		0.0000		3958.390		5.624		18.630		17.824577		42.761
7.458		3.5679		0.0000		3958.387		5.627		18.645		17.839724		42.801
7.454		3.5711		0.0000		3958.384		5.631		18.635		17.855560		42.841
7.448		3.5744		0.0000		3958.380		5.634		18.620		17.872082		42.881
7.444		3.5776		0.0000		3958.377		5.637		18.610		17.887918		42.921
7.440		3.5806		0.0000		3958.374		5.640		18.600		17.903065		42.961
7.436		3.5838		0.0000		3958.371		5.643		18.590		17.918900		43.001
7.432		3.5871		0.0000		3958.368		5.647		18.580		17.935425		43.041
7.430		3.5907		0.0000		3958.364		5.650		18.575		17.953325		43.081
7.430		3.5945		0.0000		3958.360		5.654		18.575		17.972605		43.121
7.434		3.5982		0.0000		3958.356		5.658		18.585		17.991194		43.161
7.442		3.6014		0.0000		3958.353		5.661		18.605		18.007029		43.201
7.442		3.6046		0.0000		3958.350		5.664		18.605		18.022865		43.241
7.438		3.6077		0.0000		3958.347		5.667		18.595		18.038698		43.281
7.434		3.6110		0.0000		3958.344		5.670		18.585		18.055223		43.321
7.430		3.6141		0.0000		3958.341		5.674		18.575		18.070370		43.361
7.428		3.6172		0.0000		3958.337		5.677		18.570		18.086206		43.401
7.424		3.6204		0.0000		3958.334		5.680		18.560		18.102041		43.441
7.420		3.6240		0.0000		3958.331		5.683		18.550		18.119942		43.481
7.418		3.6277		0.0000		3958.327		5.687		18.545		18.138531		43.521
7.422		3.6316		0.0000		3958.323		5.691		18.555		18.157810		43.561
7.430		3.6349		0.0000		3958.320		5.694		18.575		18.174335		43.601
7.432		3.6379		0.0000		3958.317		5.697		18.580		18.189482		43.641
7.428		3.6412		0.0000		3958.313		5.701		18.570		18.206003		43.681
7.424		3.6444		0.0000		3958.310		5.704		18.560		18.221840		43.721
7.420		3.6475		0.0000		3958.307		5.707		18.550		18.237675		43.761
7.418		3.6507		0.0000		3958.304		5.710		18.545		18.253511		43.801
7.414		3.6539		0.0000		3958.301		5.713		18.535		18.269346		43.841
7.410		3.6572		0.0000		3958.298		5.717		18.525		18.285872		43.881
7.408		3.6609		0.0000		3958.294		5.720		18.520		18.304461		43.921
7.408		3.6647		0.0000		3958.290		5.724		18.520		18.323738		43.961
7.414		3.6682		0.0000		3958.287		5.728		18.535		18.340952		44.001
7.418		3.6714		0.0000		3958.283		5.731		18.545		18.356787		44.041
7.416		3.6745		0.0000		3958.280		5.734		18.540		18.372623		44.081
7.412		3.6778		0.0000		3958.277		5.737		18.530		18.389145		44.121
7.408		3.6810		0.0000		3958.274		5.740		18.520		18.404982		44.161
7.404		3.6840		0.0000		3958.271		5.743		18.510		18.420128		44.201
7.400		3.6873		0.0000		3958.267		5.747		18.500		18.436653		44.241
7.396		3.6905		0.0000		3958.264		5.750		18.490		18.452488		44.281
7.392		3.6941		0.0000		3958.261		5.754		18.480		18.470388		44.321
7.392		3.6981		0.0000		3958.257		5.758		18.480		18.490356		44.361
7.398		3.7017		0.0000		3958.253		5.761		18.495		18.508257		44.401
7.404		3.7048		0.0000		3958.250		5.764		18.510		18.524092		44.441
7.402		3.7080		0.0000		3958.247		5.767		18.505		18.539928		44.481
7.398		3.7112		0.0000		3958.244		5.771		18.495		18.555763		44.521
7.392		3.7143		0.0000		3958.240		5.774		18.480		18.571598		44.561
7.388		3.7175		0.0000		3958.237		5.777		18.470		18.587433		44.601
7.386		3.7208		0.0000		3958.234		5.780		18.465		18.603958		44.641
7.382		3.7240		0.0000		3958.231		5.783		18.455		18.619793		44.681
7.378		3.7274		0.0000		3958.227		5.787		18.445		18.637005		44.721
7.376		3.7311		0.0000		3958.224		5.791		18.440		18.655594		44.761
7.380		3.7350		0.0000		3958.220		5.794		18.450		18.674873		44.801
7.388		3.7383		0.0000		3958.217		5.798		18.470		18.691399		44.841
7.390		3.7414		0.0000		3958.213		5.801		18.475		18.707233		44.881
7.384		3.7446		0.0000		3958.210		5.804		18.460		18.723070		44.921
7.380		3.7478		0.0000		3958.207		5.807		18.450		18.738905		44.961
7.376		3.7509		0.0000		3958.204		5.810		18.440		18.754738		45.001
7.372		3.7541		0.0000		3958.201		5.814		18.430		18.770575		45.041
7.368		3.7573		0.0000		3958.198		5.817		18.420		18.786409		45.081
7.364		3.7606		0.0000		3958.194		5.820		18.410		18.802935		45.121
7.362		3.7644		0.0000		3958.190		5.824		18.405		18.822214		45.161
7.364		3.7683		0.0000		3958.187		5.828		18.410		18.841490		45.201
7.372		3.7716		0.0000		3958.183		5.831		18.430		18.858015		45.241
7.376		3.7748		0.0000		3958.180		5.834		18.440		18.873850		45.281
7.372		3.7779		0.0000		3958.177		5.837		18.430		18.889687		45.321
7.366		3.7812		0.0000		3958.174		5.841		18.415		18.906210		45.361
7.362		3.7844		0.0000		3958.170		5.844		18.405		18.922045		45.401
7.360		3.7876		0.0000		3958.167		5.847		18.400		18.937880		45.441
7.354		3.7907		0.0000		3958.164		5.850		18.385		18.953716		45.481
7.350		3.7939		0.0000		3958.161		5.853		18.375		18.969551		45.521
7.346		3.7975		0.0000		3958.157		5.857		18.365		18.987452		45.561
7.346		3.8015		0.0000		3958.153		5.861		18.365		19.007420		45.601
7.352		3.8051		0.0000		3958.150		5.865		18.380		19.025320		45.641
7.358		3.8082		0.0000		3958.146		5.868		18.395		19.041155		45.681
7.358		3.8114		0.0000		3958.143		5.871		18.395		19.056992		45.721
7.354		3.8146		0.0000		3958.140		5.874		18.385		19.072826		45.761
7.348		3.8177		0.0000		3958.137		5.877		18.370		19.088663		45.801
7.346		3.8209		0.0000		3958.134		5.880		18.365		19.104498		45.841
7.342		3.8241		0.0000		3958.131		5.884		18.355		19.120333		45.881
7.336		3.8274		0.0000		3958.127		5.887		18.340		19.136856		45.921
7.334		3.8308		0.0000		3958.124		5.890		18.335		19.154070		45.961
7.332		3.8347		0.0000		3958.120		5.894		18.330		19.173347		46.001
7.336		3.8384		0.0000		3958.116		5.898		18.340		19.191936		46.041
7.342		3.8416		0.0000		3958.113		5.901		18.355		19.207771		46.081
7.344		3.8447		0.0000		3958.110		5.904		18.360		19.223608		46.121
7.338		3.8479		0.0000		3958.107		5.907		18.345		19.239443		46.161
7.332		3.8512		0.0000		3958.104		5.911		18.330		19.255968		46.201
7.330		3.8544		0.0000		3958.100		5.914		18.325		19.271805		46.241
7.326		3.8575		0.0000		3958.097		5.917		18.315		19.287638		46.281
7.322		3.8607		0.0000		3958.094		5.920		18.305		19.303473		46.321
7.318		3.8640		0.0000		3958.091		5.923		18.295		19.319998		46.361
7.316		3.8677		0.0000		3958.087		5.927		18.290		19.338587		46.401
7.318		3.8717		0.0000		3958.083		5.931		18.295		19.358555		46.441
7.326		3.8750		0.0000		3958.080		5.934		18.315		19.375078		46.481
7.328		3.8782		0.0000		3958.076		5.938		18.320		19.390913		46.521
7.324		3.8813		0.0000		3958.073		5.941		18.310		19.406750		46.561
7.320		3.8845		0.0000		3958.070		5.944		18.300		19.422585		46.601
7.316		3.8878		0.0000		3958.067		5.947		18.290		19.439110		46.641
7.312		3.8910		0.0000		3958.064		5.950		18.280		19.454943		46.681
7.308		3.8942		0.0000		3958.061		5.954		18.270		19.470779		46.721
7.304		3.8973		0.0000		3958.057		5.957		18.260		19.486614		46.761
7.302		3.9009		0.0000		3958.054		5.960		18.255		19.504515		46.801
7.304		3.9049		0.0000		3958.050		5.964		18.260		19.524483		46.841
7.312		3.9085		0.0000		3958.046		5.968		18.280		19.542383		46.881
7.318		3.9115		0.0000		3958.043		5.971		18.295		19.557529		46.921
7.316		3.9148		0.0000		3958.040		5.974		18.290		19.574055		46.961
7.312		3.9180		0.0000		3958.037		5.977		18.280		19.589890		47.001
7.306		3.9211		0.0000		3958.034		5.981		18.265		19.605726		47.041
7.302		3.9243		0.0000		3958.031		5.984		18.255		19.621561		47.081
7.298		3.9275		0.0000		3958.027		5.987		18.245		19.637398		47.121
7.294		3.9308		0.0000		3958.024		5.990		18.235		19.653919		47.161
7.290		3.9342		0.0000		3958.021		5.994		18.225		19.671133		47.201
7.290		3.9381		0.0000		3958.017		5.998		18.225		19.690411		47.241
7.294		3.9418		0.0000		3958.013		6.001		18.235		19.709000		47.281
7.302		3.9450		0.0000		3958.010		6.004		18.255		19.724834		47.321
7.304		3.9481		0.0000		3958.007		6.008		18.260		19.740671		47.361
7.300		3.9513		0.0000		3958.003		6.011		18.250		19.756506		47.401
7.296		3.9546		0.0000		3958.000		6.014		18.240		19.773031		47.441
7.290		3.9578		0.0000		3957.997		6.017		18.225		19.788868		47.481
7.288		3.9609		0.0000		3957.994		6.020		18.220		19.804703		47.521
7.284		3.9641		0.0000		3957.991		6.024		18.210		19.820536		47.561
7.280		3.9674		0.0000		3957.987		6.027		18.200		19.837061		47.601
7.276		3.9713		0.0000		3957.983		6.031		18.190		19.856340		47.641
7.278		3.9751		0.0000		3957.979		6.035		18.195		19.875618		47.681
7.286		3.9784		0.0000		3957.976		6.038		18.215		19.892141		47.721
7.288		3.9816		0.0000		3957.973		6.041		18.220		19.907976		47.761
7.284		3.9848		0.0000		3957.970		6.044		18.210		19.923813		47.801
7.278		3.9879		0.0000		3957.967		6.047		18.195		19.939648		47.841
7.274		3.9911		0.0000		3957.964		6.051		18.185		19.955484		47.881
7.272		3.9944		0.0000		3957.960		6.054		18.180		19.972008		47.921
7.268		3.9976		0.0000		3957.957		6.057		18.170		19.987843		47.961
7.264		4.0007		0.0000		3957.954		6.060		18.160		20.003677		48.001
7.260		4.0045		0.0000		3957.950		6.064		18.150		20.022268		48.041
7.260		4.0083		0.0000		3957.946		6.068		18.150		20.041546		48.081
7.266		4.0118		0.0000		3957.943		6.071		18.165		20.058762		48.121
7.272		4.0151		0.0000		3957.940		6.074		18.180		20.075283		48.161
7.270		4.0182		0.0000		3957.937		6.078		18.175		20.091118		48.201
7.264		4.0214		0.0000		3957.933		6.081		18.160		20.106955		48.241
7.258		4.0246		0.0000		3957.930		6.084		18.145		20.122791		48.281
7.254		4.0277		0.0000		3957.927		6.087		18.135		20.138626		48.321
7.252		4.0309		0.0000		3957.924		6.090		18.130		20.154461		48.361
7.246		4.0341		0.0000		3957.921		6.094		18.115		20.170298		48.401
7.242		4.0376		0.0000		3957.917		6.097		18.105		20.188198		48.441
7.244		4.0415		0.0000		3957.913		6.101		18.110		20.207478		48.481
7.248		4.0452		0.0000		3957.909		6.105		18.120		20.226063		48.521
7.256		4.0484		0.0000		3957.906		6.108		18.140		20.241899		48.561
7.256		4.0515		0.0000		3957.903		6.111		18.140		20.257736		48.601
7.250		4.0547		0.0000		3957.900		6.114		18.125		20.273571		48.641
7.246		4.0580		0.0000		3957.897		6.117		18.115		20.290092		48.681
7.242		4.0612		0.0000		3957.894		6.121		18.105		20.305929		48.721
7.238		4.0644		0.0000		3957.890		6.124		18.095		20.321766		48.761
7.234		4.0675		0.0000		3957.887		6.127		18.085		20.337601		48.801
7.230		4.0708		0.0000		3957.884		6.130		18.075		20.354122		48.841
7.228		4.0747		0.0000		3957.880		6.134		18.070		20.373402		48.881
7.230		4.0784		0.0000		3957.876		6.138		18.075		20.391994		48.921
7.236		4.0818		0.0000		3957.873		6.141		18.090		20.409206		48.961
7.238		4.0850		0.0000		3957.870		6.144		18.095		20.425037		49.001
7.236		4.0882		0.0000		3957.866		6.148		18.090		20.440874		49.041
7.230		4.0913		0.0000		3957.863		6.151		18.075		20.456711		49.081
7.226		4.0945		0.0000		3957.860		6.154		18.065		20.472546		49.121
7.222		4.0977		0.0000		3957.857		6.157		18.055		20.488380		49.161
7.218		4.1008		0.0000		3957.854		6.160		18.045		20.504217		49.201
7.214		4.1041		0.0000		3957.851		6.164		18.035		20.520744		49.241
7.210		4.1079		0.0000		3957.847		6.167		18.025		20.539331		49.281
7.210		4.1117		0.0000		3957.843		6.171		18.025		20.558609		49.321
7.216		4.1153		0.0000		3957.839		6.175		18.040		20.576511		49.361
7.222		4.1183		0.0000		3957.836		6.178		18.055		20.591660		49.401
7.220		4.1215		0.0000		3957.833		6.181		18.050		20.607494		49.441
7.214		4.1248		0.0000		3957.830		6.184		18.035		20.624018		49.481
7.210		4.1280		0.0000		3957.827		6.187		18.025		20.639854		49.521
7.206		4.1311		0.0000		3957.823		6.191		18.015		20.655689		49.561
7.200		4.1343		0.0000		3957.820		6.194		18.000		20.671524		49.601
7.198		4.1375		0.0000		3957.817		6.197		17.995		20.687361		49.641
7.192		4.1409		0.0000		3957.814		6.200		17.980		20.704571		49.681
7.192		4.1448		0.0000		3957.810		6.204		17.980		20.723848		49.721
7.196		4.1486		0.0000		3957.806		6.208		17.990		20.743126		49.761
7.202		4.1518		0.0000		3957.803		6.211		18.005		20.758963		49.801
7.202		4.1550		0.0000		3957.800		6.214		18.005		20.774799		49.841
7.196		4.1581		0.0000		3957.797		6.218		17.990		20.790634		49.881
7.192		4.1614		0.0000		3957.793		6.221		17.980		20.807156		49.921
7.188		4.1646		0.0000		3957.790		6.224		17.970		20.822992		49.961
7.184		4.1676		0.0000		3957.787		6.227		17.960		20.838142		50.001
7.180		4.1709		0.0000		3957.784		6.230		17.950		20.854664		50.041
7.176		4.1742		0.0000		3957.781		6.234		17.940		20.871185		50.081
7.172		4.1781		0.0000		3957.777		6.238		17.930		20.890465		50.121
7.176		4.1819		0.0000		3957.773		6.241		17.940		20.909744		50.161
7.184		4.1853		0.0000		3957.770		6.245		17.960		20.926270		50.201
7.186		4.1884		0.0000		3957.766		6.248		17.965		20.942106		50.241
7.182		4.1916		0.0000		3957.763		6.251		17.955		20.957937		50.281
7.178		4.1948		0.0000		3957.760		6.254		17.945		20.973774		50.321
7.174		4.1979		0.0000		3957.757		6.257		17.935		20.989609		50.361
7.170		4.2011		0.0000		3957.754		6.261		17.925		21.005444		50.401
7.166		4.2043		0.0000		3957.750		6.264		17.915		21.021280		50.441
7.162		4.2076		0.0000		3957.747		6.267		17.905		21.037807		50.481
7.158		4.2113		0.0000		3957.743		6.271		17.895		21.056395		50.521
7.160		4.2151		0.0000		3957.740		6.275		17.900		21.075672		50.561
7.166		4.2187		0.0000		3957.736		6.278		17.915		21.093575		50.601
7.170		4.2219		0.0000		3957.733		6.281		17.925		21.109409		50.641
7.168		4.2250		0.0000		3957.730		6.284		17.920		21.125244		50.681
7.162		4.2282		0.0000		3957.727		6.288		17.905		21.141081		50.721
7.158		4.2314		0.0000		3957.723		6.291		17.895		21.156918		50.761
7.152		4.2346		0.0000		3957.720		6.294		17.880		21.172752		50.801
7.148		4.2377		0.0000		3957.717		6.297		17.870		21.188587		50.841
7.144		4.2409		0.0000		3957.714		6.300		17.860		21.204424		50.881
7.140		4.2445		0.0000		3957.710		6.304		17.850		21.222324		50.921
7.138		4.2483		0.0000		3957.706		6.308		17.845		21.241604		50.961
7.144		4.2520		0.0000		3957.703		6.311		17.860		21.260189		51.001
7.152		4.2552		0.0000		3957.699		6.315		17.880		21.276026		51.041
7.152		4.2584		0.0000		3957.696		6.318		17.880		21.291862		51.081
7.146		4.2615		0.0000		3957.693		6.321		17.865		21.307697		51.121
7.140		4.2647		0.0000		3957.690		6.324		17.850		21.323532		51.161
7.136		4.2680		0.0000		3957.687		6.327		17.840		21.340055		51.201
7.132		4.2712		0.0000		3957.684		6.331		17.830		21.355892		51.241
7.128		4.2743		0.0000		3957.680		6.334		17.820		21.371727		51.281
7.124		4.2777		0.0000		3957.677		6.337		17.810		21.388254		51.321
7.122		4.2815		0.0000		3957.673		6.341		17.805		21.407528		51.361
7.126		4.2854		0.0000		3957.669		6.345		17.815		21.426807		51.401
7.134		4.2887		0.0000		3957.666		6.348		17.835		21.443333		51.441
7.136		4.2918		0.0000		3957.663		6.351		17.840		21.459169		51.481
7.132		4.2950		0.0000		3957.660		6.354		17.830		21.475006		51.521
7.126		4.2982		0.0000		3957.656		6.358		17.815		21.490841		51.561
7.122		4.3013		0.0000		3957.653		6.361		17.805		21.506672		51.601
7.118		4.3045		0.0000		3957.650		6.364		17.795		21.522507		51.641
7.112		4.3077		0.0000		3957.647		6.367		17.780		21.538343		51.681
7.108		4.3110		0.0000		3957.644		6.370		17.770		21.554871		51.721
7.104		4.3147		0.0000		3957.640		6.374		17.760		21.573458		51.761
7.106		4.3185		0.0000		3957.636		6.378		17.765		21.592735		51.801
7.114		4.3221		0.0000		3957.633		6.382		17.785		21.610638		51.841
7.118		4.3252		0.0000		3957.630		6.385		17.795		21.625786		51.881
7.114		4.3283		0.0000		3957.626		6.388		17.785		21.641621		51.921
7.110		4.3316		0.0000		3957.623		6.391		17.775		21.658144		51.961
7.104		4.3348		0.0000		3957.620		6.394		17.760		21.673981		52.001
7.100		4.3380		0.0000		3957.617		6.397		17.750		21.689816		52.041
7.096		4.3411		0.0000		3957.614		6.401		17.740		21.705650		52.081
7.092		4.3443		0.0000		3957.610		6.404		17.730		21.721487		52.121
7.090		4.3479		0.0000		3957.607		6.407		17.725		21.739388		52.161
7.090		4.3517		0.0000		3957.603		6.411		17.725		21.758667		52.201
7.094		4.3555		0.0000		3957.599		6.415		17.735		21.777252		52.241
7.100		4.3586		0.0000		3957.596		6.418		17.750		21.793089		52.281
7.100		4.3618		0.0000		3957.593		6.421		17.750		21.808926		52.321
7.094		4.3650		0.0000		3957.590		6.424		17.735		21.824760		52.361
7.090		4.3681		0.0000		3957.587		6.428		17.725		21.840595		52.401
7.084		4.3713		0.0000		3957.583		6.431		17.710		21.856432		52.441
7.080		4.3745		0.0000		3957.580		6.434		17.700		21.872269		52.481
7.076		4.3776		0.0000		3957.577		6.437		17.690		21.888103		52.521
7.072		4.3811		0.0000		3957.574		6.441		17.680		21.905317		52.561
7.070		4.3849		0.0000		3957.570		6.444		17.675		21.924595		52.601
7.074		4.3888		0.0000		3957.566		6.448		17.685		21.943871		52.641
7.082		4.3921		0.0000		3957.563		6.452		17.705		21.960396		52.681
7.084		4.3951		0.0000		3957.560		6.455		17.710		21.975540		52.721
7.080		4.3983		0.0000		3957.556		6.458		17.700		21.991377		52.761
7.074		4.4016		0.0000		3957.553		6.461		17.685		22.007904		52.801
7.070		4.4047		0.0000		3957.550		6.464		17.675		22.023739		52.841
7.066		4.4079		0.0000		3957.547		6.467		17.665		22.039570		52.881
7.060		4.4111		0.0000		3957.544		6.471		17.650		22.055407		52.921
7.056		4.4144		0.0000		3957.540		6.474		17.640		22.071934		52.961
7.052		4.4181		0.0000		3957.537		6.478		17.630		22.090521		53.001
7.054		4.4220		0.0000		3957.533		6.481		17.635		22.109798		53.041
7.058		4.4254		0.0000		3957.529		6.485		17.645		22.127014		53.081
7.062		4.4286		0.0000		3957.526		6.488		17.655		22.142849		53.121
7.058		4.4317		0.0000		3957.523		6.491		17.645		22.158684		53.161
7.054		4.4350		0.0000		3957.520		6.494		17.635		22.175207		53.201
7.048		4.4382		0.0000		3957.517		6.498		17.620		22.191044		53.241
7.044		4.4414		0.0000		3957.513		6.501		17.610		22.206879		53.281
7.040		4.4445		0.0000		3957.510		6.504		17.600		22.222713		53.321
7.036		4.4477		0.0000		3957.507		6.507		17.590		22.238550		53.361
7.032		4.4513		0.0000		3957.503		6.511		17.580		22.256451		53.401
7.032		4.4551		0.0000		3957.500		6.515		17.580		22.275730		53.441
7.038		4.4589		0.0000		3957.496		6.518		17.595		22.294315		53.481
7.044		4.4620		0.0000		3957.493		6.521		17.610		22.310152		53.521
7.042		4.4652		0.0000		3957.490		6.525		17.605		22.325989		53.561
7.036		4.4684		0.0000		3957.486		6.528		17.590		22.341824		53.601
7.032		4.4715		0.0000		3957.483		6.531		17.580		22.357658		53.641
7.028		4.4747		0.0000		3957.480		6.534		17.570		22.373495		53.681
7.024		4.4779		0.0000		3957.477		6.537		17.560		22.389332		53.721
7.022		4.4812		0.0000		3957.474		6.541		17.555		22.405853		53.761
7.018		4.4845		0.0000		3957.470		6.544		17.545		22.422380		53.801
7.018		4.4883		0.0000		3957.466		6.548		17.545		22.441658		53.841
7.022		4.4922		0.0000		3957.463		6.552		17.555		22.460934		53.881
7.028		4.4954		0.0000		3957.459		6.555		17.570		22.476768		53.921
7.030		4.4987		0.0000		3957.456		6.558		17.575		22.493296		53.961
7.026		4.5018		0.0000		3957.453		6.561		17.565		22.509132		54.001
7.020		4.5050		0.0000		3957.450		6.564		17.550		22.524967		54.041
7.016		4.5082		0.0000		3957.447		6.568		17.540		22.540802		54.081
7.010		4.5113		0.0000		3957.443		6.571		17.525		22.556639		54.121
7.006		4.5145		0.0000		3957.440		6.574		17.515		22.572470		54.161
7.002		4.5178		0.0000		3957.437		6.577		17.505		22.588997		54.201
6.998		4.5215		0.0000		3957.433		6.581		17.495		22.607584		54.241
7.000		4.5255		0.0000		3957.429		6.585		17.500		22.627554		54.281
7.008		4.5288		0.0000		3957.426		6.588		17.520		22.644077		54.321
7.012		4.5320		0.0000		3957.423		6.591		17.530		22.659912		54.361
7.008		4.5351		0.0000		3957.420		6.595		17.520		22.675747		54.401
7.002		4.5383		0.0000		3957.417		6.598		17.505		22.691584		54.441
6.996		4.5416		0.0000		3957.413		6.601		17.490		22.708107		54.481
6.992		4.5448		0.0000		3957.410		6.604		17.480		22.723942		54.521
6.988		4.5480		0.0000		3957.407		6.607		17.470		22.739777		54.561
6.982		4.5511		0.0000		3957.404		6.611		17.455		22.755613		54.601
6.978		4.5547		0.0000		3957.400		6.614		17.445		22.773514		54.641
6.978		4.5586		0.0000		3957.396		6.618		17.445		22.792793		54.681
6.982		4.5623		0.0000		3957.392		6.622		17.455		22.811378		54.721
6.988		4.5654		0.0000		3957.389		6.625		17.470		22.827215		54.761
6.986		4.5686		0.0000		3957.386		6.628		17.465		22.843052		54.801
6.982		4.5718		0.0000		3957.383		6.631		17.455		22.858887		54.841
6.976		4.5749		0.0000		3957.380		6.634		17.440		22.874722		54.881
6.972		4.5781		0.0000		3957.377		6.638		17.430		22.890558		54.921
6.968		4.5813		0.0000		3957.374		6.641		17.420		22.906395		54.961
6.964		4.5844		0.0000		3957.370		6.644		17.410		22.922230		55.001
6.960		4.5880		0.0000		3957.367		6.647		17.400		22.940130		55.041
6.958		4.5919		0.0000		3957.363		6.651		17.395		22.959408		55.081
6.960		4.5956		0.0000		3957.359		6.655		17.400		22.978001		55.121
6.968		4.5988		0.0000		3957.356		6.658		17.420		22.993835		55.161
6.968		4.6019		0.0000		3957.353		6.661		17.420		23.009666		55.201
6.960		4.6051		0.0000		3957.350		6.665		17.400		23.025503		55.241
6.956		4.6084		0.0000		3957.346		6.668		17.390		23.042030		55.281
6.952		4.6116		0.0000		3957.343		6.671		17.380		23.057865		55.321
6.946		4.6147		0.0000		3957.340		6.674		17.365		23.073702		55.361
6.942		4.6179		0.0000		3957.337		6.677		17.355		23.089539		55.401
6.938		4.6212		0.0000		3957.333		6.681		17.345		23.106060		55.441
6.934		4.6249		0.0000		3957.330		6.684		17.335		23.124647		55.481
6.936		4.6288		0.0000		3957.326		6.688		17.340		23.143925		55.521
6.942		4.6322		0.0000		3957.323		6.692		17.355		23.161140		55.561
6.944		4.6354		0.0000		3957.319		6.695		17.360		23.176975		55.601
6.940		4.6386		0.0000		3957.316		6.698		17.350		23.192810		55.641
6.934		4.6417		0.0000		3957.313		6.701		17.335		23.208647		55.681
6.930		4.6450		0.0000		3957.310		6.704		17.325		23.225170		55.721
6.924		4.6482		0.0000		3957.306		6.708		17.310		23.241005		55.761
6.920		4.6514		0.0000		3957.303		6.711		17.300		23.256840		55.801
6.914		4.6545		0.0000		3957.300		6.714		17.285		23.272676		55.841
6.912		4.6583		0.0000		3957.296		6.718		17.280		23.291267		55.881
6.912		4.6620		0.0000		3957.293		6.721		17.280		23.309856		55.921
6.916		4.6657		0.0000		3957.289		6.725		17.290		23.328447		55.961
6.922		4.6687		0.0000		3957.286		6.728		17.305		23.343592		56.001
6.920		4.6719		0.0000		3957.283		6.731		17.300		23.359428		56.041
6.914		4.6752		0.0000		3957.280		6.735		17.285		23.375950		56.081
6.910		4.6784		0.0000		3957.276		6.738		17.275		23.391785		56.121
6.906		4.6815		0.0000		3957.273		6.741		17.265		23.407621		56.161
6.902		4.6847		0.0000		3957.270		6.744		17.255		23.423458		56.201
6.898		4.6880		0.0000		3957.267		6.747		17.245		23.439983		56.241
6.894		4.6914		0.0000		3957.263		6.751		17.235		23.457193		56.281
6.892		4.6952		0.0000		3957.260		6.755		17.230		23.475784		56.321
6.896		4.6990		0.0000		3957.256		6.758		17.240		23.495064		56.361
6.902		4.7022		0.0000		3957.252		6.762		17.255		23.510899		56.401
6.902		4.7053		0.0000		3957.249		6.765		17.255		23.526735		56.441
6.896		4.7085		0.0000		3957.246		6.768		17.240		23.542566		56.481
6.892		4.7118		0.0000		3957.243		6.771		17.230		23.559093		56.521
6.888		4.7150		0.0000		3957.240		6.774		17.220		23.574928		56.561
6.882		4.7182		0.0000		3957.237		6.778		17.205		23.590765		56.601
6.878		4.7213		0.0000		3957.233		6.781		17.195		23.606602		56.641
6.874		4.7245		0.0000		3957.230		6.784		17.185		23.622437		56.681
6.872		4.7283		0.0000		3957.226		6.788		17.180		23.641710		56.721
6.874		4.7322		0.0000		3957.222		6.792		17.185		23.660988		56.761
6.880		4.7356		0.0000		3957.219		6.795		17.200		23.678204		56.801
6.882		4.7387		0.0000		3957.216		6.798		17.205		23.693352		56.841
6.878		4.7420		0.0000		3957.213		6.801		17.195		23.709873		56.881
6.872		4.7451		0.0000		3957.209		6.805		17.180		23.725710		56.921
6.868		4.7483		0.0000		3957.206		6.808		17.170		23.741547		56.961
6.864		4.7515		0.0000		3957.203		6.811		17.160		23.757381		57.001
6.860		4.7546		0.0000		3957.200		6.814		17.150		23.773216		57.041
6.856		4.7579		0.0000		3957.197		6.817		17.140		23.789740		57.081
6.854		4.7615		0.0000		3957.193		6.821		17.135		23.807640		57.121
6.854		4.7654		0.0000		3957.189		6.825		17.135		23.826920		57.161
6.860		4.7691		0.0000		3957.186		6.829		17.150		23.845510		57.201
6.864		4.7723		0.0000		3957.182		6.832		17.160		23.861347		57.241
6.862		4.7754		0.0000		3957.179		6.835		17.155		23.877178		57.281
6.856		4.7786		0.0000		3957.176		6.838		17.140		23.893013		57.321
6.852		4.7818		0.0000		3957.173		6.841		17.130		23.908848		57.361
6.846		4.7849		0.0000		3957.170		6.844		17.115		23.924685		57.401
6.842		4.7881		0.0000		3957.167		6.848		17.105		23.940521		57.441
6.838		4.7913		0.0000		3957.163		6.851		17.095		23.956356		57.481
6.834		4.7947		0.0000		3957.160		6.854		17.085		23.973570		57.521
6.832		4.7986		0.0000		3957.156		6.858		17.080		23.992847		57.561
6.836		4.8024		0.0000		3957.152		6.862		17.090		24.012127		57.601
6.842		4.8056		0.0000		3957.149		6.865		17.105		24.027962		57.641
6.842		4.8088		0.0000		3957.146		6.868		17.105		24.043798		57.681
6.836		4.8119		0.0000		3957.143		6.871		17.090		24.059635		57.721
6.830		4.8152		0.0000		3957.139		6.875		17.075		24.076157		57.761
6.826		4.8184		0.0000		3957.136		6.878		17.065		24.091991		57.801
6.822		4.8216		0.0000		3957.133		6.881		17.055		24.107828		57.841
6.816		4.8247		0.0000		3957.130		6.884		17.040		24.123665		57.881
6.812		4.8280		0.0000		3957.127		6.887		17.030		24.140186		57.921
6.808		4.8318		0.0000		3957.123		6.891		17.020		24.158779		57.961
6.810		4.8357		0.0000		3957.119		6.895		17.025		24.178743		58.001
6.814		4.8391		0.0000		3957.116		6.898		17.035		24.195267		58.041
6.816		4.8422		0.0000		3957.113		6.902		17.040		24.211102		58.081
