数据量:1411
试验力		变形		扩展变形		位置		位移		应力		应变		时间
0.010		0.0019		0.0000		3962.002		1.913		0.025		0.009639		0.040
0.010		0.0051		0.0000		3961.999		1.916		0.025		0.025474		0.080
0.010		0.0083		0.0000		3961.996		1.919		0.025		0.041310		0.120
0.010		0.0116		0.0000		3961.992		1.922		0.025		0.057834		0.160
0.010		0.0149		0.0000		3961.989		1.926		0.025		0.074358		0.200
0.010		0.0180		0.0000		3961.986		1.929		0.025		0.090193		0.240
0.010		0.0213		0.0000		3961.983		1.932		0.025		0.106717		0.280
0.010		0.0248		0.0000		3961.979		1.936		0.025		0.123930		0.320
0.012		0.0284		0.0000		3961.976		1.939		0.030		0.141831		0.360
0.012		0.0321		0.0000		3961.972		1.943		0.030		0.160421		0.400
0.012		0.0354		0.0000		3961.969		1.946		0.030		0.176945		0.440
0.012		0.0386		0.0000		3961.965		1.949		0.030		0.192780		0.480
0.012		0.0417		0.0000		3961.962		1.953		0.030		0.208616		0.520
0.014		0.0450		0.0000		3961.959		1.956		0.035		0.225139		0.560
0.014		0.0482		0.0000		3961.956		1.959		0.035		0.240975		0.600
0.014		0.0514		0.0000		3961.953		1.962		0.035		0.256810		0.640
0.014		0.0547		0.0000		3961.949		1.966		0.035		0.273334		0.680
0.016		0.0581		0.0000		3961.946		1.969		0.040		0.290547		0.720
0.016		0.0617		0.0000		3961.942		1.973		0.040		0.308448		0.760
0.016		0.0653		0.0000		3961.939		1.976		0.040		0.326349		0.800
0.018		0.0687		0.0000		3961.935		1.980		0.045		0.343561		0.840
0.018		0.0719		0.0000		3961.932		1.983		0.045		0.359397		0.880
0.020		0.0752		0.0000		3961.929		1.986		0.050		0.375921		0.920
0.020		0.0784		0.0000		3961.926		1.989		0.050		0.391756		0.960
0.022		0.0817		0.0000		3961.922		1.993		0.055		0.408280		1.000
0.022		0.0848		0.0000		3961.919		1.996		0.055		0.424116		1.040
0.024		0.0880		0.0000		3961.916		1.999		0.060		0.439951		1.080
0.024		0.0913		0.0000		3961.913		2.002		0.060		0.456475		1.120
0.026		0.0949		0.0000		3961.909		2.006		0.065		0.474377		1.160
0.026		0.0987		0.0000		3961.905		2.010		0.065		0.493654		1.200
0.028		0.1022		0.0000		3961.902		2.013		0.070		0.510867		1.240
0.030		0.1053		0.0000		3961.899		2.016		0.075		0.526702		1.280
0.032		0.1085		0.0000		3961.896		2.019		0.080		0.542538		1.320
0.032		0.1118		0.0000		3961.892		2.023		0.080		0.559062		1.360
0.034		0.1150		0.0000		3961.889		2.026		0.085		0.574898		1.400
0.036		0.1183		0.0000		3961.886		2.029		0.090		0.591421		1.440
0.038		0.1215		0.0000		3961.883		2.032		0.095		0.607257		1.480
0.040		0.1248		0.0000		3961.879		2.036		0.100		0.623780		1.520
0.042		0.1281		0.0000		3961.876		2.039		0.105		0.640305		1.560
0.046		0.1319		0.0000		3961.872		2.043		0.115		0.659583		1.600
0.050		0.1355		0.0000		3961.868		2.046		0.125		0.677484		1.640
0.054		0.1387		0.0000		3961.865		2.050		0.135		0.693320		1.680
0.058		0.1420		0.0000		3961.862		2.053		0.145		0.709844		1.720
0.062		0.1451		0.0000		3961.859		2.056		0.155		0.725679		1.760
0.066		0.1483		0.0000		3961.856		2.059		0.165		0.741514		1.800
0.070		0.1516		0.0000		3961.852		2.062		0.175		0.758039		1.840
0.074		0.1549		0.0000		3961.849		2.066		0.185		0.774562		1.880
0.080		0.1581		0.0000		3961.846		2.069		0.200		0.790398		1.920
0.086		0.1614		0.0000		3961.843		2.072		0.215		0.806922		1.960
0.092		0.1651		0.0000		3961.839		2.076		0.230		0.825511		2.000
0.098		0.1688		0.0000		3961.835		2.080		0.245		0.844101		2.040
0.106		0.1721		0.0000		3961.832		2.083		0.265		0.860626		2.080
0.112		0.1753		0.0000		3961.829		2.086		0.280		0.876460		2.120
0.120		0.1786		0.0000		3961.825		2.089		0.300		0.892985		2.160
0.128		0.1818		0.0000		3961.822		2.093		0.320		0.908819		2.200
0.136		0.1851		0.0000		3961.819		2.096		0.340		0.925344		2.240
0.144		0.1882		0.0000		3961.816		2.099		0.360		0.941180		2.280
0.152		0.1915		0.0000		3961.812		2.102		0.380		0.957704		2.320
0.160		0.1948		0.0000		3961.809		2.106		0.400		0.974227		2.360
0.170		0.1984		0.0000		3961.805		2.109		0.425		0.992129		2.400
0.178		0.2020		0.0000		3961.802		2.113		0.445		1.010029		2.440
0.188		0.2054		0.0000		3961.799		2.116		0.470		1.027242		2.480
0.200		0.2086		0.0000		3961.795		2.119		0.500		1.043078		2.520
0.210		0.2119		0.0000		3961.792		2.123		0.525		1.059601		2.560
0.220		0.2152		0.0000		3961.789		2.126		0.550		1.076125		2.600
0.232		0.2184		0.0000		3961.786		2.129		0.580		1.091961		2.640
0.242		0.2217		0.0000		3961.782		2.133		0.605		1.108485		2.680
0.254		0.2249		0.0000		3961.779		2.136		0.635		1.124320		2.720
0.266		0.2280		0.0000		3961.776		2.139		0.665		1.140156		2.760
0.278		0.2316		0.0000		3961.772		2.142		0.695		1.158057		2.800
0.290		0.2353		0.0000		3961.769		2.146		0.725		1.176647		2.840
0.304		0.2389		0.0000		3961.765		2.150		0.760		1.194547		2.880
0.318		0.2421		0.0000		3961.762		2.153		0.795		1.210383		2.920
0.330		0.2452		0.0000		3961.759		2.156		0.825		1.226219		2.960
0.340		0.2485		0.0000		3961.755		2.159		0.850		1.242743		3.000
0.350		0.2519		0.0000		3961.752		2.163		0.875		1.259266		3.040
0.360		0.2550		0.0000		3961.749		2.166		0.900		1.275102		3.080
0.376		0.2582		0.0000		3961.746		2.169		0.940		1.290938		3.120
0.392		0.2615		0.0000		3961.742		2.172		0.980		1.307461		3.160
0.408		0.2649		0.0000		3961.739		2.176		1.020		1.324674		3.200
0.424		0.2685		0.0000		3961.735		2.179		1.060		1.342574		3.240
0.442		0.2721		0.0000		3961.732		2.183		1.105		1.360476		3.280
0.460		0.2755		0.0000		3961.729		2.186		1.150		1.377689		3.320
0.478		0.2787		0.0000		3961.725		2.190		1.195		1.393524		3.360
0.496		0.2820		0.0000		3961.722		2.193		1.240		1.410048		3.400
0.514		0.2852		0.0000		3961.719		2.196		1.285		1.425884		3.440
0.530		0.2885		0.0000		3961.715		2.199		1.325		1.442407		3.480
0.548		0.2916		0.0000		3961.712		2.203		1.370		1.458243		3.520
0.566		0.2948		0.0000		3961.709		2.206		1.415		1.474079		3.560
0.584		0.2981		0.0000		3961.706		2.209		1.460		1.490602		3.600
0.602		0.3017		0.0000		3961.702		2.213		1.505		1.508503		3.640
0.622		0.3056		0.0000		3961.698		2.216		1.555		1.527781		3.680
0.642		0.3089		0.0000		3961.695		2.220		1.605		1.544305		3.720
0.660		0.3122		0.0000		3961.692		2.223		1.650		1.560830		3.760
0.676		0.3153		0.0000		3961.689		2.226		1.690		1.576664		3.800
0.690		0.3186		0.0000		3961.685		2.230		1.725		1.593189		3.840
0.706		0.3218		0.0000		3961.682		2.233		1.765		1.609025		3.880
0.722		0.3250		0.0000		3961.679		2.236		1.805		1.624860		3.920
0.738		0.3283		0.0000		3961.676		2.239		1.845		1.641384		3.960
0.756		0.3316		0.0000		3961.672		2.242		1.890		1.657908		4.000
0.776		0.3350		0.0000		3961.669		2.246		1.940		1.675121		4.040
0.794		0.3386		0.0000		3961.665		2.249		1.985		1.693021		4.080
0.814		0.3423		0.0000		3961.662		2.253		2.035		1.711611		4.120
0.836		0.3455		0.0000		3961.658		2.256		2.090		1.727446		4.160
0.858		0.3488		0.0000		3961.655		2.260		2.145		1.743970		4.200
0.878		0.3520		0.0000		3961.652		2.263		2.195		1.759806		4.240
0.898		0.3553		0.0000		3961.649		2.266		2.245		1.776330		4.280
0.918		0.3584		0.0000		3961.646		2.269		2.295		1.792165		4.320
0.938		0.3616		0.0000		3961.642		2.272		2.345		1.808001		4.360
0.958		0.3649		0.0000		3961.639		2.276		2.395		1.824524		4.400
0.980		0.3683		0.0000		3961.635		2.279		2.450		1.841737		4.440
1.002		0.3719		0.0000		3961.632		2.283		2.505		1.859639		4.480
1.024		0.3756		0.0000		3961.628		2.287		2.560		1.878228		4.520
1.050		0.3788		0.0000		3961.625		2.290		2.625		1.894064		4.560
1.074		0.3821		0.0000		3961.622		2.293		2.685		1.910588		4.600
1.098		0.3853		0.0000		3961.619		2.296		2.745		1.926423		4.640
1.120		0.3886		0.0000		3961.615		2.299		2.800		1.942947		4.680
1.142		0.3918		0.0000		3961.612		2.303		2.855		1.958783		4.720
1.166		0.3951		0.0000		3961.609		2.306		2.915		1.975306		4.760
1.190		0.3982		0.0000		3961.606		2.309		2.975		1.991142		4.800
1.214		0.4017		0.0000		3961.602		2.313		3.035		2.008355		4.840
1.238		0.4053		0.0000		3961.599		2.316		3.095		2.026255		4.880
1.264		0.4088		0.0000		3961.595		2.320		3.160		2.044157		4.920
1.292		0.4123		0.0000		3961.592		2.323		3.230		2.061369		4.960
1.322		0.4156		0.0000		3961.588		2.326		3.305		2.077893		5.000
1.352		0.4189		0.0000		3961.585		2.330		3.380		2.094417		5.040
1.378		0.4221		0.0000		3961.582		2.333		3.445		2.110252		5.080
1.406		0.4252		0.0000		3961.579		2.336		3.515		2.126088		5.120
1.434		0.4284		0.0000		3961.575		2.339		3.585		2.141924		5.160
1.462		0.4317		0.0000		3961.572		2.343		3.655		2.158448		5.200
1.490		0.4349		0.0000		3961.569		2.346		3.725		2.174283		5.240
1.518		0.4384		0.0000		3961.565		2.349		3.795		2.192184		5.280
1.546		0.4422		0.0000		3961.562		2.353		3.865		2.210773		5.320
1.578		0.4457		0.0000		3961.558		2.357		3.945		2.228675		5.360
1.612		0.4489		0.0000		3961.555		2.360		4.030		2.244509		5.400
1.644		0.4521		0.0000		3961.552		2.363		4.110		2.260345		5.440
1.672		0.4552		0.0000		3961.549		2.366		4.180		2.276181		5.480
1.700		0.4585		0.0000		3961.545		2.369		4.250		2.292705		5.520
1.728		0.4618		0.0000		3961.542		2.373		4.320		2.309229		5.560
1.758		0.4650		0.0000		3961.539		2.376		4.395		2.325064		5.600
1.788		0.4683		0.0000		3961.536		2.379		4.470		2.341589		5.640
1.818		0.4716		0.0000		3961.532		2.382		4.545		2.358112		5.680
1.848		0.4753		0.0000		3961.529		2.386		4.620		2.376702		5.720
1.880		0.4791		0.0000		3961.525		2.390		4.700		2.395291		5.760
1.916		0.4824		0.0000		3961.521		2.393		4.790		2.411815		5.800
1.950		0.4855		0.0000		3961.518		2.396		4.875		2.427651		5.840
1.980		0.4888		0.0000		3961.515		2.400		4.950		2.444175		5.880
2.010		0.4920		0.0000		3961.512		2.403		5.025		2.460010		5.920
2.040		0.4952		0.0000		3961.509		2.406		5.100		2.475846		5.960
2.072		0.4985		0.0000		3961.505		2.409		5.180		2.492369		6.000
2.102		0.5016		0.0000		3961.502		2.413		5.255		2.508205		6.040
2.132		0.5049		0.0000		3961.499		2.416		5.330		2.524730		6.080
2.162		0.5085		0.0000		3961.495		2.419		5.405		2.542630		6.120
2.196		0.5124		0.0000		3961.491		2.423		5.490		2.561909		6.160
2.234		0.5158		0.0000		3961.488		2.427		5.585		2.579120		6.200
2.270		0.5190		0.0000		3961.485		2.430		5.675		2.594956		6.240
2.304		0.5222		0.0000		3961.482		2.433		5.760		2.610792		6.280
2.334		0.5253		0.0000		3961.479		2.436		5.835		2.626628		6.320
2.366		0.5286		0.0000		3961.475		2.439		5.915		2.643151		6.360
2.398		0.5318		0.0000		3961.472		2.443		5.995		2.658987		6.400
2.430		0.5351		0.0000		3961.469		2.446		6.075		2.675511		6.440
2.460		0.5383		0.0000		3961.466		2.449		6.150		2.691346		6.480
2.492		0.5418		0.0000		3961.462		2.453		6.230		2.709247		6.520
2.526		0.5456		0.0000		3961.458		2.456		6.315		2.727836		6.560
2.560		0.5491		0.0000		3961.455		2.460		6.400		2.745738		6.600
2.598		0.5523		0.0000		3961.452		2.463		6.495		2.761574		6.640
2.634		0.5556		0.0000		3961.448		2.466		6.585		2.778097		6.680
2.664		0.5588		0.0000		3961.445		2.470		6.660		2.793933		6.720
2.696		0.5621		0.0000		3961.442		2.473		6.740		2.810457		6.760
2.728		0.5653		0.0000		3961.439		2.476		6.820		2.826293		6.800
2.760		0.5684		0.0000		3961.436		2.479		6.900		2.842128		6.840
2.790		0.5716		0.0000		3961.432		2.482		6.975		2.857964		6.880
2.822		0.5750		0.0000		3961.429		2.486		7.055		2.875175		6.920
2.854		0.5788		0.0000		3961.425		2.490		7.135		2.893765		6.960
2.888		0.5825		0.0000		3961.421		2.493		7.220		2.912354		7.000
2.926		0.5858		0.0000		3961.418		2.497		7.315		2.928879		7.040
2.964		0.5889		0.0000		3961.415		2.500		7.410		2.944715		7.080
2.996		0.5921		0.0000		3961.412		2.503		7.490		2.960550		7.120
3.026		0.5954		0.0000		3961.408		2.506		7.565		2.977074		7.160
3.058		0.5986		0.0000		3961.405		2.509		7.645		2.992909		7.200
3.090		0.6019		0.0000		3961.402		2.513		7.725		3.009434		7.240
3.122		0.6051		0.0000		3961.399		2.516		7.805		3.025270		7.280
3.154		0.6084		0.0000		3961.396		2.519		7.885		3.041793		7.320
3.186		0.6121		0.0000		3961.392		2.523		7.965		3.060383		7.360
3.220		0.6159		0.0000		3961.388		2.527		8.050		3.079660		7.400
3.258		0.6192		0.0000		3961.385		2.530		8.145		3.096185		7.440
3.296		0.6224		0.0000		3961.382		2.533		8.240		3.112020		7.480
3.330		0.6256		0.0000		3961.378		2.536		8.325		3.127855		7.520
3.360		0.6289		0.0000		3961.375		2.540		8.400		3.144380		7.560
3.390		0.6320		0.0000		3961.372		2.543		8.475		3.160214		7.600
3.422		0.6352		0.0000		3961.369		2.546		8.555		3.176050		7.640
3.454		0.6384		0.0000		3961.365		2.549		8.635		3.191886		7.680
3.484		0.6417		0.0000		3961.362		2.553		8.710		3.208410		7.720
3.516		0.6453		0.0000		3961.359		2.556		8.790		3.226311		7.760
3.548		0.6491		0.0000		3961.355		2.560		8.870		3.245589		7.800
3.586		0.6526		0.0000		3961.351		2.563		8.965		3.262801		7.840
3.624		0.6557		0.0000		3961.348		2.567		9.060		3.278637		7.880
3.658		0.6589		0.0000		3961.345		2.570		9.145		3.294473		7.920
3.688		0.6622		0.0000		3961.342		2.573		9.220		3.310996		7.960
3.718		0.6654		0.0000		3961.339		2.576		9.295		3.326832		8.000
3.748		0.6687		0.0000		3961.335		2.580		9.370		3.343356		8.040
3.778		0.6718		0.0000		3961.332		2.583		9.445		3.359191		8.080
3.808		0.6750		0.0000		3961.329		2.586		9.520		3.375027		8.120
3.838		0.6786		0.0000		3961.325		2.589		9.595		3.392928		8.160
3.868		0.6822		0.0000		3961.322		2.593		9.670		3.410829		8.200
3.902		0.6859		0.0000		3961.318		2.597		9.755		3.429419		8.240
3.940		0.6892		0.0000		3961.315		2.600		9.850		3.445942		8.280
3.974		0.6925		0.0000		3961.312		2.603		9.935		3.462466		8.320
4.006		0.6955		0.0000		3961.308		2.606		10.015		3.477614		8.360
4.034		0.6988		0.0000		3961.305		2.610		10.085		3.494138		8.400
4.064		0.7020		0.0000		3961.302		2.613		10.160		3.509973		8.440
4.094		0.7053		0.0000		3961.299		2.616		10.235		3.526497		8.480
4.124		0.7085		0.0000		3961.295		2.619		10.310		3.542333		8.520
4.152		0.7118		0.0000		3961.292		2.623		10.380		3.558856		8.560
4.182		0.7155		0.0000		3961.288		2.626		10.455		3.577446		8.600
4.214		0.7193		0.0000		3961.285		2.630		10.535		3.596724		8.640
4.250		0.7226		0.0000		3961.281		2.634		10.625		3.613248		8.680
4.286		0.7258		0.0000		3961.278		2.637		10.715		3.629084		8.720
4.316		0.7288		0.0000		3961.275		2.640		10.790		3.644230		8.760
4.342		0.7323		0.0000		3961.272		2.643		10.855		3.661443		8.800
4.370		0.7355		0.0000		3961.269		2.646		10.925		3.677279		8.840
4.398		0.7386		0.0000		3961.265		2.649		10.995		3.693115		8.880
4.426		0.7419		0.0000		3961.262		2.653		11.065		3.709638		8.920
4.454		0.7451		0.0000		3961.259		2.656		11.135		3.725474		8.960
4.480		0.7487		0.0000		3961.255		2.660		11.200		3.743374		9.000
4.510		0.7524		0.0000		3961.251		2.663		11.275		3.761964		9.040
4.542		0.7560		0.0000		3961.248		2.667		11.355		3.779866		9.080
4.576		0.7591		0.0000		3961.245		2.670		11.440		3.795700		9.120
4.604		0.7623		0.0000		3961.242		2.673		11.510		3.811536		9.160
4.630		0.7656		0.0000		3961.238		2.676		11.575		3.828059		9.200
4.656		0.7689		0.0000		3961.235		2.680		11.640		3.844584		9.240
4.682		0.7721		0.0000		3961.232		2.683		11.705		3.860420		9.280
4.708		0.7753		0.0000		3961.229		2.686		11.770		3.876255		9.320
4.732		0.7784		0.0000		3961.226		2.689		11.830		3.892090		9.360
4.756		0.7820		0.0000		3961.222		2.693		11.890		3.909992		9.400
4.782		0.7857		0.0000		3961.218		2.697		11.955		3.928581		9.440
4.812		0.7894		0.0000		3961.215		2.700		12.030		3.947171		9.480
4.844		0.7926		0.0000		3961.211		2.703		12.110		3.963006		9.520
4.872		0.7958		0.0000		3961.208		2.707		12.180		3.978841		9.560
4.898		0.7989		0.0000		3961.205		2.710		12.245		3.994677		9.600
4.920		0.8022		0.0000		3961.202		2.713		12.300		4.011201		9.640
4.942		0.8054		0.0000		3961.198		2.716		12.355		4.027037		9.680
4.966		0.8087		0.0000		3961.195		2.720		12.415		4.043560		9.720
4.988		0.8117		0.0000		3961.192		2.723		12.470		4.058708		9.760
5.010		0.8152		0.0000		3961.189		2.726		12.525		4.075919		9.800
5.034		0.8189		0.0000		3961.185		2.730		12.585		4.094509		9.840
5.060		0.8226		0.0000		3961.181		2.733		12.650		4.113098		9.880
5.088		0.8261		0.0000		3961.178		2.737		12.720		4.130311		9.920
5.116		0.8294		0.0000		3961.175		2.740		12.790		4.146836		9.960
5.140		0.8324		0.0000		3961.172		2.743		12.850		4.161983		10.000
5.160		0.8357		0.0000		3961.168		2.747		12.900		4.178506		10.040
5.180		0.8389		0.0000		3961.165		2.750		12.950		4.194342		10.080
5.200		0.8420		0.0000		3961.162		2.753		13.000		4.210177		10.120
5.220		0.8452		0.0000		3961.159		2.756		13.050		4.226013		10.160
5.238		0.8484		0.0000		3961.156		2.759		13.095		4.241848		10.200
5.258		0.8522		0.0000		3961.152		2.763		13.145		4.261127		10.240
5.280		0.8559		0.0000		3961.148		2.767		13.200		4.279716		10.280
5.304		0.8595		0.0000		3961.144		2.770		13.260		4.297616		10.320
5.332		0.8626		0.0000		3961.141		2.773		13.330		4.312764		10.360
5.354		0.8657		0.0000		3961.138		2.777		13.385		4.328599		10.400
5.370		0.8690		0.0000		3961.135		2.780		13.425		4.345124		10.440
5.386		0.8722		0.0000		3961.132		2.783		13.465		4.360960		10.480
5.404		0.8755		0.0000		3961.128		2.786		13.510		4.377483		10.520
5.422		0.8787		0.0000		3961.125		2.790		13.555		4.393319		10.560
5.438		0.8818		0.0000		3961.122		2.793		13.595		4.409153		10.600
5.456		0.8854		0.0000		3961.118		2.796		13.640		4.427055		10.640
5.472		0.8893		0.0000		3961.115		2.800		13.680		4.446332		10.680
5.494		0.8928		0.0000		3961.111		2.804		13.735		4.464234		10.720
5.518		0.8960		0.0000		3961.108		2.807		13.795		4.480070		10.760
5.538		0.8993		0.0000		3961.104		2.810		13.845		4.496593		10.800
5.552		0.9025		0.0000		3961.102		2.813		13.880		4.512429		10.840
5.566		0.9057		0.0000		3961.098		2.817		13.915		4.528265		10.880
5.582		0.9088		0.0000		3961.095		2.820		13.955		4.544100		10.920
5.596		0.9120		0.0000		3961.092		2.823		13.990		4.559936		10.960
5.610		0.9153		0.0000		3961.089		2.826		14.025		4.576459		11.000
5.624		0.9186		0.0000		3961.085		2.829		14.060		4.592984		11.040
5.638		0.9225		0.0000		3961.082		2.833		14.095		4.612261		11.080
5.656		0.9262		0.0000		3961.078		2.837		14.140		4.630851		11.120
5.676		0.9296		0.0000		3961.074		2.840		14.190		4.648063		11.160
5.696		0.9326		0.0000		3961.071		2.844		14.240		4.663210		11.200
5.710		0.9358		0.0000		3961.068		2.847		14.275		4.679046		11.240
5.720		0.9391		0.0000		3961.065		2.850		14.300		4.695570		11.280
5.732		0.9423		0.0000		3961.062		2.853		14.330		4.711405		11.320
5.744		0.9454		0.0000		3961.059		2.856		14.360		4.727241		11.360
5.756		0.9486		0.0000		3961.055		2.859		14.390		4.743076		11.400
5.766		0.9519		0.0000		3961.052		2.863		14.415		4.759600		11.440
5.778		0.9555		0.0000		3961.048		2.866		14.445		4.777502		11.480
5.792		0.9594		0.0000		3961.045		2.870		14.480		4.796779		11.520
5.808		0.9629		0.0000		3961.041		2.874		14.520		4.814681		11.560
5.826		0.9661		0.0000		3961.038		2.877		14.565		4.830515		11.600
5.840		0.9693		0.0000		3961.035		2.880		14.600		4.846351		11.640
5.850		0.9724		0.0000		3961.031		2.883		14.625		4.862187		11.680
5.858		0.9756		0.0000		3961.028		2.886		14.645		4.878023		11.720
5.868		0.9788		0.0000		3961.025		2.890		14.670		4.893858		11.760
5.876		0.9819		0.0000		3961.022		2.893		14.690		4.909693		11.800
5.884		0.9852		0.0000		3961.019		2.896		14.710		4.926218		11.840
5.894		0.9888		0.0000		3961.015		2.900		14.735		4.944118		11.880
5.904		0.9925		0.0000		3961.011		2.903		14.760		4.962708		11.920
5.918		0.9964		0.0000		3961.008		2.907		14.795		4.981986		11.960
5.936		0.9996		0.0000		3961.004		2.910		14.840		4.997822		12.000
5.950		1.0026		0.0000		3961.001		2.913		14.875		5.012969		12.040
5.960		1.0059		0.0000		3960.998		2.917		14.900		5.029492		12.080
5.966		1.0091		0.0000		3960.995		2.920		14.915		5.045328		12.120
5.974		1.0122		0.0000		3960.992		2.923		14.935		5.061164		12.160
5.982		1.0154		0.0000		3960.989		2.926		14.955		5.076999		12.200
5.990		1.0187		0.0000		3960.985		2.930		14.975		5.093523		12.240
5.998		1.0219		0.0000		3960.982		2.933		14.995		5.109359		12.280
6.004		1.0257		0.0000		3960.978		2.937		15.010		5.128636		12.320
6.016		1.0296		0.0000		3960.974		2.940		15.040		5.147915		12.360
6.030		1.0329		0.0000		3960.971		2.944		15.075		5.164438		12.400
6.044		1.0361		0.0000		3960.968		2.947		15.110		5.180274		12.440
6.052		1.0392		0.0000		3960.965		2.950		15.130		5.196110		12.480
6.058		1.0425		0.0000		3960.961		2.953		15.145		5.212634		12.520
6.064		1.0457		0.0000		3960.958		2.957		15.160		5.228469		12.560
6.072		1.0489		0.0000		3960.955		2.960		15.180		5.244304		12.600
6.078		1.0520		0.0000		3960.952		2.963		15.195		5.260139		12.640
6.082		1.0552		0.0000		3960.949		2.966		15.205		5.275975		12.680
6.088		1.0591		0.0000		3960.945		2.970		15.220		5.295254		12.720
6.096		1.0629		0.0000		3960.941		2.974		15.240		5.314531		12.760
6.108		1.0663		0.0000		3960.938		2.977		15.270		5.331744		12.800
6.122		1.0695		0.0000		3960.934		2.980		15.305		5.347580		12.840
6.130		1.0727		0.0000		3960.931		2.984		15.325		5.363416		12.880
6.134		1.0759		0.0000		3960.928		2.987		15.335		5.379250		12.920
6.138		1.0790		0.0000		3960.925		2.990		15.345		5.395086		12.960
6.144		1.0822		0.0000		3960.922		2.993		15.360		5.410922		13.000
6.148		1.0855		0.0000		3960.918		2.996		15.370		5.427445		13.040
6.152		1.0887		0.0000		3960.915		3.000		15.380		5.443281		13.080
6.158		1.0922		0.0000		3960.912		3.003		15.395		5.461182		13.120
6.164		1.0961		0.0000		3960.908		3.007		15.410		5.480460		13.160
6.176		1.0997		0.0000		3960.904		3.011		15.440		5.498361		13.200
6.188		1.1030		0.0000		3960.901		3.014		15.470		5.514885		13.240
6.198		1.1061		0.0000		3960.898		3.017		15.495		5.530721		13.280
6.202		1.1093		0.0000		3960.895		3.020		15.505		5.546556		13.320
6.206		1.1125		0.0000		3960.891		3.023		15.515		5.562391		13.360
6.208		1.1156		0.0000		3960.888		3.027		15.520		5.578227		13.400
6.212		1.1188		0.0000		3960.885		3.030		15.530		5.594063		13.440
6.214		1.1220		0.0000		3960.882		3.033		15.535		5.609899		13.480
6.218		1.1254		0.0000		3960.878		3.036		15.545		5.627110		13.520
6.222		1.1293		0.0000		3960.875		3.040		15.555		5.646389		13.560
6.230		1.1331		0.0000		3960.871		3.044		15.575		5.665667		13.600
6.242		1.1363		0.0000		3960.868		3.047		15.605		5.681501		13.640
6.254		1.1395		0.0000		3960.865		3.050		15.635		5.697337		13.680
6.258		1.1426		0.0000		3960.861		3.053		15.645		5.713173		13.720
6.260		1.1459		0.0000		3960.858		3.057		15.650		5.729697		13.760
6.262		1.1490		0.0000		3960.855		3.060		15.655		5.744843		13.800
6.266		1.1523		0.0000		3960.852		3.063		15.665		5.761368		13.840
6.268		1.1554		0.0000		3960.848		3.066		15.670		5.777204		13.880
6.270		1.1587		0.0000		3960.845		3.070		15.675		5.793728		13.920
6.274		1.1625		0.0000		3960.842		3.073		15.685		5.812317		13.960
6.280		1.1663		0.0000		3960.838		3.077		15.700		5.831594		14.000
6.290		1.1698		0.0000		3960.834		3.081		15.725		5.848807		14.040
6.302		1.1729		0.0000		3960.831		3.084		15.755		5.864643		14.080
6.308		1.1761		0.0000		3960.828		3.087		15.770		5.880479		14.120
6.310		1.1793		0.0000		3960.825		3.090		15.775		5.896315		14.160
6.312		1.1824		0.0000		3960.822		3.093		15.780		5.912149		14.200
6.314		1.1856		0.0000		3960.818		3.096		15.785		5.927985		14.240
6.318		1.1888		0.0000		3960.815		3.100		15.795		5.943820		14.280
6.320		1.1921		0.0000		3960.812		3.103		15.800		5.960344		14.320
6.322		1.1956		0.0000		3960.808		3.107		15.805		5.978246		14.360
6.326		1.1994		0.0000		3960.804		3.110		15.815		5.996835		14.400
6.336		1.2032		0.0000		3960.801		3.114		15.840		6.016112		14.440
6.348		1.2063		0.0000		3960.798		3.117		15.870		6.031260		14.480
6.356		1.2094		0.0000		3960.794		3.120		15.890		6.047095		14.520
6.358		1.2127		0.0000		3960.791		3.124		15.895		6.063620		14.560
6.360		1.2159		0.0000		3960.788		3.127		15.900		6.079454		14.600
6.362		1.2191		0.0000		3960.785		3.130		15.905		6.095290		14.640
6.364		1.2222		0.0000		3960.782		3.133		15.910		6.111126		14.680
6.366		1.2254		0.0000		3960.779		3.136		15.915		6.126962		14.720
6.368		1.2288		0.0000		3960.775		3.140		15.920		6.144175		14.760
6.372		1.2326		0.0000		3960.771		3.143		15.930		6.162764		14.800
6.378		1.2365		0.0000		3960.767		3.147		15.945		6.182730		14.840
6.390		1.2397		0.0000		3960.764		3.151		15.975		6.198566		14.880
6.398		1.2429		0.0000		3960.761		3.154		15.995		6.214400		14.920
6.402		1.2460		0.0000		3960.758		3.157		16.005		6.230236		14.960
6.404		1.2492		0.0000		3960.755		3.160		16.010		6.246072		15.000
6.404		1.2525		0.0000		3960.751		3.163		16.010		6.262596		15.040
6.406		1.2557		0.0000		3960.748		3.167		16.015		6.278431		15.080
6.406		1.2589		0.0000		3960.745		3.170		16.015		6.294267		15.120
6.408		1.2620		0.0000		3960.742		3.173		16.020		6.310103		15.160
6.410		1.2659		0.0000		3960.738		3.177		16.025		6.329380		15.200
6.416		1.2697		0.0000		3960.734		3.181		16.040		6.348659		15.240
6.426		1.2732		0.0000		3960.731		3.184		16.065		6.365871		15.280
6.436		1.2763		0.0000		3960.728		3.187		16.090		6.381706		15.320
6.440		1.2795		0.0000		3960.724		3.190		16.100		6.397542		15.360
6.442		1.2827		0.0000		3960.721		3.194		16.105		6.413378		15.400
6.442		1.2858		0.0000		3960.718		3.197		16.105		6.429214		15.440
6.444		1.2890		0.0000		3960.715		3.200		16.110		6.445049		15.480
6.446		1.2922		0.0000		3960.712		3.203		16.115		6.460884		15.520
6.448		1.2955		0.0000		3960.708		3.206		16.120		6.477408		15.560
6.448		1.2991		0.0000		3960.705		3.210		16.120		6.495309		15.600
6.452		1.3029		0.0000		3960.701		3.214		16.130		6.514587		15.640
6.460		1.3065		0.0000		3960.698		3.217		16.150		6.532488		15.680
6.472		1.3098		0.0000		3960.694		3.221		16.180		6.549011		15.720
6.480		1.3128		0.0000		3960.691		3.224		16.200		6.564159		15.760
6.480		1.3160		0.0000		3960.688		3.227		16.200		6.579994		15.800
6.482		1.3193		0.0000		3960.685		3.230		16.205		6.596519		15.840
6.482		1.3225		0.0000		3960.681		3.233		16.205		6.612354		15.880
6.484		1.3255		0.0000		3960.678		3.236		16.210		6.627501		15.920
6.486		1.3287		0.0000		3960.675		3.240		16.215		6.643337		15.960
6.486		1.3322		0.0000		3960.672		3.243		16.215		6.661238		16.000
6.490		1.3361		0.0000		3960.668		3.247		16.225		6.680516		16.040
6.496		1.3400		0.0000		3960.664		3.251		16.240		6.699793		16.080
6.508		1.3431		0.0000		3960.661		3.254		16.270		6.715629		16.120
6.514		1.3463		0.0000		3960.658		3.257		16.285		6.731465		16.160
6.516		1.3495		0.0000		3960.655		3.260		16.290		6.747299		16.200
6.516		1.3526		0.0000		3960.651		3.263		16.290		6.763135		16.240
6.518		1.3559		0.0000		3960.648		3.267		16.295		6.779660		16.280
6.520		1.3591		0.0000		3960.645		3.270		16.300		6.795495		16.320
6.520		1.3623		0.0000		3960.642		3.273		16.300		6.811330		16.360
6.522		1.3656		0.0000		3960.638		3.276		16.305		6.827854		16.400
6.524		1.3693		0.0000		3960.635		3.280		16.310		6.846443		16.440
6.528		1.3731		0.0000		3960.631		3.284		16.320		6.865722		16.480
6.538		1.3766		0.0000		3960.627		3.287		16.345		6.882935		16.520
6.548		1.3798		0.0000		3960.624		3.291		16.370		6.898770		16.560
6.552		1.3829		0.0000		3960.621		3.294		16.380		6.914605		16.600
6.552		1.3861		0.0000		3960.618		3.297		16.380		6.930441		16.640
6.552		1.3893		0.0000		3960.615		3.300		16.380		6.946277		16.680
6.552		1.3924		0.0000		3960.612		3.303		16.380		6.962112		16.720
6.552		1.3956		0.0000		3960.608		3.306		16.380		6.977948		16.760
6.554		1.3988		0.0000		3960.605		3.310		16.385		6.993783		16.800
6.554		1.4025		0.0000		3960.602		3.313		16.385		7.012372		16.840
6.558		1.4063		0.0000		3960.598		3.317		16.395		7.031651		16.880
6.566		1.4100		0.0000		3960.594		3.321		16.415		7.050240		16.920
6.576		1.4131		0.0000		3960.591		3.324		16.440		7.065387		16.960
6.582		1.4162		0.0000		3960.588		3.327		16.455		7.081223		17.000
6.582		1.4195		0.0000		3960.584		3.330		16.455		7.097746		17.040
6.582		1.4227		0.0000		3960.581		3.334		16.455		7.113582		17.080
6.582		1.4259		0.0000		3960.578		3.337		16.455		7.129417		17.120
6.584		1.4291		0.0000		3960.575		3.340		16.460		7.145253		17.160
6.584		1.4322		0.0000		3960.572		3.343		16.460		7.161088		17.200
6.584		1.4357		0.0000		3960.568		3.347		16.460		7.178301		17.240
6.586		1.4395		0.0000		3960.564		3.350		16.465		7.197579		17.280
6.592		1.4434		0.0000		3960.561		3.354		16.480		7.216856		17.320
6.602		1.4465		0.0000		3960.557		3.357		16.505		7.232692		17.360
6.610		1.4497		0.0000		3960.554		3.361		16.525		7.248528		17.400
6.612		1.4529		0.0000		3960.551		3.364		16.530		7.264364		17.440
6.612		1.4560		0.0000		3960.548		3.367		16.530		7.280200		17.480
6.612		1.4592		0.0000		3960.545		3.370		16.530		7.296034		17.520
6.612		1.4624		0.0000		3960.542		3.373		16.530		7.311870		17.560
6.614		1.4655		0.0000		3960.538		3.376		16.535		7.327705		17.600
6.614		1.4690		0.0000		3960.535		3.380		16.535		7.344918		17.640
6.614		1.4727		0.0000		3960.531		3.384		16.535		7.363508		17.680
6.620		1.4767		0.0000		3960.527		3.388		16.550		7.383474		17.720
6.630		1.4800		0.0000		3960.524		3.391		16.575		7.399998		17.760
6.638		1.4830		0.0000		3960.521		3.394		16.595		7.415144		17.800
6.640		1.4863		0.0000		3960.518		3.397		16.600		7.431669		17.840
6.640		1.4895		0.0000		3960.514		3.400		16.600		7.447505		17.880
6.642		1.4927		0.0000		3960.511		3.404		16.605		7.463340		17.920
6.642		1.4958		0.0000		3960.508		3.407		16.605		7.479176		17.960
6.644		1.4990		0.0000		3960.505		3.410		16.610		7.495011		18.000
6.644		1.5023		0.0000		3960.502		3.413		16.610		7.511535		18.040
6.646		1.5059		0.0000		3960.498		3.417		16.615		7.529436		18.080
6.648		1.5097		0.0000		3960.494		3.421		16.620		7.548714		18.120
6.656		1.5133		0.0000		3960.491		3.424		16.640		7.566615		18.160
6.668		1.5165		0.0000		3960.488		3.427		16.670		7.582450		18.200
6.672		1.5197		0.0000		3960.484		3.431		16.680		7.598286		18.240
6.674		1.5228		0.0000		3960.481		3.434		16.685		7.614121		18.280
6.672		1.5260		0.0000		3960.478		3.437		16.680		7.629957		18.320
6.674		1.5293		0.0000		3960.475		3.440		16.685		7.646481		18.360
6.674		1.5325		0.0000		3960.471		3.443		16.685		7.662316		18.400
6.676		1.5356		0.0000		3960.468		3.446		16.690		7.678152		18.440
6.676		1.5391		0.0000		3960.465		3.450		16.690		7.695365		18.480
6.678		1.5429		0.0000		3960.461		3.454		16.695		7.714643		18.520
6.686		1.5468		0.0000		3960.457		3.458		16.715		7.733921		18.560
6.696		1.5500		0.0000		3960.454		3.461		16.740		7.749757		18.600
6.704		1.5531		0.0000		3960.451		3.464		16.760		7.765591		18.640
6.704		1.5563		0.0000		3960.448		3.467		16.760		7.781427		18.680
6.702		1.5595		0.0000		3960.445		3.470		16.755		7.797263		18.720
6.702		1.5626		0.0000		3960.441		3.473		16.755		7.813098		18.760
6.704		1.5658		0.0000		3960.438		3.477		16.760		7.828933		18.800
6.704		1.5690		0.0000		3960.435		3.480		16.760		7.844769		18.840
6.704		1.5723		0.0000		3960.432		3.483		16.760		7.861294		18.880
6.706		1.5761		0.0000		3960.428		3.487		16.765		7.880571		18.920
6.712		1.5800		0.0000		3960.424		3.491		16.780		7.899849		18.960
6.722		1.5834		0.0000		3960.420		3.494		16.805		7.917062		19.000
6.732		1.5866		0.0000		3960.417		3.497		16.830		7.932897		19.040
6.736		1.5896		0.0000		3960.414		3.500		16.840		7.948045		19.080
6.736		1.5929		0.0000		3960.411		3.504		16.840		7.964568		19.120
6.736		1.5961		0.0000		3960.408		3.507		16.840		7.980404		19.160
6.736		1.5992		0.0000		3960.405		3.510		16.840		7.996239		19.200
6.738		1.6024		0.0000		3960.402		3.513		16.845		8.012074		19.240
6.738		1.6056		0.0000		3960.398		3.516		16.845		8.027910		19.280
6.738		1.6093		0.0000		3960.395		3.520		16.845		8.046499		19.320
6.742		1.6133		0.0000		3960.391		3.524		16.855		8.066465		19.360
6.750		1.6167		0.0000		3960.387		3.528		16.875		8.083678		19.400
6.762		1.6199		0.0000		3960.384		3.531		16.905		8.099514		19.440
6.766		1.6231		0.0000		3960.381		3.534		16.915		8.115350		19.480
6.766		1.6262		0.0000		3960.378		3.537		16.915		8.131185		19.520
6.766		1.6295		0.0000		3960.375		3.540		16.915		8.147709		19.560
6.768		1.6327		0.0000		3960.371		3.544		16.920		8.163544		19.600
6.768		1.6359		0.0000		3960.368		3.547		16.920		8.179379		19.640
6.768		1.6390		0.0000		3960.365		3.550		16.920		8.195215		19.680
6.768		1.6426		0.0000		3960.361		3.553		16.920		8.213116		19.720
6.770		1.6463		0.0000		3960.358		3.557		16.925		8.231706		19.760
6.776		1.6502		0.0000		3960.354		3.561		16.940		8.250984		19.800
6.786		1.6534		0.0000		3960.351		3.564		16.965		8.266820		19.840
6.792		1.6565		0.0000		3960.347		3.567		16.980		8.282656		19.880
6.794		1.6597		0.0000		3960.344		3.571		16.985		8.298491		19.920
6.794		1.6629		0.0000		3960.341		3.574		16.985		8.314325		19.960
6.794		1.6660		0.0000		3960.338		3.577		16.985		8.330162		20.000
6.794		1.6692		0.0000		3960.335		3.580		16.985		8.345997		20.040
6.794		1.6724		0.0000		3960.332		3.583		16.985		8.361832		20.080
6.794		1.6758		0.0000		3960.328		3.587		16.985		8.379045		20.120
6.796		1.6795		0.0000		3960.324		3.590		16.990		8.397635		20.160
6.800		1.6834		0.0000		3960.321		3.594		17.000		8.416912		20.200
6.810		1.6868		0.0000		3960.317		3.598		17.025		8.434125		20.240
6.820		1.6899		0.0000		3960.314		3.601		17.050		8.449272		20.280
6.822		1.6930		0.0000		3960.311		3.604		17.055		8.465108		20.320
6.820		1.6963		0.0000		3960.308		3.607		17.050		8.481631		20.360
6.820		1.6995		0.0000		3960.304		3.610		17.050		8.497467		20.400
6.822		1.7027		0.0000		3960.301		3.614		17.055		8.513303		20.440
6.822		1.7058		0.0000		3960.298		3.617		17.055		8.529139		20.480
6.822		1.7091		0.0000		3960.295		3.620		17.055		8.545662		20.520
6.822		1.7127		0.0000		3960.291		3.624		17.055		8.563562		20.560
6.826		1.7166		0.0000		3960.287		3.627		17.065		8.582841		20.600
6.834		1.7201		0.0000		3960.284		3.631		17.085		8.600741		20.640
6.844		1.7233		0.0000		3960.281		3.634		17.110		8.616577		20.680
6.848		1.7265		0.0000		3960.277		3.637		17.120		8.632413		20.720
6.846		1.7296		0.0000		3960.274		3.641		17.115		8.648249		20.760
6.846		1.7330		0.0000		3960.271		3.644		17.115		8.664772		20.800
6.846		1.7360		0.0000		3960.268		3.647		17.115		8.679919		20.840
6.846		1.7392		0.0000		3960.265		3.650		17.115		8.695755		20.880
6.846		1.7425		0.0000		3960.261		3.653		17.115		8.712278		20.920
6.846		1.7459		0.0000		3960.258		3.657		17.115		8.729491		20.960
6.848		1.7498		0.0000		3960.254		3.661		17.120		8.748770		21.000
6.854		1.7536		0.0000		3960.250		3.664		17.135		8.768047		21.040
6.866		1.7566		0.0000		3960.247		3.668		17.165		8.783195		21.080
6.872		1.7598		0.0000		3960.244		3.671		17.180		8.799029		21.120
6.872		1.7631		0.0000		3960.241		3.674		17.180		8.815555		21.160
6.872		1.7663		0.0000		3960.238		3.677		17.180		8.831388		21.200
6.872		1.7694		0.0000		3960.234		3.680		17.180		8.847225		21.240
6.872		1.7726		0.0000		3960.231		3.683		17.180		8.863060		21.280
6.872		1.7758		0.0000		3960.228		3.687		17.180		8.878897		21.320
6.872		1.7792		0.0000		3960.225		3.690		17.180		8.896109		21.360
6.874		1.7829		0.0000		3960.221		3.694		17.185		8.914699		21.400
6.878		1.7868		0.0000		3960.217		3.698		17.195		8.933975		21.440
6.888		1.7901		0.0000		3960.214		3.701		17.220		8.950500		21.480
6.898		1.7933		0.0000		3960.211		3.704		17.245		8.966335		21.520
6.900		1.7964		0.0000		3960.208		3.707		17.250		8.982171		21.560
6.900		1.7997		0.0000		3960.204		3.711		17.250		8.998694		21.600
6.900		1.8029		0.0000		3960.201		3.714		17.250		9.014530		21.640
6.902		1.8061		0.0000		3960.198		3.717		17.255		9.030366		21.680
6.904		1.8092		0.0000		3960.195		3.720		17.260		9.046202		21.720
6.904		1.8124		0.0000		3960.191		3.723		17.260		9.062037		21.760
6.904		1.8161		0.0000		3960.188		3.727		17.260		9.080627		21.800
6.908		1.8201		0.0000		3960.184		3.731		17.270		9.100594		21.840
6.918		1.8236		0.0000		3960.180		3.734		17.295		9.117805		21.880
6.928		1.8267		0.0000		3960.177		3.738		17.320		9.133640		21.920
6.932		1.8299		0.0000		3960.174		3.741		17.330		9.149476		21.960
6.930		1.8331		0.0000		3960.171		3.744		17.325		9.165312		22.000
6.930		1.8362		0.0000		3960.168		3.747		17.325		9.181148		22.040
6.930		1.8394		0.0000		3960.165		3.750		17.325		9.196983		22.080
6.930		1.8426		0.0000		3960.161		3.753		17.325		9.212818		22.120
6.932		1.8459		0.0000		3960.158		3.757		17.330		9.229343		22.160
6.932		1.8493		0.0000		3960.155		3.760		17.330		9.246555		22.200
6.934		1.8533		0.0000		3960.151		3.764		17.335		9.266521		22.240
6.940		1.8569		0.0000		3960.147		3.768		17.350		9.284422		22.280
6.950		1.8602		0.0000		3960.144		3.771		17.375		9.300946		22.320
6.958		1.8634		0.0000		3960.141		3.774		17.395		9.316782		22.360
6.958		1.8665		0.0000		3960.137		3.777		17.395		9.332618		22.400
6.958		1.8697		0.0000		3960.134		3.781		17.395		9.348454		22.440
6.958		1.8729		0.0000		3960.131		3.784		17.395		9.364289		22.480
6.958		1.8760		0.0000		3960.128		3.787		17.395		9.380123		22.520
6.958		1.8792		0.0000		3960.125		3.790		17.395		9.395960		22.560
6.958		1.8825		0.0000		3960.121		3.793		17.395		9.412483		22.600
6.958		1.8864		0.0000		3960.118		3.797		17.395		9.431762		22.640
6.964		1.8903		0.0000		3960.114		3.801		17.410		9.451728		22.680
6.976		1.8935		0.0000		3960.110		3.804		17.440		9.467564		22.720
6.984		1.8967		0.0000		3960.107		3.808		17.460		9.483399		22.760
6.986		1.8998		0.0000		3960.104		3.811		17.465		9.499234		22.800
6.986		1.9030		0.0000		3960.101		3.814		17.465		9.515070		22.840
6.986		1.9063		0.0000		3960.098		3.817		17.465		9.531594		22.880
6.986		1.9095		0.0000		3960.094		3.820		17.465		9.547429		22.920
6.986		1.9127		0.0000		3960.091		3.824		17.465		9.563265		22.960
6.986		1.9158		0.0000		3960.088		3.827		17.465		9.579101		23.000
6.986		1.9197		0.0000		3960.084		3.831		17.465		9.598378		23.040
6.990		1.9235		0.0000		3960.080		3.834		17.475		9.617657		23.080
6.998		1.9270		0.0000		3960.077		3.838		17.495		9.634869		23.120
7.006		1.9301		0.0000		3960.074		3.841		17.515		9.650705		23.160
7.010		1.9333		0.0000		3960.071		3.844		17.525		9.666539		23.200
7.010		1.9365		0.0000		3960.067		3.847		17.525		9.682375		23.240
7.008		1.9396		0.0000		3960.064		3.851		17.520		9.698211		23.280
7.008		1.9428		0.0000		3960.061		3.854		17.520		9.714046		23.320
7.008		1.9460		0.0000		3960.058		3.857		17.520		9.729882		23.360
7.008		1.9491		0.0000		3960.055		3.860		17.520		9.745717		23.400
7.008		1.9527		0.0000		3960.051		3.864		17.520		9.763618		23.440
7.008		1.9567		0.0000		3960.047		3.868		17.520		9.783585		23.480
7.016		1.9604		0.0000		3960.043		3.871		17.540		9.802175		23.520
7.026		1.9636		0.0000		3960.040		3.874		17.565		9.818010		23.560
7.032		1.9668		0.0000		3960.037		3.878		17.580		9.833846		23.600
7.030		1.9699		0.0000		3960.034		3.881		17.575		9.849681		23.640
7.030		1.9731		0.0000		3960.031		3.884		17.575		9.865517		23.680
7.028		1.9763		0.0000		3960.028		3.887		17.570		9.881352		23.720
7.028		1.9794		0.0000		3960.024		3.890		17.570		9.897188		23.760
7.028		1.9826		0.0000		3960.021		3.893		17.570		9.913023		23.800
7.028		1.9859		0.0000		3960.018		3.897		17.570		9.929547		23.840
7.028		1.9898		0.0000		3960.014		3.901		17.570		9.948825		23.880
7.034		1.9938		0.0000		3960.010		3.905		17.585		9.968791		23.920
7.044		1.9971		0.0000		3960.007		3.908		17.610		9.985315		23.960
7.052		2.0001		0.0000		3960.004		3.911		17.630		10.000463		24.000
7.052		2.0033		0.0000		3960.001		3.914		17.630		10.016298		24.040
7.050		2.0066		0.0000		3959.997		3.917		17.625		10.032822		24.080
7.050		2.0097		0.0000		3959.994		3.921		17.625		10.048657		24.120
7.050		2.0128		0.0000		3959.991		3.924		17.625		10.063805		24.160
7.048		2.0159		0.0000		3959.988		3.927		17.620		10.079640		24.200
7.048		2.0192		0.0000		3959.985		3.930		17.620		10.096164		24.240
7.048		2.0230		0.0000		3959.981		3.934		17.620		10.114754		24.280
7.052		2.0269		0.0000		3959.977		3.938		17.630		10.134720		24.320
7.062		2.0304		0.0000		3959.974		3.941		17.655		10.151932		24.360
7.072		2.0336		0.0000		3959.970		3.944		17.680		10.167768		24.400
7.076		2.0367		0.0000		3959.967		3.948		17.690		10.183603		24.440
7.074		2.0399		0.0000		3959.964		3.951		17.685		10.199440		24.480
7.074		2.0431		0.0000		3959.961		3.954		17.685		10.215274		24.520
7.074		2.0462		0.0000		3959.958		3.957		17.685		10.231110		24.560
7.074		2.0494		0.0000		3959.955		3.960		17.685		10.246945		24.600
7.072		2.0526		0.0000		3959.951		3.963		17.680		10.262781		24.640
7.072		2.0561		0.0000		3959.948		3.967		17.680		10.280682		24.680
7.074		2.0601		0.0000		3959.944		3.971		17.685		10.300648		24.720
7.082		2.0638		0.0000		3959.940		3.975		17.705		10.319238		24.760
7.092		2.0670		0.0000		3959.937		3.978		17.730		10.335073		24.800
7.100		2.0700		0.0000		3959.934		3.981		17.750		10.350220		24.840
7.100		2.0733		0.0000		3959.931		3.984		17.750		10.366745		24.880
7.098		2.0765		0.0000		3959.927		3.987		17.745		10.382580		24.920
7.098		2.0797		0.0000		3959.924		3.991		17.745		10.398416		24.960
7.098		2.0827		0.0000		3959.921		3.994		17.745		10.413562		25.000
7.098		2.0860		0.0000		3959.918		3.997		17.745		10.430087		25.040
7.098		2.0893		0.0000		3959.915		4.000		17.745		10.446610		25.080
7.100		2.0932		0.0000		3959.911		4.004		17.750		10.465889		25.120
7.104		2.0972		0.0000		3959.907		4.008		17.760		10.485854		25.160
7.116		2.1003		0.0000		3959.904		4.011		17.790		10.501690		25.200
7.124		2.1035		0.0000		3959.900		4.014		17.810		10.517526		25.240
7.124		2.1067		0.0000		3959.897		4.018		17.810		10.533361		25.280
7.124		2.1098		0.0000		3959.894		4.021		17.810		10.549197		25.320
7.122		2.1130		0.0000		3959.891		4.024		17.805		10.565033		25.360
7.122		2.1162		0.0000		3959.888		4.027		17.805		10.580869		25.400
7.124		2.1193		0.0000		3959.885		4.030		17.810		10.596704		25.440
7.124		2.1226		0.0000		3959.881		4.034		17.810		10.613227		25.480
7.124		2.1264		0.0000		3959.878		4.037		17.810		10.631817		25.520
7.128		2.1304		0.0000		3959.874		4.041		17.820		10.651784		25.560
7.138		2.1338		0.0000		3959.870		4.045		17.845		10.668995		25.600
7.148		2.1370		0.0000		3959.867		4.048		17.870		10.684832		25.640
7.150		2.1401		0.0000		3959.864		4.051		17.875		10.700666		25.680
7.148		2.1433		0.0000		3959.861		4.054		17.870		10.716503		25.720
7.146		2.1465		0.0000		3959.857		4.057		17.865		10.732338		25.760
7.146		2.1496		0.0000		3959.854		4.060		17.865		10.748175		25.800
7.144		2.1528		0.0000		3959.851		4.064		17.860		10.764009		25.840
7.144		2.1560		0.0000		3959.848		4.067		17.860		10.779843		25.880
7.144		2.1595		0.0000		3959.844		4.070		17.860		10.797747		25.920
7.146		2.1635		0.0000		3959.840		4.074		17.865		10.817711		25.960
7.156		2.1673		0.0000		3959.837		4.078		17.890		10.836301		26.000
7.166		2.1704		0.0000		3959.833		4.081		17.915		10.852137		26.040
7.172		2.1735		0.0000		3959.831		4.084		17.930		10.867283		26.080
7.172		2.1768		0.0000		3959.827		4.088		17.930		10.883808		26.120
7.170		2.1799		0.0000		3959.824		4.091		17.925		10.899644		26.160
7.170		2.1831		0.0000		3959.821		4.094		17.925		10.915480		26.200
7.172		2.1863		0.0000		3959.818		4.097		17.930		10.931315		26.240
7.170		2.1894		0.0000		3959.814		4.100		17.925		10.947151		26.280
7.170		2.1929		0.0000		3959.811		4.104		17.925		10.964363		26.320
7.172		2.1967		0.0000		3959.807		4.108		17.930		10.983641		26.360
7.176		2.2007		0.0000		3959.803		4.112		17.940		11.003607		26.400
7.188		2.2039		0.0000		3959.800		4.115		17.970		11.019442		26.440
7.196		2.2069		0.0000		3959.797		4.118		17.990		11.034589		26.480
7.198		2.2101		0.0000		3959.794		4.121		17.995		11.050425		26.520
7.194		2.2133		0.0000		3959.791		4.124		17.985		11.066260		26.560
7.194		2.2164		0.0000		3959.788		4.127		17.985		11.082096		26.600
7.194		2.2197		0.0000		3959.784		4.131		17.985		11.098621		26.640
7.192		2.2229		0.0000		3959.781		4.134		17.980		11.114456		26.680
7.190		2.2261		0.0000		3959.778		4.137		17.975		11.130290		26.720
7.190		2.2299		0.0000		3959.774		4.141		17.975		11.149569		26.760
7.194		2.2339		0.0000		3959.770		4.145		17.985		11.169537		26.800
7.204		2.2372		0.0000		3959.767		4.148		18.010		11.186058		26.840
7.214		2.2404		0.0000		3959.764		4.151		18.035		11.201895		26.880
7.216		2.2435		0.0000		3959.760		4.154		18.040		11.217730		26.920
7.214		2.2467		0.0000		3959.757		4.158		18.035		11.233566		26.960
7.214		2.2500		0.0000		3959.754		4.161		18.035		11.250091		27.000
7.212		2.2530		0.0000		3959.751		4.164		18.030		11.265238		27.040
7.212		2.2562		0.0000		3959.748		4.167		18.030		11.281073		27.080
7.212		2.2594		0.0000		3959.745		4.170		18.030		11.296909		27.120
7.210		2.2630		0.0000		3959.741		4.174		18.025		11.314810		27.160
7.212		2.2671		0.0000		3959.737		4.178		18.030		11.335464		27.200
7.220		2.2707		0.0000		3959.733		4.182		18.050		11.353364		27.240
7.230		2.2738		0.0000		3959.730		4.185		18.075		11.369200		27.280
7.236		2.2770		0.0000		3959.727		4.188		18.090		11.385036		27.320
7.234		2.2800		0.0000		3959.724		4.191		18.085		11.400183		27.360
7.232		2.2833		0.0000		3959.721		4.194		18.080		11.416707		27.400
7.230		2.2864		0.0000		3959.718		4.197		18.075		11.431854		27.440
7.230		2.2897		0.0000		3959.714		4.201		18.075		11.448379		27.480
7.228		2.2927		0.0000		3959.711		4.204		18.070		11.463526		27.520
7.228		2.2961		0.0000		3959.708		4.207		18.070		11.480737		27.560
7.228		2.3001		0.0000		3959.704		4.211		18.070		11.500704		27.600
7.234		2.3041		0.0000		3959.700		4.215		18.085		11.520670		27.640
7.246		2.3073		0.0000		3959.697		4.218		18.115		11.536505		27.680
7.254		2.3103		0.0000		3959.694		4.221		18.135		11.551652		27.720
7.254		2.3135		0.0000		3959.690		4.224		18.135		11.567488		27.760
7.252		2.3168		0.0000		3959.687		4.228		18.130		11.584013		27.800
7.252		2.3200		0.0000		3959.684		4.231		18.130		11.599848		27.840
7.250		2.3231		0.0000		3959.681		4.234		18.125		11.615685		27.880
7.250		2.3262		0.0000		3959.678		4.237		18.125		11.630831		27.920
7.248		2.3296		0.0000		3959.674		4.240		18.120		11.648043		27.960
7.250		2.3333		0.0000		3959.671		4.244		18.125		11.666632		28.000
7.254		2.3372		0.0000		3959.667		4.248		18.135		11.685910		28.040
7.264		2.3408		0.0000		3959.663		4.252		18.160		11.703811		28.080
7.274		2.3438		0.0000		3959.660		4.255		18.185		11.718958		28.120
7.278		2.3468		0.0000		3959.657		4.258		18.195		11.734106		28.160
7.276		2.3501		0.0000		3959.654		4.261		18.190		11.750629		28.200
7.274		2.3533		0.0000		3959.651		4.264		18.185		11.766464		28.240
7.274		2.3563		0.0000		3959.648		4.267		18.185		11.781611		28.280
7.272		2.3595		0.0000		3959.645		4.270		18.180		11.797447		28.320
7.272		2.3628		0.0000		3959.641		4.274		18.180		11.813972		28.360
7.270		2.3665		0.0000		3959.637		4.277		18.175		11.832561		28.400
7.272		2.3705		0.0000		3959.634		4.281		18.180		11.852527		28.440
7.282		2.3741		0.0000		3959.630		4.285		18.205		11.870430		28.480
7.294		2.3773		0.0000		3959.627		4.288		18.235		11.886263		28.520
7.300		2.3804		0.0000		3959.624		4.291		18.250		11.902099		28.560
7.298		2.3836		0.0000		3959.620		4.294		18.245		11.917934		28.600
7.296		2.3866		0.0000		3959.617		4.297		18.240		11.933081		28.640
7.296		2.3899		0.0000		3959.614		4.301		18.240		11.949606		28.680
7.296		2.3931		0.0000		3959.611		4.304		18.240		11.965442		28.720
7.296		2.3961		0.0000		3959.608		4.307		18.240		11.980589		28.760
7.294		2.3997		0.0000		3959.604		4.311		18.235		11.998489		28.800
7.296		2.4036		0.0000		3959.600		4.314		18.240		12.017767		28.840
7.302		2.4075		0.0000		3959.596		4.318		18.255		12.037735		28.880
7.314		2.4107		0.0000		3959.593		4.322		18.285		12.053568		28.920
7.320		2.4137		0.0000		3959.590		4.325		18.300		12.068718		28.960
7.320		2.4169		0.0000		3959.587		4.328		18.300		12.084551		29.000
7.318		2.4202		0.0000		3959.584		4.331		18.295		12.101076		29.040
7.316		2.4234		0.0000		3959.581		4.334		18.290		12.116911		29.080
7.316		2.4264		0.0000		3959.578		4.337		18.290		12.132058		29.120
7.314		2.4296		0.0000		3959.574		4.340		18.285		12.147894		29.160
7.312		2.4329		0.0000		3959.571		4.344		18.280		12.164419		29.200
7.312		2.4369		0.0000		3959.567		4.348		18.280		12.184383		29.240
7.316		2.4409		0.0000		3959.563		4.352		18.290		12.204351		29.280
7.328		2.4440		0.0000		3959.560		4.355		18.320		12.220187		29.320
7.336		2.4472		0.0000		3959.557		4.358		18.340		12.236023		29.360
7.338		2.4504		0.0000		3959.553		4.361		18.345		12.251856		29.400
7.336		2.4535		0.0000		3959.550		4.364		18.340		12.267693		29.440
7.334		2.4567		0.0000		3959.547		4.368		18.335		12.283527		29.480
7.334		2.4599		0.0000		3959.544		4.371		18.335		12.299364		29.520
7.334		2.4630		0.0000		3959.541		4.374		18.335		12.315199		29.560
7.332		2.4663		0.0000		3959.538		4.377		18.330		12.331724		29.600
7.332		2.4699		0.0000		3959.534		4.381		18.330		12.349625		29.640
7.336		2.4739		0.0000		3959.530		4.385		18.340		12.369593		29.680
7.344		2.4775		0.0000		3959.526		4.388		18.360		12.387493		29.720
7.354		2.4807		0.0000		3959.523		4.392		18.385		12.403328		29.760
7.360		2.4838		0.0000		3959.520		4.395		18.400		12.419165		29.800
7.358		2.4870		0.0000		3959.517		4.398		18.395		12.434998		29.840
7.356		2.4902		0.0000		3959.514		4.401		18.390		12.450833		29.880
7.356		2.4933		0.0000		3959.510		4.404		18.390		12.466669		29.920
7.354		2.4965		0.0000		3959.507		4.407		18.385		12.482505		29.960
7.354		2.4997		0.0000		3959.504		4.411		18.385		12.498341		30.000
7.352		2.5031		0.0000		3959.501		4.414		18.380		12.515553		30.040
7.352		2.5071		0.0000		3959.497		4.418		18.380		12.535520		30.080
7.358		2.5110		0.0000		3959.493		4.422		18.395		12.554798		30.120
7.370		2.5141		0.0000		3959.490		4.425		18.425		12.570634		30.160
7.376		2.5172		0.0000		3959.487		4.428		18.440		12.585781		30.200
7.376		2.5203		0.0000		3959.484		4.431		18.440		12.601616		30.240
7.374		2.5236		0.0000		3959.480		4.434		18.435		12.618139		30.280
7.372		2.5268		0.0000		3959.477		4.438		18.430		12.633974		30.320
7.372		2.5298		0.0000		3959.474		4.441		18.430		12.649121		30.360
7.370		2.5330		0.0000		3959.471		4.444		18.425		12.664957		30.400
7.370		2.5364		0.0000		3959.468		4.447		18.425		12.682171		30.440
7.368		2.5402		0.0000		3959.464		4.451		18.420		12.700760		30.480
7.372		2.5441		0.0000		3959.460		4.455		18.430		12.720726		30.520
7.382		2.5476		0.0000		3959.456		4.458		18.455		12.737940		30.560
7.390		2.5506		0.0000		3959.453		4.461		18.475		12.753086		30.600
7.392		2.5538		0.0000		3959.450		4.465		18.480		12.768922		30.640
7.388		2.5570		0.0000		3959.447		4.468		18.470		12.784758		30.680
7.388		2.5601		0.0000		3959.444		4.471		18.470		12.800591		30.720
7.386		2.5633		0.0000		3959.441		4.474		18.465		12.816427		30.760
7.386		2.5665		0.0000		3959.438		4.477		18.465		12.832262		30.800
7.384		2.5696		0.0000		3959.434		4.480		18.460		12.848099		30.840
7.384		2.5733		0.0000		3959.431		4.484		18.460		12.866688		30.880
7.386		2.5773		0.0000		3959.427		4.488		18.465		12.886656		30.920
7.394		2.5809		0.0000		3959.423		4.492		18.485		12.904556		30.960
7.406		2.5841		0.0000		3959.420		4.495		18.515		12.920391		31.000
7.410		2.5871		0.0000		3959.417		4.498		18.525		12.935538		31.040
7.406		2.5904		0.0000		3959.414		4.501		18.515		12.952063		31.080
7.406		2.5936		0.0000		3959.410		4.504		18.515		12.967896		31.120
7.404		2.5967		0.0000		3959.407		4.508		18.510		12.983732		31.160
7.404		2.5999		0.0000		3959.404		4.511		18.510		12.999568		31.200
7.402		2.6031		0.0000		3959.401		4.514		18.505		13.015404		31.240
7.402		2.6065		0.0000		3959.397		4.517		18.505		13.032618		31.280
7.404		2.6105		0.0000		3959.393		4.521		18.510		13.052583		31.320
7.410		2.6144		0.0000		3959.390		4.525		18.525		13.071861		31.360
7.420		2.6175		0.0000		3959.386		4.528		18.550		13.087697		31.400
7.428		2.6206		0.0000		3959.383		4.531		18.570		13.102844		31.440
7.426		2.6237		0.0000		3959.380		4.535		18.565		13.118679		31.480
7.424		2.6270		0.0000		3959.377		4.538		18.560		13.135202		31.520
7.422		2.6301		0.0000		3959.374		4.541		18.555		13.150351		31.560
7.422		2.6332		0.0000		3959.371		4.544		18.555		13.166184		31.600
7.420		2.6364		0.0000		3959.367		4.547		18.550		13.182020		31.640
7.418		2.6397		0.0000		3959.364		4.551		18.545		13.198545		31.680
7.418		2.6437		0.0000		3959.360		4.555		18.545		13.218513		31.720
7.422		2.6477		0.0000		3959.356		4.559		18.555		13.238478		31.760
7.434		2.6509		0.0000		3959.353		4.562		18.585		13.254313		31.800
7.444		2.6540		0.0000		3959.350		4.565		18.610		13.270149		31.840
7.446		2.6572		0.0000		3959.347		4.568		18.615		13.285985		31.880
7.444		2.6604		0.0000		3959.344		4.571		18.610		13.301821		31.920
7.442		2.6635		0.0000		3959.340		4.574		18.605		13.317657		31.960
7.442		2.6667		0.0000		3959.337		4.578		18.605		13.333490		32.000
7.442		2.6699		0.0000		3959.334		4.581		18.605		13.349325		32.040
7.442		2.6730		0.0000		3959.331		4.584		18.605		13.365162		32.080
7.442		2.6768		0.0000		3959.327		4.588		18.605		13.383751		32.120
7.444		2.6809		0.0000		3959.323		4.592		18.610		13.404408		32.160
7.454		2.6843		0.0000		3959.320		4.595		18.635		13.421619		32.200
7.464		2.6875		0.0000		3959.316		4.598		18.660		13.437454		32.240
7.468		2.6905		0.0000		3959.313		4.601		18.670		13.452601		32.280
7.466		2.6938		0.0000		3959.310		4.605		18.665		13.469126		32.320
7.464		2.6970		0.0000		3959.307		4.608		18.660		13.484962		32.360
7.462		2.7002		0.0000		3959.304		4.611		18.655		13.500795		32.400
7.462		2.7032		0.0000		3959.301		4.614		18.655		13.515944		32.440
7.460		2.7064		0.0000		3959.298		4.617		18.650		13.531778		32.480
7.458		2.7099		0.0000		3959.294		4.621		18.645		13.549681		32.520
7.460		2.7139		0.0000		3959.290		4.625		18.650		13.569646		32.560
7.466		2.7178		0.0000		3959.286		4.629		18.665		13.588924		32.600
7.478		2.7210		0.0000		3959.283		4.632		18.695		13.604760		32.640
7.484		2.7240		0.0000		3959.280		4.635		18.710		13.619907		32.680
7.482		2.7271		0.0000		3959.277		4.638		18.705		13.635742		32.720
7.478		2.7303		0.0000		3959.274		4.641		18.695		13.651579		32.760
7.476		2.7335		0.0000		3959.271		4.644		18.690		13.667414		32.800
7.476		2.7366		0.0000		3959.267		4.648		18.690		13.683250		32.840
7.474		2.7398		0.0000		3959.264		4.651		18.685		13.699083		32.880
7.472		2.7433		0.0000		3959.261		4.654		18.680		13.716297		32.920
7.472		2.7471		0.0000		3959.257		4.658		18.680		13.735576		32.960
7.478		2.7510		0.0000		3959.253		4.662		18.695		13.754854		33.000
7.488		2.7544		0.0000		3959.250		4.665		18.720		13.772066		33.040
7.496		2.7574		0.0000		3959.247		4.668		18.740		13.787212		33.080
7.496		2.7606		0.0000		3959.243		4.671		18.740		13.803048		33.120
7.494		2.7638		0.0000		3959.240		4.675		18.735		13.818884		33.160
7.492		2.7669		0.0000		3959.237		4.678		18.730		13.834720		33.200
7.490		2.7701		0.0000		3959.234		4.681		18.725		13.850555		33.240
7.488		2.7733		0.0000		3959.231		4.684		18.720		13.866391		33.280
7.486		2.7764		0.0000		3959.228		4.687		18.715		13.882225		33.320
7.484		2.7803		0.0000		3959.224		4.691		18.710		13.901503		33.360
7.488		2.7843		0.0000		3959.220		4.695		18.720		13.921471		33.400
7.498		2.7877		0.0000		3959.216		4.699		18.745		13.938683		33.440
7.508		2.7909		0.0000		3959.213		4.702		18.770		13.954517		33.480
7.510		2.7939		0.0000		3959.210		4.705		18.775		13.969665		33.520
7.508		2.7972		0.0000		3959.207		4.708		18.770		13.986189		33.560
7.504		2.8004		0.0000		3959.204		4.711		18.760		14.002026		33.600
7.502		2.8034		0.0000		3959.200		4.714		18.755		14.017172		33.640
7.500		2.8066		0.0000		3959.197		4.717		18.750		14.033008		33.680
7.498		2.8099		0.0000		3959.194		4.721		18.745		14.049530		33.720
7.496		2.8135		0.0000		3959.190		4.724		18.740		14.067432		33.760
7.496		2.8173		0.0000		3959.187		4.728		18.740		14.086709		33.800
7.502		2.8212		0.0000		3959.183		4.732		18.755		14.105988		33.840
7.512		2.8242		0.0000		3959.180		4.735		18.780		14.121134		33.880
7.518		2.8274		0.0000		3959.177		4.738		18.795		14.136971		33.920
7.516		2.8306		0.0000		3959.173		4.741		18.790		14.152805		33.960
7.512		2.8337		0.0000		3959.170		4.745		18.780		14.168642		34.000
7.510		2.8369		0.0000		3959.167		4.748		18.775		14.184477		34.040
7.508		2.8401		0.0000		3959.164		4.751		18.770		14.200314		34.080
7.506		2.8432		0.0000		3959.161		4.754		18.765		14.216148		34.120
7.504		2.8467		0.0000		3959.157		4.758		18.760		14.233360		34.160
7.502		2.8505		0.0000		3959.153		4.761		18.755		14.252639		34.200
7.506		2.8545		0.0000		3959.149		4.765		18.765		14.272604		34.240
7.518		2.8577		0.0000		3959.146		4.769		18.795		14.288440		34.280
7.524		2.8609		0.0000		3959.143		4.772		18.810		14.304276		34.320
7.524		2.8640		0.0000		3959.140		4.775		18.810		14.320111		34.360
7.520		2.8672		0.0000		3959.137		4.778		18.800		14.335947		34.400
7.516		2.8704		0.0000		3959.134		4.781		18.790		14.351783		34.440
7.516		2.8735		0.0000		3959.130		4.784		18.790		14.367619		34.480
7.514		2.8767		0.0000		3959.127		4.788		18.785		14.383454		34.520
7.512		2.8799		0.0000		3959.124		4.791		18.780		14.399290		34.560
7.512		2.8836		0.0000		3959.120		4.794		18.780		14.417879		34.600
7.514		2.8877		0.0000		3959.116		4.799		18.785		14.438534		34.640
7.524		2.8911		0.0000		3959.113		4.802		18.810		14.455746		34.680
7.534		2.8943		0.0000		3959.110		4.805		18.835		14.471581		34.720
7.536		2.8973		0.0000		3959.107		4.808		18.840		14.486728		34.760
7.532		2.9005		0.0000		3959.104		4.811		18.830		14.502563		34.800
7.530		2.9038		0.0000		3959.100		4.815		18.825		14.519089		34.840
7.528		2.9068		0.0000		3959.097		4.818		18.820		14.534235		34.880
7.526		2.9100		0.0000		3959.094		4.821		18.815		14.550071		34.920
7.522		2.9132		0.0000		3959.091		4.824		18.805		14.565907		34.960
7.520		2.9168		0.0000		3959.087		4.828		18.800		14.583807		35.000
7.522		2.9208		0.0000		3959.083		4.832		18.805		14.603775		35.040
7.530		2.9245		0.0000		3959.079		4.835		18.825		14.622364		35.080
7.540		2.9276		0.0000		3959.076		4.839		18.850		14.638197		35.120
7.546		2.9308		0.0000		3959.073		4.842		18.865		14.654034		35.160
7.544		2.9340		0.0000		3959.070		4.845		18.860		14.669868		35.200
7.540		2.9371		0.0000		3959.067		4.848		18.850		14.685705		35.240
7.538		2.9403		0.0000		3959.064		4.851		18.845		14.701540		35.280
7.538		2.9435		0.0000		3959.061		4.854		18.845		14.717377		35.320
7.536		2.9466		0.0000		3959.057		4.858		18.840		14.733212		35.360
7.534		2.9501		0.0000		3959.054		4.861		18.835		14.750423		35.400
7.534		2.9539		0.0000		3959.050		4.865		18.835		14.769702		35.440
7.538		2.9578		0.0000		3959.046		4.869		18.845		14.788980		35.480
7.550		2.9611		0.0000		3959.043		4.872		18.875		14.805503		35.520
7.558		2.9643		0.0000		3959.040		4.875		18.895		14.821339		35.560
7.558		2.9673		0.0000		3959.037		4.878		18.895		14.836485		35.600
7.554		2.9706		0.0000		3959.033		4.881		18.885		14.853010		35.640
7.552		2.9738		0.0000		3959.030		4.885		18.880		14.868846		35.680
7.550		2.9768		0.0000		3959.027		4.888		18.875		14.883993		35.720
7.548		2.9800		0.0000		3959.024		4.891		18.870		14.899828		35.760
7.546		2.9833		0.0000		3959.021		4.894		18.865		14.916353		35.800
7.544		2.9871		0.0000		3959.017		4.898		18.860		14.935629		35.840
7.546		2.9911		0.0000		3959.013		4.902		18.865		14.955597		35.880
7.556		2.9946		0.0000		3959.009		4.905		18.890		14.972809		35.920
7.566		2.9977		0.0000		3959.006		4.909		18.915		14.988644		35.960
7.566		3.0008		0.0000		3959.003		4.912		18.915		15.003791		36.000
7.564		3.0039		0.0000		3959.000		4.915		18.910		15.019627		36.040
7.560		3.0072		0.0000		3958.997		4.918		18.900		15.036152		36.080
7.558		3.0103		0.0000		3958.994		4.921		18.895		15.051298		36.120
7.558		3.0134		0.0000		3958.990		4.924		18.895		15.067134		36.160
7.554		3.0167		0.0000		3958.987		4.928		18.885		15.083658		36.200
7.552		3.0203		0.0000		3958.984		4.931		18.880		15.101559		36.240
7.552		3.0242		0.0000		3958.980		4.935		18.880		15.120838		36.280
7.558		3.0279		0.0000		3958.976		4.939		18.895		15.139427		36.320
7.568		3.0311		0.0000		3958.973		4.942		18.920		15.155263		36.360
7.572		3.0342		0.0000		3958.970		4.945		18.930		15.171099		36.400
7.570		3.0374		0.0000		3958.967		4.948		18.925		15.186932		36.440
7.566		3.0406		0.0000		3958.963		4.951		18.915		15.202768		36.480
7.564		3.0437		0.0000		3958.960		4.955		18.910		15.218603		36.520
7.560		3.0469		0.0000		3958.957		4.958		18.900		15.234440		36.560
7.558		3.0501		0.0000		3958.954		4.961		18.895		15.250275		36.600
7.556		3.0535		0.0000		3958.950		4.964		18.890		15.267487		36.640
7.554		3.0574		0.0000		3958.947		4.968		18.885		15.286765		36.680
7.560		3.0612		0.0000		3958.943		4.972		18.900		15.306044		36.720
7.570		3.0645		0.0000		3958.939		4.975		18.925		15.322569		36.760
7.576		3.0675		0.0000		3958.936		4.978		18.940		15.337715		36.800
7.574		3.0707		0.0000		3958.933		4.982		18.935		15.353551		36.840
7.568		3.0740		0.0000		3958.930		4.985		18.920		15.370073		36.880
7.566		3.0772		0.0000		3958.927		4.988		18.915		15.385909		36.920
7.564		3.0803		0.0000		3958.924		4.991		18.910		15.401745		36.960
7.560		3.0835		0.0000		3958.920		4.994		18.900		15.417581		37.000
7.558		3.0868		0.0000		3958.917		4.998		18.895		15.434105		37.040
7.556		3.0905		0.0000		3958.913		5.001		18.890		15.452695		37.080
7.556		3.0945		0.0000		3958.909		5.005		18.890		15.472660		37.120
7.562		3.0978		0.0000		3958.906		5.009		18.905		15.489185		37.160
7.570		3.1010		0.0000		3958.903		5.012		18.925		15.505020		37.200
7.570		3.1042		0.0000		3958.900		5.015		18.925		15.520857		37.240
7.568		3.1073		0.0000		3958.896		5.018		18.920		15.536692		37.280
7.564		3.1105		0.0000		3958.893		5.021		18.910		15.552526		37.320
7.562		3.1137		0.0000		3958.890		5.025		18.905		15.568361		37.360
7.560		3.1168		0.0000		3958.887		5.028		18.900		15.584197		37.400
7.556		3.1200		0.0000		3958.884		5.031		18.890		15.600033		37.440
7.554		3.1236		0.0000		3958.880		5.034		18.885		15.617933		37.480
7.554		3.1277		0.0000		3958.876		5.039		18.885		15.638590		37.520
7.560		3.1313		0.0000		3958.873		5.042		18.900		15.656490		37.560
7.568		3.1345		0.0000		3958.869		5.045		18.920		15.672326		37.600
7.570		3.1376		0.0000		3958.866		5.048		18.925		15.688162		37.640
7.566		3.1408		0.0000		3958.863		5.052		18.915		15.703998		37.680
7.564		3.1440		0.0000		3958.860		5.055		18.910		15.719831		37.720
7.560		3.1471		0.0000		3958.857		5.058		18.900		15.735666		37.760
7.558		3.1503		0.0000		3958.854		5.061		18.895		15.751503		37.800
7.556		3.1535		0.0000		3958.851		5.064		18.890		15.767338		37.840
7.554		3.1569		0.0000		3958.847		5.068		18.885		15.784552		37.880
7.552		3.1608		0.0000		3958.843		5.072		18.880		15.803828		37.920
7.558		3.1646		0.0000		3958.839		5.075		18.895		15.823107		37.960
7.566		3.1678		0.0000		3958.836		5.079		18.915		15.838943		38.000
7.572		3.1710		0.0000		3958.833		5.082		18.930		15.854778		38.040
7.570		3.1741		0.0000		3958.830		5.085		18.925		15.870614		38.080
7.568		3.1774		0.0000		3958.826		5.088		18.920		15.887136		38.120
7.564		3.1806		0.0000		3958.823		5.091		18.910		15.902972		38.160
7.562		3.1838		0.0000		3958.820		5.095		18.905		15.918808		38.200
7.560		3.1868		0.0000		3958.817		5.098		18.900		15.933954		38.240
7.556		3.1901		0.0000		3958.814		5.101		18.890		15.950480		38.280
7.554		3.1940		0.0000		3958.810		5.105		18.885		15.969758		38.320
7.558		3.1979		0.0000		3958.806		5.109		18.895		15.989723		38.360
7.566		3.2012		0.0000		3958.803		5.112		18.915		16.006248		38.400
7.574		3.2044		0.0000		3958.800		5.115		18.935		16.022083		38.440
7.574		3.2076		0.0000		3958.796		5.118		18.935		16.037920		38.480
7.570		3.2108		0.0000		3958.793		5.122		18.925		16.053755		38.521
7.568		3.2139		0.0000		3958.790		5.125		18.920		16.069592		38.561
7.566		3.2171		0.0000		3958.787		5.128		18.915		16.085424		38.601
7.562		3.2203		0.0000		3958.784		5.131		18.905		16.101261		38.641
7.560		3.2236		0.0000		3958.780		5.134		18.900		16.117785		38.681
7.558		3.2271		0.0000		3958.777		5.138		18.895		16.135685		38.721
7.558		3.2311		0.0000		3958.773		5.142		18.895		16.155653		38.761
7.566		3.2347		0.0000		3958.769		5.146		18.915		16.173553		38.801
7.576		3.2379		0.0000		3958.766		5.149		18.940		16.189388		38.841
7.578		3.2410		0.0000		3958.763		5.152		18.945		16.205225		38.881
7.576		3.2441		0.0000		3958.760		5.155		18.940		16.220371		38.921
7.572		3.2474		0.0000		3958.757		5.158		18.930		16.236897		38.961
7.570		3.2505		0.0000		3958.753		5.161		18.925		16.252729		39.001
7.568		3.2537		0.0000		3958.750		5.165		18.920		16.268566		39.041
7.566		3.2569		0.0000		3958.747		5.168		18.915		16.284401		39.081
7.562		3.2603		0.0000		3958.744		5.171		18.905		16.301615		39.121
7.562		3.2643		0.0000		3958.740		5.175		18.905		16.321581		39.161
7.566		3.2680		0.0000		3958.736		5.179		18.915		16.340170		39.201
7.576		3.2712		0.0000		3958.733		5.182		18.940		16.356007		39.241
7.580		3.2744		0.0000		3958.729		5.185		18.950		16.371841		39.281
7.578		3.2775		0.0000		3958.726		5.188		18.945		16.387676		39.321
7.574		3.2807		0.0000		3958.723		5.192		18.935		16.403513		39.361
7.572		3.2840		0.0000		3958.720		5.195		18.930		16.420036		39.401
7.570		3.2870		0.0000		3958.717		5.198		18.925		16.435184		39.441
7.568		3.2902		0.0000		3958.714		5.201		18.920		16.451017		39.481
7.564		3.2936		0.0000		3958.710		5.205		18.910		16.468231		39.521
7.562		3.2974		0.0000		3958.707		5.208		18.905		16.486820		39.561
7.566		3.3012		0.0000		3958.703		5.212		18.915		16.506100		39.601
7.574		3.3047		0.0000		3958.699		5.216		18.935		16.523312		39.641
7.580		3.3078		0.0000		3958.696		5.219		18.950		16.539146		39.681
7.580		3.3110		0.0000		3958.693		5.222		18.950		16.554983		39.721
7.574		3.3142		0.0000		3958.690		5.225		18.935		16.570818		39.761
7.572		3.3173		0.0000		3958.687		5.228		18.930		16.586655		39.801
7.570		3.3205		0.0000		3958.683		5.231		18.925		16.602489		39.841
7.568		3.3237		0.0000		3958.680		5.235		18.920		16.618326		39.881
7.564		3.3268		0.0000		3958.677		5.238		18.910		16.634159		39.921
7.562		3.3305		0.0000		3958.673		5.241		18.905		16.652748		39.961
7.564		3.3345		0.0000		3958.669		5.245		18.910		16.672716		40.001
7.570		3.3381		0.0000		3958.666		5.249		18.925		16.690617		40.041
7.578		3.3412		0.0000		3958.663		5.252		18.945		16.705763		40.081
7.580		3.3443		0.0000		3958.660		5.255		18.950		16.721600		40.121
7.576		3.3476		0.0000		3958.656		5.258		18.940		16.738125		40.161
7.572		3.3508		0.0000		3958.653		5.262		18.930		16.753960		40.201
7.570		3.3540		0.0000		3958.650		5.265		18.925		16.769794		40.241
7.566		3.3571		0.0000		3958.647		5.268		18.915		16.785631		40.281
7.564		3.3603		0.0000		3958.644		5.271		18.910		16.801464		40.321
7.562		3.3637		0.0000		3958.640		5.275		18.905		16.818678		40.361
7.562		3.3676		0.0000		3958.636		5.278		18.905		16.837957		40.401
7.566		3.3714		0.0000		3958.633		5.282		18.915		16.857233		40.441
7.576		3.3746		0.0000		3958.629		5.285		18.940		16.873070		40.481
7.580		3.3778		0.0000		3958.626		5.289		18.950		16.888905		40.521
7.578		3.3809		0.0000		3958.623		5.292		18.945		16.904739		40.561
7.574		3.3841		0.0000		3958.620		5.295		18.935		16.920576		40.601
7.570		3.3873		0.0000		3958.617		5.298		18.925		16.936413		40.641
7.568		3.3904		0.0000		3958.614		5.301		18.920		16.952248		40.681
7.564		3.3936		0.0000		3958.610		5.304		18.910		16.968082		40.721
7.562		3.3971		0.0000		3958.607		5.308		18.905		16.985294		40.761
7.558		3.4008		0.0000		3958.603		5.312		18.895		17.003883		40.801
7.560		3.4048		0.0000		3958.599		5.316		18.900		17.023851		40.841
7.568		3.4081		0.0000		3958.596		5.319		18.920		17.040375		40.881
7.576		3.4111		0.0000		3958.593		5.322		18.940		17.055521		40.921
7.574		3.4144		0.0000		3958.590		5.325		18.935		17.072046		40.961
7.570		3.4176		0.0000		3958.586		5.328		18.925		17.087881		41.001
7.568		3.4207		0.0000		3958.583		5.332		18.920		17.103718		41.041
7.564		3.4239		0.0000		3958.580		5.335		18.910		17.119553		41.081
7.560		3.4271		0.0000		3958.577		5.338		18.900		17.135389		41.121
7.558		3.4304		0.0000		3958.573		5.341		18.895		17.151911		41.161
7.554		3.4340		0.0000		3958.570		5.345		18.885		17.169815		41.201
7.556		3.4378		0.0000		3958.566		5.349		18.890		17.189091		41.241
7.562		3.4414		0.0000		3958.562		5.352		18.905		17.206993		41.281
7.568		3.4447		0.0000		3958.559		5.356		18.920		17.223515		41.321
7.570		3.4477		0.0000		3958.556		5.359		18.925		17.238663		41.361
7.566		3.4509		0.0000		3958.553		5.362		18.915		17.254498		41.401
7.562		3.4542		0.0000		3958.550		5.365		18.905		17.271023		41.441
7.560		3.4574		0.0000		3958.547		5.368		18.900		17.286858		41.481
7.558		3.4605		0.0000		3958.543		5.371		18.895		17.302694		41.521
7.556		3.4637		0.0000		3958.540		5.375		18.890		17.318531		41.561
7.552		3.4671		0.0000		3958.537		5.378		18.880		17.335741		41.601
7.552		3.4711		0.0000		3958.533		5.382		18.880		17.355709		41.641
7.558		3.4749		0.0000		3958.529		5.386		18.895		17.374298		41.681
7.568		3.4780		0.0000		3958.526		5.389		18.920		17.390133		41.721
7.570		3.4812		0.0000		3958.523		5.392		18.925		17.405968		41.761
7.568		3.4844		0.0000		3958.520		5.395		18.920		17.421803		41.801
7.564		3.4875		0.0000		3958.516		5.398		18.910		17.437639		41.841
7.560		3.4907		0.0000		3958.513		5.402		18.900		17.453476		41.881
7.558		3.4939		0.0000		3958.510		5.405		18.895		17.469311		41.921
7.556		3.4970		0.0000		3958.507		5.408		18.890		17.485146		41.961
7.552		3.5005		0.0000		3958.503		5.411		18.880		17.502357		42.001
7.552		3.5042		0.0000		3958.500		5.415		18.880		17.520947		42.041
7.556		3.5082		0.0000		3958.496		5.419		18.890		17.540915		42.081
7.566		3.5115		0.0000		3958.492		5.422		18.915		17.557438		42.121
7.572		3.5147		0.0000		3958.489		5.426		18.930		17.573273		42.161
7.572		3.5178		0.0000		3958.486		5.429		18.930		17.589109		42.201
7.570		3.5210		0.0000		3958.483		5.432		18.925		17.604944		42.241
7.566		3.5242		0.0000		3958.480		5.435		18.915		17.620781		42.281
7.564		3.5273		0.0000		3958.477		5.438		18.910		17.636616		42.321
7.562		3.5305		0.0000		3958.473		5.441		18.905		17.652452		42.361
7.560		3.5337		0.0000		3958.470		5.445		18.900		17.668287		42.401
7.558		3.5375		0.0000		3958.466		5.448		18.895		17.687565		42.441
7.558		3.5414		0.0000		3958.463		5.452		18.895		17.706842		42.481
7.566		3.5448		0.0000		3958.459		5.456		18.915		17.724056		42.521
7.574		3.5480		0.0000		3958.456		5.459		18.935		17.739891		42.561
7.576		3.5511		0.0000		3958.453		5.462		18.940		17.755726		42.601
7.572		3.5545		0.0000		3958.449		5.465		18.930		17.772251		42.641
7.568		3.5576		0.0000		3958.446		5.468		18.920		17.788086		42.681
7.566		3.5608		0.0000		3958.443		5.472		18.915		17.803921		42.721
7.562		3.5640		0.0000		3958.440		5.475		18.905		17.819757		42.761
7.560		3.5671		0.0000		3958.437		5.478		18.900		17.835594		42.801
7.556		3.5707		0.0000		3958.433		5.482		18.890		17.853493		42.841
7.556		3.5746		0.0000		3958.429		5.485		18.890		17.872772		42.881
7.560		3.5783		0.0000		3958.426		5.489		18.900		17.891361		42.921
7.570		3.5814		0.0000		3958.423		5.492		18.925		17.907198		42.961
7.572		3.5846		0.0000		3958.419		5.495		18.930		17.923031		43.001
7.570		3.5878		0.0000		3958.416		5.499		18.925		17.938866		43.041
7.566		3.5909		0.0000		3958.413		5.502		18.915		17.954702		43.081
7.564		3.5941		0.0000		3958.410		5.505		18.910		17.970539		43.121
7.560		3.5973		0.0000		3958.407		5.508		18.900		17.986374		43.161
7.558		3.6004		0.0000		3958.404		5.511		18.895		18.002209		43.201
7.554		3.6039		0.0000		3958.400		5.515		18.885		18.019421		43.241
7.552		3.6077		0.0000		3958.396		5.519		18.880		18.038700		43.281
7.556		3.6116		0.0000		3958.392		5.522		18.890		18.057978		43.321
7.564		3.6149		0.0000		3958.389		5.526		18.910		18.074503		43.361
7.570		3.6179		0.0000		3958.386		5.529		18.925		18.089649		43.401
7.566		3.6211		0.0000		3958.383		5.532		18.915		18.105486		43.441
7.562		3.6244		0.0000		3958.380		5.535		18.905		18.122007		43.481
7.558		3.6276		0.0000		3958.376		5.538		18.895		18.137844		43.521
7.556		3.6307		0.0000		3958.373		5.542		18.890		18.153679		43.561
7.554		3.6339		0.0000		3958.370		5.545		18.885		18.169516		43.601
7.550		3.6372		0.0000		3958.367		5.548		18.875		18.186039		43.641
7.550		3.6408		0.0000		3958.363		5.552		18.875		18.203941		43.681
7.550		3.6448		0.0000		3958.359		5.556		18.875		18.223906		43.721
7.558		3.6482		0.0000		3958.356		5.559		18.895		18.241119		43.761
7.566		3.6514		0.0000		3958.353		5.562		18.915		18.256954		43.801
7.566		3.6546		0.0000		3958.349		5.565		18.915		18.272791		43.841
7.562		3.6577		0.0000		3958.346		5.569		18.905		18.288628		43.881
7.558		3.6610		0.0000		3958.343		5.572		18.895		18.305149		43.921
7.554		3.6642		0.0000		3958.340		5.575		18.885		18.320984		43.961
7.552		3.6672		0.0000		3958.337		5.578		18.880		18.336132		44.001
7.548		3.6705		0.0000		3958.333		5.581		18.870		18.352657		44.041
7.544		3.6741		0.0000		3958.330		5.585		18.860		18.370556		44.081
7.542		3.6780		0.0000		3958.326		5.589		18.855		18.389835		44.121
7.548		3.6817		0.0000		3958.322		5.593		18.870		18.408424		44.161
7.558		3.6847		0.0000		3958.319		5.596		18.895		18.423573		44.201
7.560		3.6880		0.0000		3958.316		5.599		18.900		18.440096		44.241
7.556		3.6912		0.0000		3958.313		5.602		18.890		18.455933		44.281
7.552		3.6944		0.0000		3958.310		5.605		18.880		18.471766		44.321
7.550		3.6975		0.0000		3958.306		5.608		18.875		18.487602		44.361
7.546		3.7007		0.0000		3958.303		5.612		18.865		18.503437		44.401
7.542		3.7039		0.0000		3958.300		5.615		18.855		18.519272		44.441
7.538		3.7073		0.0000		3958.297		5.618		18.845		18.536488		44.481
7.536		3.7112		0.0000		3958.293		5.622		18.840		18.555763		44.521
7.538		3.7150		0.0000		3958.289		5.626		18.845		18.575041		44.561
7.546		3.7183		0.0000		3958.286		5.629		18.865		18.591566		44.601
7.550		3.7213		0.0000		3958.282		5.632		18.875		18.606712		44.641
7.550		3.7246		0.0000		3958.279		5.636		18.875		18.623238		44.681
7.544		3.7278		0.0000		3958.276		5.639		18.860		18.639071		44.721
7.540		3.7310		0.0000		3958.273		5.642		18.850		18.654907		44.761
7.538		3.7341		0.0000		3958.270		5.645		18.845		18.670742		44.801
7.534		3.7373		0.0000		3958.267		5.648		18.835		18.686579		44.841
7.530		3.7406		0.0000		3958.263		5.651		18.825		18.703102		44.881
7.528		3.7443		0.0000		3958.260		5.655		18.820		18.721693		44.921
7.528		3.7483		0.0000		3958.256		5.659		18.820		18.741657		44.961
7.536		3.7518		0.0000		3958.252		5.663		18.840		18.758871		45.001
7.542		3.7548		0.0000		3958.249		5.666		18.855		18.774017		45.041
7.542		3.7580		0.0000		3958.246		5.669		18.855		18.789854		45.081
7.536		3.7611		0.0000		3958.243		5.672		18.840		18.805691		45.121
7.532		3.7643		0.0000		3958.240		5.675		18.830		18.821526		45.161
7.528		3.7675		0.0000		3958.237		5.678		18.820		18.837358		45.201
7.524		3.7706		0.0000		3958.233		5.682		18.810		18.853195		45.241
7.520		3.7739		0.0000		3958.230		5.685		18.800		18.869720		45.281
7.516		3.7774		0.0000		3958.227		5.688		18.790		18.886930		45.321
7.514		3.7814		0.0000		3958.223		5.692		18.785		18.906898		45.361
7.518		3.7851		0.0000		3958.219		5.696		18.795		18.925488		45.401
7.526		3.7883		0.0000		3958.216		5.699		18.815		18.941324		45.441
7.528		3.7914		0.0000		3958.212		5.702		18.820		18.957159		45.481
7.524		3.7946		0.0000		3958.209		5.705		18.810		18.972996		45.521
7.518		3.7978		0.0000		3958.206		5.709		18.795		18.988831		45.561
7.514		3.8009		0.0000		3958.203		5.712		18.785		19.004665		45.601
7.510		3.8042		0.0000		3958.200		5.715		18.775		19.021189		45.641
7.506		3.8073		0.0000		3958.197		5.718		18.765		19.036335		45.681
7.502		3.8108		0.0000		3958.193		5.722		18.755		19.054237		45.721
7.500		3.8146		0.0000		3958.189		5.725		18.750		19.072826		45.761
7.504		3.8186		0.0000		3958.185		5.729		18.760		19.092793		45.801
7.512		3.8216		0.0000		3958.182		5.732		18.780		19.107941		45.841
7.518		3.8248		0.0000		3958.179		5.736		18.795		19.123775		45.881
7.514		3.8279		0.0000		3958.176		5.739		18.785		19.139612		45.921
7.508		3.8312		0.0000		3958.173		5.742		18.770		19.156136		45.961
7.504		3.8344		0.0000		3958.169		5.745		18.760		19.171970		46.001
7.500		3.8376		0.0000		3958.166		5.748		18.750		19.187805		46.041
7.494		3.8407		0.0000		3958.163		5.752		18.735		19.203642		46.081
7.488		3.8440		0.0000		3958.160		5.755		18.720		19.220165		46.121
7.484		3.8478		0.0000		3958.156		5.759		18.710		19.238756		46.161
7.484		3.8517		0.0000		3958.152		5.763		18.710		19.258720		46.201
7.488		3.8552		0.0000		3958.149		5.766		18.720		19.275934		46.241
7.494		3.8582		0.0000		3958.146		5.769		18.735		19.291080		46.281
7.492		3.8614		0.0000		3958.143		5.772		18.730		19.306917		46.321
7.488		3.8646		0.0000		3958.139		5.775		18.720		19.322754		46.361
7.482		3.8677		0.0000		3958.136		5.779		18.705		19.338589		46.401
7.478		3.8710		0.0000		3958.133		5.782		18.695		19.355110		46.441
7.474		3.8742		0.0000		3958.130		5.785		18.685		19.370947		46.481
7.468		3.8772		0.0000		3958.127		5.788		18.670		19.386093		46.521
7.464		3.8809		0.0000		3958.123		5.792		18.660		19.404682		46.561
7.462		3.8849		0.0000		3958.119		5.796		18.655		19.424650		46.601
7.466		3.8886		0.0000		3958.115		5.800		18.665		19.443241		46.641
7.472		3.8917		0.0000		3958.112		5.803		18.680		19.458387		46.681
7.472		3.8948		0.0000		3958.109		5.806		18.680		19.474222		46.721
7.466		3.8980		0.0000		3958.106		5.809		18.665		19.490059		46.761
7.462		3.9013		0.0000		3958.103		5.812		18.655		19.506584		46.801
7.458		3.9045		0.0000		3958.099		5.815		18.645		19.522417		46.841
7.454		3.9075		0.0000		3958.096		5.818		18.635		19.537565		46.881
7.450		3.9107		0.0000		3958.093		5.822		18.625		19.553398		46.921
7.446		3.9143		0.0000		3958.090		5.825		18.615		19.571302		46.961
7.444		3.9180		0.0000		3958.086		5.829		18.610		19.589891		47.001
7.446		3.9220		0.0000		3958.082		5.833		18.615		19.609856		47.041
7.454		3.9250		0.0000		3958.079		5.836		18.635		19.625004		47.081
7.458		3.9283		0.0000		3958.076		5.839		18.645		19.641529		47.121
7.454		3.9315		0.0000		3958.073		5.842		18.635		19.657364		47.161
7.448		3.9346		0.0000		3958.069		5.846		18.620		19.673199		47.201
7.444		3.9378		0.0000		3958.066		5.849		18.610		19.689035		47.241
7.438		3.9410		0.0000		3958.063		5.852		18.595		19.704872		47.281
7.434		3.9440		0.0000		3958.060		5.855		18.585		19.720018		47.321
7.430		3.9473		0.0000		3958.057		5.858		18.575		19.736540		47.361
7.426		3.9512		0.0000		3958.053		5.862		18.565		19.755819		47.401
7.426		3.9552		0.0000		3958.049		5.866		18.565		19.775787		47.441
7.434		3.9586		0.0000		3958.045		5.869		18.585		19.792997		47.481
7.440		3.9616		0.0000		3958.042		5.872		18.600		19.808144		47.521
7.438		3.9648		0.0000		3958.039		5.876		18.595		19.823980		47.561
7.432		3.9681		0.0000		3958.036		5.879		18.580		19.840506		47.601
7.428		3.9713		0.0000		3958.033		5.882		18.570		19.856340		47.641
7.422		3.9744		0.0000		3958.030		5.885		18.555		19.872177		47.681
7.418		3.9776		0.0000		3958.026		5.888		18.545		19.888010		47.721
7.414		3.9808		0.0000		3958.023		5.892		18.535		19.903847		47.761
7.410		3.9845		0.0000		3958.020		5.895		18.525		19.922436		47.801
7.408		3.9883		0.0000		3958.016		5.899		18.520		19.941713		47.841
7.412		3.9919		0.0000		3958.012		5.903		18.530		19.959614		47.881
7.420		3.9951		0.0000		3958.009		5.906		18.550		19.975451		47.921
7.420		3.9981		0.0000		3958.006		5.909		18.550		19.990597		47.961
7.416		4.0014		0.0000		3958.002		5.912		18.540		20.007122		48.001
7.410		4.0046		0.0000		3957.999		5.915		18.525		20.022957		48.041
7.406		4.0078		0.0000		3957.996		5.919		18.515		20.038794		48.081
7.402		4.0109		0.0000		3957.993		5.922		18.505		20.054628		48.121
7.398		4.0142		0.0000		3957.990		5.925		18.495		20.071152		48.161
7.394		4.0177		0.0000		3957.986		5.929		18.485		20.088366		48.201
7.390		4.0215		0.0000		3957.982		5.932		18.475		20.107643		48.241
7.394		4.0254		0.0000		3957.979		5.936		18.485		20.126919		48.281
7.400		4.0284		0.0000		3957.976		5.939		18.500		20.142067		48.321
7.402		4.0316		0.0000		3957.972		5.942		18.505		20.157902		48.361
7.398		4.0349		0.0000		3957.969		5.946		18.495		20.174427		48.401
7.392		4.0381		0.0000		3957.966		5.949		18.480		20.190262		48.441
7.388		4.0412		0.0000		3957.963		5.952		18.470		20.206099		48.481
7.384		4.0444		0.0000		3957.959		5.955		18.460		20.221935		48.521
7.380		4.0476		0.0000		3957.956		5.958		18.450		20.237770		48.561
7.376		4.0509		0.0000		3957.953		5.962		18.440		20.254292		48.601
7.372		4.0547		0.0000		3957.949		5.966		18.430		20.273571		48.641
7.372		4.0586		0.0000		3957.945		5.969		18.430		20.292850		48.681
7.376		4.0619		0.0000		3957.942		5.973		18.440		20.309372		48.721
7.382		4.0650		0.0000		3957.939		5.976		18.455		20.325207		48.761
7.378		4.0682		0.0000		3957.936		5.979		18.445		20.341043		48.801
7.372		4.0714		0.0000		3957.933		5.982		18.430		20.356880		48.841
7.366		4.0745		0.0000		3957.929		5.985		18.415		20.372715		48.881
7.362		4.0777		0.0000		3957.926		5.989		18.405		20.388550		48.921
7.356		4.0809		0.0000		3957.923		5.992		18.390		20.404387		48.961
7.352		4.0842		0.0000		3957.920		5.995		18.380		20.420910		49.001
7.348		4.0879		0.0000		3957.916		5.999		18.370		20.439499		49.041
7.348		4.0918		0.0000		3957.912		6.003		18.370		20.458776		49.081
7.354		4.0953		0.0000		3957.909		6.006		18.385		20.476677		49.121
7.360		4.0985		0.0000		3957.906		6.009		18.400		20.492514		49.161
7.360		4.1017		0.0000		3957.902		6.013		18.400		20.508348		49.201
7.354		4.1048		0.0000		3957.899		6.016		18.385		20.524185		49.241
7.350		4.1080		0.0000		3957.896		6.019		18.375		20.540020		49.281
7.346		4.1112		0.0000		3957.893		6.022		18.365		20.555857		49.321
7.340		4.1143		0.0000		3957.890		6.025		18.350		20.571692		49.361
7.336		4.1176		0.0000		3957.886		6.029		18.340		20.588215		49.401
7.330		4.1211		0.0000		3957.883		6.032		18.325		20.605429		49.441
7.328		4.1249		0.0000		3957.879		6.036		18.320		20.624706		49.481
7.330		4.1287		0.0000		3957.875		6.040		18.325		20.643295		49.521
7.336		4.1320		0.0000		3957.872		6.043		18.340		20.659819		49.561
7.338		4.1351		0.0000		3957.869		6.046		18.345		20.675655		49.601
7.334		4.1382		0.0000		3957.866		6.049		18.335		20.690802		49.641
7.328		4.1415		0.0000		3957.863		6.052		18.320		20.707325		49.681
7.322		4.1446		0.0000		3957.859		6.055		18.305		20.723162		49.721
7.318		4.1478		0.0000		3957.856		6.059		18.295		20.738998		49.761
7.312		4.1510		0.0000		3957.853		6.062		18.280		20.754833		49.801
7.306		4.1543		0.0000		3957.850		6.065		18.265		20.771355		49.841
7.302		4.1581		0.0000		3957.846		6.069		18.255		20.790634		49.881
7.302		4.1620		0.0000		3957.842		6.073		18.255		20.809914		49.921
7.308		4.1654		0.0000		3957.839		6.076		18.270		20.827124		49.961
7.312		4.1685		0.0000		3957.835		6.079		18.280		20.842274		50.001
7.308		4.1716		0.0000		3957.832		6.082		18.270		20.858107		50.041
7.302		4.1748		0.0000		3957.829		6.086		18.255		20.873943		50.081
7.296		4.1781		0.0000		3957.826		6.089		18.240		20.890467		50.121
7.292		4.1811		0.0000		3957.823		6.092		18.230		20.905613		50.161
7.286		4.1844		0.0000		3957.820		6.095		18.215		20.922138		50.201
7.282		4.1876		0.0000		3957.816		6.098		18.205		20.937975		50.241
7.278		4.1912		0.0000		3957.813		6.102		18.195		20.955875		50.281
7.276		4.1952		0.0000		3957.809		6.106		18.190		20.975840		50.321
7.280		4.1987		0.0000		3957.805		6.110		18.200		20.993744		50.361
7.286		4.2019		0.0000		3957.802		6.113		18.215		21.009579		50.401
7.284		4.2051		0.0000		3957.799		6.116		18.210		21.025412		50.441
7.278		4.2082		0.0000		3957.796		6.119		18.195		21.041248		50.481
7.272		4.2114		0.0000		3957.792		6.122		18.180		21.057083		50.521
7.268		4.2146		0.0000		3957.789		6.125		18.170		21.072920		50.561
7.264		4.2178		0.0000		3957.786		6.129		18.160		21.088755		50.601
7.258		4.2209		0.0000		3957.783		6.132		18.145		21.104591		50.641
7.252		4.2245		0.0000		3957.780		6.135		18.130		21.122492		50.681
7.250		4.2284		0.0000		3957.776		6.139		18.125		21.141769		50.721
7.252		4.2322		0.0000		3957.772		6.143		18.130		21.161049		50.761
7.260		4.2352		0.0000		3957.769		6.146		18.150		21.176195		50.801
7.260		4.2384		0.0000		3957.766		6.149		18.150		21.192032		50.841
7.254		4.2417		0.0000		3957.762		6.153		18.135		21.208553		50.881
7.248		4.2449		0.0000		3957.759		6.156		18.120		21.224388		50.921
7.242		4.2480		0.0000		3957.756		6.159		18.105		21.240225		50.961
7.236		4.2512		0.0000		3957.753		6.162		18.090		21.256062		51.001
7.232		4.2544		0.0000		3957.750		6.165		18.080		21.271896		51.041
7.226		4.2577		0.0000		3957.746		6.169		18.065		21.288422		51.081
7.222		4.2615		0.0000		3957.742		6.172		18.055		21.307697		51.121
7.222		4.2654		0.0000		3957.739		6.176		18.055		21.326977		51.161
7.230		4.2687		0.0000		3957.735		6.180		18.075		21.343500		51.201
7.234		4.2719		0.0000		3957.732		6.183		18.085		21.359337		51.241
7.232		4.2750		0.0000		3957.729		6.186		18.080		21.375172		51.281
7.226		4.2782		0.0000		3957.726		6.189		18.065		21.391006		51.321
7.220		4.2814		0.0000		3957.723		6.192		18.050		21.406841		51.361
7.214		4.2845		0.0000		3957.719		6.195		18.035		21.422676		51.401
7.208		4.2877		0.0000		3957.716		6.199		18.020		21.438513		51.441
7.202		4.2910		0.0000		3957.713		6.202		18.005		21.455038		51.481
7.198		4.2947		0.0000		3957.709		6.206		17.995		21.473627		51.521
7.196		4.2987		0.0000		3957.705		6.210		17.990		21.493591		51.561
7.200		4.3022		0.0000		3957.702		6.213		18.000		21.510807		51.601
7.208		4.3053		0.0000		3957.698		6.216		18.020		21.526642		51.641
7.208		4.3084		0.0000		3957.696		6.219		18.020		21.541788		51.681
7.200		4.3117		0.0000		3957.692		6.223		18.000		21.558311		51.721
7.194		4.3148		0.0000		3957.689		6.226		17.985		21.574146		51.761
7.190		4.3180		0.0000		3957.686		6.229		17.975		21.589983		51.801
7.184		4.3212		0.0000		3957.683		6.232		17.960		21.605818		51.841
7.178		4.3242		0.0000		3957.680		6.235		17.945		21.620964		51.881
7.172		4.3279		0.0000		3957.676		6.239		17.930		21.639555		51.921
7.170		4.3318		0.0000		3957.672		6.243		17.925		21.658833		51.961
7.172		4.3356		0.0000		3957.668		6.246		17.930		21.678112		52.001
7.180		4.3388		0.0000		3957.665		6.250		17.950		21.693947		52.041
7.180		4.3420		0.0000		3957.662		6.253		17.950		21.709784		52.081
7.174		4.3450		0.0000		3957.659		6.256		17.935		21.724930		52.121
7.168		4.3483		0.0000		3957.656		6.259		17.920		21.741451		52.161
7.162		4.3515		0.0000		3957.653		6.262		17.905		21.757288		52.201
7.156		4.3546		0.0000		3957.649		6.265		17.890		21.773125		52.241
7.150		4.3577		0.0000		3957.646		6.269		17.875		21.788271		52.281
7.144		4.3611		0.0000		3957.643		6.272		17.860		21.805485		52.321
7.140		4.3650		0.0000		3957.639		6.276		17.850		21.824760		52.361
7.140		4.3688		0.0000		3957.635		6.280		17.850		21.844040		52.401
7.146		4.3721		0.0000		3957.632		6.283		17.865		21.860563		52.441
7.150		4.3753		0.0000		3957.629		6.286		17.875		21.876400		52.481
7.144		4.3784		0.0000		3957.625		6.289		17.860		21.892235		52.521
7.138		4.3816		0.0000		3957.622		6.292		17.845		21.908072		52.561
7.132		4.3849		0.0000		3957.619		6.296		17.830		21.924593		52.601
7.126		4.3879		0.0000		3957.616		6.299		17.815		21.939739		52.641
7.120		4.3911		0.0000		3957.613		6.302		17.800		21.955576		52.681
7.114		4.3944		0.0000		3957.610		6.305		17.785		21.972101		52.721
7.110		4.3981		0.0000		3957.606		6.309		17.775		21.990690		52.761
7.110		4.4020		0.0000		3957.602		6.313		17.775		22.009968		52.801
7.114		4.4056		0.0000		3957.598		6.316		17.785		22.027870		52.841
7.118		4.4087		0.0000		3957.595		6.320		17.795		22.043705		52.881
7.116		4.4118		0.0000		3957.592		6.323		17.790		22.058851		52.921
7.110		4.4151		0.0000		3957.589		6.326		17.775		22.075377		52.961
7.102		4.4182		0.0000		3957.586		6.329		17.755		22.091209		53.001
7.096		4.4214		0.0000		3957.583		6.332		17.740		22.107046		53.041
7.090		4.4246		0.0000		3957.579		6.335		17.725		22.122881		53.081
7.084		4.4277		0.0000		3957.576		6.339		17.710		22.138718		53.121
7.078		4.4313		0.0000		3957.573		6.342		17.695		22.156618		53.161
7.074		4.4352		0.0000		3957.569		6.346		17.685		22.175896		53.201
7.076		4.4390		0.0000		3957.565		6.350		17.690		22.195175		53.241
7.082		4.4421		0.0000		3957.562		6.353		17.705		22.210321		53.281
7.084		4.4452		0.0000		3957.559		6.356		17.710		22.226158		53.321
7.076		4.4484		0.0000		3957.555		6.359		17.690		22.241993		53.361
7.070		4.4517		0.0000		3957.552		6.363		17.675		22.258518		53.401
7.064		4.4549		0.0000		3957.549		6.366		17.660		22.274351		53.441
7.058		4.4579		0.0000		3957.546		6.369		17.645		22.289501		53.481
7.052		4.4612		0.0000		3957.543		6.372		17.630		22.306023		53.521
7.046		4.4645		0.0000		3957.539		6.375		17.615		22.322548		53.561
7.040		4.4684		0.0000		3957.536		6.379		17.600		22.341825		53.601
7.040		4.4724		0.0000		3957.531		6.383		17.600		22.361792		53.641
7.046		4.4755		0.0000		3957.528		6.386		17.615		22.377626		53.681
7.048		4.4787		0.0000		3957.525		6.390		17.620		22.393463		53.721
7.044		4.4819		0.0000		3957.522		6.393		17.610		22.409298		53.761
7.038		4.4850		0.0000		3957.519		6.396		17.595		22.425135		53.801
7.032		4.4882		0.0000		3957.516		6.399		17.580		22.440969		53.841
7.026		4.4914		0.0000		3957.512		6.402		17.565		22.456806		53.881
7.020		4.4945		0.0000		3957.510		6.405		17.550		22.472639		53.921
7.016		4.4978		0.0000		3957.506		6.409		17.540		22.489164		53.961
7.010		4.5016		0.0000		3957.502		6.412		17.525		22.507753		54.001
7.008		4.5055		0.0000		3957.498		6.416		17.520		22.527721		54.041
7.014		4.5090		0.0000		3957.495		6.420		17.535		22.544933		54.081
7.018		4.5122		0.0000		3957.492		6.423		17.545		22.560768		54.121
7.016		4.5152		0.0000		3957.489		6.426		17.540		22.575914		54.161
7.008		4.5185		0.0000		3957.485		6.429		17.520		22.592440		54.201
7.002		4.5217		0.0000		3957.482		6.433		17.505		22.608276		54.241
6.996		4.5248		0.0000		3957.479		6.436		17.490		22.624111		54.281
6.990		4.5280		0.0000		3957.476		6.439		17.475		22.639944		54.321
6.986		4.5312		0.0000		3957.473		6.442		17.465		22.655781		54.361
6.982		4.5347		0.0000		3957.469		6.446		17.455		22.673683		54.401
6.978		4.5386		0.0000		3957.465		6.449		17.445		22.692959		54.441
6.982		4.5423		0.0000		3957.462		6.453		17.455		22.711548		54.481
6.988		4.5455		0.0000		3957.458		6.456		17.470		22.727385		54.521
6.988		4.5486		0.0000		3957.455		6.460		17.470		22.743221		54.561
6.982		4.5518		0.0000		3957.452		6.463		17.455		22.759056		54.601
6.974		4.5550		0.0000		3957.449		6.466		17.435		22.774891		54.641
6.968		4.5581		0.0000		3957.446		6.469		17.420		22.790728		54.681
6.962		4.5613		0.0000		3957.443		6.472		17.405		22.806564		54.721
6.958		4.5645		0.0000		3957.439		6.475		17.395		22.822399		54.761
6.952		4.5679		0.0000		3957.436		6.479		17.380		22.839611		54.801
6.946		4.5718		0.0000		3957.432		6.483		17.365		22.858889		54.841
6.948		4.5758		0.0000		3957.428		6.487		17.370		22.878855		54.881
6.954		4.5789		0.0000		3957.425		6.490		17.385		22.894690		54.921
6.958		4.5821		0.0000		3957.422		6.493		17.395		22.910526		54.961
6.952		4.5853		0.0000		3957.419		6.496		17.380		22.926361		55.001
6.946		4.5884		0.0000		3957.416		6.499		17.365		22.942198		55.041
6.938		4.5916		0.0000		3957.412		6.502		17.345		22.958033		55.081
6.934		4.5948		0.0000		3957.409		6.506		17.335		22.973869		55.121
6.928		4.5979		0.0000		3957.406		6.509		17.320		22.989704		55.161
6.922		4.6012		0.0000		3957.403		6.512		17.305		23.006227		55.201
6.916		4.6050		0.0000		3957.399		6.516		17.290		23.024817		55.241
6.914		4.6090		0.0000		3957.395		6.520		17.285		23.044785		55.281
6.918		4.6124		0.0000		3957.392		6.523		17.295		23.061996		55.321
6.922		4.6156		0.0000		3957.388		6.526		17.305		23.077831		55.361
6.920		4.6186		0.0000		3957.385		6.529		17.300		23.092978		55.401
6.912		4.6219		0.0000		3957.382		6.533		17.280		23.109503		55.441
6.906		4.6251		0.0000		3957.379		6.536		17.265		23.125340		55.481
6.902		4.6282		0.0000		3957.376		6.539		17.255		23.141174		55.521
6.896		4.6314		0.0000		3957.373		6.542		17.240		23.157009		55.561
6.890		4.6346		0.0000		3957.369		6.545		17.225		23.172844		55.601
6.884		4.6381		0.0000		3957.366		6.549		17.210		23.190746		55.641
6.882		4.6421		0.0000		3957.362		6.553		17.205		23.210712		55.681
6.886		4.6457		0.0000		3957.358		6.557		17.215		23.228611		55.721
6.890		4.6489		0.0000		3957.355		6.560		17.225		23.244448		55.761
6.890		4.6519		0.0000		3957.352		6.563		17.225		23.259594		55.801
6.882		4.6552		0.0000		3957.349		6.566		17.205		23.276119		55.841
6.876		4.6584		0.0000		3957.345		6.569		17.190		23.291954		55.881
6.872		4.6617		0.0000		3957.342		6.573		17.180		23.308479		55.921
6.866		4.6647		0.0000		3957.339		6.576		17.165		23.323627		55.961
6.862		4.6680		0.0000		3957.336		6.579		17.155		23.340149		56.001
6.856		4.6715		0.0000		3957.333		6.582		17.140		23.357363		56.041
6.852		4.6752		0.0000		3957.329		6.586		17.130		23.375952		56.081
6.854		4.6790		0.0000		3957.325		6.590		17.135		23.395231		56.121
6.858		4.6824		0.0000		3957.322		6.593		17.145		23.411753		56.161
6.860		4.6855		0.0000		3957.318		6.596		17.150		23.427589		56.201
6.854		4.6887		0.0000		3957.315		6.600		17.135		23.443424		56.241
6.848		4.6919		0.0000		3957.312		6.603		17.120		23.459261		56.281
6.840		4.6950		0.0000		3957.309		6.606		17.100		23.475096		56.321
6.834		4.6982		0.0000		3957.306		6.609		17.085		23.490932		56.361
6.828		4.7014		0.0000		3957.302		6.612		17.070		23.506767		56.401
6.820		4.7047		0.0000		3957.299		6.616		17.050		23.523291		56.441
