数据量:618
试验力		变形		扩展变形		位置		位移		应力		应变		时间
0.010		0.0026		0.0000		877.018		1.152		0.025		0.013081		0.040
0.010		0.0059		0.0000		877.015		1.155		0.025		0.029606		0.080
0.010		0.0096		0.0000		877.011		1.159		0.025		0.048195		0.120
0.010		0.0132		0.0000		877.007		1.162		0.025		0.066096		0.160
0.012		0.0167		0.0000		877.004		1.166		0.030		0.083309		0.200
0.012		0.0198		0.0000		877.001		1.169		0.030		0.099144		0.240
0.012		0.0230		0.0000		876.997		1.172		0.030		0.114980		0.280
0.012		0.0263		0.0000		876.994		1.175		0.030		0.131503		0.320
0.014		0.0295		0.0000		876.991		1.179		0.035		0.147339		0.360
0.014		0.0326		0.0000		876.988		1.182		0.035		0.163174		0.400
0.014		0.0359		0.0000		876.985		1.185		0.035		0.179698		0.440
0.016		0.0392		0.0000		876.981		1.188		0.040		0.196223		0.480
0.016		0.0428		0.0000		876.978		1.192		0.040		0.214124		0.520
0.018		0.0465		0.0000		876.974		1.196		0.045		0.232713		0.560
0.018		0.0501		0.0000		876.970		1.199		0.045		0.250614		0.600
0.020		0.0533		0.0000		876.967		1.202		0.050		0.266449		0.640
0.020		0.0565		0.0000		876.964		1.206		0.050		0.282285		0.680
0.022		0.0596		0.0000		876.961		1.209		0.055		0.298120		0.720
0.024		0.0629		0.0000		876.958		1.212		0.060		0.314645		0.760
0.024		0.0661		0.0000		876.954		1.215		0.060		0.330480		0.800
0.026		0.0693		0.0000		876.951		1.218		0.065		0.346316		0.840
0.028		0.0726		0.0000		876.948		1.222		0.070		0.362840		0.880
0.030		0.0760		0.0000		876.945		1.225		0.075		0.380052		0.920
0.032		0.0797		0.0000		876.941		1.229		0.080		0.398641		0.960
0.034		0.0833		0.0000		876.937		1.232		0.085		0.416542		1.000
0.036		0.0866		0.0000		876.934		1.236		0.090		0.433066		1.040
0.038		0.0898		0.0000		876.931		1.239		0.095		0.448902		1.080
0.040		0.0931		0.0000		876.927		1.242		0.100		0.465426		1.120
0.042		0.0963		0.0000		876.924		1.245		0.105		0.481262		1.160
0.046		0.0996		0.0000		876.921		1.249		0.115		0.497786		1.200
0.048		0.1027		0.0000		876.918		1.252		0.120		0.513621		1.240
0.052		0.1059		0.0000		876.915		1.255		0.130		0.529457		1.280
0.054		0.1093		0.0000		876.911		1.258		0.135		0.546669		1.320
0.058		0.1129		0.0000		876.908		1.262		0.145		0.564570		1.360
0.064		0.1166		0.0000		876.904		1.266		0.160		0.583159		1.400
0.068		0.1201		0.0000		876.900		1.269		0.170		0.600372		1.440
0.074		0.1232		0.0000		876.897		1.272		0.185		0.616208		1.480
0.078		0.1263		0.0000		876.894		1.275		0.195		0.631354		1.520
0.084		0.1297		0.0000		876.891		1.279		0.210		0.648567		1.560
0.088		0.1329		0.0000		876.888		1.282		0.220		0.664402		1.600
0.094		0.1362		0.0000		876.884		1.285		0.235		0.680926		1.640
0.100		0.1394		0.0000		876.881		1.288		0.250		0.696762		1.680
0.106		0.1427		0.0000		876.878		1.292		0.265		0.713286		1.720
0.112		0.1462		0.0000		876.874		1.295		0.280		0.731187		1.760
0.118		0.1498		0.0000		876.871		1.299		0.295		0.749088		1.800
0.126		0.1534		0.0000		876.867		1.303		0.315		0.766989		1.840
0.134		0.1566		0.0000		876.864		1.306		0.335		0.782825		1.880
0.142		0.1599		0.0000		876.861		1.309		0.355		0.799348		1.920
0.148		0.1630		0.0000		876.857		1.312		0.370		0.815184		1.960
0.156		0.1662		0.0000		876.854		1.315		0.390		0.831019		2.000
0.164		0.1695		0.0000		876.851		1.319		0.410		0.847543		2.040
0.172		0.1728		0.0000		876.848		1.322		0.430		0.864068		2.080
0.180		0.1760		0.0000		876.845		1.325		0.450		0.879903		2.120
0.188		0.1794		0.0000		876.841		1.329		0.470		0.897115		2.160
0.198		0.1831		0.0000		876.837		1.332		0.495		0.915705		2.200
0.208		0.1869		0.0000		876.834		1.336		0.520		0.934294		2.240
0.218		0.1900		0.0000		876.831		1.339		0.545		0.950130		2.280
0.228		0.1932		0.0000		876.827		1.342		0.570		0.965965		2.320
0.236		0.1965		0.0000		876.824		1.346		0.590		0.982490		2.360
0.246		0.1995		0.0000		876.821		1.349		0.615		0.997636		2.400
0.256		0.2030		0.0000		876.818		1.352		0.640		1.014849		2.440
0.266		0.2061		0.0000		876.814		1.355		0.665		1.030685		2.480
0.276		0.2094		0.0000		876.811		1.359		0.690		1.047208		2.520
0.286		0.2127		0.0000		876.808		1.362		0.715		1.063733		2.560
0.296		0.2165		0.0000		876.804		1.366		0.740		1.082322		2.600
0.306		0.2200		0.0000		876.800		1.369		0.765		1.100223		2.640
0.318		0.2233		0.0000		876.797		1.372		0.795		1.116747		2.680
0.328		0.2267		0.0000		876.794		1.376		0.820		1.133271		2.720
0.338		0.2298		0.0000		876.791		1.379		0.845		1.149107		2.760
0.348		0.2331		0.0000		876.787		1.382		0.870		1.165631		2.800
0.358		0.2363		0.0000		876.784		1.385		0.895		1.181466		2.840
0.368		0.2396		0.0000		876.781		1.389		0.920		1.197990		2.880
0.380		0.2428		0.0000		876.778		1.392		0.950		1.213825		2.920
0.392		0.2461		0.0000		876.774		1.395		0.980		1.230350		2.960
0.404		0.2497		0.0000		876.771		1.399		1.010		1.248251		3.000
0.418		0.2534		0.0000		876.767		1.402		1.045		1.266840		3.040
0.432		0.2568		0.0000		876.764		1.406		1.080		1.284053		3.080
0.448		0.2600		0.0000		876.761		1.409		1.120		1.299888		3.120
0.462		0.2631		0.0000		876.757		1.412		1.155		1.315724		3.160
0.474		0.2664		0.0000		876.754		1.416		1.185		1.332247		3.200
0.488		0.2696		0.0000		876.751		1.419		1.220		1.348083		3.240
0.502		0.2729		0.0000		876.748		1.422		1.255		1.364607		3.280
0.516		0.2761		0.0000		876.744		1.425		1.290		1.380442		3.320
0.530		0.2794		0.0000		876.741		1.428		1.325		1.396967		3.360
0.544		0.2830		0.0000		876.738		1.432		1.360		1.414868		3.400
0.558		0.2866		0.0000		876.734		1.436		1.395		1.432769		3.440
0.572		0.2901		0.0000		876.730		1.439		1.430		1.450670		3.480
0.588		0.2934		0.0000		876.727		1.443		1.470		1.467193		3.520
0.604		0.2966		0.0000		876.724		1.446		1.510		1.483029		3.560
0.618		0.2999		0.0000		876.721		1.449		1.545		1.499553		3.600
0.630		0.3031		0.0000		876.717		1.452		1.575		1.515388		3.640
0.642		0.3064		0.0000		876.714		1.455		1.605		1.531913		3.680
0.654		0.3095		0.0000		876.711		1.459		1.635		1.547748		3.720
0.666		0.3127		0.0000		876.708		1.462		1.665		1.563584		3.760
0.678		0.3162		0.0000		876.704		1.465		1.695		1.580796		3.800
0.692		0.3199		0.0000		876.701		1.469		1.730		1.599386		3.840
0.708		0.3236		0.0000		876.697		1.473		1.770		1.617975		3.880
0.724		0.3268		0.0000		876.694		1.476		1.810		1.633810		3.920
0.742		0.3301		0.0000		876.690		1.479		1.855		1.650335		3.960
0.758		0.3332		0.0000		876.687		1.482		1.895		1.666170		4.000
0.772		0.3364		0.0000		876.684		1.486		1.930		1.682006		4.040
0.788		0.3397		0.0000		876.681		1.489		1.970		1.698530		4.080
0.802		0.3429		0.0000		876.678		1.492		2.005		1.714365		4.120
0.818		0.3462		0.0000		876.674		1.495		2.045		1.730889		4.160
0.834		0.3495		0.0000		876.671		1.499		2.085		1.747413		4.200
0.850		0.3531		0.0000		876.667		1.502		2.125		1.765314		4.240
0.866		0.3568		0.0000		876.664		1.506		2.165		1.783903		4.280
0.886		0.3602		0.0000		876.660		1.509		2.215		1.801116		4.320
0.904		0.3634		0.0000		876.657		1.512		2.260		1.816952		4.360
0.920		0.3666		0.0000		876.654		1.516		2.300		1.832787		4.400
0.936		0.3699		0.0000		876.651		1.519		2.340		1.849311		4.440
0.954		0.3732		0.0000		876.647		1.522		2.385		1.865835		4.480
0.970		0.3763		0.0000		876.644		1.525		2.425		1.881670		4.520
0.986		0.3795		0.0000		876.641		1.529		2.465		1.897506		4.560
1.002		0.3828		0.0000		876.638		1.532		2.505		1.914030		4.600
1.020		0.3864		0.0000		876.634		1.535		2.550		1.931931		4.640
1.040		0.3900		0.0000		876.631		1.539		2.600		1.949832		4.680
1.060		0.3937		0.0000		876.627		1.543		2.650		1.968421		4.720
1.082		0.3969		0.0000		876.624		1.546		2.705		1.984257		4.760
1.102		0.4000		0.0000		876.620		1.549		2.755		2.000092		4.800
1.120		0.4032		0.0000		876.617		1.552		2.800		2.015928		4.840
1.140		0.4065		0.0000		876.614		1.556		2.850		2.032452		4.880
1.158		0.4097		0.0000		876.611		1.559		2.895		2.048287		4.920
1.178		0.4130		0.0000		876.608		1.562		2.945		2.064812		4.960
1.198		0.4163		0.0000		876.604		1.565		2.995		2.081336		5.000
1.218		0.4196		0.0000		876.601		1.569		3.045		2.097859		5.040
1.238		0.4233		0.0000		876.597		1.572		3.095		2.116449		5.080
1.260		0.4269		0.0000		876.594		1.576		3.150		2.134350		5.120
1.284		0.4302		0.0000		876.590		1.579		3.210		2.150874		5.160
1.306		0.4335		0.0000		876.587		1.583		3.265		2.167398		5.200
1.328		0.4366		0.0000		876.584		1.586		3.320		2.183233		5.240
1.348		0.4400		0.0000		876.581		1.589		3.370		2.199758		5.280
1.370		0.4431		0.0000		876.577		1.592		3.425		2.215593		5.320
1.392		0.4463		0.0000		876.574		1.595		3.480		2.231429		5.360
1.412		0.4495		0.0000		876.571		1.599		3.530		2.247264		5.400
1.434		0.4528		0.0000		876.568		1.602		3.585		2.263788		5.440
1.456		0.4565		0.0000		876.564		1.606		3.640		2.282377		5.480
1.478		0.4602		0.0000		876.560		1.609		3.695		2.300967		5.520
1.504		0.4636		0.0000		876.557		1.613		3.760		2.318180		5.560
1.528		0.4668		0.0000		876.554		1.616		3.820		2.334015		5.600
1.552		0.4701		0.0000		876.550		1.619		3.880		2.350539		5.640
1.572		0.4733		0.0000		876.547		1.622		3.930		2.366375		5.680
1.594		0.4764		0.0000		876.544		1.626		3.985		2.382210		5.720
1.616		0.4797		0.0000		876.541		1.629		4.040		2.398734		5.760
1.638		0.4829		0.0000		876.538		1.632		4.095		2.414569		5.800
1.660		0.4862		0.0000		876.534		1.635		4.150		2.431093		5.840
1.684		0.4897		0.0000		876.531		1.639		4.210		2.448306		5.880
1.706		0.4934		0.0000		876.527		1.642		4.265		2.466896		5.920
1.732		0.4970		0.0000		876.524		1.646		4.330		2.484797		5.960
1.758		0.5003		0.0000		876.520		1.649		4.395		2.501320		6.000
1.782		0.5034		0.0000		876.517		1.653		4.455		2.517156		6.040
1.804		0.5067		0.0000		876.514		1.656		4.510		2.533680		6.080
1.826		0.5099		0.0000		876.511		1.659		4.565		2.549515		6.120
1.848		0.5131		0.0000		876.507		1.662		4.620		2.565351		6.160
1.870		0.5162		0.0000		876.504		1.665		4.675		2.581186		6.200
1.892		0.5195		0.0000		876.501		1.669		4.730		2.597711		6.240
1.914		0.5230		0.0000		876.497		1.672		4.785		2.614923		6.280
1.938		0.5267		0.0000		876.494		1.676		4.845		2.633512		6.320
1.964		0.5304		0.0000		876.490		1.680		4.910		2.652102		6.360
1.990		0.5337		0.0000		876.487		1.683		4.975		2.668626		6.400
2.016		0.5368		0.0000		876.484		1.686		5.040		2.683773		6.440
2.040		0.5401		0.0000		876.480		1.689		5.100		2.700297		6.480
2.062		0.5432		0.0000		876.477		1.692		5.155		2.716132		6.520
2.084		0.5465		0.0000		876.474		1.696		5.210		2.732656		6.560
2.108		0.5497		0.0000		876.471		1.699		5.270		2.748492		6.600
2.130		0.5529		0.0000		876.468		1.702		5.325		2.764328		6.640
2.152		0.5563		0.0000		876.464		1.705		5.380		2.781540		6.680
2.176		0.5599		0.0000		876.461		1.709		5.440		2.799441		6.720
2.200		0.5636		0.0000		876.457		1.713		5.500		2.818031		6.760
2.228		0.5670		0.0000		876.453		1.716		5.570		2.835243		6.800
2.254		0.5702		0.0000		876.450		1.719		5.635		2.851079		6.840
2.278		0.5734		0.0000		876.447		1.722		5.695		2.866914		6.880
2.300		0.5767		0.0000		876.444		1.726		5.750		2.883438		6.920
2.324		0.5799		0.0000		876.441		1.729		5.810		2.899274		6.960
2.346		0.5832		0.0000		876.437		1.732		5.865		2.915798		7.000
2.368		0.5863		0.0000		876.434		1.735		5.920		2.931633		7.040
2.392		0.5895		0.0000		876.431		1.739		5.980		2.947469		7.080
2.414		0.5931		0.0000		876.427		1.742		6.035		2.965370		7.120
2.438		0.5968		0.0000		876.424		1.746		6.095		2.983959		7.160
2.464		0.6005		0.0000		876.420		1.750		6.160		3.002549		7.200
2.492		0.6037		0.0000		876.417		1.753		6.230		3.018384		7.240
2.518		0.6068		0.0000		876.414		1.756		6.295		3.034220		7.280
2.540		0.6100		0.0000		876.411		1.759		6.350		3.050055		7.320
2.562		0.6133		0.0000		876.407		1.762		6.405		3.066579		7.360
2.586		0.6165		0.0000		876.404		1.766		6.465		3.082414		7.400
2.608		0.6197		0.0000		876.401		1.769		6.520		3.098250		7.440
2.632		0.6230		0.0000		876.398		1.772		6.580		3.114774		7.480
2.654		0.6264		0.0000		876.394		1.776		6.635		3.131986		7.520
2.678		0.6301		0.0000		876.390		1.779		6.695		3.150576		7.560
2.704		0.6338		0.0000		876.387		1.783		6.760		3.169165		7.600
2.730		0.6371		0.0000		876.383		1.786		6.825		3.185689		7.640
2.756		0.6403		0.0000		876.380		1.789		6.890		3.201525		7.680
2.778		0.6435		0.0000		876.377		1.793		6.945		3.217360		7.720
2.798		0.6468		0.0000		876.374		1.796		6.995		3.233885		7.760
2.820		0.6499		0.0000		876.371		1.799		7.050		3.249720		7.800
2.842		0.6531		0.0000		876.367		1.802		7.105		3.265555		7.840
2.864		0.6563		0.0000		876.364		1.805		7.160		3.281391		7.880
2.886		0.6596		0.0000		876.361		1.809		7.215		3.297915		7.920
2.910		0.6633		0.0000		876.357		1.812		7.275		3.316504		7.960
2.934		0.6670		0.0000		876.354		1.816		7.335		3.335094		8.000
2.960		0.6706		0.0000		876.350		1.820		7.400		3.352995		8.040
2.986		0.6736		0.0000		876.347		1.823		7.465		3.368142		8.080
3.010		0.6768		0.0000		876.344		1.826		7.525		3.383977		8.120
3.030		0.6801		0.0000		876.340		1.829		7.575		3.400502		8.160
3.052		0.6833		0.0000		876.337		1.832		7.630		3.416337		8.200
3.074		0.6866		0.0000		876.334		1.836		7.685		3.432861		8.240
3.096		0.6897		0.0000		876.331		1.839		7.740		3.448697		8.280
3.116		0.6930		0.0000		876.327		1.842		7.790		3.465220		8.320
3.138		0.6965		0.0000		876.324		1.846		7.845		3.482433		8.360
3.160		0.7002		0.0000		876.320		1.849		7.900		3.501022		8.400
3.186		0.7038		0.0000		876.317		1.853		7.965		3.518924		8.440
3.210		0.7071		0.0000		876.313		1.856		8.025		3.535448		8.480
3.234		0.7103		0.0000		876.310		1.859		8.085		3.551283		8.520
3.254		0.7134		0.0000		876.307		1.863		8.135		3.567119		8.560
3.274		0.7167		0.0000		876.304		1.866		8.185		3.583642		8.600
3.294		0.7200		0.0000		876.300		1.869		8.235		3.600166		8.640
3.314		0.7231		0.0000		876.297		1.872		8.285		3.615314		8.680
3.334		0.7264		0.0000		876.294		1.875		8.335		3.631837		8.720
3.352		0.7298		0.0000		876.291		1.879		8.380		3.649050		8.760
3.372		0.7335		0.0000		876.287		1.883		8.430		3.667639		8.800
3.394		0.7372		0.0000		876.283		1.886		8.485		3.686229		8.840
3.418		0.7406		0.0000		876.280		1.890		8.545		3.702753		8.880
3.440		0.7436		0.0000		876.277		1.893		8.600		3.717900		8.920
3.460		0.7467		0.0000		876.274		1.896		8.650		3.733736		8.960
3.478		0.7501		0.0000		876.270		1.899		8.695		3.750259		9.000
3.496		0.7534		0.0000		876.267		1.902		8.740		3.766783		9.040
3.514		0.7565		0.0000		876.264		1.906		8.785		3.782619		9.080
3.532		0.7597		0.0000		876.261		1.909		8.830		3.798454		9.120
3.548		0.7631		0.0000		876.257		1.912		8.870		3.815667		9.160
3.566		0.7667		0.0000		876.254		1.916		8.915		3.833568		9.200
3.586		0.7704		0.0000		876.250		1.920		8.965		3.852158		9.240
3.608		0.7739		0.0000		876.247		1.923		9.020		3.869370		9.280
3.628		0.7770		0.0000		876.243		1.926		9.070		3.885205		9.320
3.646		0.7802		0.0000		876.240		1.929		9.115		3.901041		9.360
3.662		0.7835		0.0000		876.237		1.933		9.155		3.917565		9.400
3.678		0.7867		0.0000		876.234		1.936		9.195		3.933401		9.440
3.694		0.7898		0.0000		876.231		1.939		9.235		3.949236		9.480
3.710		0.7930		0.0000		876.227		1.942		9.275		3.965071		9.520
3.726		0.7965		0.0000		876.224		1.946		9.315		3.982284		9.560
3.742		0.7999		0.0000		876.221		1.949		9.355		3.999497		9.600
3.760		0.8038		0.0000		876.217		1.953		9.400		4.018775		9.640
3.780		0.8072		0.0000		876.213		1.956		9.450		4.035987		9.680
3.800		0.8105		0.0000		876.210		1.960		9.500		4.052511		9.720
3.816		0.8137		0.0000		876.207		1.963		9.540		4.068347		9.760
3.830		0.8168		0.0000		876.204		1.966		9.575		4.084182		9.800
3.844		0.8201		0.0000		876.200		1.969		9.610		4.100706		9.840
3.858		0.8233		0.0000		876.197		1.972		9.645		4.116542		9.880
3.872		0.8265		0.0000		876.194		1.976		9.680		4.132377		9.920
3.886		0.8298		0.0000		876.191		1.979		9.715		4.148901		9.960
3.900		0.8332		0.0000		876.187		1.982		9.750		4.166114		10.000
3.914		0.8369		0.0000		876.184		1.986		9.785		4.184703		10.040
3.930		0.8407		0.0000		876.180		1.990		9.825		4.203293		10.080
3.948		0.8438		0.0000		876.177		1.993		9.870		4.219128		10.120
3.964		0.8471		0.0000		876.173		1.996		9.910		4.235652		10.160
3.978		0.8503		0.0000		876.170		1.999		9.945		4.251487		10.200
3.988		0.8535		0.0000		876.167		2.003		9.970		4.267323		10.240
4.000		0.8566		0.0000		876.164		2.006		10.000		4.283159		10.280
4.012		0.8599		0.0000		876.161		2.009		10.030		4.299683		10.320
4.022		0.8631		0.0000		876.157		2.012		10.055		4.315518		10.360
4.034		0.8664		0.0000		876.154		2.016		10.085		4.332042		10.400
4.044		0.8701		0.0000		876.150		2.019		10.110		4.350631		10.440
4.058		0.8740		0.0000		876.147		2.023		10.145		4.369910		10.480
4.074		0.8773		0.0000		876.143		2.026		10.185		4.386434		10.520
4.088		0.8805		0.0000		876.140		2.030		10.220		4.402269		10.560
4.100		0.8836		0.0000		876.137		2.033		10.250		4.418105		10.600
4.108		0.8869		0.0000		876.134		2.036		10.270		4.434628		10.640
4.118		0.8902		0.0000		876.130		2.039		10.295		4.451152		10.680
4.128		0.8933		0.0000		876.127		2.042		10.320		4.466300		10.720
4.138		0.8966		0.0000		876.124		2.046		10.345		4.482823		10.760
4.148		0.8997		0.0000		876.121		2.049		10.370		4.498659		10.800
4.156		0.9034		0.0000		876.117		2.053		10.390		4.517249		10.840
4.168		0.9072		0.0000		876.113		2.056		10.420		4.535838		10.880
4.180		0.9107		0.0000		876.110		2.060		10.450		4.553739		10.920
4.192		0.9139		0.0000		876.107		2.063		10.480		4.569574		10.960
4.202		0.9171		0.0000		876.103		2.066		10.505		4.585410		11.000
4.210		0.9202		0.0000		876.100		2.069		10.525		4.601246		11.040
4.218		0.9236		0.0000		876.097		2.073		10.545		4.617770		11.080
4.224		0.9267		0.0000		876.094		2.076		10.560		4.633605		11.120
4.232		0.9299		0.0000		876.091		2.079		10.580		4.649440		11.160
4.240		0.9331		0.0000		876.087		2.082		10.600		4.665276		11.200
4.246		0.9366		0.0000		876.084		2.086		10.615		4.683177		11.240
4.256		0.9405		0.0000		876.080		2.090		10.640		4.702455		11.280
4.266		0.9441		0.0000		876.076		2.093		10.665		4.720356		11.320
4.278		0.9472		0.0000		876.073		2.096		10.695		4.736191		11.360
4.288		0.9504		0.0000		876.070		2.100		10.720		4.752027		11.400
4.294		0.9537		0.0000		876.067		2.103		10.735		4.768552		11.440
4.300		0.9570		0.0000		876.063		2.106		10.750		4.785075		11.480
4.306		0.9600		0.0000		876.060		2.109		10.765		4.800222		11.520
4.312		0.9633		0.0000		876.057		2.112		10.780		4.816746		11.560
4.318		0.9665		0.0000		876.054		2.116		10.795		4.832582		11.600
4.324		0.9700		0.0000		876.051		2.119		10.810		4.849794		11.640
4.332		0.9737		0.0000		876.047		2.123		10.830		4.868383		11.680
4.340		0.9773		0.0000		876.043		2.126		10.850		4.886285		11.720
4.350		0.9807		0.0000		876.040		2.130		10.875		4.903497		11.760
4.360		0.9839		0.0000		876.037		2.133		10.900		4.919333		11.800
4.366		0.9872		0.0000		876.033		2.136		10.915		4.935857		11.840
4.372		0.9903		0.0000		876.030		2.139		10.930		4.951692		11.880
4.376		0.9935		0.0000		876.027		2.143		10.940		4.967527		11.920
4.380		0.9968		0.0000		876.024		2.146		10.950		4.984051		11.960
4.384		0.9998		0.0000		876.021		2.149		10.960		4.999199		12.000
4.388		1.0031		0.0000		876.017		2.152		10.970		5.015722		12.040
4.394		1.0067		0.0000		876.014		2.156		10.985		5.033623		12.080
4.400		1.0106		0.0000		876.010		2.160		11.000		5.052901		12.120
4.410		1.0142		0.0000		876.006		2.163		11.025		5.070802		12.160
4.418		1.0173		0.0000		876.003		2.166		11.045		5.086637		12.200
4.424		1.0205		0.0000		876.000		2.170		11.060		5.102473		12.240
4.428		1.0237		0.0000		875.997		2.173		11.070		5.118309		12.280
4.430		1.0270		0.0000		875.994		2.176		11.075		5.134833		12.320
4.434		1.0301		0.0000		875.990		2.179		11.085		5.150669		12.360
4.438		1.0333		0.0000		875.987		2.182		11.095		5.166504		12.400
4.440		1.0365		0.0000		875.984		2.186		11.100		5.182340		12.440
4.444		1.0400		0.0000		875.980		2.189		11.110		5.200241		12.480
4.450		1.0439		0.0000		875.977		2.193		11.125		5.219519		12.520
4.456		1.0475		0.0000		875.973		2.197		11.140		5.237420		12.560
4.464		1.0507		0.0000		875.970		2.200		11.160		5.253255		12.600
4.472		1.0540		0.0000		875.967		2.203		11.180		5.269779		12.640
4.474		1.0571		0.0000		875.963		2.206		11.185		5.285615		12.680
4.478		1.0603		0.0000		875.960		2.209		11.195		5.301451		12.720
4.480		1.0636		0.0000		875.957		2.213		11.200		5.317974		12.760
4.484		1.0668		0.0000		875.954		2.216		11.210		5.333810		12.800
4.486		1.0699		0.0000		875.951		2.219		11.215		5.349646		12.840
4.488		1.0732		0.0000		875.947		2.222		11.220		5.366169		12.880
4.492		1.0771		0.0000		875.943		2.226		11.230		5.385447		12.920
4.498		1.0808		0.0000		875.940		2.230		11.245		5.404036		12.960
4.506		1.0841		0.0000		875.936		2.233		11.265		5.420561		13.000
4.514		1.0873		0.0000		875.933		2.236		11.285		5.436397		13.040
4.518		1.0904		0.0000		875.930		2.240		11.295		5.452231		13.080
4.518		1.0938		0.0000		875.927		2.243		11.295		5.468756		13.120
4.520		1.0969		0.0000		875.924		2.246		11.300		5.484591		13.160
4.522		1.1001		0.0000		875.920		2.249		11.305		5.500426		13.200
4.526		1.1034		0.0000		875.917		2.252		11.315		5.516951		13.240
4.528		1.1066		0.0000		875.914		2.256		11.320		5.532785		13.280
4.530		1.1103		0.0000		875.910		2.259		11.325		5.551375		13.320
4.536		1.1141		0.0000		875.906		2.263		11.340		5.570654		13.360
4.544		1.1176		0.0000		875.903		2.267		11.360		5.587866		13.400
4.550		1.1207		0.0000		875.900		2.270		11.375		5.603702		13.440
4.554		1.1239		0.0000		875.897		2.273		11.385		5.619536		13.480
4.556		1.1272		0.0000		875.893		2.276		11.390		5.636062		13.520
4.558		1.1304		0.0000		875.890		2.279		11.395		5.651896		13.560
4.560		1.1335		0.0000		875.887		2.283		11.400		5.667732		13.600
4.562		1.1367		0.0000		875.884		2.286		11.405		5.683568		13.640
4.564		1.1400		0.0000		875.880		2.289		11.410		5.700091		13.680
4.566		1.1436		0.0000		875.877		2.293		11.415		5.717993		13.720
4.570		1.1472		0.0000		875.873		2.296		11.425		5.735893		13.760
4.576		1.1509		0.0000		875.870		2.300		11.440		5.754483		13.800
4.584		1.1542		0.0000		875.866		2.303		11.460		5.771008		13.840
4.590		1.1572		0.0000		875.863		2.306		11.475		5.786154		13.880
4.592		1.1604		0.0000		875.860		2.310		11.480		5.801990		13.920
4.592		1.1638		0.0000		875.857		2.313		11.480		5.819201		13.960
4.596		1.1670		0.0000		875.854		2.316		11.490		5.835037		14.000
4.598		1.1702		0.0000		875.850		2.319		11.495		5.850873		14.040
4.600		1.1733		0.0000		875.847		2.322		11.500		5.866709		14.080
4.602		1.1768		0.0000		875.844		2.326		11.505		5.883922		14.120
4.604		1.1805		0.0000		875.840		2.330		11.510		5.902511		14.160
4.608		1.1841		0.0000		875.836		2.333		11.520		5.920411		14.200
4.614		1.1875		0.0000		875.833		2.337		11.535		5.937624		14.240
4.620		1.1907		0.0000		875.830		2.340		11.550		5.953460		14.280
4.622		1.1939		0.0000		875.827		2.343		11.555		5.969296		14.320
4.624		1.1972		0.0000		875.823		2.346		11.560		5.985819		14.360
4.626		1.2003		0.0000		875.820		2.349		11.565		6.001655		14.400
4.626		1.2035		0.0000		875.817		2.353		11.565		6.017490		14.440
4.628		1.2068		0.0000		875.814		2.356		11.570		6.034014		14.480
4.628		1.2101		0.0000		875.810		2.359		11.570		6.050538		14.520
4.630		1.2137		0.0000		875.807		2.363		11.575		6.068439		14.560
4.634		1.2174		0.0000		875.803		2.367		11.585		6.087029		14.600
4.640		1.2210		0.0000		875.799		2.370		11.600		6.104929		14.640
4.646		1.2242		0.0000		875.796		2.373		11.615		6.120765		14.680
4.650		1.2273		0.0000		875.793		2.376		11.625		6.136601		14.720
4.650		1.2306		0.0000		875.790		2.380		11.625		6.153125		14.760
4.650		1.2338		0.0000		875.787		2.383		11.625		6.168961		14.800
4.652		1.2370		0.0000		875.784		2.386		11.630		6.184796		14.840
4.654		1.2401		0.0000		875.780		2.389		11.635		6.200631		14.880
4.656		1.2434		0.0000		875.777		2.393		11.640		6.217155		14.920
4.658		1.2469		0.0000		875.774		2.396		11.645		6.234368		14.960
4.660		1.2507		0.0000		875.770		2.400		11.650		6.253645		15.000
4.666		1.2543		0.0000		875.766		2.403		11.665		6.271547		15.040
4.674		1.2576		0.0000		875.763		2.407		11.685		6.288071		15.080
4.678		1.2608		0.0000		875.760		2.410		11.695		6.303906		15.120
4.680		1.2639		0.0000		875.757		2.413		11.700		6.319741		15.160
4.680		1.2671		0.0000		875.753		2.416		11.700		6.335577		15.200
4.682		1.2703		0.0000		875.750		2.419		11.705		6.351413		15.240
4.682		1.2736		0.0000		875.747		2.423		11.705		6.367936		15.280
4.684		1.2768		0.0000		875.744		2.426		11.710		6.383772		15.320
4.686		1.2802		0.0000		875.740		2.429		11.715		6.400985		15.360
4.688		1.2838		0.0000		875.737		2.433		11.720		6.418885		15.400
4.694		1.2878		0.0000		875.733		2.437		11.735		6.438852		15.440
4.700		1.2909		0.0000		875.730		2.440		11.750		6.454687		15.480
4.706		1.2941		0.0000		875.726		2.443		11.765		6.470523		15.520
4.708		1.2974		0.0000		875.723		2.447		11.770		6.487046		15.560
4.708		1.3004		0.0000		875.720		2.450		11.770		6.502194		15.600
4.710		1.3037		0.0000		875.717		2.453		11.775		6.518718		15.640
4.710		1.3070		0.0000		875.713		2.456		11.775		6.535242		15.680
4.710		1.3102		0.0000		875.710		2.459		11.775		6.551077		15.720
4.710		1.3135		0.0000		875.707		2.463		11.775		6.567601		15.760
4.712		1.3171		0.0000		875.703		2.466		11.780		6.585503		15.800
4.714		1.3210		0.0000		875.700		2.470		11.785		6.604781		15.840
4.720		1.3244		0.0000		875.696		2.474		11.800		6.621993		15.880
4.726		1.3276		0.0000		875.693		2.477		11.815		6.637828		15.920
4.728		1.3307		0.0000		875.690		2.480		11.820		6.653664		15.960
4.728		1.3339		0.0000		875.687		2.483		11.820		6.669500		16.000
4.728		1.3372		0.0000		875.683		2.486		11.820		6.686024		16.040
4.730		1.3404		0.0000		875.680		2.489		11.825		6.701859		16.080
4.730		1.3435		0.0000		875.677		2.493		11.825		6.717695		16.120
4.732		1.3467		0.0000		875.674		2.496		11.830		6.733530		16.160
4.732		1.3503		0.0000		875.670		2.499		11.830		6.751431		16.200
4.734		1.3541		0.0000		875.666		2.503		11.835		6.770709		16.240
4.740		1.3577		0.0000		875.663		2.507		11.850		6.788610		16.280
4.746		1.3610		0.0000		875.659		2.510		11.865		6.805134		16.320
4.748		1.3641		0.0000		875.656		2.513		11.870		6.820281		16.360
4.748		1.3674		0.0000		875.653		2.516		11.870		6.836805		16.400
4.748		1.3705		0.0000		875.650		2.520		11.870		6.852641		16.440
4.750		1.3738		0.0000		875.647		2.523		11.875		6.869164		16.480
4.750		1.3770		0.0000		875.643		2.526		11.875		6.885000		16.520
4.750		1.3802		0.0000		875.640		2.529		11.875		6.900835		16.560
4.750		1.3836		0.0000		875.637		2.533		11.875		6.918048		16.600
4.752		1.3873		0.0000		875.633		2.536		11.880		6.936637		16.640
4.756		1.3910		0.0000		875.629		2.540		11.890		6.955227		16.680
4.762		1.3944		0.0000		875.626		2.543		11.905		6.971751		16.720
4.766		1.3975		0.0000		875.623		2.547		11.915		6.987586		16.760
4.766		1.4007		0.0000		875.620		2.550		11.915		7.003422		16.800
4.766		1.4040		0.0000		875.617		2.553		11.915		7.019947		16.840
4.766		1.4072		0.0000		875.613		2.556		11.915		7.035781		16.880
4.766		1.4103		0.0000		875.610		2.559		11.915		7.051617		16.920
4.764		1.4135		0.0000		875.607		2.563		11.910		7.067452		16.960
4.764		1.4168		0.0000		875.604		2.566		11.910		7.083976		17.000
4.766		1.4205		0.0000		875.600		2.570		11.915		7.102566		17.040
4.768		1.4244		0.0000		875.596		2.573		11.920		7.121844		17.080
4.774		1.4278		0.0000		875.593		2.577		11.935		7.139057		17.120
4.780		1.4310		0.0000		875.590		2.580		11.950		7.154891		17.160
4.782		1.4341		0.0000		875.586		2.583		11.955		7.170727		17.200
4.780		1.4373		0.0000		875.583		2.586		11.950		7.186563		17.240
4.780		1.4406		0.0000		875.580		2.590		11.950		7.203087		17.280
4.780		1.4438		0.0000		875.577		2.593		11.950		7.218923		17.320
4.780		1.4470		0.0000		875.574		2.596		11.950		7.234758		17.360
4.780		1.4503		0.0000		875.570		2.599		11.950		7.251282		17.400
4.780		1.4537		0.0000		875.567		2.603		11.950		7.268495		17.440
4.782		1.4576		0.0000		875.563		2.607		11.955		7.287773		17.480
4.786		1.4611		0.0000		875.559		2.610		11.965		7.305674		17.520
4.790		1.4643		0.0000		875.556		2.613		11.975		7.321509		17.560
4.794		1.4675		0.0000		875.553		2.617		11.985		7.337345		17.600
4.792		1.4708		0.0000		875.550		2.620		11.980		7.353868		17.640
4.792		1.4739		0.0000		875.547		2.623		11.980		7.369704		17.680
4.790		1.4771		0.0000		875.543		2.626		11.975		7.385540		17.720
4.790		1.4803		0.0000		875.540		2.629		11.975		7.401375		17.760
4.788		1.4836		0.0000		875.537		2.633		11.970		7.417899		17.800
4.788		1.4870		0.0000		875.534		2.636		11.970		7.435112		17.840
4.788		1.4907		0.0000		875.530		2.640		11.970		7.453701		17.880
4.792		1.4946		0.0000		875.526		2.644		11.980		7.472979		17.920
4.798		1.4978		0.0000		875.523		2.647		11.995		7.488814		17.960
4.800		1.5009		0.0000		875.520		2.650		12.000		7.504650		18.000
4.800		1.5041		0.0000		875.516		2.653		12.000		7.520486		18.040
4.798		1.5074		0.0000		875.513		2.657		11.995		7.537010		18.080
4.798		1.5106		0.0000		875.510		2.660		11.995		7.552845		18.120
4.798		1.5137		0.0000		875.507		2.663		11.995		7.568680		18.160
4.796		1.5170		0.0000		875.503		2.666		11.990		7.585205		18.200
4.796		1.5202		0.0000		875.500		2.669		11.990		7.601041		18.240
4.796		1.5239		0.0000		875.497		2.673		11.990		7.619630		18.280
4.798		1.5278		0.0000		875.493		2.677		11.995		7.638907		18.320
4.802		1.5312		0.0000		875.489		2.680		12.005		7.656120		18.360
4.806		1.5343		0.0000		875.486		2.683		12.015		7.671267		18.400
4.806		1.5376		0.0000		875.483		2.687		12.015		7.687792		18.440
4.804		1.5407		0.0000		875.480		2.690		12.010		7.703626		18.480
4.804		1.5440		0.0000		875.477		2.693		12.010		7.720151		18.520
4.802		1.5472		0.0000		875.473		2.696		12.005		7.735986		18.560
4.802		1.5502		0.0000		875.470		2.699		12.005		7.751133		18.600
4.802		1.5535		0.0000		875.467		2.703		12.005		7.767657		18.640
4.800		1.5572		0.0000		875.463		2.706		12.000		7.786246		18.680
4.802		1.5610		0.0000		875.460		2.710		12.005		7.804836		18.720
4.806		1.5645		0.0000		875.456		2.714		12.015		7.822737		18.760
4.812		1.5677		0.0000		875.453		2.717		12.030		7.838573		18.800
4.812		1.5709		0.0000		875.450		2.720		12.030		7.854408		18.840
4.812		1.5742		0.0000		875.446		2.723		12.030		7.870932		18.880
4.810		1.5774		0.0000		875.443		2.726		12.025		7.886767		18.920
4.808		1.5805		0.0000		875.440		2.730		12.020		7.902603		18.960
4.808		1.5838		0.0000		875.437		2.733		12.020		7.919127		19.000
4.806		1.5870		0.0000		875.434		2.736		12.015		7.934962		19.040
4.806		1.5904		0.0000		875.430		2.740		12.015		7.952175		19.080
4.806		1.5943		0.0000		875.426		2.743		12.015		7.971453		19.120
4.808		1.5979		0.0000		875.423		2.747		12.020		7.989354		19.160
4.814		1.6012		0.0000		875.419		2.750		12.035		8.005877		19.200
4.816		1.6043		0.0000		875.416		2.753		12.040		8.021713		19.240
4.814		1.6075		0.0000		875.413		2.757		12.035		8.037549		19.280
4.812		1.6108		0.0000		875.410		2.760		12.030		8.054073		19.320
4.812		1.6140		0.0000		875.407		2.763		12.030		8.069908		19.360
4.810		1.6170		0.0000		875.404		2.766		12.025		8.085055		19.400
4.808		1.6203		0.0000		875.400		2.769		12.020		8.101580		19.440
4.806		1.6238		0.0000		875.397		2.773		12.015		8.118792		19.480
4.806		1.6275		0.0000		875.393		2.777		12.015		8.137381		19.520
4.808		1.6312		0.0000		875.389		2.780		12.020		8.155971		19.560
4.812		1.6345		0.0000		875.386		2.784		12.030		8.172495		19.600
4.816		1.6377		0.0000		875.383		2.787		12.040		8.188332		19.640
4.816		1.6408		0.0000		875.380		2.790		12.040		8.204165		19.680
4.814		1.6441		0.0000		875.376		2.793		12.035		8.220691		19.720
4.812		1.6474		0.0000		875.373		2.797		12.030		8.237214		19.760
4.810		1.6505		0.0000		875.370		2.800		12.025		8.252361		19.800
4.808		1.6538		0.0000		875.367		2.803		12.020		8.268886		19.840
4.806		1.6571		0.0000		875.363		2.806		12.015		8.285409		19.880
4.806		1.6607		0.0000		875.360		2.810		12.015		8.303309		19.920
4.806		1.6644		0.0000		875.356		2.813		12.015		8.321899		19.960
4.810		1.6680		0.0000		875.353		2.817		12.025		8.339801		20.000
4.814		1.6711		0.0000		875.349		2.820		12.035		8.355637		20.040
4.814		1.6743		0.0000		875.346		2.823		12.035		8.371471		20.080
4.812		1.6776		0.0000		875.343		2.827		12.030		8.387996		20.120
4.810		1.6808		0.0000		875.340		2.830		12.025		8.403831		20.160
4.808		1.6839		0.0000		875.337		2.833		12.020		8.419666		20.200
4.806		1.6871		0.0000		875.333		2.836		12.015		8.435502		20.240
4.804		1.6904		0.0000		875.330		2.840		12.010		8.452025		20.280
4.802		1.6938		0.0000		875.327		2.843		12.005		8.469238		20.320
4.800		1.6976		0.0000		875.323		2.847		12.000		8.487827		20.360
4.802		1.7013		0.0000		875.319		2.850		12.005		8.506417		20.400
4.806		1.7046		0.0000		875.316		2.854		12.015		8.522942		20.440
4.806		1.7076		0.0000		875.313		2.857		12.015		8.538089		20.480
4.804		1.7109		0.0000		875.310		2.860		12.010		8.554612		20.520
4.800		1.7142		0.0000		875.306		2.863		12.000		8.571136		20.560
4.798		1.7173		0.0000		875.303		2.866		11.995		8.586284		20.600
4.796		1.7206		0.0000		875.300		2.870		11.990		8.602808		20.640
4.794		1.7237		0.0000		875.297		2.873		11.985		8.618643		20.680
4.792		1.7272		0.0000		875.293		2.876		11.980		8.635856		20.720
4.790		1.7308		0.0000		875.290		2.880		11.975		8.653756		20.760
4.792		1.7346		0.0000		875.286		2.884		11.980		8.673035		20.800
4.794		1.7379		0.0000		875.283		2.887		11.985		8.689558		20.840
4.796		1.7411		0.0000		875.279		2.890		11.990		8.705395		20.880
4.796		1.7444		0.0000		875.276		2.893		11.990		8.721918		20.920
4.792		1.7476		0.0000		875.273		2.897		11.980		8.737754		20.960
4.790		1.7509		0.0000		875.270		2.900		11.975		8.754277		21.000
4.788		1.7540		0.0000		875.266		2.903		11.970		8.770113		21.040
4.784		1.7572		0.0000		875.263		2.906		11.960		8.785949		21.080
4.782		1.7605		0.0000		875.260		2.910		11.955		8.802472		21.120
4.778		1.7641		0.0000		875.256		2.913		11.945		8.820374		21.160
4.778		1.7678		0.0000		875.253		2.917		11.945		8.838964		21.200
4.780		1.7714		0.0000		875.249		2.920		11.950		8.856864		21.240
4.784		1.7745		0.0000		875.246		2.924		11.960		8.872700		21.280
4.782		1.7777		0.0000		875.243		2.927		11.955		8.888535		21.320
4.780		1.7810		0.0000		875.240		2.930		11.950		8.905059		21.360
4.776		1.7842		0.0000		875.236		2.933		11.940		8.920895		21.400
4.774		1.7873		0.0000		875.233		2.936		11.935		8.936730		21.440
4.770		1.7905		0.0000		875.230		2.940		11.925		8.952565		21.480
4.768		1.7938		0.0000		875.227		2.943		11.920		8.969090		21.520
4.766		1.7973		0.0000		875.223		2.946		11.915		8.986302		21.560
4.764		1.8010		0.0000		875.220		2.950		11.910		9.004892		21.600
4.764		1.8047		0.0000		875.216		2.954		11.910		9.023481		21.640
4.766		1.8080		0.0000		875.213		2.957		11.915		9.040005		21.680
4.768		1.8112		0.0000		875.209		2.960		11.920		9.055841		21.720
4.764		1.8143		0.0000		875.206		2.963		11.910		9.071675		21.760
4.762		1.8176		0.0000		875.203		2.967		11.905		9.088201		21.800
4.758		1.8208		0.0000		875.200		2.970		11.895		9.104036		21.840
4.756		1.8240		0.0000		875.197		2.973		11.890		9.119871		21.880
4.752		1.8271		0.0000		875.193		2.976		11.880		9.135706		21.920
4.750		1.8306		0.0000		875.190		2.980		11.875		9.152919		21.960
4.748		1.8343		0.0000		875.186		2.983		11.870		9.171509		22.000
4.748		1.8380		0.0000		875.182		2.987		11.870		9.190098		22.040
4.750		1.8415		0.0000		875.179		2.991		11.875		9.207311		22.080
4.752		1.8445		0.0000		875.176		2.994		11.880		9.222458		22.120
4.750		1.8477		0.0000		875.173		2.997		11.875		9.238293		22.160
4.746		1.8510		0.0000		875.170		3.000		11.865		9.254817		22.200
4.742		1.8541		0.0000		875.166		3.003		11.855		9.270653		22.240
4.740		1.8574		0.0000		875.163		3.007		11.850		9.287176		22.280
4.736		1.8606		0.0000		875.160		3.010		11.840		9.303012		22.320
4.734		1.8639		0.0000		875.157		3.013		11.835		9.319535		22.360
4.730		1.8675		0.0000		875.153		3.017		11.825		9.337437		22.400
4.730		1.8712		0.0000		875.149		3.020		11.825		9.356027		22.440
4.732		1.8748		0.0000		875.146		3.024		11.830		9.373927		22.480
4.734		1.8780		0.0000		875.143		3.027		11.835		9.389763		22.520
4.732		1.8811		0.0000		875.139		3.030		11.830		9.405599		22.560
4.728		1.8844		0.0000		875.136		3.034		11.820		9.422122		22.600
4.724		1.8876		0.0000		875.133		3.037		11.810		9.437958		22.640
4.720		1.8908		0.0000		875.130		3.040		11.800		9.453794		22.680
4.716		1.8939		0.0000		875.127		3.043		11.790		9.469629		22.720
4.712		1.8971		0.0000		875.123		3.046		11.780		9.485464		22.760
4.708		1.9007		0.0000		875.120		3.050		11.770		9.503366		22.800
4.706		1.9045		0.0000		875.116		3.054		11.765		9.522643		22.840
4.706		1.9081		0.0000		875.112		3.057		11.765		9.540545		22.880
4.708		1.9114		0.0000		875.109		3.061		11.770		9.557068		22.920
4.708		1.9144		0.0000		875.106		3.064		11.770		9.572215		22.960
4.704		1.9177		0.0000		875.103		3.067		11.760		9.588739		23.000
4.698		1.9209		0.0000		875.100		3.070		11.745		9.604576		23.040
4.696		1.9242		0.0000		875.096		3.073		11.740		9.621099		23.080
4.692		1.9274		0.0000		875.093		3.076		11.730		9.636935		23.120
4.688		1.9306		0.0000		875.090		3.080		11.720		9.652769		23.160
4.684		1.9340		0.0000		875.086		3.083		11.710		9.669982		23.200
4.680		1.9377		0.0000		875.083		3.087		11.700		9.688572		23.240
4.680		1.9414		0.0000		875.079		3.091		11.700		9.707161		23.280
4.682		1.9447		0.0000		875.076		3.094		11.705		9.723686		23.320
4.682		1.9479		0.0000		875.073		3.097		11.705		9.739521		23.360
4.678		1.9511		0.0000		875.069		3.100		11.695		9.755356		23.400
4.676		1.9544		0.0000		875.066		3.103		11.690		9.771881		23.440
4.670		1.9575		0.0000		875.063		3.107		11.675		9.787716		23.480
4.666		1.9607		0.0000		875.060		3.110		11.665		9.803552		23.520
4.662		1.9639		0.0000		875.057		3.113		11.655		9.819387		23.560
4.658		1.9672		0.0000		875.053		3.116		11.645		9.835911		23.600
4.654		1.9709		0.0000		875.050		3.120		11.635		9.854500		23.640
4.654		1.9748		0.0000		875.046		3.124		11.635		9.873779		23.680
4.654		1.9782		0.0000		875.042		3.127		11.635		9.890991		23.720
4.656		1.9814		0.0000		875.039		3.130		11.640		9.906826		23.760
4.654		1.9845		0.0000		875.036		3.134		11.635		9.922662		23.800
4.648		1.9877		0.0000		875.033		3.137		11.620		9.938498		23.840
4.642		1.9910		0.0000		875.029		3.140		11.605		9.955021		23.880
4.638		1.9942		0.0000		875.026		3.143		11.595		9.970857		23.920
4.634		1.9973		0.0000		875.023		3.146		11.585		9.986692		23.960
4.630		2.0006		0.0000		875.020		3.150		11.575		10.003216		24.000
4.626		2.0041		0.0000		875.016		3.153		11.565		10.020429		24.040
4.624		2.0079		0.0000		875.013		3.157		11.560		10.039707		24.080
4.624		2.0115		0.0000		875.009		3.161		11.560		10.057608		24.120
4.624		2.0148		0.0000		875.006		3.164		11.560		10.074131		24.160
4.622		2.0180		0.0000		875.003		3.167		11.555		10.089968		24.200
4.618		2.0212		0.0000		874.999		3.170		11.545		10.105803		24.240
4.612		2.0243		0.0000		874.996		3.173		11.530		10.121639		24.280
4.608		2.0275		0.0000		874.993		3.177		11.520		10.137474		24.320
4.604		2.0307		0.0000		874.990		3.180		11.510		10.153309		24.360
4.598		2.0340		0.0000		874.987		3.183		11.495		10.169834		24.400
4.594		2.0374		0.0000		874.983		3.187		11.485		10.187046		24.440
4.592		2.0411		0.0000		874.979		3.190		11.480		10.205636		24.480
4.590		2.0448		0.0000		874.976		3.194		11.475		10.224226		24.520
4.592		2.0483		0.0000		874.972		3.197		11.480		10.241438		24.560
4.590		2.0513		0.0000		874.969		3.200		11.475		10.256585		24.600
4.584		2.0545		0.0000		874.966		3.204		11.460		10.272421		24.640
4.578		2.0578		0.0000		874.963		3.207		11.445		10.288944		24.680
4.572		2.0610		0.0000		874.960		3.210		11.430		10.304780		24.720
