数据量:633
试验力		变形		扩展变形		位置		位移		应力		应变		时间
0.010		0.0026		0.0000		877.071		1.251		0.025		0.013081		0.040
0.010		0.0058		0.0000		877.067		1.254		0.025		0.028917		0.080
0.010		0.0090		0.0000		877.064		1.257		0.025		0.044752		0.120
0.010		0.0123		0.0000		877.061		1.260		0.025		0.061277		0.160
0.010		0.0156		0.0000		877.058		1.264		0.025		0.077801		0.200
0.010		0.0187		0.0000		877.055		1.267		0.025		0.093636		0.240
0.010		0.0219		0.0000		877.051		1.270		0.025		0.109472		0.280
0.010		0.0253		0.0000		877.048		1.273		0.025		0.126684		0.320
0.012		0.0291		0.0000		877.044		1.277		0.030		0.145273		0.360
0.012		0.0328		0.0000		877.040		1.281		0.030		0.163863		0.400
0.012		0.0361		0.0000		877.037		1.284		0.030		0.180387		0.440
0.012		0.0392		0.0000		877.034		1.287		0.030		0.196223		0.480
0.012		0.0423		0.0000		877.031		1.290		0.030		0.211369		0.520
0.014		0.0457		0.0000		877.028		1.294		0.035		0.228582		0.560
0.014		0.0489		0.0000		877.024		1.297		0.035		0.244417		0.600
0.014		0.0521		0.0000		877.021		1.300		0.035		0.260253		0.640
0.014		0.0554		0.0000		877.018		1.303		0.035		0.276777		0.680
0.016		0.0588		0.0000		877.014		1.307		0.040		0.293990		0.720
0.016		0.0624		0.0000		877.011		1.310		0.040		0.311890		0.760
0.016		0.0660		0.0000		877.007		1.314		0.040		0.329791		0.800
0.016		0.0694		0.0000		877.004		1.317		0.040		0.347004		0.840
0.018		0.0726		0.0000		877.001		1.321		0.045		0.362840		0.880
0.018		0.0757		0.0000		876.997		1.324		0.045		0.378675		0.920
0.018		0.0790		0.0000		876.994		1.327		0.045		0.395199		0.960
0.020		0.0823		0.0000		876.991		1.330		0.050		0.411723		1.000
0.020		0.0855		0.0000		876.988		1.333		0.050		0.427558		1.040
0.020		0.0887		0.0000		876.985		1.337		0.050		0.443394		1.080
0.022		0.0920		0.0000		876.981		1.340		0.055		0.459918		1.120
0.022		0.0956		0.0000		876.978		1.344		0.055		0.477819		1.160
0.022		0.0993		0.0000		876.974		1.347		0.055		0.496408		1.200
0.024		0.1029		0.0000		876.970		1.351		0.060		0.514309		1.240
0.026		0.1060		0.0000		876.967		1.354		0.065		0.530145		1.280
0.026		0.1092		0.0000		876.964		1.357		0.065		0.545980		1.320
0.026		0.1124		0.0000		876.961		1.360		0.065		0.561816		1.360
0.028		0.1157		0.0000		876.958		1.364		0.070		0.578340		1.400
0.030		0.1188		0.0000		876.954		1.367		0.075		0.594175		1.440
0.030		0.1221		0.0000		876.951		1.370		0.075		0.610700		1.480
0.032		0.1253		0.0000		876.948		1.373		0.080		0.626535		1.520
0.034		0.1289		0.0000		876.944		1.377		0.085		0.644436		1.560
0.036		0.1325		0.0000		876.941		1.380		0.090		0.662337		1.600
0.038		0.1362		0.0000		876.937		1.384		0.095		0.680926		1.640
0.042		0.1394		0.0000		876.934		1.387		0.105		0.696762		1.680
0.044		0.1425		0.0000		876.931		1.390		0.110		0.712597		1.720
0.046		0.1458		0.0000		876.927		1.394		0.115		0.729122		1.760
0.050		0.1491		0.0000		876.924		1.397		0.125		0.745646		1.800
0.052		0.1523		0.0000		876.921		1.400		0.130		0.761481		1.840
0.056		0.1555		0.0000		876.918		1.403		0.140		0.777317		1.880
0.058		0.1588		0.0000		876.914		1.407		0.145		0.793840		1.920
0.062		0.1621		0.0000		876.911		1.410		0.155		0.810364		1.960
0.066		0.1658		0.0000		876.907		1.414		0.165		0.828954		2.000
0.070		0.1695		0.0000		876.904		1.417		0.175		0.847543		2.040
0.074		0.1728		0.0000		876.900		1.421		0.185		0.864068		2.080
0.080		0.1760		0.0000		876.897		1.424		0.200		0.879903		2.120
0.084		0.1791		0.0000		876.894		1.427		0.210		0.895739		2.160
0.088		0.1825		0.0000		876.891		1.430		0.220		0.912262		2.200
0.092		0.1856		0.0000		876.888		1.434		0.230		0.928098		2.240
0.096		0.1889		0.0000		876.884		1.437		0.240		0.944622		2.280
0.102		0.1921		0.0000		876.881		1.440		0.255		0.960457		2.320
0.106		0.1954		0.0000		876.878		1.443		0.265		0.976982		2.360
0.112		0.1990		0.0000		876.874		1.447		0.280		0.994883		2.400
0.118		0.2027		0.0000		876.871		1.451		0.295		1.013472		2.440
0.124		0.2061		0.0000		876.867		1.454		0.310		1.030685		2.480
0.130		0.2094		0.0000		876.864		1.457		0.325		1.047208		2.520
0.138		0.2126		0.0000		876.861		1.461		0.345		1.063044		2.560
0.144		0.2159		0.0000		876.857		1.464		0.360		1.079568		2.600
0.150		0.2191		0.0000		876.854		1.467		0.375		1.095403		2.640
0.156		0.2222		0.0000		876.851		1.470		0.390		1.111239		2.680
0.164		0.2256		0.0000		876.848		1.474		0.410		1.127763		2.720
0.170		0.2287		0.0000		876.845		1.477		0.425		1.143599		2.760
0.178		0.2323		0.0000		876.841		1.480		0.445		1.161500		2.800
0.184		0.2359		0.0000		876.837		1.484		0.460		1.179401		2.840
0.194		0.2396		0.0000		876.834		1.488		0.485		1.197990		2.880
0.202		0.2428		0.0000		876.831		1.491		0.505		1.213825		2.920
0.212		0.2459		0.0000		876.827		1.494		0.530		1.229661		2.960
0.220		0.2492		0.0000		876.824		1.497		0.550		1.246185		3.000
0.228		0.2524		0.0000		876.821		1.500		0.570		1.262020		3.040
0.236		0.2557		0.0000		876.818		1.504		0.590		1.278545		3.080
0.244		0.2589		0.0000		876.814		1.507		0.610		1.294380		3.120
0.254		0.2622		0.0000		876.811		1.510		0.635		1.310904		3.160
0.262		0.2655		0.0000		876.808		1.513		0.655		1.327428		3.200
0.272		0.2692		0.0000		876.804		1.517		0.680		1.346018		3.240
0.282		0.2729		0.0000		876.800		1.521		0.705		1.364607		3.280
0.292		0.2762		0.0000		876.797		1.524		0.730		1.381131		3.320
0.304		0.2794		0.0000		876.794		1.527		0.760		1.396967		3.360
0.314		0.2826		0.0000		876.791		1.531		0.785		1.412802		3.400
0.324		0.2859		0.0000		876.787		1.534		0.810		1.429326		3.440
0.334		0.2892		0.0000		876.784		1.537		0.835		1.445850		3.480
0.344		0.2923		0.0000		876.781		1.540		0.860		1.461685		3.520
0.354		0.2955		0.0000		876.778		1.543		0.885		1.477521		3.560
0.364		0.2988		0.0000		876.774		1.547		0.910		1.494045		3.600
0.374		0.3025		0.0000		876.771		1.551		0.935		1.512635		3.640
0.384		0.3061		0.0000		876.767		1.554		0.960		1.530535		3.680
0.396		0.3095		0.0000		876.764		1.558		0.990		1.547748		3.720
0.410		0.3129		0.0000		876.760		1.561		1.025		1.564272		3.760
0.424		0.3160		0.0000		876.757		1.564		1.060		1.580107		3.800
0.438		0.3192		0.0000		876.754		1.567		1.095		1.595943		3.840
0.452		0.3225		0.0000		876.751		1.570		1.130		1.612467		3.880
0.466		0.3257		0.0000		876.748		1.574		1.165		1.628302		3.920
0.478		0.3290		0.0000		876.744		1.577		1.195		1.644827		3.960
0.492		0.3323		0.0000		876.741		1.580		1.230		1.661351		4.000
0.506		0.3357		0.0000		876.738		1.584		1.265		1.678563		4.040
0.520		0.3393		0.0000		876.734		1.587		1.300		1.696464		4.080
0.536		0.3429		0.0000		876.730		1.591		1.340		1.714365		4.120
0.552		0.3462		0.0000		876.727		1.594		1.380		1.730889		4.160
0.568		0.3493		0.0000		876.724		1.597		1.420		1.746724		4.200
0.582		0.3526		0.0000		876.721		1.601		1.455		1.763248		4.240
0.596		0.3560		0.0000		876.717		1.604		1.490		1.779773		4.280
0.610		0.3591		0.0000		876.714		1.607		1.525		1.795608		4.320
0.624		0.3623		0.0000		876.711		1.610		1.560		1.811444		4.360
0.638		0.3656		0.0000		876.708		1.614		1.595		1.827968		4.400
0.650		0.3689		0.0000		876.704		1.617		1.625		1.844491		4.440
0.664		0.3726		0.0000		876.701		1.621		1.660		1.863081		4.480
0.678		0.3763		0.0000		876.697		1.624		1.695		1.881670		4.520
0.692		0.3796		0.0000		876.694		1.628		1.730		1.898195		4.560
0.706		0.3828		0.0000		876.690		1.631		1.765		1.914030		4.600
0.718		0.3860		0.0000		876.687		1.634		1.795		1.929865		4.640
0.730		0.3893		0.0000		876.684		1.637		1.825		1.946390		4.680
0.744		0.3924		0.0000		876.681		1.640		1.860		1.962225		4.720
0.758		0.3957		0.0000		876.677		1.644		1.895		1.978749		4.760
0.774		0.3989		0.0000		876.674		1.647		1.935		1.994584		4.800
0.790		0.4022		0.0000		876.671		1.650		1.975		2.011108		4.840
0.804		0.4058		0.0000		876.667		1.654		2.010		2.029009		4.880
0.820		0.4095		0.0000		876.664		1.657		2.050		2.047599		4.920
0.838		0.4130		0.0000		876.660		1.661		2.095		2.064812		4.960
0.854		0.4163		0.0000		876.657		1.664		2.135		2.081336		5.000
0.872		0.4194		0.0000		876.654		1.667		2.180		2.097171		5.040
0.888		0.4226		0.0000		876.651		1.671		2.220		2.113007		5.080
0.904		0.4259		0.0000		876.647		1.674		2.260		2.129530		5.120
0.922		0.4291		0.0000		876.644		1.677		2.305		2.145366		5.160
0.938		0.4322		0.0000		876.641		1.680		2.345		2.161201		5.200
0.956		0.4355		0.0000		876.638		1.684		2.390		2.177725		5.240
0.972		0.4391		0.0000		876.634		1.687		2.430		2.195626		5.280
0.990		0.4427		0.0000		876.631		1.691		2.475		2.213528		5.320
1.010		0.4464		0.0000		876.627		1.694		2.525		2.232117		5.360
1.030		0.4496		0.0000		876.624		1.698		2.575		2.247952		5.400
1.050		0.4528		0.0000		876.620		1.701		2.625		2.263788		5.440
1.066		0.4561		0.0000		876.617		1.704		2.665		2.280312		5.480
1.084		0.4592		0.0000		876.614		1.707		2.710		2.296147		5.520
1.102		0.4625		0.0000		876.611		1.711		2.755		2.312672		5.560
1.120		0.4657		0.0000		876.608		1.714		2.800		2.328507		5.600
1.138		0.4690		0.0000		876.604		1.717		2.845		2.345031		5.640
1.158		0.4723		0.0000		876.601		1.720		2.895		2.361555		5.680
1.178		0.4760		0.0000		876.597		1.724		2.945		2.380145		5.720
1.200		0.4796		0.0000		876.594		1.728		3.000		2.398046		5.760
1.224		0.4831		0.0000		876.590		1.731		3.060		2.415258		5.800
1.246		0.4862		0.0000		876.587		1.734		3.115		2.431093		5.840
1.268		0.4894		0.0000		876.584		1.737		3.170		2.446929		5.880
1.288		0.4927		0.0000		876.581		1.741		3.220		2.463453		5.920
1.310		0.4959		0.0000		876.577		1.744		3.275		2.479289		5.960
1.332		0.4990		0.0000		876.574		1.747		3.330		2.495124		6.000
1.352		0.5023		0.0000		876.571		1.750		3.380		2.511648		6.040
1.374		0.5055		0.0000		876.568		1.753		3.435		2.527484		6.080
1.394		0.5092		0.0000		876.564		1.757		3.485		2.546073		6.120
1.418		0.5131		0.0000		876.560		1.761		3.545		2.565351		6.160
1.444		0.5165		0.0000		876.557		1.764		3.610		2.582564		6.200
1.468		0.5197		0.0000		876.554		1.768		3.670		2.598399		6.240
1.492		0.5227		0.0000		876.551		1.771		3.730		2.613546		6.280
1.514		0.5260		0.0000		876.547		1.774		3.785		2.630070		6.320
1.536		0.5293		0.0000		876.544		1.777		3.840		2.646594		6.360
1.558		0.5325		0.0000		876.541		1.780		3.895		2.662429		6.400
1.580		0.5357		0.0000		876.538		1.784		3.950		2.678265		6.440
1.602		0.5390		0.0000		876.534		1.787		4.005		2.694789		6.480
1.622		0.5425		0.0000		876.531		1.791		4.055		2.712690		6.520
1.646		0.5463		0.0000		876.527		1.794		4.115		2.731280		6.560
1.670		0.5498		0.0000		876.523		1.798		4.175		2.749181		6.600
1.696		0.5530		0.0000		876.520		1.801		4.240		2.765016		6.640
1.720		0.5562		0.0000		876.517		1.804		4.300		2.780852		6.680
1.742		0.5595		0.0000		876.514		1.807		4.355		2.797375		6.720
1.764		0.5626		0.0000		876.511		1.811		4.410		2.813211		6.760
1.786		0.5659		0.0000		876.507		1.814		4.465		2.829735		6.800
1.810		0.5691		0.0000		876.504		1.817		4.525		2.845571		6.840
1.832		0.5723		0.0000		876.501		1.820		4.580		2.861406		6.880
1.856		0.5757		0.0000		876.498		1.824		4.640		2.878618		6.920
1.878		0.5794		0.0000		876.494		1.827		4.695		2.897208		6.960
1.904		0.5832		0.0000		876.490		1.831		4.760		2.915797		7.000
1.932		0.5865		0.0000		876.487		1.834		4.830		2.932322		7.040
1.958		0.5896		0.0000		876.484		1.838		4.895		2.948157		7.080
1.980		0.5928		0.0000		876.480		1.841		4.950		2.963992		7.120
2.002		0.5961		0.0000		876.477		1.844		5.005		2.980516		7.160
2.024		0.5993		0.0000		876.474		1.847		5.060		2.996352		7.200
2.048		0.6024		0.0000		876.471		1.850		5.120		3.012187		7.240
2.070		0.6057		0.0000		876.468		1.854		5.175		3.028712		7.280
2.092		0.6092		0.0000		876.464		1.857		5.230		3.045924		7.320
2.116		0.6126		0.0000		876.461		1.861		5.290		3.063136		7.360
2.140		0.6163		0.0000		876.457		1.864		5.350		3.081726		7.400
2.168		0.6198		0.0000		876.453		1.868		5.420		3.098938		7.440
2.194		0.6231		0.0000		876.450		1.871		5.485		3.115463		7.480
2.220		0.6263		0.0000		876.447		1.874		5.550		3.131298		7.520
2.242		0.6294		0.0000		876.444		1.877		5.605		3.147134		7.560
2.264		0.6327		0.0000		876.441		1.881		5.660		3.163658		7.600
2.288		0.6359		0.0000		876.437		1.884		5.720		3.179493		7.640
2.310		0.6391		0.0000		876.434		1.887		5.775		3.195329		7.680
2.332		0.6424		0.0000		876.431		1.890		5.830		3.211852		7.720
2.356		0.6460		0.0000		876.427		1.894		5.890		3.229753		7.760
2.380		0.6497		0.0000		876.424		1.898		5.950		3.248343		7.800
2.406		0.6532		0.0000		876.420		1.901		6.015		3.266244		7.840
2.434		0.6564		0.0000		876.417		1.904		6.085		3.282080		7.880
2.458		0.6596		0.0000		876.414		1.908		6.145		3.297915		7.920
2.480		0.6628		0.0000		876.411		1.911		6.200		3.313751		7.960
2.502		0.6661		0.0000		876.407		1.914		6.255		3.330274		8.000
2.524		0.6694		0.0000		876.404		1.917		6.310		3.346798		8.040
2.548		0.6725		0.0000		876.401		1.921		6.370		3.362634		8.080
2.570		0.6757		0.0000		876.398		1.924		6.425		3.378469		8.120
2.594		0.6793		0.0000		876.394		1.927		6.485		3.396370		8.160
2.616		0.6829		0.0000		876.390		1.931		6.540		3.414271		8.200
2.642		0.6866		0.0000		876.387		1.935		6.605		3.432861		8.240
2.668		0.6899		0.0000		876.383		1.938		6.670		3.449385		8.280
2.694		0.6930		0.0000		876.380		1.941		6.735		3.465220		8.320
2.716		0.6962		0.0000		876.377		1.944		6.790		3.481056		8.360
2.738		0.6995		0.0000		876.374		1.947		6.845		3.497580		8.400
2.760		0.7027		0.0000		876.371		1.951		6.900		3.513415		8.440
2.782		0.7059		0.0000		876.367		1.954		6.955		3.529251		8.480
2.804		0.7090		0.0000		876.364		1.957		7.010		3.545086		8.520
2.826		0.7125		0.0000		876.361		1.960		7.065		3.562299		8.560
2.848		0.7162		0.0000		876.357		1.964		7.120		3.580889		8.600
2.872		0.7199		0.0000		876.353		1.968		7.180		3.599478		8.640
2.898		0.7232		0.0000		876.350		1.971		7.245		3.616002		8.680
2.924		0.7265		0.0000		876.347		1.974		7.310		3.632526		8.720
2.946		0.7295		0.0000		876.344		1.978		7.365		3.647673		8.760
2.966		0.7328		0.0000		876.340		1.981		7.415		3.664197		8.800
2.986		0.7361		0.0000		876.337		1.984		7.465		3.680721		8.840
3.006		0.7393		0.0000		876.334		1.987		7.515		3.696557		8.880
3.028		0.7425		0.0000		876.331		1.990		7.570		3.712392		8.920
3.048		0.7459		0.0000		876.327		1.994		7.620		3.729604		8.960
3.070		0.7494		0.0000		876.324		1.997		7.675		3.746817		9.000
3.092		0.7531		0.0000		876.320		2.001		7.730		3.765407		9.040
3.116		0.7567		0.0000		876.317		2.005		7.790		3.783307		9.080
3.142		0.7598		0.0000		876.313		2.008		7.855		3.799143		9.120
3.164		0.7631		0.0000		876.310		2.011		7.910		3.815666		9.160
3.184		0.7663		0.0000		876.307		2.014		7.960		3.831502		9.200
3.204		0.7695		0.0000		876.304		2.017		8.010		3.847338		9.240
3.224		0.7728		0.0000		876.300		2.021		8.060		3.863862		9.280
3.244		0.7759		0.0000		876.297		2.024		8.110		3.879697		9.320
3.264		0.7792		0.0000		876.294		2.027		8.160		3.896221		9.360
3.284		0.7825		0.0000		876.291		2.031		8.210		3.912746		9.400
3.302		0.7864		0.0000		876.287		2.034		8.255		3.932023		9.440
3.326		0.7900		0.0000		876.283		2.038		8.315		3.949925		9.480
3.350		0.7933		0.0000		876.280		2.041		8.375		3.966448		9.520
3.372		0.7965		0.0000		876.277		2.044		8.430		3.982284		9.560
3.390		0.7996		0.0000		876.274		2.048		8.475		3.998120		9.600
3.408		0.8029		0.0000		876.270		2.051		8.520		4.014644		9.640
3.424		0.8062		0.0000		876.267		2.054		8.560		4.031167		9.680
3.442		0.8093		0.0000		876.264		2.057		8.605		4.046315		9.720
3.460		0.8126		0.0000		876.261		2.061		8.650		4.062839		9.760
3.478		0.8159		0.0000		876.257		2.064		8.695		4.079362		9.800
3.496		0.8195		0.0000		876.254		2.067		8.740		4.097264		9.840
3.516		0.8233		0.0000		876.250		2.071		8.790		4.116541		9.880
3.536		0.8266		0.0000		876.247		2.075		8.840		4.133066		9.920
3.558		0.8299		0.0000		876.243		2.078		8.895		4.149590		9.960
3.576		0.8331		0.0000		876.240		2.081		8.940		4.165425		10.000
3.592		0.8363		0.0000		876.237		2.084		8.980		4.181261		10.040
3.608		0.8396		0.0000		876.234		2.088		9.020		4.197784		10.080
3.622		0.8427		0.0000		876.231		2.091		9.055		4.213620		10.120
3.638		0.8459		0.0000		876.227		2.094		9.095		4.229455		10.160
3.654		0.8492		0.0000		876.224		2.097		9.135		4.245980		10.200
3.670		0.8528		0.0000		876.220		2.101		9.175		4.263880		10.240
3.686		0.8565		0.0000		876.217		2.104		9.215		4.282470		10.280
3.706		0.8601		0.0000		876.213		2.108		9.265		4.300371		10.320
3.726		0.8634		0.0000		876.210		2.111		9.315		4.316895		10.360
3.744		0.8664		0.0000		876.207		2.114		9.360		4.332042		10.400
3.758		0.8697		0.0000		876.204		2.118		9.395		4.348567		10.440
3.772		0.8729		0.0000		876.200		2.121		9.430		4.364401		10.480
3.786		0.8760		0.0000		876.197		2.124		9.465		4.380237		10.520
3.800		0.8794		0.0000		876.194		2.127		9.500		4.396760		10.560
3.812		0.8825		0.0000		876.191		2.130		9.530		4.412596		10.600
3.826		0.8861		0.0000		876.187		2.134		9.565		4.430498		10.640
3.840		0.8897		0.0000		876.184		2.138		9.600		4.448399		10.680
3.856		0.8934		0.0000		876.180		2.141		9.640		4.466988		10.720
3.874		0.8967		0.0000		876.177		2.145		9.685		4.483511		10.760
3.890		0.8999		0.0000		876.173		2.148		9.725		4.499347		10.800
3.902		0.9032		0.0000		876.170		2.151		9.755		4.515872		10.840
3.914		0.9062		0.0000		876.167		2.154		9.785		4.531019		10.880
3.924		0.9095		0.0000		876.164		2.157		9.810		4.547543		10.920
3.936		0.9127		0.0000		876.161		2.161		9.840		4.563378		10.960
3.946		0.9160		0.0000		876.157		2.164		9.865		4.579902		11.000
3.956		0.9193		0.0000		876.154		2.167		9.890		4.596426		11.040
3.968		0.9230		0.0000		876.150		2.171		9.920		4.615016		11.080
3.980		0.9267		0.0000		876.147		2.175		9.950		4.633605		11.120
3.996		0.9300		0.0000		876.143		2.178		9.990		4.650129		11.160
4.012		0.9332		0.0000		876.140		2.181		10.030		4.665965		11.200
4.022		0.9365		0.0000		876.137		2.184		10.055		4.682488		11.240
4.032		0.9398		0.0000		876.133		2.188		10.080		4.699012		11.280
4.040		0.9428		0.0000		876.130		2.191		10.100		4.714160		11.320
4.050		0.9461		0.0000		876.127		2.194		10.125		4.730683		11.360
4.060		0.9493		0.0000		876.124		2.197		10.150		4.746519		11.400
4.070		0.9526		0.0000		876.121		2.201		10.175		4.763043		11.440
4.078		0.9563		0.0000		876.117		2.204		10.195		4.781632		11.480
4.088		0.9599		0.0000		876.113		2.208		10.220		4.799534		11.520
4.102		0.9635		0.0000		876.110		2.211		10.255		4.817434		11.560
4.114		0.9668		0.0000		876.106		2.215		10.285		4.833958		11.600
4.124		0.9700		0.0000		876.103		2.218		10.310		4.849794		11.640
4.132		0.9730		0.0000		876.100		2.221		10.330		4.864941		11.680
4.140		0.9763		0.0000		876.097		2.224		10.350		4.881465		11.720
4.148		0.9795		0.0000		876.094		2.227		10.370		4.897300		11.760
4.156		0.9828		0.0000		876.091		2.231		10.390		4.913825		11.800
4.162		0.9859		0.0000		876.087		2.234		10.405		4.929661		11.840
4.170		0.9895		0.0000		876.084		2.237		10.425		4.947561		11.880
4.178		0.9931		0.0000		876.080		2.241		10.445		4.965462		11.920
4.188		0.9969		0.0000		876.076		2.245		10.470		4.984740		11.960
4.202		1.0001		0.0000		876.073		2.248		10.505		5.000576		12.000
4.210		1.0033		0.0000		876.070		2.251		10.525		5.016412		12.040
4.216		1.0064		0.0000		876.067		2.254		10.540		5.032246		12.080
4.222		1.0098		0.0000		876.063		2.258		10.555		5.048771		12.120
4.228		1.0129		0.0000		876.060		2.261		10.570		5.064606		12.160
4.234		1.0161		0.0000		876.057		2.264		10.585		5.080441		12.200
4.240		1.0194		0.0000		876.054		2.267		10.600		5.096966		12.240
4.244		1.0228		0.0000		876.050		2.271		10.610		5.114178		12.280
4.250		1.0264		0.0000		876.047		2.274		10.625		5.132079		12.320
4.258		1.0301		0.0000		876.043		2.278		10.645		5.150669		12.360
4.270		1.0334		0.0000		876.040		2.281		10.675		5.167192		12.400
4.280		1.0366		0.0000		876.037		2.285		10.700		5.183028		12.440
4.286		1.0399		0.0000		876.033		2.288		10.715		5.199552		12.480
4.290		1.0432		0.0000		876.030		2.291		10.725		5.216076		12.520
4.296		1.0464		0.0000		876.027		2.294		10.740		5.231911		12.560
4.300		1.0495		0.0000		876.024		2.298		10.750		5.247746		12.600
4.304		1.0527		0.0000		876.021		2.301		10.760		5.263582		12.640
4.310		1.0560		0.0000		876.017		2.304		10.775		5.280106		12.680
4.314		1.0596		0.0000		876.014		2.308		10.785		5.298008		12.720
4.320		1.0635		0.0000		876.010		2.311		10.800		5.317285		12.760
4.330		1.0670		0.0000		876.006		2.315		10.825		5.335187		12.800
4.342		1.0701		0.0000		876.003		2.318		10.855		5.350333		12.840
4.348		1.0732		0.0000		876.000		2.321		10.870		5.366169		12.880
4.352		1.0765		0.0000		875.997		2.325		10.880		5.382693		12.920
4.356		1.0797		0.0000		875.994		2.328		10.890		5.398529		12.960
4.360		1.0830		0.0000		875.990		2.331		10.900		5.415052		13.000
4.364		1.0862		0.0000		875.987		2.334		10.910		5.430888		13.040
4.368		1.0893		0.0000		875.984		2.337		10.920		5.446724		13.080
4.372		1.0929		0.0000		875.980		2.341		10.930		5.464624		13.120
4.376		1.0966		0.0000		875.977		2.345		10.940		5.483213		13.160
4.382		1.1002		0.0000		875.973		2.348		10.955		5.501115		13.200
4.392		1.1034		0.0000		875.970		2.351		10.980		5.516951		13.240
4.398		1.1067		0.0000		875.967		2.355		10.995		5.533475		13.280
4.402		1.1100		0.0000		875.963		2.358		11.005		5.549998		13.320
4.404		1.1132		0.0000		875.960		2.361		11.010		5.565834		13.360
4.408		1.1163		0.0000		875.957		2.364		11.020		5.581670		13.400
4.412		1.1195		0.0000		875.954		2.367		11.030		5.597506		13.440
4.414		1.1227		0.0000		875.951		2.371		11.035		5.613340		13.480
4.416		1.1261		0.0000		875.947		2.374		11.040		5.630553		13.520
4.420		1.1298		0.0000		875.943		2.378		11.050		5.649142		13.560
4.426		1.1337		0.0000		875.940		2.382		11.065		5.668421		13.600
4.436		1.1370		0.0000		875.936		2.385		11.090		5.684944		13.640
4.442		1.1400		0.0000		875.933		2.388		11.105		5.700091		13.680
4.446		1.1433		0.0000		875.930		2.391		11.115		5.716616		13.720
4.448		1.1465		0.0000		875.927		2.394		11.120		5.732450		13.760
4.450		1.1498		0.0000		875.923		2.398		11.125		5.748975		13.800
4.454		1.1530		0.0000		875.920		2.401		11.135		5.764811		13.840
4.458		1.1561		0.0000		875.917		2.404		11.145		5.780645		13.880
4.460		1.1594		0.0000		875.914		2.407		11.150		5.797171		13.920
4.464		1.1632		0.0000		875.910		2.411		11.160		5.815760		13.960
4.468		1.1669		0.0000		875.906		2.415		11.170		5.834350		14.000
4.476		1.1703		0.0000		875.903		2.418		11.190		5.851562		14.040
4.484		1.1735		0.0000		875.900		2.421		11.210		5.867396		14.080
4.488		1.1768		0.0000		875.896		2.425		11.220		5.883922		14.120
4.490		1.1798		0.0000		875.893		2.428		11.225		5.899068		14.160
4.492		1.1831		0.0000		875.890		2.431		11.230		5.915592		14.200
4.494		1.1863		0.0000		875.887		2.434		11.235		5.931427		14.240
4.496		1.1896		0.0000		875.884		2.438		11.240		5.947951		14.280
4.498		1.1928		0.0000		875.880		2.441		11.245		5.963787		14.320
4.500		1.1963		0.0000		875.877		2.444		11.250		5.981688		14.360
4.502		1.1999		0.0000		875.873		2.448		11.255		5.999589		14.400
4.508		1.2036		0.0000		875.870		2.452		11.270		6.018178		14.440
4.516		1.2069		0.0000		875.866		2.455		11.290		6.034702		14.480
4.522		1.2101		0.0000		875.863		2.458		11.305		6.050538		14.520
4.524		1.2133		0.0000		875.860		2.461		11.310		6.066374		14.560
4.524		1.2166		0.0000		875.857		2.465		11.310		6.082897		14.600
4.526		1.2197		0.0000		875.854		2.468		11.315		6.098733		14.640
4.528		1.2229		0.0000		875.850		2.471		11.320		6.114569		14.680
4.530		1.2262		0.0000		875.847		2.474		11.325		6.131092		14.720
4.532		1.2295		0.0000		875.844		2.477		11.330		6.147617		14.760
4.534		1.2332		0.0000		875.840		2.481		11.335		6.166206		14.800
4.538		1.2370		0.0000		875.836		2.485		11.345		6.184796		14.840
4.546		1.2403		0.0000		875.833		2.488		11.365		6.201320		14.880
4.552		1.2434		0.0000		875.830		2.491		11.380		6.217155		14.920
4.554		1.2467		0.0000		875.827		2.495		11.385		6.233679		14.960
4.556		1.2499		0.0000		875.823		2.498		11.390		6.249515		15.000
4.556		1.2532		0.0000		875.820		2.501		11.390		6.266038		15.040
4.558		1.2564		0.0000		875.817		2.504		11.395		6.281874		15.080
4.560		1.2594		0.0000		875.814		2.507		11.400		6.297021		15.120
4.562		1.2628		0.0000		875.810		2.511		11.405		6.314234		15.160
4.564		1.2666		0.0000		875.807		2.515		11.410		6.332823		15.200
4.568		1.2703		0.0000		875.803		2.518		11.420		6.351413		15.240
4.574		1.2737		0.0000		875.799		2.522		11.435		6.368625		15.280
4.582		1.2769		0.0000		875.796		2.525		11.455		6.384461		15.320
4.586		1.2801		0.0000		875.793		2.528		11.465		6.400295		15.360
4.586		1.2834		0.0000		875.790		2.531		11.465		6.416821		15.400
4.586		1.2865		0.0000		875.787		2.535		11.465		6.432656		15.440
4.588		1.2897		0.0000		875.784		2.538		11.470		6.448491		15.480
4.590		1.2929		0.0000		875.780		2.541		11.475		6.464326		15.520
4.592		1.2962		0.0000		875.777		2.544		11.480		6.480850		15.560
4.592		1.2998		0.0000		875.773		2.548		11.480		6.498752		15.600
4.596		1.3035		0.0000		875.770		2.551		11.490		6.517341		15.640
4.600		1.3072		0.0000		875.766		2.555		11.500		6.535931		15.680
4.608		1.3104		0.0000		875.763		2.558		11.520		6.551766		15.720
4.612		1.3135		0.0000		875.760		2.561		11.530		6.567601		15.760
4.612		1.3167		0.0000		875.757		2.565		11.530		6.583437		15.800
4.612		1.3200		0.0000		875.753		2.568		11.530		6.599961		15.840
4.614		1.3232		0.0000		875.750		2.571		11.535		6.615796		15.880
4.614		1.3262		0.0000		875.747		2.574		11.535		6.630944		15.920
4.616		1.3295		0.0000		875.744		2.577		11.540		6.647468		15.960
4.616		1.3329		0.0000		875.740		2.581		11.540		6.664680		16.000
4.618		1.3367		0.0000		875.737		2.585		11.545		6.683270		16.040
4.622		1.3405		0.0000		875.733		2.588		11.555		6.702547		16.080
4.630		1.3437		0.0000		875.730		2.592		11.575		6.718383		16.120
4.636		1.3468		0.0000		875.726		2.595		11.590		6.734219		16.160
4.636		1.3501		0.0000		875.723		2.598		11.590		6.750742		16.200
4.636		1.3533		0.0000		875.720		2.601		11.590		6.766578		16.240
4.638		1.3566		0.0000		875.717		2.605		11.595		6.783102		16.280
4.638		1.3598		0.0000		875.713		2.608		11.595		6.798937		16.320
4.640		1.3630		0.0000		875.710		2.611		11.600		6.814773		16.360
4.640		1.3663		0.0000		875.707		2.614		11.600		6.831297		16.400
4.642		1.3700		0.0000		875.703		2.618		11.605		6.849886		16.440
4.646		1.3737		0.0000		875.700		2.622		11.615		6.868476		16.480
4.652		1.3771		0.0000		875.696		2.625		11.630		6.885688		16.520
4.658		1.3803		0.0000		875.693		2.628		11.645		6.901524		16.560
4.660		1.3835		0.0000		875.690		2.631		11.650		6.917360		16.600
4.660		1.3868		0.0000		875.686		2.635		11.650		6.933884		16.640
4.660		1.3899		0.0000		875.683		2.638		11.650		6.949719		16.680
4.660		1.3931		0.0000		875.680		2.641		11.650		6.965555		16.720
4.660		1.3963		0.0000		875.677		2.644		11.650		6.981390		16.760
4.660		1.3996		0.0000		875.674		2.648		11.650		6.997914		16.800
4.660		1.4032		0.0000		875.670		2.651		11.650		7.015815		16.840
4.662		1.4070		0.0000		875.666		2.655		11.655		7.035093		16.880
4.668		1.4106		0.0000		875.663		2.659		11.670		7.052994		16.920
4.674		1.4138		0.0000		875.659		2.662		11.685		7.068830		16.960
4.676		1.4168		0.0000		875.656		2.665		11.690		7.083976		17.000
4.676		1.4201		0.0000		875.653		2.668		11.690		7.100501		17.040
4.676		1.4234		0.0000		875.650		2.671		11.690		7.117024		17.080
4.676		1.4266		0.0000		875.647		2.675		11.690		7.132860		17.120
4.678		1.4297		0.0000		875.643		2.678		11.695		7.148695		17.160
4.678		1.4329		0.0000		875.640		2.681		11.695		7.164531		17.200
4.678		1.4365		0.0000		875.637		2.684		11.695		7.182432		17.240
4.680		1.4401		0.0000		875.633		2.688		11.700		7.200333		17.280
4.684		1.4438		0.0000		875.629		2.692		11.710		7.218923		17.320
4.690		1.4471		0.0000		875.626		2.695		11.725		7.235446		17.360
4.694		1.4504		0.0000		875.623		2.698		11.735		7.251971		17.400
4.696		1.4536		0.0000		875.620		2.702		11.740		7.267807		17.440
4.694		1.4567		0.0000		875.617		2.705		11.735		7.283641		17.480
4.696		1.4599		0.0000		875.613		2.708		11.740		7.299477		17.520
4.696		1.4631		0.0000		875.610		2.711		11.740		7.315312		17.560
4.696		1.4664		0.0000		875.607		2.714		11.740		7.331836		17.600
4.696		1.4697		0.0000		875.604		2.718		11.740		7.348361		17.640
4.696		1.4734		0.0000		875.600		2.721		11.740		7.366951		17.680
4.698		1.4771		0.0000		875.596		2.725		11.745		7.385540		17.720
4.704		1.4807		0.0000		875.593		2.729		11.760		7.403440		17.760
4.710		1.4837		0.0000		875.590		2.732		11.775		7.418587		17.800
4.712		1.4869		0.0000		875.586		2.735		11.780		7.434423		17.840
4.712		1.4902		0.0000		875.583		2.738		11.780		7.450947		17.880
4.710		1.4934		0.0000		875.580		2.741		11.775		7.466783		17.920
4.710		1.4965		0.0000		875.577		2.744		11.775		7.482618		17.960
4.710		1.4997		0.0000		875.574		2.748		11.775		7.498454		18.000
4.708		1.5030		0.0000		875.570		2.751		11.770		7.514977		18.040
4.708		1.5064		0.0000		875.567		2.754		11.770		7.532190		18.080
4.710		1.5103		0.0000		875.563		2.758		11.775		7.551469		18.120
4.714		1.5140		0.0000		875.559		2.762		11.785		7.570058		18.160
4.720		1.5172		0.0000		875.556		2.765		11.800		7.585893		18.200
4.722		1.5203		0.0000		875.553		2.768		11.805		7.601728		18.240
4.720		1.5235		0.0000		875.550		2.771		11.800		7.617564		18.280
4.720		1.5267		0.0000		875.547		2.775		11.800		7.633400		18.320
4.720		1.5300		0.0000		875.543		2.778		11.800		7.649923		18.360
4.718		1.5332		0.0000		875.540		2.781		11.795		7.665759		18.400
4.718		1.5363		0.0000		875.537		2.784		11.795		7.681595		18.440
4.716		1.5398		0.0000		875.534		2.788		11.790		7.698807		18.480
4.718		1.5436		0.0000		875.530		2.792		11.795		7.718085		18.520
4.722		1.5473		0.0000		875.526		2.795		11.805		7.736674		18.560
4.728		1.5505		0.0000		875.523		2.798		11.820		7.752510		18.600
4.730		1.5537		0.0000		875.520		2.802		11.825		7.768346		18.640
4.730		1.5570		0.0000		875.516		2.805		11.825		7.784870		18.680
4.730		1.5601		0.0000		875.513		2.808		11.825		7.800705		18.720
4.728		1.5633		0.0000		875.510		2.811		11.820		7.816540		18.760
4.728		1.5666		0.0000		875.507		2.815		11.820		7.833065		18.800
4.728		1.5698		0.0000		875.503		2.818		11.820		7.848901		18.840
4.726		1.5731		0.0000		875.500		2.821		11.815		7.865424		18.880
4.726		1.5768		0.0000		875.496		2.825		11.815		7.884014		18.920
4.728		1.5805		0.0000		875.493		2.828		11.820		7.902603		18.960
4.732		1.5840		0.0000		875.489		2.832		11.830		7.919816		19.000
4.738		1.5871		0.0000		875.486		2.835		11.845		7.935652		19.040
4.738		1.5903		0.0000		875.483		2.838		11.845		7.951486		19.080
4.736		1.5936		0.0000		875.480		2.842		11.840		7.968011		19.120
4.734		1.5968		0.0000		875.477		2.845		11.835		7.983846		19.160
4.734		1.5999		0.0000		875.473		2.848		11.835		7.999681		19.200
4.734		1.6031		0.0000		875.470		2.851		11.835		8.015517		19.240
4.732		1.6064		0.0000		875.467		2.854		11.830		8.032041		19.280
4.732		1.6100		0.0000		875.463		2.858		11.830		8.049942		19.320
4.734		1.6138		0.0000		875.459		2.862		11.835		8.069220		19.360
4.738		1.6174		0.0000		875.456		2.865		11.845		8.087121		19.400
4.742		1.6206		0.0000		875.453		2.869		11.855		8.102957		19.440
4.746		1.6236		0.0000		875.450		2.872		11.865		8.118104		19.480
4.744		1.6269		0.0000		875.446		2.875		11.860		8.134627		19.520
4.742		1.6301		0.0000		875.443		2.878		11.855		8.150463		19.560
4.740		1.6334		0.0000		875.440		2.881		11.850		8.166986		19.600
4.740		1.6366		0.0000		875.437		2.885		11.850		8.182822		19.640
4.740		1.6397		0.0000		875.434		2.888		11.850		8.198658		19.680
4.738		1.6432		0.0000		875.430		2.891		11.845		8.215871		19.720
4.738		1.6470		0.0000		875.426		2.895		11.845		8.235148		19.760
4.742		1.6506		0.0000		875.423		2.899		11.855		8.253050		19.800
4.748		1.6539		0.0000		875.419		2.902		11.870		8.269573		19.840
4.750		1.6571		0.0000		875.416		2.905		11.875		8.285409		19.880
4.750		1.6604		0.0000		875.413		2.908		11.875		8.301933		19.920
4.748		1.6636		0.0000		875.410		2.912		11.870		8.317768		19.960
4.746		1.6667		0.0000		875.407		2.915		11.865		8.333605		20.000
4.746		1.6699		0.0000		875.403		2.918		11.865		8.349440		20.040
4.744		1.6731		0.0000		875.400		2.921		11.860		8.365274		20.080
4.742		1.6765		0.0000		875.397		2.924		11.855		8.382487		20.120
4.740		1.6802		0.0000		875.393		2.928		11.850		8.401077		20.160
4.742		1.6839		0.0000		875.389		2.932		11.855		8.419666		20.200
4.746		1.6874		0.0000		875.386		2.935		11.865		8.436879		20.240
4.750		1.6905		0.0000		875.383		2.939		11.875		8.452715		20.280
4.750		1.6937		0.0000		875.380		2.942		11.875		8.468551		20.320
4.748		1.6969		0.0000		875.376		2.945		11.870		8.484385		20.360
4.746		1.7002		0.0000		875.373		2.948		11.865		8.500910		20.400
4.746		1.7033		0.0000		875.370		2.951		11.865		8.516746		20.440
4.744		1.7065		0.0000		875.367		2.954		11.860		8.532580		20.480
4.742		1.7098		0.0000		875.363		2.958		11.855		8.549105		20.520
4.740		1.7134		0.0000		875.360		2.961		11.850		8.567005		20.560
4.740		1.7171		0.0000		875.356		2.965		11.850		8.585595		20.600
4.744		1.7207		0.0000		875.353		2.969		11.860		8.603497		20.640
4.746		1.7240		0.0000		875.349		2.972		11.865		8.620020		20.680
4.748		1.7272		0.0000		875.346		2.975		11.870		8.635856		20.720
4.746		1.7303		0.0000		875.343		2.978		11.865		8.651690		20.760
4.742		1.7335		0.0000		875.340		2.981		11.855		8.667526		20.800
4.742		1.7367		0.0000		875.337		2.985		11.855		8.683362		20.840
4.740		1.7398		0.0000		875.333		2.988		11.850		8.699198		20.880
4.738		1.7431		0.0000		875.330		2.991		11.845		8.715721		20.920
4.736		1.7467		0.0000		875.327		2.995		11.840		8.733624		20.960
4.736		1.7504		0.0000		875.323		2.998		11.840		8.752213		21.000
4.736		1.7542		0.0000		875.319		3.002		11.840		8.770802		21.040
4.740		1.7575		0.0000		875.316		3.005		11.850		8.787326		21.080
4.742		1.7605		0.0000		875.313		3.008		11.855		8.802472		21.120
4.740		1.7637		0.0000		875.310		3.012		11.850		8.818308		21.160
4.736		1.7670		0.0000		875.306		3.015		11.840		8.834831		21.200
4.732		1.7701		0.0000		875.303		3.018		11.830		8.850668		21.240
4.728		1.7733		0.0000		875.300		3.021		11.820		8.866503		21.280
4.724		1.7766		0.0000		875.297		3.025		11.810		8.883027		21.320
4.720		1.7799		0.0000		875.293		3.028		11.800		8.899550		21.360
4.718		1.7836		0.0000		875.290		3.032		11.795		8.918141		21.400
4.716		1.7873		0.0000		875.286		3.035		11.790		8.936730		21.440
4.718		1.7908		0.0000		875.282		3.039		11.795		8.953942		21.480
4.718		1.7940		0.0000		875.279		3.042		11.795		8.969778		21.520
4.716		1.7971		0.0000		875.276		3.045		11.790		8.985614		21.560
4.712		1.8004		0.0000		875.273		3.048		11.780		9.002137		21.600
4.706		1.8036		0.0000		875.270		3.052		11.765		9.017973		21.640
4.702		1.8068		0.0000		875.266		3.055		11.755		9.033809		21.680
4.698		1.8099		0.0000		875.263		3.058		11.745		9.049644		21.720
4.694		1.8132		0.0000		875.260		3.061		11.735		9.066168		21.760
4.690		1.8168		0.0000		875.256		3.065		11.725		9.084068		21.800
4.688		1.8207		0.0000		875.253		3.069		11.720		9.103347		21.840
4.690		1.8242		0.0000		875.249		3.072		11.725		9.121247		21.880
4.692		1.8273		0.0000		875.246		3.075		11.730		9.136395		21.920
4.692		1.8304		0.0000		875.243		3.078		11.730		9.152230		21.960
4.686		1.8338		0.0000		875.240		3.082		11.715		9.168755		22.000
4.682		1.8369		0.0000		875.236		3.085		11.705		9.184590		22.040
4.680		1.8401		0.0000		875.233		3.088		11.700		9.200425		22.080
4.676		1.8434		0.0000		875.230		3.091		11.690		9.216949		22.120
4.672		1.8466		0.0000		875.227		3.095		11.680		9.232784		22.160
4.668		1.8501		0.0000		875.223		3.098		11.670		9.250687		22.200
4.666		1.8539		0.0000		875.219		3.102		11.665		9.269276		22.240
4.666		1.8576		0.0000		875.216		3.106		11.665		9.287865		22.280
4.668		1.8607		0.0000		875.213		3.109		11.670		9.303701		22.320
4.668		1.8639		0.0000		875.209		3.112		11.670		9.319535		22.360
4.664		1.8671		0.0000		875.206		3.115		11.660		9.335371		22.400
4.660		1.8704		0.0000		875.203		3.118		11.650		9.351896		22.440
4.656		1.8735		0.0000		875.200		3.122		11.640		9.367731		22.480
4.652		1.8767		0.0000		875.197		3.125		11.630		9.383566		22.520
4.648		1.8800		0.0000		875.193		3.128		11.620		9.400090		22.560
4.644		1.8833		0.0000		875.190		3.131		11.610		9.416615		22.600
4.642		1.8870		0.0000		875.186		3.135		11.605		9.435205		22.640
4.640		1.8909		0.0000		875.182		3.139		11.600		9.454481		22.680
4.642		1.8942		0.0000		875.179		3.142		11.605		9.471006		22.720
4.644		1.8974		0.0000		875.176		3.145		11.610		9.486841		22.760
4.642		1.9005		0.0000		875.173		3.149		11.605		9.502677		22.800
4.636		1.9037		0.0000		875.170		3.152		11.590		9.518513		22.840
4.632		1.9070		0.0000		875.166		3.155		11.580		9.535036		22.880
4.628		1.9102		0.0000		875.163		3.158		11.570		9.550872		22.920
4.626		1.9133		0.0000		875.160		3.161		11.565		9.566708		22.960
4.622		1.9166		0.0000		875.157		3.165		11.555		9.583231		23.000
4.620		1.9202		0.0000		875.153		3.168		11.550		9.601133		23.040
4.618		1.9241		0.0000		875.149		3.172		11.545		9.620410		23.080
4.620		1.9275		0.0000		875.146		3.175		11.550		9.637623		23.120
4.622		1.9307		0.0000		875.143		3.179		11.555		9.653459		23.160
4.622		1.9339		0.0000		875.139		3.182		11.555		9.669294		23.200
4.618		1.9372		0.0000		875.136		3.185		11.545		9.685818		23.240
4.614		1.9403		0.0000		875.133		3.188		11.535		9.701653		23.280
4.610		1.9435		0.0000		875.130		3.191		11.525		9.717489		23.320
4.608		1.9467		0.0000		875.127		3.195		11.520		9.733324		23.360
4.604		1.9500		0.0000		875.123		3.198		11.510		9.749849		23.400
4.600		1.9534		0.0000		875.120		3.201		11.500		9.767061		23.440
4.598		1.9573		0.0000		875.116		3.205		11.495		9.786339		23.480
4.598		1.9610		0.0000		875.112		3.209		11.495		9.804928		23.520
4.600		1.9642		0.0000		875.109		3.212		11.500		9.820765		23.560
4.602		1.9673		0.0000		875.106		3.215		11.505		9.836599		23.600
4.596		1.9705		0.0000		875.103		3.218		11.490		9.852436		23.640
4.592		1.9738		0.0000		875.099		3.222		11.480		9.868959		23.680
4.590		1.9770		0.0000		875.096		3.225		11.475		9.884795		23.720
4.586		1.9801		0.0000		875.093		3.228		11.465		9.900629		23.760
4.582		1.9833		0.0000		875.090		3.231		11.455		9.916466		23.800
4.578		1.9867		0.0000		875.087		3.235		11.445		9.933678		23.840
4.576		1.9905		0.0000		875.083		3.238		11.440		9.952268		23.880
4.576		1.9942		0.0000		875.079		3.242		11.440		9.970857		23.920
4.578		1.9976		0.0000		875.076		3.246		11.445		9.988070		23.960
4.578		2.0008		0.0000		875.072		3.249		11.445		10.003905		24.000
4.576		2.0039		0.0000		875.069		3.252		11.440		10.019741		24.040
4.572		2.0071		0.0000		875.066		3.255		11.430		10.035576		24.080
4.568		2.0103		0.0000		875.063		3.258		11.420		10.051412		24.120
4.566		2.0134		0.0000		875.060		3.261		11.415		10.067247		24.160
4.562		2.0168		0.0000		875.057		3.265		11.405		10.083771		24.200
4.558		2.0199		0.0000		875.053		3.268		11.395		10.099607		24.240
4.556		2.0236		0.0000		875.050		3.272		11.390		10.118196		24.280
4.556		2.0275		0.0000		875.046		3.275		11.390		10.137474		24.320
4.558		2.0311		0.0000		875.042		3.279		11.395		10.155375		24.360
4.562		2.0341		0.0000		875.039		3.282		11.405		10.170522		24.400
4.560		2.0373		0.0000		875.036		3.285		11.400		10.186357		24.440
4.556		2.0406		0.0000		875.033		3.289		11.390		10.202881		24.480
4.552		2.0437		0.0000		875.029		3.292		11.380		10.218717		24.520
4.550		2.0469		0.0000		875.026		3.295		11.375		10.234552		24.560
4.548		2.0501		0.0000		875.023		3.298		11.370		10.250388		24.600
4.544		2.0534		0.0000		875.020		3.301		11.360		10.266912		24.640
4.540		2.0568		0.0000		875.016		3.305		11.350		10.284124		24.680
4.538		2.0607		0.0000		875.013		3.309		11.345		10.303402		24.720
4.540		2.0644		0.0000		875.009		3.312		11.350		10.321991		24.760
4.542		2.0676		0.0000		875.006		3.316		11.355		10.337828		24.800
4.542		2.0707		0.0000		875.003		3.319		11.355		10.353662		24.840
4.538		2.0739		0.0000		874.999		3.322		11.345		10.369499		24.880
4.534		2.0772		0.0000		874.996		3.325		11.335		10.386023		24.920
4.530		2.0804		0.0000		874.993		3.328		11.325		10.401858		24.960
4.526		2.0835		0.0000		874.990		3.332		11.315		10.417694		25.000
4.522		2.0867		0.0000		874.987		3.335		11.305		10.433530		25.040
4.518		2.0901		0.0000		874.983		3.338		11.295		10.450741		25.080
4.516		2.0940		0.0000		874.979		3.342		11.290		10.470019		25.120
4.516		2.0977		0.0000		874.976		3.346		11.290		10.488609		25.160
4.518		2.1010		0.0000		874.972		3.349		11.295		10.505133		25.200
4.520		2.1041		0.0000		874.969		3.352		11.300		10.520281		25.240
4.516		2.1074		0.0000		874.966		3.355		11.290		10.536804		25.280
4.510		2.1105		0.0000		874.963		3.359		11.275		10.552640		25.320
