数据量:1009
试验力		变形		扩展变形		位置		位移		应力		应变		时间
0.010		0.0014		0.0000		876.928		1.332		0.025		0.006885		0.040
0.012		0.0045		0.0000		876.924		1.336		0.030		0.022721		0.080
0.012		0.0078		0.0000		876.921		1.339		0.030		0.039244		0.120
0.014		0.0110		0.0000		876.918		1.342		0.035		0.055080		0.160
0.016		0.0142		0.0000		876.915		1.345		0.040		0.070916		0.200
0.018		0.0176		0.0000		876.911		1.349		0.045		0.088128		0.240
0.020		0.0212		0.0000		876.908		1.352		0.050		0.106029		0.280
0.024		0.0249		0.0000		876.904		1.356		0.060		0.124618		0.320
0.026		0.0284		0.0000		876.901		1.359		0.065		0.141831		0.360
0.030		0.0315		0.0000		876.898		1.363		0.075		0.157667		0.400
0.032		0.0347		0.0000		876.894		1.366		0.080		0.173502		0.440
0.036		0.0380		0.0000		876.891		1.369		0.090		0.190026		0.480
0.038		0.0412		0.0000		876.888		1.372		0.095		0.205861		0.520
0.042		0.0443		0.0000		876.885		1.375		0.105		0.221697		0.560
0.046		0.0475		0.0000		876.882		1.379		0.115		0.237533		0.600
0.050		0.0509		0.0000		876.878		1.382		0.125		0.254745		0.640
0.054		0.0544		0.0000		876.875		1.385		0.135		0.271958		0.680
0.058		0.0581		0.0000		876.871		1.389		0.145		0.290547		0.720
0.062		0.0617		0.0000		876.867		1.393		0.155		0.308448		0.760
0.068		0.0649		0.0000		876.864		1.396		0.170		0.324284		0.800
0.074		0.0682		0.0000		876.861		1.399		0.185		0.340807		0.840
0.078		0.0713		0.0000		876.858		1.402		0.195		0.356643		0.880
0.084		0.0746		0.0000		876.854		1.406		0.210		0.373167		0.920
0.090		0.0778		0.0000		876.851		1.409		0.225		0.389003		0.960
0.096		0.0810		0.0000		876.848		1.412		0.240		0.404838		1.000
0.102		0.0843		0.0000		876.845		1.415		0.255		0.421362		1.040
0.108		0.0877		0.0000		876.841		1.419		0.270		0.438575		1.080
0.116		0.0914		0.0000		876.838		1.422		0.290		0.457164		1.120
0.124		0.0952		0.0000		876.834		1.426		0.310		0.475754		1.160
0.132		0.0983		0.0000		876.831		1.429		0.330		0.491589		1.200
0.140		0.1015		0.0000		876.828		1.432		0.350		0.507424		1.240
0.148		0.1047		0.0000		876.824		1.436		0.370		0.523260		1.280
0.156		0.1080		0.0000		876.821		1.439		0.390		0.539784		1.320
0.164		0.1111		0.0000		876.818		1.442		0.410		0.555620		1.360
0.172		0.1144		0.0000		876.815		1.445		0.430		0.572144		1.400
0.182		0.1176		0.0000		876.811		1.449		0.455		0.587979		1.440
0.190		0.1210		0.0000		876.808		1.452		0.475		0.605192		1.480
0.200		0.1246		0.0000		876.804		1.456		0.500		0.623093		1.520
0.212		0.1283		0.0000		876.801		1.459		0.530		0.641682		1.560
0.222		0.1316		0.0000		876.797		1.463		0.555		0.658206		1.600
0.234		0.1349		0.0000		876.794		1.466		0.585		0.674730		1.640
0.244		0.1381		0.0000		876.791		1.469		0.610		0.690566		1.680
0.256		0.1414		0.0000		876.788		1.472		0.640		0.707089		1.720
0.266		0.1446		0.0000		876.784		1.476		0.665		0.722925		1.760
0.278		0.1478		0.0000		876.781		1.479		0.695		0.738761		1.800
0.288		0.1511		0.0000		876.778		1.482		0.720		0.755284		1.840
0.300		0.1542		0.0000		876.775		1.485		0.750		0.771120		1.880
0.312		0.1579		0.0000		876.771		1.489		0.780		0.789710		1.920
0.324		0.1615		0.0000		876.768		1.493		0.810		0.807611		1.960
0.336		0.1651		0.0000		876.764		1.496		0.840		0.825512		2.000
0.350		0.1683		0.0000		876.761		1.499		0.875		0.841347		2.040
0.360		0.1714		0.0000		876.758		1.502		0.900		0.857183		2.080
0.372		0.1747		0.0000		876.754		1.506		0.930		0.873706		2.120
0.386		0.1779		0.0000		876.751		1.509		0.965		0.889542		2.160
0.402		0.1812		0.0000		876.748		1.512		1.005		0.906066		2.200
0.416		0.1844		0.0000		876.745		1.515		1.040		0.921901		2.240
0.432		0.1877		0.0000		876.741		1.519		1.080		0.938426		2.280
0.450		0.1911		0.0000		876.738		1.522		1.125		0.955638		2.320
0.466		0.1948		0.0000		876.734		1.526		1.165		0.974228		2.360
0.484		0.1984		0.0000		876.731		1.529		1.210		0.992129		2.400
0.504		0.2017		0.0000		876.727		1.533		1.260		1.008652		2.440
0.522		0.2049		0.0000		876.724		1.536		1.305		1.024488		2.480
0.538		0.2081		0.0000		876.721		1.539		1.345		1.040323		2.520
0.556		0.2114		0.0000		876.718		1.542		1.390		1.056848		2.560
0.572		0.2147		0.0000		876.714		1.546		1.430		1.073372		2.600
0.588		0.2178		0.0000		876.711		1.549		1.470		1.089207		2.640
0.604		0.2210		0.0000		876.708		1.552		1.510		1.105043		2.680
0.620		0.2245		0.0000		876.705		1.555		1.550		1.122255		2.720
0.634		0.2280		0.0000		876.701		1.559		1.585		1.140156		2.760
0.648		0.2317		0.0000		876.697		1.563		1.620		1.158745		2.800
0.664		0.2351		0.0000		876.694		1.566		1.660		1.175269		2.840
0.680		0.2384		0.0000		876.691		1.569		1.700		1.191794		2.880
0.694		0.2415		0.0000		876.688		1.573		1.735		1.207629		2.920
0.710		0.2447		0.0000		876.684		1.576		1.775		1.223465		2.960
0.728		0.2480		0.0000		876.681		1.579		1.820		1.239989		3.000
0.746		0.2512		0.0000		876.678		1.582		1.865		1.255824		3.040
0.764		0.2545		0.0000		876.675		1.585		1.910		1.272348		3.080
0.782		0.2578		0.0000		876.671		1.589		1.955		1.288872		3.120
0.802		0.2614		0.0000		876.668		1.592		2.005		1.306773		3.160
0.822		0.2649		0.0000		876.664		1.596		2.055		1.324674		3.200
0.842		0.2685		0.0000		876.661		1.600		2.105		1.342575		3.240
0.864		0.2717		0.0000		876.657		1.603		2.160		1.358411		3.280
0.882		0.2748		0.0000		876.654		1.606		2.205		1.374246		3.320
0.902		0.2782		0.0000		876.651		1.609		2.255		1.390770		3.360
0.922		0.2815		0.0000		876.648		1.612		2.305		1.407294		3.400
0.940		0.2846		0.0000		876.644		1.616		2.350		1.423129		3.440
0.960		0.2878		0.0000		876.641		1.619		2.400		1.438965		3.480
0.980		0.2911		0.0000		876.638		1.622		2.450		1.455489		3.520
1.002		0.2945		0.0000		876.635		1.626		2.505		1.472701		3.560
1.024		0.2981		0.0000		876.631		1.629		2.560		1.490602		3.600
1.048		0.3018		0.0000		876.627		1.633		2.620		1.509192		3.640
1.072		0.3051		0.0000		876.624		1.636		2.680		1.525716		3.680
1.096		0.3083		0.0000		876.621		1.639		2.740		1.541551		3.720
1.116		0.3115		0.0000		876.618		1.642		2.790		1.557387		3.760
1.138		0.3148		0.0000		876.614		1.646		2.845		1.573911		3.800
1.162		0.3179		0.0000		876.611		1.649		2.905		1.589746		3.840
1.184		0.3213		0.0000		876.608		1.652		2.960		1.606271		3.880
1.208		0.3244		0.0000		876.605		1.655		3.020		1.622106		3.920
1.232		0.3279		0.0000		876.601		1.659		3.080		1.639318		3.960
1.258		0.3314		0.0000		876.598		1.662		3.145		1.657220		4.000
1.284		0.3352		0.0000		876.594		1.666		3.210		1.675809		4.040
1.312		0.3385		0.0000		876.591		1.669		3.280		1.692333		4.080
1.340		0.3418		0.0000		876.587		1.673		3.350		1.708857		4.120
1.366		0.3449		0.0000		876.584		1.676		3.415		1.724693		4.160
1.392		0.3481		0.0000		876.581		1.679		3.480		1.740528		4.200
1.418		0.3514		0.0000		876.578		1.682		3.545		1.757052		4.240
1.444		0.3546		0.0000		876.574		1.686		3.610		1.772888		4.280
1.470		0.3577		0.0000		876.571		1.689		3.675		1.788723		4.320
1.496		0.3610		0.0000		876.568		1.692		3.740		1.805247		4.360
1.524		0.3646		0.0000		876.564		1.696		3.810		1.823148		4.400
1.552		0.3685		0.0000		876.561		1.699		3.880		1.842426		4.440
1.584		0.3719		0.0000		876.557		1.703		3.960		1.859639		4.480
1.614		0.3751		0.0000		876.554		1.706		4.035		1.875474		4.520
1.642		0.3783		0.0000		876.551		1.709		4.105		1.891310		4.560
1.668		0.3814		0.0000		876.548		1.712		4.170		1.907145		4.600
1.694		0.3847		0.0000		876.544		1.716		4.235		1.923669		4.640
1.722		0.3880		0.0000		876.541		1.719		4.305		1.940193		4.680
1.750		0.3912		0.0000		876.538		1.722		4.375		1.956028		4.720
1.776		0.3945		0.0000		876.535		1.726		4.440		1.972553		4.760
1.804		0.3980		0.0000		876.531		1.729		4.510		1.989765		4.800
1.832		0.4017		0.0000		876.527		1.733		4.580		2.008355		4.840
1.862		0.4053		0.0000		876.524		1.736		4.655		2.026256		4.880
1.894		0.4086		0.0000		876.521		1.740		4.735		2.042779		4.920
1.922		0.4117		0.0000		876.517		1.743		4.805		2.058615		4.960
1.950		0.4149		0.0000		876.514		1.746		4.875		2.074451		5.000
1.976		0.4182		0.0000		876.511		1.749		4.940		2.090974		5.040
2.004		0.4214		0.0000		876.508		1.752		5.010		2.106810		5.080
2.032		0.4245		0.0000		876.505		1.756		5.080		2.122645		5.120
2.058		0.4278		0.0000		876.501		1.759		5.145		2.139170		5.160
2.086		0.4311		0.0000		876.498		1.762		5.215		2.155694		5.200
2.114		0.4349		0.0000		876.494		1.766		5.285		2.174283		5.240
2.146		0.4387		0.0000		876.490		1.770		5.365		2.193561		5.280
2.180		0.4420		0.0000		876.487		1.773		5.450		2.210085		5.320
2.210		0.4450		0.0000		876.484		1.776		5.525		2.225232		5.360
2.238		0.4482		0.0000		876.481		1.779		5.595		2.241067		5.400
2.264		0.4515		0.0000		876.478		1.783		5.660		2.257591		5.440
2.292		0.4548		0.0000		876.474		1.786		5.730		2.274116		5.480
2.320		0.4580		0.0000		876.471		1.789		5.800		2.289951		5.520
2.348		0.4612		0.0000		876.468		1.792		5.870		2.305787		5.560
2.376		0.4645		0.0000		876.465		1.795		5.940		2.322311		5.600
2.404		0.4682		0.0000		876.461		1.799		6.010		2.340900		5.640
2.434		0.4719		0.0000		876.457		1.803		6.085		2.359490		5.680
2.468		0.4753		0.0000		876.454		1.806		6.170		2.376702		5.720
2.500		0.4785		0.0000		876.451		1.810		6.250		2.392538		5.760
2.530		0.4817		0.0000		876.447		1.813		6.325		2.408373		5.800
2.558		0.4850		0.0000		876.444		1.816		6.395		2.424897		5.840
2.586		0.4881		0.0000		876.441		1.819		6.465		2.440733		5.880
2.616		0.4915		0.0000		876.438		1.822		6.540		2.457256		5.920
2.644		0.4946		0.0000		876.434		1.826		6.610		2.473092		5.960
2.672		0.4978		0.0000		876.431		1.829		6.680		2.488928		6.000
2.700		0.5014		0.0000		876.428		1.832		6.750		2.506828		6.040
2.730		0.5051		0.0000		876.424		1.836		6.825		2.525418		6.080
2.764		0.5088		0.0000		876.420		1.840		6.910		2.544007		6.120
2.798		0.5120		0.0000		876.417		1.843		6.995		2.559843		6.160
2.828		0.5151		0.0000		876.414		1.846		7.070		2.575679		6.200
2.854		0.5183		0.0000		876.411		1.849		7.135		2.591514		6.240
2.882		0.5216		0.0000		876.407		1.853		7.205		2.608038		6.280
2.912		0.5248		0.0000		876.404		1.856		7.280		2.623873		6.320
2.940		0.5279		0.0000		876.401		1.859		7.350		2.639709		6.360
2.968		0.5312		0.0000		876.398		1.862		7.420		2.656233		6.400
2.998		0.5347		0.0000		876.394		1.866		7.495		2.673445		6.440
3.028		0.5383		0.0000		876.391		1.869		7.570		2.691346		6.480
3.060		0.5420		0.0000		876.387		1.873		7.650		2.709936		6.520
3.094		0.5453		0.0000		876.384		1.876		7.735		2.726460		6.560
3.124		0.5485		0.0000		876.381		1.879		7.810		2.742296		6.600
3.152		0.5518		0.0000		876.377		1.883		7.880		2.758820		6.640
3.180		0.5549		0.0000		876.374		1.886		7.950		2.774655		6.680
3.208		0.5582		0.0000		876.371		1.889		8.020		2.791179		6.720
3.238		0.5614		0.0000		876.368		1.892		8.095		2.807014		6.760
3.266		0.5646		0.0000		876.365		1.896		8.165		2.822850		6.800
3.294		0.5679		0.0000		876.361		1.899		8.235		2.839374		6.840
3.322		0.5716		0.0000		876.357		1.903		8.305		2.857964		6.880
3.354		0.5753		0.0000		876.354		1.906		8.385		2.876553		6.920
3.388		0.5788		0.0000		876.350		1.910		8.470		2.893765		6.960
3.420		0.5819		0.0000		876.347		1.913		8.550		2.909601		7.000
3.448		0.5851		0.0000		876.344		1.916		8.620		2.925436		7.040
3.474		0.5884		0.0000		876.341		1.919		8.685		2.941961		7.080
3.502		0.5916		0.0000		876.338		1.923		8.755		2.957796		7.120
3.530		0.5947		0.0000		876.334		1.926		8.825		2.973632		7.160
3.556		0.5980		0.0000		876.331		1.929		8.890		2.990156		7.200
3.582		0.6012		0.0000		876.328		1.932		8.955		3.005991		7.240
3.610		0.6048		0.0000		876.324		1.936		9.025		3.023892		7.280
3.638		0.6085		0.0000		876.321		1.940		9.095		3.042481		7.320
3.670		0.6122		0.0000		876.317		1.943		9.175		3.061071		7.360
3.702		0.6154		0.0000		876.314		1.946		9.255		3.076907		7.400
3.730		0.6185		0.0000		876.310		1.950		9.325		3.092742		7.440
3.756		0.6217		0.0000		876.307		1.953		9.390		3.108578		7.480
3.782		0.6250		0.0000		876.304		1.956		9.455		3.125101		7.520
3.808		0.6282		0.0000		876.301		1.959		9.520		3.140937		7.560
3.834		0.6315		0.0000		876.298		1.963		9.585		3.157461		7.600
3.860		0.6345		0.0000		876.295		1.966		9.650		3.172608		7.640
3.886		0.6380		0.0000		876.291		1.969		9.715		3.189821		7.680
3.912		0.6417		0.0000		876.287		1.973		9.780		3.208410		7.720
3.942		0.6455		0.0000		876.284		1.977		9.855		3.227688		7.760
3.974		0.6488		0.0000		876.280		1.980		9.935		3.244212		7.800
4.002		0.6519		0.0000		876.277		1.983		10.005		3.259359		7.840
4.026		0.6550		0.0000		876.274		1.986		10.065		3.275195		7.880
4.050		0.6583		0.0000		876.271		1.989		10.125		3.291718		7.920
4.074		0.6616		0.0000		876.267		1.993		10.185		3.308243		7.960
4.098		0.6648		0.0000		876.264		1.996		10.245		3.324078		8.000
4.122		0.6680		0.0000		876.261		1.999		10.305		3.339913		8.040
4.146		0.6713		0.0000		876.258		2.002		10.365		3.356438		8.080
4.170		0.6749		0.0000		876.254		2.006		10.425		3.374338		8.120
4.198		0.6787		0.0000		876.250		2.010		10.495		3.393617		8.160
4.226		0.6822		0.0000		876.247		2.013		10.565		3.410829		8.200
4.254		0.6853		0.0000		876.244		2.016		10.635		3.426665		8.240
4.278		0.6885		0.0000		876.241		2.020		10.695		3.442500		8.280
4.298		0.6918		0.0000		876.237		2.023		10.745		3.459024		8.320
4.320		0.6950		0.0000		876.234		2.026		10.800		3.474859		8.360
4.342		0.6981		0.0000		876.231		2.029		10.855		3.490695		8.400
4.364		0.7013		0.0000		876.228		2.032		10.910		3.506531		8.440
4.386		0.7046		0.0000		876.224		2.036		10.965		3.523054		8.480
4.406		0.7082		0.0000		876.221		2.039		11.015		3.540956		8.520
4.430		0.7119		0.0000		876.217		2.043		11.075		3.559545		8.560
4.456		0.7156		0.0000		876.213		2.047		11.140		3.578135		8.600
4.482		0.7188		0.0000		876.210		2.050		11.205		3.593971		8.640
4.504		0.7218		0.0000		876.207		2.053		11.260		3.609117		8.680
4.522		0.7251		0.0000		876.204		2.056		11.305		3.625641		8.720
4.540		0.7284		0.0000		876.201		2.059		11.350		3.642166		8.760
4.560		0.7317		0.0000		876.197		2.063		11.400		3.658689		8.800
4.578		0.7348		0.0000		876.194		2.066		11.445		3.673836		8.840
4.596		0.7379		0.0000		876.191		2.069		11.490		3.689672		8.880
4.614		0.7414		0.0000		876.188		2.072		11.535		3.706884		8.920
4.634		0.7451		0.0000		876.184		2.076		11.585		3.725474		8.960
4.658		0.7488		0.0000		876.180		2.080		11.645		3.744063		9.000
4.682		0.7523		0.0000		876.177		2.083		11.705		3.761276		9.040
4.702		0.7554		0.0000		876.174		2.086		11.755		3.777111		9.080
4.720		0.7586		0.0000		876.170		2.090		11.800		3.792946		9.120
4.736		0.7619		0.0000		876.167		2.093		11.840		3.809471		9.160
4.754		0.7649		0.0000		876.164		2.096		11.885		3.824618		9.200
4.770		0.7682		0.0000		876.161		2.099		11.925		3.841141		9.240
4.786		0.7714		0.0000		876.158		2.102		11.965		3.856977		9.280
4.800		0.7747		0.0000		876.154		2.106		12.000		3.873501		9.320
4.816		0.7784		0.0000		876.151		2.109		12.040		3.892090		9.360
4.836		0.7821		0.0000		876.147		2.113		12.090		3.910680		9.400
4.858		0.7856		0.0000		876.143		2.117		12.145		3.927892		9.440
4.878		0.7887		0.0000		876.140		2.120		12.195		3.943728		9.480
4.892		0.7919		0.0000		876.137		2.123		12.230		3.959564		9.520
4.906		0.7952		0.0000		876.134		2.126		12.265		3.976088		9.560
4.920		0.7984		0.0000		876.131		2.129		12.300		3.991923		9.600
4.934		0.8016		0.0000		876.128		2.133		12.335		4.007759		9.640
4.946		0.8049		0.0000		876.124		2.136		12.365		4.024282		9.680
4.958		0.8082		0.0000		876.121		2.139		12.395		4.040806		9.720
4.972		0.8117		0.0000		876.117		2.143		12.430		4.058708		9.760
4.986		0.8153		0.0000		876.114		2.146		12.465		4.076609		9.800
5.006		0.8189		0.0000		876.110		2.150		12.515		4.094510		9.840
5.022		0.8222		0.0000		876.107		2.153		12.555		4.111033		9.880
5.036		0.8254		0.0000		876.104		2.156		12.590		4.126869		9.920
5.046		0.8285		0.0000		876.101		2.160		12.615		4.142704		9.960
5.058		0.8318		0.0000		876.097		2.163		12.645		4.159229		10.000
5.068		0.8350		0.0000		876.094		2.166		12.670		4.175065		10.040
5.078		0.8382		0.0000		876.091		2.169		12.695		4.190899		10.080
5.090		0.8413		0.0000		876.088		2.172		12.725		4.206735		10.120
5.100		0.8449		0.0000		876.084		2.176		12.750		4.224637		10.160
5.112		0.8486		0.0000		876.080		2.180		12.780		4.243226		10.200
5.128		0.8524		0.0000		876.077		2.183		12.820		4.261816		10.240
5.146		0.8557		0.0000		876.073		2.187		12.865		4.278339		10.280
5.158		0.8587		0.0000		876.070		2.190		12.895		4.293486		10.320
5.166		0.8619		0.0000		876.067		2.193		12.915		4.309321		10.360
5.176		0.8652		0.0000		876.064		2.196		12.940		4.325845		10.400
5.184		0.8683		0.0000		876.061		2.199		12.960		4.341681		10.440
5.192		0.8716		0.0000		876.057		2.203		12.980		4.358205		10.480
5.202		0.8748		0.0000		876.054		2.206		13.005		4.374041		10.520
5.210		0.8783		0.0000		876.051		2.209		13.025		4.391253		10.560
5.220		0.8818		0.0000		876.047		2.213		13.050		4.409155		10.600
5.232		0.8855		0.0000		876.044		2.217		13.080		4.427744		10.640
5.246		0.8890		0.0000		876.040		2.220		13.115		4.444956		10.680
5.258		0.8923		0.0000		876.037		2.223		13.145		4.461480		10.720
5.266		0.8953		0.0000		876.034		2.226		13.165		4.476627		10.760
5.272		0.8986		0.0000		876.030		2.230		13.180		4.493151		10.800
5.280		0.9018		0.0000		876.027		2.233		13.200		4.508986		10.840
5.286		0.9050		0.0000		876.024		2.236		13.215		4.524822		10.880
5.292		0.9083		0.0000		876.021		2.239		13.230		4.541346		10.920
5.298		0.9114		0.0000		876.018		2.242		13.245		4.557181		10.960
5.306		0.9150		0.0000		876.014		2.246		13.265		4.575082		11.000
5.316		0.9187		0.0000		876.010		2.250		13.290		4.593672		11.040
5.330		0.9226		0.0000		876.006		2.254		13.325		4.612950		11.080
5.342		0.9256		0.0000		876.003		2.257		13.355		4.628097		11.120
5.350		0.9288		0.0000		876.000		2.260		13.375		4.643932		11.160
5.354		0.9320		0.0000		875.997		2.263		13.385		4.659768		11.200
5.360		0.9353		0.0000		875.994		2.266		13.400		4.676292		11.240
5.366		0.9384		0.0000		875.991		2.269		13.415		4.692128		11.280
5.372		0.9416		0.0000		875.987		2.273		13.430		4.707963		11.320
5.376		0.9449		0.0000		875.984		2.276		13.440		4.724487		11.360
5.382		0.9482		0.0000		875.981		2.279		13.455		4.741011		11.400
5.390		0.9521		0.0000		875.977		2.283		13.475		4.760289		11.440
5.400		0.9558		0.0000		875.973		2.287		13.500		4.778879		11.480
5.412		0.9589		0.0000		875.970		2.290		13.530		4.794714		11.520
5.420		0.9622		0.0000		875.967		2.293		13.550		4.811238		11.560
5.424		0.9654		0.0000		875.964		2.296		13.560		4.827074		11.600
5.428		0.9687		0.0000		875.960		2.300		13.570		4.843597		11.640
5.432		0.9719		0.0000		875.957		2.303		13.580		4.859433		11.680
5.438		0.9749		0.0000		875.954		2.306		13.595		4.874580		11.720
5.440		0.9782		0.0000		875.951		2.309		13.600		4.891104		11.760
5.444		0.9814		0.0000		875.948		2.312		13.610		4.906940		11.800
5.450		0.9854		0.0000		875.944		2.316		13.625		4.926906		11.840
5.460		0.9891		0.0000		875.940		2.320		13.650		4.945495		11.880
5.470		0.9924		0.0000		875.937		2.323		13.675		4.962020		11.920
5.480		0.9956		0.0000		875.933		2.327		13.700		4.977855		11.960
5.482		0.9987		0.0000		875.930		2.330		13.705		4.993690		12.000
5.484		1.0020		0.0000		875.927		2.333		13.710		5.010215		12.040
5.488		1.0052		0.0000		875.924		2.336		13.720		5.026050		12.080
5.492		1.0084		0.0000		875.921		2.339		13.730		5.041885		12.120
5.494		1.0117		0.0000		875.917		2.343		13.735		5.058410		12.160
5.498		1.0148		0.0000		875.914		2.346		13.745		5.074244		12.200
5.502		1.0186		0.0000		875.911		2.350		13.755		5.092834		12.240
5.510		1.0223		0.0000		875.907		2.353		13.775		5.111423		12.280
5.520		1.0259		0.0000		875.903		2.357		13.800		5.129325		12.320
5.528		1.0290		0.0000		875.900		2.360		13.820		5.145161		12.360
5.532		1.0322		0.0000		875.897		2.363		13.830		5.160995		12.400
5.534		1.0355		0.0000		875.894		2.367		13.835		5.177521		12.440
5.536		1.0387		0.0000		875.890		2.370		13.840		5.193355		12.480
5.540		1.0418		0.0000		875.887		2.373		13.850		5.209191		12.520
5.542		1.0450		0.0000		875.884		2.376		13.855		5.225027		12.560
5.544		1.0482		0.0000		875.881		2.379		13.860		5.240862		12.600
5.548		1.0518		0.0000		875.877		2.383		13.870		5.258763		12.640
5.552		1.0555		0.0000		875.874		2.386		13.880		5.277352		12.680
5.562		1.0592		0.0000		875.870		2.390		13.905		5.295942		12.720
5.572		1.0625		0.0000		875.867		2.394		13.930		5.312467		12.760
5.578		1.0655		0.0000		875.864		2.397		13.945		5.327613		12.800
5.578		1.0688		0.0000		875.860		2.400		13.945		5.344137		12.840
5.580		1.0721		0.0000		875.857		2.403		13.950		5.360661		12.880
5.582		1.0753		0.0000		875.854		2.406		13.955		5.376496		12.920
5.584		1.0785		0.0000		875.851		2.409		13.960		5.392332		12.960
5.586		1.0816		0.0000		875.847		2.413		13.965		5.408168		13.000
5.588		1.0849		0.0000		875.844		2.416		13.970		5.424691		13.040
5.592		1.0888		0.0000		875.840		2.420		13.980		5.443970		13.080
5.598		1.0924		0.0000		875.837		2.423		13.995		5.461870		13.120
5.608		1.0958		0.0000		875.833		2.427		14.020		5.479083		13.160
5.614		1.0990		0.0000		875.830		2.430		14.035		5.494919		13.200
5.616		1.1022		0.0000		875.827		2.433		14.040		5.510755		13.240
5.618		1.1055		0.0000		875.824		2.436		14.045		5.527278		13.280
5.620		1.1086		0.0000		875.820		2.440		14.050		5.543114		13.320
5.620		1.1118		0.0000		875.817		2.443		14.050		5.558949		13.360
5.622		1.1150		0.0000		875.814		2.446		14.055		5.574784		13.400
5.624		1.1183		0.0000		875.811		2.449		14.060		5.591309		13.440
5.626		1.1220		0.0000		875.807		2.453		14.065		5.609899		13.480
5.632		1.1258		0.0000		875.803		2.457		14.080		5.629176		13.520
5.642		1.1293		0.0000		875.800		2.460		14.105		5.646389		13.560
5.648		1.1324		0.0000		875.797		2.463		14.120		5.662224		13.600
5.650		1.1356		0.0000		875.793		2.467		14.125		5.678060		13.640
5.652		1.1389		0.0000		875.790		2.470		14.130		5.694584		13.680
5.654		1.1421		0.0000		875.787		2.473		14.135		5.710420		13.720
5.656		1.1453		0.0000		875.784		2.476		14.140		5.726255		13.760
5.656		1.1483		0.0000		875.781		2.479		14.140		5.741402		13.800
5.658		1.1516		0.0000		875.777		2.483		14.145		5.757926		13.840
5.662		1.1552		0.0000		875.774		2.486		14.155		5.775827		13.880
5.666		1.1589		0.0000		875.770		2.490		14.165		5.794416		13.920
5.674		1.1627		0.0000		875.766		2.494		14.185		5.813694		13.960
5.682		1.1658		0.0000		875.763		2.497		14.205		5.828841		14.000
5.686		1.1691		0.0000		875.760		2.500		14.215		5.845366		14.040
5.688		1.1722		0.0000		875.757		2.503		14.220		5.861200		14.080
5.688		1.1754		0.0000		875.754		2.506		14.220		5.877036		14.120
5.688		1.1786		0.0000		875.750		2.510		14.220		5.892872		14.160
5.690		1.1817		0.0000		875.747		2.513		14.225		5.908708		14.200
5.690		1.1850		0.0000		875.744		2.516		14.225		5.925231		14.240
5.692		1.1884		0.0000		875.741		2.519		14.230		5.941754		14.280
5.694		1.1922		0.0000		875.737		2.523		14.235		5.961033		14.320
5.702		1.1961		0.0000		875.733		2.527		14.255		5.980311		14.360
5.712		1.1992		0.0000		875.730		2.530		14.280		5.996146		14.400
5.716		1.2024		0.0000		875.727		2.533		14.290		6.011982		14.440
5.718		1.2056		0.0000		875.724		2.537		14.295		6.027818		14.480
5.718		1.2089		0.0000		875.720		2.540		14.295		6.044341		14.520
5.720		1.2120		0.0000		875.717		2.543		14.300		6.060177		14.560
5.720		1.2152		0.0000		875.714		2.546		14.300		6.076013		14.600
5.722		1.2184		0.0000		875.711		2.549		14.305		6.091848		14.640
5.722		1.2217		0.0000		875.707		2.553		14.305		6.108372		14.680
5.724		1.2254		0.0000		875.704		2.556		14.310		6.126962		14.720
5.730		1.2292		0.0000		875.700		2.560		14.325		6.146239		14.760
5.740		1.2326		0.0000		875.697		2.564		14.350		6.162764		14.800
5.746		1.2359		0.0000		875.693		2.567		14.365		6.179287		14.840
5.750		1.2390		0.0000		875.690		2.570		14.375		6.195123		14.880
5.750		1.2422		0.0000		875.687		2.573		14.375		6.210959		14.920
5.750		1.2455		0.0000		875.684		2.577		14.375		6.227483		14.960
5.752		1.2487		0.0000		875.680		2.580		14.380		6.243319		15.000
5.752		1.2518		0.0000		875.677		2.583		14.380		6.259154		15.040
5.752		1.2550		0.0000		875.674		2.586		14.380		6.274989		15.080
5.754		1.2584		0.0000		875.671		2.589		14.385		6.292201		15.120
5.758		1.2623		0.0000		875.667		2.593		14.395		6.311480		15.160
5.766		1.2660		0.0000		875.663		2.597		14.415		6.330070		15.200
5.774		1.2693		0.0000		875.660		2.600		14.435		6.346593		15.240
5.776		1.2723		0.0000		875.657		2.603		14.440		6.361740		15.280
5.776		1.2757		0.0000		875.653		2.607		14.440		6.378264		15.320
5.778		1.2788		0.0000		875.650		2.610		14.445		6.394100		15.360
5.778		1.2820		0.0000		875.647		2.613		14.445		6.409935		15.400
5.780		1.2852		0.0000		875.644		2.616		14.450		6.425771		15.440
5.780		1.2885		0.0000		875.641		2.619		14.450		6.442294		15.480
5.782		1.2919		0.0000		875.637		2.623		14.455		6.459507		15.520
5.784		1.2956		0.0000		875.633		2.627		14.460		6.478096		15.560
5.790		1.2992		0.0000		875.630		2.630		14.475		6.495998		15.600
5.798		1.3026		0.0000		875.626		2.634		14.495		6.513210		15.640
5.804		1.3058		0.0000		875.623		2.637		14.510		6.529045		15.680
5.804		1.3090		0.0000		875.620		2.640		14.510		6.544881		15.720
5.804		1.3123		0.0000		875.617		2.643		14.510		6.561406		15.760
5.804		1.3154		0.0000		875.614		2.646		14.510		6.577240		15.800
5.804		1.3186		0.0000		875.610		2.650		14.510		6.593076		15.840
5.804		1.3218		0.0000		875.607		2.653		14.510		6.608912		15.880
5.806		1.3251		0.0000		875.604		2.656		14.515		6.625435		15.920
5.808		1.3288		0.0000		875.600		2.660		14.520		6.644025		15.960
5.814		1.3325		0.0000		875.597		2.664		14.535		6.662614		16.000
5.822		1.3362		0.0000		875.593		2.667		14.555		6.681204		16.040
5.830		1.3393		0.0000		875.590		2.670		14.575		6.696351		16.080
5.830		1.3424		0.0000		875.587		2.673		14.575		6.712186		16.120
5.830		1.3456		0.0000		875.583		2.677		14.575		6.728022		16.160
5.830		1.3489		0.0000		875.580		2.680		14.575		6.744546		16.200
5.832		1.3521		0.0000		875.577		2.683		14.580		6.760382		16.240
5.832		1.3552		0.0000		875.574		2.686		14.580		6.776217		16.280
5.832		1.3584		0.0000		875.571		2.689		14.580		6.792053		16.320
5.832		1.3619		0.0000		875.567		2.693		14.580		6.809266		16.360
5.836		1.3657		0.0000		875.563		2.697		14.590		6.828543		16.400
5.844		1.3696		0.0000		875.560		2.701		14.610		6.847821		16.440
5.852		1.3726		0.0000		875.556		2.704		14.630		6.862968		16.480
5.856		1.3759		0.0000		875.553		2.707		14.640		6.879492		16.520
5.856		1.3791		0.0000		875.550		2.710		14.640		6.895328		16.560
5.856		1.3822		0.0000		875.547		2.713		14.640		6.911163		16.600
5.856		1.3854		0.0000		875.544		2.716		14.640		6.926999		16.640
5.856		1.3886		0.0000		875.540		2.720		14.640		6.942834		16.680
5.858		1.3919		0.0000		875.537		2.723		14.645		6.959358		16.720
5.858		1.3952		0.0000		875.534		2.726		14.645		6.975882		16.760
5.862		1.3989		0.0000		875.530		2.730		14.655		6.994472		16.800
5.868		1.4029		0.0000		875.526		2.734		14.670		7.014438		16.840
5.876		1.4061		0.0000		875.523		2.737		14.690		7.030273		16.880
5.880		1.4092		0.0000		875.520		2.740		14.700		7.046109		16.920
5.880		1.4124		0.0000		875.517		2.743		14.700		7.061944		16.960
5.880		1.4157		0.0000		875.513		2.747		14.700		7.078469		17.000
5.880		1.4189		0.0000		875.510		2.750		14.700		7.094305		17.040
5.882		1.4220		0.0000		875.507		2.753		14.705		7.110139		17.080
5.882		1.4252		0.0000		875.504		2.756		14.705		7.125975		17.120
5.882		1.4285		0.0000		875.501		2.760		14.705		7.142500		17.160
5.884		1.4321		0.0000		875.497		2.763		14.710		7.160400		17.200
5.890		1.4359		0.0000		875.493		2.767		14.725		7.179679		17.240
5.898		1.4395		0.0000		875.490		2.771		14.745		7.197579		17.280
5.904		1.4427		0.0000		875.486		2.774		14.760		7.213415		17.320
5.906		1.4459		0.0000		875.483		2.777		14.765		7.229251		17.360
5.906		1.4490		0.0000		875.480		2.780		14.765		7.245085		17.400
5.906		1.4522		0.0000		875.477		2.783		14.765		7.260921		17.440
5.908		1.4554		0.0000		875.474		2.786		14.770		7.276757		17.480
5.908		1.4587		0.0000		875.470		2.790		14.770		7.293281		17.520
5.908		1.4618		0.0000		875.467		2.793		14.770		7.309116		17.560
5.910		1.4653		0.0000		875.464		2.796		14.775		7.326329		17.600
5.914		1.4693		0.0000		875.460		2.800		14.785		7.346295		17.640
5.922		1.4728		0.0000		875.456		2.804		14.805		7.364196		17.680
5.930		1.4760		0.0000		875.453		2.807		14.825		7.380032		17.720
5.932		1.4792		0.0000		875.450		2.810		14.830		7.395867		17.760
5.932		1.4825		0.0000		875.447		2.813		14.830		7.412391		17.800
5.932		1.4856		0.0000		875.443		2.817		14.830		7.428226		17.840
5.934		1.4888		0.0000		875.440		2.820		14.835		7.444062		17.880
5.934		1.4920		0.0000		875.437		2.823		14.835		7.459898		17.920
5.934		1.4951		0.0000		875.434		2.826		14.835		7.475733		17.960
5.936		1.4985		0.0000		875.431		2.829		14.840		7.492257		18.000
5.938		1.5024		0.0000		875.427		2.833		14.845		7.512224		18.040
5.946		1.5062		0.0000		875.423		2.837		14.865		7.530813		18.080
5.954		1.5095		0.0000		875.420		2.840		14.885		7.547337		18.120
5.960		1.5126		0.0000		875.416		2.844		14.900		7.563172		18.160
5.960		1.5158		0.0000		875.413		2.847		14.900		7.579008		18.200
5.960		1.5191		0.0000		875.410		2.850		14.900		7.595532		18.240
5.962		1.5223		0.0000		875.407		2.853		14.905		7.611368		18.280
5.962		1.5254		0.0000		875.404		2.856		14.905		7.627203		18.320
5.962		1.5286		0.0000		875.400		2.860		14.905		7.643038		18.360
5.962		1.5318		0.0000		875.397		2.863		14.905		7.658874		18.400
5.964		1.5356		0.0000		875.393		2.867		14.910		7.678152		18.440
5.970		1.5395		0.0000		875.390		2.870		14.925		7.697430		18.480
5.978		1.5429		0.0000		875.386		2.874		14.945		7.714643		18.520
5.984		1.5460		0.0000		875.383		2.877		14.960		7.729789		18.560
5.986		1.5491		0.0000		875.380		2.880		14.965		7.745625		18.600
5.984		1.5524		0.0000		875.377		2.883		14.960		7.762150		18.640
5.986		1.5556		0.0000		875.373		2.887		14.965		7.777984		18.680
5.988		1.5588		0.0000		875.370		2.890		14.970		7.793820		18.720
5.988		1.5621		0.0000		875.367		2.893		14.970		7.810345		18.760
5.988		1.5652		0.0000		875.364		2.896		14.970		7.826180		18.800
5.990		1.5688		0.0000		875.360		2.900		14.975		7.844081		18.840
5.994		1.5727		0.0000		875.356		2.904		14.985		7.863358		18.880
6.000		1.5763		0.0000		875.353		2.907		15.000		7.881260		18.920
6.008		1.5794		0.0000		875.350		2.910		15.020		7.897096		18.960
6.010		1.5826		0.0000		875.346		2.914		15.025		7.912930		19.000
6.010		1.5859		0.0000		875.343		2.917		15.025		7.929455		19.040
6.010		1.5891		0.0000		875.340		2.920		15.025		7.945290		19.080
6.012		1.5922		0.0000		875.337		2.923		15.030		7.961125		19.120
6.012		1.5954		0.0000		875.334		2.926		15.030		7.976961		19.160
6.012		1.5986		0.0000		875.331		2.930		15.030		7.992797		19.200
6.012		1.6021		0.0000		875.327		2.933		15.030		8.010697		19.240
6.016		1.6059		0.0000		875.323		2.937		15.040		8.029287		19.280
6.022		1.6096		0.0000		875.319		2.941		15.055		8.047876		19.320
6.030		1.6129		0.0000		875.316		2.944		15.075		8.064402		19.360
6.034		1.6160		0.0000		875.313		2.947		15.085		8.080235		19.400
6.032		1.6192		0.0000		875.310		2.950		15.080		8.096071		19.440
6.032		1.6225		0.0000		875.307		2.954		15.080		8.112595		19.480
6.032		1.6257		0.0000		875.303		2.957		15.080		8.128431		19.520
6.032		1.6289		0.0000		875.300		2.960		15.080		8.144266		19.560
6.034		1.6320		0.0000		875.297		2.963		15.085		8.160103		19.600
6.034		1.6353		0.0000		875.294		2.966		15.085		8.176626		19.640
6.036		1.6390		0.0000		875.290		2.970		15.090		8.195215		19.680
6.040		1.6429		0.0000		875.286		2.974		15.100		8.214494		19.720
6.050		1.6463		0.0000		875.283		2.977		15.125		8.231707		19.760
6.054		1.6494		0.0000		875.280		2.980		15.135		8.246853		19.800
6.056		1.6527		0.0000		875.276		2.984		15.140		8.263377		19.840
6.054		1.6558		0.0000		875.273		2.987		15.135		8.279213		19.880
6.054		1.6590		0.0000		875.270		2.990		15.135		8.295049		19.920
6.056		1.6622		0.0000		875.267		2.993		15.140		8.310883		19.960
6.054		1.6653		0.0000		875.264		2.996		15.135		8.326719		20.000
6.056		1.6686		0.0000		875.260		3.000		15.140		8.343244		20.040
6.056		1.6722		0.0000		875.257		3.003		15.140		8.361144		20.080
6.060		1.6761		0.0000		875.253		3.007		15.150		8.380423		20.120
6.068		1.6797		0.0000		875.249		3.011		15.170		8.398323		20.160
6.076		1.6828		0.0000		875.246		3.014		15.190		8.414159		20.200
6.078		1.6860		0.0000		875.243		3.017		15.195		8.429995		20.240
6.076		1.6893		0.0000		875.240		3.020		15.190		8.446518		20.280
6.076		1.6925		0.0000		875.237		3.023		15.190		8.462354		20.320
6.078		1.6956		0.0000		875.233		3.027		15.195		8.478189		20.360
6.078		1.6988		0.0000		875.230		3.030		15.195		8.494024		20.400
6.078		1.7021		0.0000		875.227		3.033		15.195		8.510550		20.440
6.078		1.7056		0.0000		875.224		3.037		15.195		8.527761		20.480
6.080		1.7093		0.0000		875.220		3.040		15.200		8.546351		20.520
6.088		1.7130		0.0000		875.216		3.044		15.220		8.564940		20.560
6.096		1.7163		0.0000		875.213		3.047		15.240		8.581465		20.600
6.100		1.7195		0.0000		875.210		3.050		15.250		8.597300		20.640
6.100		1.7226		0.0000		875.206		3.054		15.250		8.613134		20.680
6.100		1.7258		0.0000		875.203		3.057		15.250		8.628970		20.720
6.100		1.7290		0.0000		875.200		3.060		15.250		8.644806		20.760
6.102		1.7323		0.0000		875.197		3.063		15.255		8.661329		20.800
6.102		1.7354		0.0000		875.194		3.066		15.255		8.677166		20.840
6.102		1.7387		0.0000		875.190		3.070		15.255		8.693689		20.880
6.104		1.7425		0.0000		875.187		3.073		15.260		8.712278		20.920
6.110		1.7463		0.0000		875.183		3.077		15.275		8.731557		20.960
6.118		1.7498		0.0000		875.179		3.081		15.295		8.748770		21.000
6.124		1.7528		0.0000		875.176		3.084		15.310		8.763916		21.040
6.124		1.7560		0.0000		875.173		3.087		15.310		8.779753		21.080
6.122		1.7593		0.0000		875.170		3.090		15.305		8.796276		21.120
6.122		1.7624		0.0000		875.167		3.093		15.305		8.812112		21.160
6.124		1.7656		0.0000		875.163		3.097		15.310		8.827948		21.200
6.124		1.7688		0.0000		875.160		3.100		15.310		8.843783		21.240
6.124		1.7721		0.0000		875.157		3.103		15.310		8.860307		21.280
6.126		1.7756		0.0000		875.153		3.107		15.315		8.878207		21.320
6.130		1.7795		0.0000		875.150		3.111		15.325		8.897486		21.360
6.138		1.7831		0.0000		875.146		3.114		15.345		8.915386		21.400
6.146		1.7862		0.0000		875.143		3.117		15.365		8.931222		21.440
6.148		1.7894		0.0000		875.140		3.120		15.370		8.947058		21.480
6.146		1.7927		0.0000		875.136		3.124		15.365		8.963581		21.520
6.146		1.7959		0.0000		875.133		3.127		15.365		8.979417		21.560
6.148		1.7991		0.0000		875.130		3.130		15.370		8.995253		21.600
6.148		1.8022		0.0000		875.127		3.133		15.370		9.011088		21.640
6.148		1.8054		0.0000		875.124		3.136		15.370		9.026923		21.680
6.148		1.8088		0.0000		875.120		3.140		15.370		9.044136		21.720
6.152		1.8127		0.0000		875.116		3.144		15.380		9.063415		21.760
6.158		1.8164		0.0000		875.113		3.147		15.395		9.082004		21.800
6.168		1.8197		0.0000		875.109		3.151		15.420		9.098528		21.840
6.170		1.8229		0.0000		875.106		3.154		15.425		9.114363		21.880
6.170		1.8260		0.0000		875.103		3.157		15.425		9.130199		21.920
6.170		1.8292		0.0000		875.100		3.160		15.425		9.146033		21.960
6.170		1.8324		0.0000		875.097		3.163		15.425		9.161869		22.000
6.170		1.8355		0.0000		875.094		3.167		15.425		9.177705		22.040
6.170		1.8388		0.0000		875.090		3.170		15.425		9.194229		22.080
6.170		1.8422		0.0000		875.087		3.173		15.425		9.210753		22.120
6.172		1.8459		0.0000		875.083		3.177		15.430		9.229343		22.160
6.178		1.8497		0.0000		875.079		3.181		15.445		9.248620		22.200
6.186		1.8530		0.0000		875.076		3.184		15.465		9.265145		22.240
6.190		1.8563		0.0000		875.073		3.187		15.475		9.281669		22.280
6.192		1.8595		0.0000		875.070		3.191		15.480		9.297504		22.320
6.190		1.8627		0.0000		875.066		3.194		15.475		9.313340		22.360
6.190		1.8658		0.0000		875.063		3.197		15.475		9.329175		22.400
6.190		1.8690		0.0000		875.060		3.200		15.475		9.345011		22.440
6.190		1.8722		0.0000		875.057		3.203		15.475		9.360847		22.480
6.190		1.8753		0.0000		875.054		3.206		15.475		9.376682		22.520
6.192		1.8791		0.0000		875.050		3.210		15.480		9.395271		22.560
6.196		1.8829		0.0000		875.046		3.214		15.490		9.414549		22.600
6.204		1.8866		0.0000		875.042		3.218		15.510		9.433138		22.640
6.212		1.8897		0.0000		875.039		3.221		15.530		9.448285		22.680
6.212		1.8928		0.0000		875.036		3.224		15.530		9.464121		22.720
6.212		1.8960		0.0000		875.033		3.227		15.530		9.479957		22.760
6.212		1.8993		0.0000		875.030		3.230		15.530		9.496480		22.800
6.212		1.9025		0.0000		875.027		3.233		15.530		9.512316		22.840
6.212		1.9056		0.0000		875.023		3.237		15.530		9.528152		22.880
6.212		1.9088		0.0000		875.020		3.240		15.530		9.543987		22.920
6.212		1.9124		0.0000		875.017		3.243		15.530		9.561888		22.960
6.214		1.9161		0.0000		875.013		3.247		15.535		9.580478		23.000
6.222		1.9200		0.0000		875.009		3.251		15.555		9.599756		23.040
6.230		1.9231		0.0000		875.006		3.254		15.575		9.615591		23.080
6.232		1.9263		0.0000		875.003		3.257		15.580		9.631426		23.120
6.232		1.9295		0.0000		875.000		3.260		15.580		9.647263		23.160
6.230		1.9326		0.0000		874.996		3.264		15.575		9.663097		23.200
6.230		1.9358		0.0000		874.993		3.267		15.575		9.678934		23.240
6.230		1.9390		0.0000		874.990		3.270		15.575		9.694768		23.280
6.230		1.9421		0.0000		874.987		3.273		15.575		9.710604		23.320
6.230		1.9456		0.0000		874.984		3.277		15.575		9.727817		23.360
6.230		1.9493		0.0000		874.980		3.280		15.575		9.746407		23.400
6.238		1.9531		0.0000		874.976		3.284		15.595		9.765684		23.440
6.246		1.9566		0.0000		874.972		3.288		15.615		9.782896		23.480
6.252		1.9596		0.0000		874.969		3.291		15.630		9.798044		23.520
6.252		1.9628		0.0000		874.966		3.294		15.630		9.813879		23.560
6.250		1.9661		0.0000		874.963		3.297		15.625		9.830403		23.600
6.250		1.9692		0.0000		874.960		3.300		15.625		9.846239		23.640
6.250		1.9724		0.0000		874.957		3.303		15.625		9.862074		23.680
6.250		1.9756		0.0000		874.953		3.307		15.625		9.877910		23.720
6.250		1.9789		0.0000		874.950		3.310		15.625		9.894433		23.760
6.250		1.9825		0.0000		874.947		3.313		15.625		9.912334		23.800
6.254		1.9863		0.0000		874.943		3.317		15.635		9.931613		23.840
6.262		1.9899		0.0000		874.939		3.321		15.655		9.949513		23.880
6.268		1.9931		0.0000		874.936		3.324		15.670		9.965349		23.920
6.270		1.9962		0.0000		874.933		3.327		15.675		9.981185		23.960
6.270		1.9994		0.0000		874.930		3.330		15.675		9.997020		24.000
6.268		2.0026		0.0000		874.927		3.334		15.670		10.012856		24.040
6.268		2.0057		0.0000		874.923		3.337		15.670		10.028691		24.080
6.268		2.0089		0.0000		874.920		3.340		15.670		10.044527		24.120
6.268		2.0122		0.0000		874.917		3.343		15.670		10.061050		24.160
6.268		2.0157		0.0000		874.913		3.347		15.670		10.078263		24.200
6.272		2.0195		0.0000		874.910		3.351		15.680		10.097541		24.240
6.280		2.0234		0.0000		874.906		3.354		15.700		10.116819		24.280
6.288		2.0265		0.0000		874.903		3.358		15.720		10.132655		24.320
6.290		2.0297		0.0000		874.899		3.361		15.725		10.148491		24.360
6.288		2.0329		0.0000		874.896		3.364		15.720		10.164326		24.400
6.288		2.0360		0.0000		874.893		3.367		15.720		10.180161		24.440
6.288		2.0392		0.0000		874.890		3.370		15.720		10.195997		24.480
6.288		2.0424		0.0000		874.887		3.373		15.720		10.211832		24.520
6.286		2.0455		0.0000		874.884		3.377		15.715		10.227667		24.560
6.286		2.0490		0.0000		874.880		3.380		15.715		10.244880		24.600
6.288		2.0527		0.0000		874.876		3.384		15.720		10.263470		24.640
6.294		2.0565		0.0000		874.872		3.388		15.735		10.282747		24.680
6.304		2.0599		0.0000		874.869		3.391		15.760		10.299272		24.720
6.308		2.0630		0.0000		874.866		3.394		15.770		10.315107		24.760
6.308		2.0662		0.0000		874.863		3.397		15.770		10.330943		24.800
6.306		2.0695		0.0000		874.860		3.401		15.765		10.347466		24.840
6.304		2.0727		0.0000		874.856		3.404		15.760		10.363302		24.880
6.304		2.0758		0.0000		874.853		3.407		15.760		10.379138		24.920
6.304		2.0790		0.0000		874.850		3.410		15.760		10.394973		24.960
6.302		2.0823		0.0000		874.847		3.413		15.755		10.411497		25.000
6.304		2.0859		0.0000		874.843		3.417		15.760		10.429398		25.040
6.308		2.0899		0.0000		874.839		3.421		15.770		10.449364		25.080
6.318		2.0933		0.0000		874.836		3.424		15.795		10.466577		25.120
6.324		2.0965		0.0000		874.833		3.427		15.810		10.482412		25.160
6.326		2.0996		0.0000		874.829		3.431		15.815		10.498248		25.200
6.324		2.1028		0.0000		874.826		3.434		15.810		10.514084		25.240
6.324		2.1060		0.0000		874.823		3.437		15.810		10.529919		25.280
6.322		2.1092		0.0000		874.820		3.440		15.805		10.545754		25.320
6.322		2.1123		0.0000		874.817		3.443		15.805		10.561590		25.360
6.320		2.1156		0.0000		874.813		3.447		15.800		10.578114		25.400
6.320		2.1192		0.0000		874.810		3.450		15.800		10.596016		25.440
6.324		2.1229		0.0000		874.806		3.454		15.810		10.614605		25.480
6.330		2.1268		0.0000		874.802		3.458		15.825		10.633883		25.520
6.338		2.1299		0.0000		874.799		3.461		15.845		10.649718		25.560
6.342		2.1331		0.0000		874.796		3.464		15.855		10.665554		25.600
6.342		2.1363		0.0000		874.793		3.467		15.855		10.681390		25.640
6.340		2.1394		0.0000		874.790		3.470		15.850		10.697224		25.680
6.340		2.1426		0.0000		874.786		3.474		15.850		10.713060		25.720
6.340		2.1458		0.0000		874.783		3.477		15.850		10.728895		25.760
6.338		2.1489		0.0000		874.780		3.480		15.845		10.744732		25.800
6.338		2.1524		0.0000		874.777		3.483		15.845		10.761944		25.840
6.340		2.1562		0.0000		874.773		3.487		15.850		10.781221		25.880
6.346		2.1601		0.0000		874.769		3.491		15.865		10.800500		25.920
6.354		2.1633		0.0000		874.766		3.494		15.885		10.816336		25.960
6.360		2.1664		0.0000		874.763		3.497		15.900		10.832170		26.000
6.358		2.1696		0.0000		874.759		3.501		15.895		10.848006		26.040
6.356		2.1728		0.0000		874.756		3.504		15.890		10.863842		26.080
6.356		2.1761		0.0000		874.753		3.507		15.890		10.880365		26.120
6.356		2.1792		0.0000		874.750		3.510		15.890		10.896201		26.160
6.354		2.1824		0.0000		874.747		3.513		15.885		10.912037		26.200
6.354		2.1857		0.0000		874.743		3.517		15.885		10.928560		26.240
6.354		2.1893		0.0000		874.740		3.520		15.885		10.946463		26.280
6.358		2.1933		0.0000		874.736		3.524		15.895		10.966429		26.320
6.368		2.1967		0.0000		874.732		3.528		15.920		10.983641		26.360
6.374		2.1999		0.0000		874.729		3.531		15.935		10.999475		26.400
6.372		2.2031		0.0000		874.726		3.534		15.930		11.015311		26.440
6.372		2.2062		0.0000		874.723		3.537		15.930		11.031147		26.480
6.370		2.2094		0.0000		874.720		3.540		15.925		11.046983		26.520
6.368		2.2126		0.0000		874.716		3.544		15.920		11.062818		26.560
6.368		2.2159		0.0000		874.713		3.547		15.920		11.079342		26.600
6.368		2.2189		0.0000		874.710		3.550		15.920		11.094489		26.640
6.368		2.2226		0.0000		874.706		3.554		15.920		11.113079		26.680
6.370		2.2265		0.0000		874.703		3.557		15.925		11.132357		26.720
6.378		2.2302		0.0000		874.699		3.561		15.945		11.150947		26.760
6.386		2.2334		0.0000		874.696		3.564		15.965		11.166781		26.800
6.388		2.2364		0.0000		874.693		3.567		15.970		11.181929		26.840
6.386		2.2397		0.0000		874.689		3.571		15.965		11.198453		26.880
6.384		2.2429		0.0000		874.686		3.574		15.960		11.214289		26.920
6.384		2.2460		0.0000		874.683		3.577		15.960		11.230124		26.960
6.382		2.2492		0.0000		874.680		3.580		15.955		11.245958		27.000
6.382		2.2524		0.0000		874.677		3.583		15.955		11.261795		27.040
6.382		2.2558		0.0000		874.673		3.587		15.955		11.279007		27.080
6.382		2.2597		0.0000		874.669		3.591		15.955		11.298285		27.120
6.388		2.2635		0.0000		874.666		3.595		15.970		11.317563		27.160
6.398		2.2667		0.0000		874.662		3.598		15.995		11.333399		27.200
6.402		2.2698		0.0000		874.659		3.601		16.005		11.349235		27.240
6.400		2.2730		0.0000		874.656		3.604		16.000		11.365069		27.280
6.398		2.2762		0.0000		874.653		3.607		15.995		11.380905		27.320
6.396		2.2793		0.0000		874.650		3.610		15.990		11.396741		27.360
6.396		2.2825		0.0000		874.647		3.614		15.990		11.412577		27.400
6.396		2.2858		0.0000		874.643		3.617		15.990		11.429100		27.440
6.394		2.2890		0.0000		874.640		3.620		15.985		11.444936		27.480
6.394		2.2928		0.0000		874.636		3.624		15.985		11.464213		27.520
6.400		2.2967		0.0000		874.632		3.628		16.000		11.483492		27.560
6.410		2.3003		0.0000		874.629		3.631		16.025		11.501392		27.600
6.414		2.3033		0.0000		874.626		3.634		16.035		11.516541		27.640
6.414		2.3065		0.0000		874.623		3.637		16.035		11.532374		27.680
6.412		2.3096		0.0000		874.619		3.641		16.030		11.548210		27.720
6.410		2.3129		0.0000		874.616		3.644		16.025		11.564735		27.760
6.410		2.3160		0.0000		874.613		3.647		16.025		11.579882		27.800
6.408		2.3193		0.0000		874.610		3.650		16.020		11.596405		27.840
6.406		2.3224		0.0000		874.607		3.653		16.015		11.612242		27.880
6.406		2.3259		0.0000		874.603		3.657		16.015		11.629454		27.920
6.408		2.3300		0.0000		874.599		3.661		16.020		11.650108		27.960
6.416		2.3336		0.0000		874.595		3.665		16.040		11.668010		28.000
6.422		2.3368		0.0000		874.592		3.668		16.055		11.683846		28.040
6.422		2.3398		0.0000		874.589		3.671		16.055		11.698992		28.080
6.420		2.3430		0.0000		874.586		3.674		16.050		11.714828		28.120
6.418		2.3463		0.0000		874.583		3.677		16.045		11.731352		28.160
6.418		2.3494		0.0000		874.580		3.680		16.045		11.747188		28.200
6.418		2.3526		0.0000		874.576		3.684		16.045		11.763023		28.240
6.416		2.3558		0.0000		874.573		3.687		16.040		11.778858		28.280
6.416		2.3592		0.0000		874.570		3.690		16.040		11.796070		28.320
6.416		2.3631		0.0000		874.566		3.694		16.040		11.815349		28.360
6.424		2.3669		0.0000		874.562		3.698		16.060		11.834626		28.400
6.432		2.3701		0.0000		874.559		3.701		16.080		11.850462		28.440
6.434		2.3734		0.0000		874.556		3.704		16.085		11.866985		28.480
6.432		2.3764		0.0000		874.553		3.707		16.080		11.882133		28.520
6.430		2.3796		0.0000		874.549		3.711		16.075		11.897968		28.560
6.428		2.3829		0.0000		874.546		3.714		16.070		11.914493		28.600
6.428		2.3861		0.0000		874.543		3.717		16.070		11.930328		28.640
6.426		2.3892		0.0000		874.540		3.720		16.065		11.946163		28.680
6.426		2.3925		0.0000		874.536		3.724		16.065		11.962688		28.720
6.426		2.3963		0.0000		874.533		3.727		16.065		11.981277		28.760
6.430		2.4001		0.0000		874.529		3.731		16.075		12.000555		28.800
6.440		2.4036		0.0000		874.526		3.735		16.100		12.017767		28.840
6.444		2.4069		0.0000		874.522		3.738		16.110		12.034292		28.880
6.444		2.4099		0.0000		874.519		3.741		16.110		12.049438		28.920
6.442		2.4131		0.0000		874.516		3.744		16.105		12.065275		28.960
6.440		2.4162		0.0000		874.513		3.747		16.100		12.081109		29.000
6.440		2.4194		0.0000		874.510		3.750		16.100		12.096945		29.040
6.438		2.4227		0.0000		874.506		3.754		16.095		12.113468		29.080
6.436		2.4259		0.0000		874.503		3.757		16.090		12.129305		29.120
6.436		2.4296		0.0000		874.500		3.761		16.090		12.147894		29.160
6.440		2.4333		0.0000		874.496		3.764		16.100		12.166483		29.200
6.448		2.4370		0.0000		874.492		3.768		16.120		12.185073		29.240
6.454		2.4402		0.0000		874.489		3.771		16.135		12.200909		29.280
6.456		2.4433		0.0000		874.486		3.774		16.140		12.216744		29.320
6.452		2.4465		0.0000		874.483		3.778		16.130		12.232580		29.360
6.452		2.4497		0.0000		874.479		3.781		16.130		12.248415		29.400
6.452		2.4529		0.0000		874.476		3.784		16.130		12.264251		29.440
6.450		2.4560		0.0000		874.473		3.787		16.125		12.280087		29.480
6.448		2.4593		0.0000		874.470		3.790		16.120		12.296610		29.520
6.448		2.4628		0.0000		874.466		3.794		16.120		12.313823		29.560
6.448		2.4665		0.0000		874.463		3.797		16.120		12.332412		29.600
6.454		2.4703		0.0000		874.459		3.801		16.135		12.351690		29.640
6.462		2.4736		0.0000		874.455		3.805		16.155		12.368214		29.680
6.464		2.4768		0.0000		874.452		3.808		16.160		12.384050		29.720
6.462		2.4798		0.0000		874.449		3.811		16.155		12.399197		29.760
6.460		2.4830		0.0000		874.446		3.814		16.150		12.415032		29.800
6.458		2.4863		0.0000		874.443		3.817		16.145		12.431556		29.840
6.458		2.4895		0.0000		874.440		3.820		16.145		12.447392		29.880
6.456		2.4926		0.0000		874.436		3.824		16.140		12.463227		29.920
6.456		2.4960		0.0000		874.433		3.827		16.140		12.479752		29.960
6.454		2.4997		0.0000		874.429		3.831		16.135		12.498341		30.000
6.460		2.5037		0.0000		874.425		3.835		16.150		12.518307		30.040
6.468		2.5070		0.0000		874.422		3.838		16.170		12.534830		30.080
6.472		2.5101		0.0000		874.419		3.841		16.180		12.550667		30.120
6.470		2.5133		0.0000		874.416		3.844		16.175		12.566502		30.160
6.468		2.5165		0.0000		874.413		3.847		16.170		12.582338		30.200
6.466		2.5198		0.0000		874.409		3.851		16.165		12.598862		30.240
6.464		2.5229		0.0000		874.406		3.854		16.160		12.614697		30.280
6.462		2.5261		0.0000		874.403		3.857		16.155		12.630533		30.320
6.462		2.5293		0.0000		874.400		3.860		16.155		12.646368		30.360
6.462		2.5329		0.0000		874.396		3.864		16.155		12.664269		30.400
6.464		2.5368		0.0000		874.392		3.868		16.160		12.684236		30.440
6.472		2.5404		0.0000		874.389		3.871		16.180		12.702136		30.480
6.480		2.5435		0.0000		874.386		3.874		16.200		12.717284		30.520
6.480		2.5468		0.0000		874.382		3.878		16.200		12.733808		30.560
6.478		2.5498		0.0000		874.379		3.881		16.195		12.748955		30.600
6.476		2.5531		0.0000		874.376		3.884		16.190		12.765479		30.640
6.474		2.5563		0.0000		874.373		3.887		16.185		12.781314		30.680
6.472		2.5594		0.0000		874.370		3.890		16.180		12.797150		30.720
6.470		2.5626		0.0000		874.366		3.894		16.175		12.812985		30.760
6.468		2.5660		0.0000		874.363		3.897		16.170		12.830198		30.800
6.470		2.5699		0.0000		874.359		3.901		16.175		12.849475		30.840
6.476		2.5738		0.0000		874.355		3.905		16.190		12.868753		30.880
6.484		2.5769		0.0000		874.352		3.908		16.210		12.884589		30.920
6.488		2.5801		0.0000		874.349		3.911		16.220		12.900425		30.960
6.484		2.5833		0.0000		874.346		3.914		16.210		12.916260		31.000
6.484		2.5866		0.0000		874.343		3.918		16.210		12.932785		31.040
6.482		2.5897		0.0000		874.339		3.921		16.205		12.948619		31.080
6.480		2.5929		0.0000		874.336		3.924		16.200		12.964455		31.120
6.478		2.5961		0.0000		874.333		3.927		16.195		12.980290		31.160
6.476		2.5994		0.0000		874.330		3.930		16.190		12.996815		31.200
6.476		2.6032		0.0000		874.326		3.934		16.190		13.016092		31.240
6.480		2.6071		0.0000		874.322		3.938		16.200		13.035370		31.280
6.488		2.6104		0.0000		874.319		3.941		16.220		13.051895		31.320
6.492		2.6135		0.0000		874.315		3.945		16.230		13.067731		31.360
6.490		2.6167		0.0000		874.312		3.948		16.225		13.083565		31.400
6.486		2.6199		0.0000		874.309		3.951		16.215		13.099401		31.440
6.484		2.6230		0.0000		874.306		3.954		16.210		13.115236		31.480
6.484		2.6262		0.0000		874.303		3.957		16.210		13.131073		31.520
6.480		2.6294		0.0000		874.300		3.960		16.200		13.146907		31.560
6.478		2.6325		0.0000		874.297		3.964		16.195		13.162743		31.600
6.476		2.6363		0.0000		874.293		3.967		16.190		13.181333		31.640
6.480		2.6403		0.0000		874.289		3.971		16.200		13.201299		31.680
6.488		2.6438		0.0000		874.285		3.975		16.220		13.219200		31.720
6.494		2.6470		0.0000		874.282		3.978		16.235		13.235036		31.760
6.492		2.6500		0.0000		874.279		3.981		16.230		13.250183		31.800
6.490		2.6533		0.0000		874.276		3.984		16.225		13.266706		31.840
6.486		2.6565		0.0000		874.273		3.988		16.215		13.282542		31.880
6.484		2.6597		0.0000		874.269		3.991		16.210		13.298378		31.920
6.482		2.6628		0.0000		874.266		3.994		16.205		13.314213		31.960
6.480		2.6660		0.0000		874.263		3.997		16.200		13.330049		32.000
6.478		2.6696		0.0000		874.259		4.001		16.195		13.347949		32.040
6.480		2.6734		0.0000		874.256		4.004		16.200		13.367228		32.080
6.486		2.6772		0.0000		874.252		4.008		16.215		13.385817		32.120
6.494		2.6805		0.0000		874.249		4.011		16.235		13.402342		32.160
6.496		2.6835		0.0000		874.246		4.015		16.240		13.417488		32.200
6.492		2.6867		0.0000		874.242		4.018		16.230		13.433324		32.240
6.490		2.6900		0.0000		874.239		4.021		16.225		13.449846		32.280
6.488		2.6931		0.0000		874.236		4.024		16.220		13.465682		32.320
6.484		2.6963		0.0000		874.233		4.027		16.210		13.481518		32.360
6.482		2.6995		0.0000		874.230		4.030		16.205		13.497354		32.400
6.480		2.7028		0.0000		874.226		4.034		16.200		13.513879		32.440
6.480		2.7065		0.0000		874.223		4.038		16.200		13.532468		32.480
6.484		2.7105		0.0000		874.219		4.041		16.210		13.552433		32.520
6.492		2.7139		0.0000		874.215		4.045		16.230		13.569647		32.560
6.496		2.7170		0.0000		874.212		4.048		16.240		13.584794		32.600
6.494		2.7201		0.0000		874.209		4.051		16.235		13.600630		32.640
6.490		2.7233		0.0000		874.206		4.054		16.225		13.616466		32.680
6.488		2.7265		0.0000		874.203		4.057		16.220		13.632301		32.720
6.484		2.7296		0.0000		874.199		4.061		16.210		13.648134		32.760
6.482		2.7329		0.0000		874.196		4.064		16.205		13.664660		32.800
6.480		2.7361		0.0000		874.193		4.067		16.200		13.680495		32.840
6.478		2.7398		0.0000		874.189		4.071		16.195		13.699084		32.880
6.480		2.7437		0.0000		874.185		4.075		16.200		13.718363		32.920
6.488		2.7473		0.0000		874.182		4.078		16.220		13.736263		32.960
6.494		2.7504		0.0000		874.179		4.081		16.235		13.752099		33.000
6.492		2.7536		0.0000		874.175		4.085		16.230		13.767935		33.040
6.490		2.7568		0.0000		874.172		4.088		16.225		13.783771		33.080
6.486		2.7599		0.0000		874.169		4.091		16.215		13.799606		33.120
6.484		2.7631		0.0000		874.166		4.094		16.210		13.815442		33.160
6.482		2.7661		0.0000		874.163		4.097		16.205		13.830589		33.200
6.478		2.7694		0.0000		874.160		4.100		16.195		13.847112		33.240
6.476		2.7730		0.0000		874.156		4.104		16.190		13.865014		33.280
6.476		2.7769		0.0000		874.152		4.108		16.190		13.884291		33.320
6.482		2.7807		0.0000		874.148		4.112		16.205		13.903569		33.360
6.490		2.7836		0.0000		874.145		4.115		16.225		13.918027		33.400
6.488		2.7869		0.0000		874.142		4.118		16.220		13.934551		33.440
6.484		2.7901		0.0000		874.139		4.121		16.210		13.950387		33.480
6.480		2.7934		0.0000		874.136		4.124		16.200		13.966912		33.520
6.478		2.7965		0.0000		874.133		4.128		16.195		13.982748		33.560
6.474		2.7997		0.0000		874.129		4.131		16.185		13.998581		33.600
6.472		2.8029		0.0000		874.126		4.134		16.180		14.014417		33.640
6.470		2.8062		0.0000		874.123		4.137		16.175		14.030942		33.680
6.470		2.8100		0.0000		874.119		4.141		16.175		14.050220		33.720
6.474		2.8139		0.0000		874.115		4.145		16.185		14.069499		33.760
6.480		2.8172		0.0000		874.112		4.148		16.200		14.086021		33.800
6.484		2.8204		0.0000		874.109		4.151		16.210		14.101857		33.840
6.480		2.8235		0.0000		874.106		4.155		16.200		14.117693		33.880
6.478		2.8266		0.0000		874.102		4.158		16.195		14.132839		33.920
6.474		2.8299		0.0000		874.099		4.161		16.185		14.149364		33.960
6.470		2.8330		0.0000		874.096		4.164		16.175		14.165200		34.000
6.468		2.8362		0.0000		874.093		4.167		16.170		14.181036		34.040
6.466		2.8395		0.0000		874.090		4.171		16.165		14.197558		34.080
6.464		2.8432		0.0000		874.086		4.174		16.160		14.216147		34.120
6.468		2.8471		0.0000		874.082		4.178		16.170		14.235426		34.160
6.474		2.8507		0.0000		874.078		4.182		16.185		14.253326		34.200
6.480		2.8537		0.0000		874.075		4.185		16.200		14.268474		34.240
6.478		2.8570		0.0000		874.072		4.188		16.195		14.284998		34.280
6.476		2.8602		0.0000		874.069		4.191		16.190		14.300834		34.320
6.472		2.8633		0.0000		874.066		4.194		16.180		14.316669		34.360
6.470		2.8665		0.0000		874.063		4.198		16.175		14.332505		34.400
6.468		2.8697		0.0000		874.059		4.201		16.170		14.348341		34.440
6.464		2.8728		0.0000		874.056		4.204		16.160		14.364175		34.480
6.462		2.8764		0.0000		874.053		4.207		16.155		14.382077		34.520
6.462		2.8803		0.0000		874.049		4.211		16.155		14.401354		34.560
6.468		2.8840		0.0000		874.045		4.215		16.170		14.419943		34.600
6.474		2.8872		0.0000		874.042		4.218		16.185		14.435779		34.640
6.474		2.8903		0.0000		874.039		4.221		16.185		14.451614		34.680
6.470		2.8935		0.0000		874.036		4.224		16.175		14.467450		34.720
6.466		2.8967		0.0000		874.032		4.228		16.165		14.483286		34.760
6.462		2.8998		0.0000		874.029		4.231		16.155		14.499122		34.800
6.460		2.9030		0.0000		874.026		4.234		16.150		14.514957		34.840
6.456		2.9062		0.0000		874.023		4.237		16.140		14.530793		34.880
6.452		2.9096		0.0000		874.019		4.241		16.130		14.548005		34.920
6.452		2.9135		0.0000		874.016		4.244		16.130		14.567284		34.960
6.454		2.9173		0.0000		874.012		4.248		16.135		14.586562		35.000
6.462		2.9206		0.0000		874.008		4.252		16.155		14.603085		35.040
6.462		2.9238		0.0000		874.005		4.255		16.155		14.618920		35.080
6.458		2.9270		0.0000		874.002		4.258		16.145		14.634756		35.120
6.454		2.9301		0.0000		873.999		4.261		16.135		14.650592		35.160
6.452		2.9333		0.0000		873.996		4.264		16.130		14.666428		35.200
6.450		2.9365		0.0000		873.993		4.267		16.125		14.682263		35.240
6.446		2.9396		0.0000		873.989		4.271		16.115		14.698099		35.280
6.442		2.9429		0.0000		873.986		4.274		16.105		14.714622		35.320
6.442		2.9466		0.0000		873.982		4.278		16.105		14.733211		35.360
6.444		2.9505		0.0000		873.979		4.282		16.110		14.752489		35.400
6.448		2.9541		0.0000		873.975		4.285		16.120		14.770390		35.440
6.452		2.9572		0.0000		873.972		4.288		16.130		14.786225		35.480
6.450		2.9603		0.0000		873.969		4.291		16.125		14.801373		35.520
6.446		2.9636		0.0000		873.965		4.295		16.115		14.817897		35.560
6.442		2.9666		0.0000		873.962		4.298		16.105		14.833044		35.600
6.438		2.9699		0.0000		873.959		4.301		16.095		14.849568		35.640
6.434		2.9731		0.0000		873.956		4.304		16.085		14.865404		35.680
6.430		2.9762		0.0000		873.953		4.307		16.075		14.881240		35.720
6.428		2.9798		0.0000		873.949		4.311		16.070		14.899140		35.760
6.430		2.9835		0.0000		873.945		4.315		16.075		14.917730		35.800
6.434		2.9874		0.0000		873.942		4.318		16.085		14.937009		35.840
6.440		2.9906		0.0000		873.938		4.322		16.100		14.952842		35.880
6.438		2.9937		0.0000		873.935		4.325		16.095		14.968678		35.920
6.434		2.9969		0.0000		873.932		4.328		16.085		14.984513		35.960
6.430		3.0002		0.0000		873.929		4.331		16.075		15.001039		36.000
6.426		3.0034		0.0000		873.926		4.334		16.065		15.016874		36.040
6.422		3.0065		0.0000		873.923		4.338		16.055		15.032710		36.080
6.420		3.0097		0.0000		873.919		4.341		16.050		15.048546		36.120
6.416		3.0132		0.0000		873.916		4.344		16.040		15.065757		36.160
6.414		3.0169		0.0000		873.912		4.348		16.035		15.084347		36.200
6.418		3.0207		0.0000		873.908		4.352		16.045		15.103625		36.240
6.424		3.0240		0.0000		873.905		4.355		16.060		15.120148		36.280
6.424		3.0272		0.0000		873.902		4.358		16.060		15.135983		36.320
6.420		3.0304		0.0000		873.899		4.361		16.050		15.151819		36.360
6.416		3.0334		0.0000		873.896		4.364		16.040		15.166965		36.400
6.412		3.0367		0.0000		873.892		4.368		16.030		15.183491		36.440
6.408		3.0399		0.0000		873.889		4.371		16.020		15.199327		36.480
6.404		3.0430		0.0000		873.886		4.374		16.010		15.215162		36.520
6.402		3.0463		0.0000		873.883		4.377		16.005		15.231687		36.560
6.398		3.0501		0.0000		873.879		4.381		15.995		15.250277		36.600
6.400		3.0539		0.0000		873.875		4.385		16.000		15.269552		36.640
6.406		3.0575		0.0000		873.872		4.388		16.015		15.287456		36.680
6.408		3.0605		0.0000		873.869		4.392		16.020		15.302602		36.720
6.404		3.0637		0.0000		873.865		4.395		16.010		15.318438		36.760
6.398		3.0670		0.0000		873.862		4.398		15.995		15.334960		36.800
6.394		3.0702		0.0000		873.859		4.401		15.985		15.350796		36.840
6.392		3.0733		0.0000		873.856		4.404		15.980		15.366632		36.880
6.388		3.0765		0.0000		873.853		4.408		15.970		15.382467		36.920
6.384		3.0798		0.0000		873.849		4.411		15.960		15.398993		36.960
6.380		3.0832		0.0000		873.846		4.414		15.950		15.416203		37.000
6.380		3.0871		0.0000		873.842		4.418		15.950		15.435482		37.040
6.384		3.0908		0.0000		873.838		4.422		15.960		15.454072		37.080
6.388		3.0940		0.0000		873.835		4.425		15.970		15.469908		37.120
6.386		3.0971		0.0000		873.832		4.428		15.965		15.485744		37.160
6.382		3.1003		0.0000		873.829		4.431		15.955		15.501576		37.200
6.376		3.1035		0.0000		873.826		4.434		15.940		15.517412		37.240
6.372		3.1066		0.0000		873.822		4.438		15.930		15.533248		37.280
6.368		3.1098		0.0000		873.819		4.441		15.920		15.549084		37.320
6.366		3.1131		0.0000		873.816		4.444		15.915		15.565609		37.360
6.362		3.1164		0.0000		873.813		4.447		15.905		15.582131		37.400
6.360		3.1203		0.0000		873.809		4.451		15.900		15.601410		37.440
6.364		3.1241		0.0000		873.805		4.455		15.910		15.620688		37.480
6.370		3.1273		0.0000		873.802		4.458		15.925		15.636524		37.520
6.370		3.1305		0.0000		873.799		4.461		15.925		15.652360		37.560
6.366		3.1338		0.0000		873.795		4.465		15.915		15.668882		37.600
6.360		3.1369		0.0000		873.792		4.468		15.900		15.684718		37.640
6.356		3.1401		0.0000		873.789		4.471		15.890		15.700554		37.680
6.352		3.1433		0.0000		873.786		4.474		15.880		15.716390		37.720
6.348		3.1466		0.0000		873.782		4.478		15.870		15.732914		37.760
6.344		3.1497		0.0000		873.779		4.481		15.860		15.748750		37.800
6.342		3.1535		0.0000		873.776		4.484		15.855		15.767340		37.840
6.342		3.1573		0.0000		873.772		4.488		15.855		15.786615		37.880
6.348		3.1608		0.0000		873.768		4.492		15.870		15.803829		37.920
6.350		3.1639		0.0000		873.765		4.495		15.875		15.819665		37.960
6.346		3.1671		0.0000		873.762		4.498		15.865		15.835501		38.000
6.342		3.1703		0.0000		873.759		4.501		15.855		15.851336		38.040
6.336		3.1736		0.0000		873.755		4.505		15.840		15.867859		38.080
6.332		3.1767		0.0000		873.752		4.508		15.830		15.883695		38.120
6.328		3.1799		0.0000		873.749		4.511		15.820		15.899530		38.160
6.322		3.1831		0.0000		873.746		4.514		15.805		15.915366		38.200
6.318		3.1867		0.0000		873.742		4.518		15.795		15.933267		38.240
6.318		3.1905		0.0000		873.739		4.522		15.795		15.952545		38.280
6.322		3.1942		0.0000		873.735		4.525		15.805		15.971135		38.320
6.326		3.1973		0.0000		873.732		4.528		15.815		15.986281		38.360
6.322		3.2006		0.0000		873.729		4.532		15.805		16.002806		38.400
6.316		3.2037		0.0000		873.725		4.535		15.790		16.018642		38.440
6.312		3.2069		0.0000		873.722		4.538		15.780		16.034475		38.480
6.308		3.2101		0.0000		873.719		4.541		15.770		16.050312		38.521
6.304		3.2132		0.0000		873.716		4.544		15.760		16.066147		38.561
6.298		3.2165		0.0000		873.713		4.548		15.745		16.082672		38.601
6.294		3.2200		0.0000		873.709		4.551		15.735		16.099884		38.641
6.292		3.2237		0.0000		873.705		4.555		15.730		16.118473		38.681
6.294		3.2274		0.0000		873.702		4.558		15.735		16.137062		38.721
6.296		3.2307		0.0000		873.698		4.562		15.740		16.153587		38.761
6.296		3.2339		0.0000		873.695		4.565		15.740		16.169422		38.801
6.290		3.2371		0.0000		873.692		4.568		15.725		16.185259		38.841
6.284		3.2404		0.0000		873.689		4.571		15.710		16.201780		38.881
6.280		3.2435		0.0000		873.686		4.575		15.700		16.217617		38.921
6.276		3.2467		0.0000		873.682		4.578		15.690		16.233452		38.961
6.270		3.2499		0.0000		873.679		4.581		15.675		16.249289		39.001
6.266		3.2532		0.0000		873.676		4.584		15.665		16.265814		39.041
6.264		3.2569		0.0000		873.672		4.588		15.660		16.284403		39.081
6.264		3.2607		0.0000		873.668		4.592		15.660		16.303680		39.121
6.268		3.2642		0.0000		873.665		4.595		15.670		16.320892		39.161
6.270		3.2673		0.0000		873.662		4.598		15.675		16.336729		39.201
6.264		3.2705		0.0000		873.659		4.602		15.660		16.352564		39.241
6.258		3.2737		0.0000		873.655		4.605		15.645		16.368401		39.281
6.254		3.2770		0.0000		873.652		4.608		15.635		16.384922		39.321
6.248		3.2802		0.0000		873.649		4.611		15.620		16.400759		39.361
6.242		3.2833		0.0000		873.646		4.614		15.605		16.416594		39.401
6.238		3.2866		0.0000		873.642		4.618		15.595		16.433119		39.441
6.234		3.2901		0.0000		873.639		4.621		15.585		16.450331		39.481
6.232		3.2939		0.0000		873.635		4.625		15.580		16.469608		39.521
6.236		3.2975		0.0000		873.632		4.629		15.590		16.487509		39.561
6.238		3.3007		0.0000		873.628		4.632		15.595		16.503345		39.601
6.236		3.3040		0.0000		873.625		4.635		15.590		16.519869		39.641
6.230		3.3071		0.0000		873.622		4.638		15.575		16.535706		39.681
6.226		3.3103		0.0000		873.619		4.641		15.565		16.551540		39.721
6.220		3.3135		0.0000		873.616		4.644		15.550		16.567375		39.761
6.216		3.3166		0.0000		873.612		4.648		15.540		16.583210		39.801
6.210		3.3199		0.0000		873.609		4.651		15.525		16.599735		39.841
6.206		3.3234		0.0000		873.606		4.654		15.515		16.616949		39.881
6.204		3.3271		0.0000		873.602		4.658		15.510		16.635538		39.921
6.206		3.3310		0.0000		873.598		4.662		15.515		16.654814		39.961
6.208		3.3341		0.0000		873.595		4.665		15.520		16.670650		40.001
6.206		3.3373		0.0000		873.592		4.668		15.515		16.686485		40.041
6.200		3.3405		0.0000		873.589		4.671		15.500		16.702322		40.081
6.194		3.3438		0.0000		873.585		4.675		15.485		16.718847		40.121
6.190		3.3469		0.0000		873.582		4.678		15.475		16.734682		40.161
6.184		3.3501		0.0000		873.579		4.681		15.460		16.750515		40.201
6.178		3.3533		0.0000		873.576		4.684		15.445		16.766352		40.241
6.172		3.3566		0.0000		873.573		4.688		15.430		16.782877		40.281
6.168		3.3603		0.0000		873.569		4.691		15.420		16.801466		40.321
6.168		3.3641		0.0000		873.565		4.695		15.420		16.820744		40.361
