数据量:1066
试验力		变形		扩展变形		位置		位移		应力		应变		时间
0.010		0.0019		0.0000		876.997		1.145		0.025		0.009639		0.040
0.010		0.0051		0.0000		876.994		1.149		0.025		0.025475		0.080
0.010		0.0084		0.0000		876.991		1.152		0.025		0.041999		0.120
0.010		0.0116		0.0000		876.988		1.155		0.025		0.057834		0.160
0.012		0.0149		0.0000		876.984		1.158		0.030		0.074358		0.200
0.012		0.0182		0.0000		876.981		1.162		0.030		0.090882		0.240
0.012		0.0216		0.0000		876.978		1.165		0.030		0.108095		0.280
0.014		0.0255		0.0000		876.974		1.169		0.035		0.127373		0.320
0.014		0.0289		0.0000		876.970		1.172		0.035		0.144585		0.360
0.014		0.0322		0.0000		876.967		1.176		0.035		0.161110		0.400
0.016		0.0354		0.0000		876.964		1.179		0.040		0.176945		0.440
0.016		0.0384		0.0000		876.961		1.182		0.040		0.192092		0.480
0.018		0.0419		0.0000		876.957		1.185		0.045		0.209304		0.520
0.018		0.0450		0.0000		876.954		1.188		0.045		0.225140		0.560
0.020		0.0482		0.0000		876.951		1.192		0.050		0.240975		0.600
0.020		0.0515		0.0000		876.948		1.195		0.050		0.257499		0.640
0.022		0.0549		0.0000		876.944		1.198		0.055		0.274712		0.680
0.024		0.0587		0.0000		876.940		1.202		0.060		0.293301		0.720
0.026		0.0622		0.0000		876.937		1.206		0.065		0.311202		0.760
0.028		0.0655		0.0000		876.934		1.209		0.070		0.327726		0.800
0.030		0.0687		0.0000		876.930		1.212		0.075		0.343562		0.840
0.032		0.0720		0.0000		876.927		1.215		0.080		0.360086		0.880
0.036		0.0752		0.0000		876.924		1.219		0.090		0.375921		0.920
0.038		0.0785		0.0000		876.921		1.222		0.095		0.392445		0.960
0.042		0.0817		0.0000		876.918		1.225		0.105		0.408280		1.000
0.044		0.0848		0.0000		876.914		1.228		0.110		0.424116		1.040
0.048		0.0881		0.0000		876.911		1.232		0.120		0.440640		1.080
0.050		0.0920		0.0000		876.907		1.235		0.125		0.459918		1.120
0.056		0.0957		0.0000		876.904		1.239		0.140		0.478508		1.160
0.060		0.0990		0.0000		876.900		1.242		0.150		0.495032		1.200
0.066		0.1022		0.0000		876.897		1.246		0.165		0.510867		1.240
0.070		0.1053		0.0000		876.894		1.249		0.175		0.526703		1.280
0.074		0.1086		0.0000		876.891		1.252		0.185		0.543227		1.320
0.080		0.1118		0.0000		876.887		1.255		0.200		0.559062		1.360
0.084		0.1151		0.0000		876.884		1.259		0.210		0.575587		1.400
0.090		0.1183		0.0000		876.881		1.262		0.225		0.591422		1.440
0.096		0.1216		0.0000		876.878		1.265		0.240		0.607946		1.480
0.104		0.1252		0.0000		876.874		1.269		0.260		0.625847		1.520
0.110		0.1289		0.0000		876.870		1.272		0.275		0.644436		1.560
0.118		0.1323		0.0000		876.867		1.276		0.295		0.661649		1.600
0.126		0.1355		0.0000		876.864		1.279		0.315		0.677484		1.640
0.134		0.1388		0.0000		876.860		1.282		0.335		0.694008		1.680
0.142		0.1420		0.0000		876.857		1.285		0.355		0.709844		1.720
0.150		0.1453		0.0000		876.854		1.289		0.375		0.726368		1.760
0.158		0.1484		0.0000		876.851		1.292		0.395		0.742203		1.800
0.168		0.1516		0.0000		876.848		1.295		0.420		0.758039		1.840
0.178		0.1549		0.0000		876.844		1.298		0.445		0.774563		1.880
0.186		0.1584		0.0000		876.841		1.302		0.465		0.791775		1.920
0.196		0.1621		0.0000		876.837		1.306		0.490		0.810365		1.960
0.208		0.1658		0.0000		876.833		1.309		0.520		0.828955		2.000
0.220		0.1690		0.0000		876.830		1.312		0.550		0.844790		2.040
0.232		0.1721		0.0000		876.827		1.316		0.580		0.860626		2.080
0.242		0.1753		0.0000		876.824		1.319		0.605		0.876461		2.120
0.254		0.1786		0.0000		876.821		1.322		0.635		0.892985		2.160
0.264		0.1819		0.0000		876.817		1.325		0.660		0.909509		2.200
0.276		0.1851		0.0000		876.814		1.329		0.690		0.925344		2.240
0.286		0.1882		0.0000		876.811		1.332		0.715		0.941180		2.280
0.298		0.1917		0.0000		876.807		1.335		0.745		0.958392		2.320
0.308		0.1954		0.0000		876.804		1.339		0.770		0.976982		2.360
0.320		0.1990		0.0000		876.800		1.342		0.800		0.994883		2.400
0.334		0.2023		0.0000		876.797		1.346		0.835		1.011407		2.440
0.344		0.2056		0.0000		876.794		1.349		0.860		1.027931		2.480
0.354		0.2088		0.0000		876.790		1.352		0.885		1.043766		2.520
0.364		0.2121		0.0000		876.787		1.356		0.910		1.060290		2.560
0.378		0.2152		0.0000		876.784		1.359		0.945		1.076126		2.600
0.392		0.2184		0.0000		876.781		1.362		0.980		1.091961		2.640
0.406		0.2217		0.0000		876.777		1.365		1.015		1.108485		2.680
0.420		0.2250		0.0000		876.774		1.368		1.050		1.125009		2.720
0.436		0.2286		0.0000		876.771		1.372		1.090		1.142910		2.760
0.452		0.2323		0.0000		876.767		1.376		1.130		1.161500		2.800
0.470		0.2357		0.0000		876.763		1.379		1.175		1.178712		2.840
0.488		0.2389		0.0000		876.760		1.382		1.220		1.194548		2.880
0.504		0.2421		0.0000		876.757		1.386		1.260		1.210383		2.920
0.520		0.2454		0.0000		876.754		1.389		1.300		1.226907		2.960
0.536		0.2485		0.0000		876.751		1.392		1.340		1.242743		3.000
0.552		0.2519		0.0000		876.747		1.395		1.380		1.259267		3.040
0.568		0.2550		0.0000		876.744		1.398		1.420		1.275102		3.080
0.584		0.2583		0.0000		876.741		1.402		1.460		1.291626		3.120
0.602		0.2619		0.0000		876.737		1.405		1.505		1.309527		3.160
0.618		0.2655		0.0000		876.734		1.409		1.545		1.327428		3.200
0.636		0.2691		0.0000		876.730		1.413		1.590		1.345329		3.240
0.652		0.2724		0.0000		876.727		1.416		1.630		1.361853		3.280
0.666		0.2755		0.0000		876.724		1.419		1.665		1.377689		3.320
0.680		0.2787		0.0000		876.720		1.422		1.700		1.393524		3.360
0.694		0.2820		0.0000		876.717		1.425		1.735		1.410048		3.400
0.708		0.2853		0.0000		876.714		1.429		1.770		1.426572		3.440
0.726		0.2885		0.0000		876.711		1.432		1.815		1.442408		3.480
0.742		0.2916		0.0000		876.708		1.435		1.855		1.458243		3.520
0.760		0.2951		0.0000		876.704		1.439		1.900		1.475456		3.560
0.778		0.2988		0.0000		876.700		1.442		1.945		1.494045		3.600
0.796		0.3025		0.0000		876.697		1.446		1.990		1.512635		3.640
0.816		0.3057		0.0000		876.693		1.449		2.040		1.528471		3.680
0.836		0.3090		0.0000		876.690		1.452		2.090		1.544994		3.720
0.852		0.3122		0.0000		876.687		1.456		2.130		1.560830		3.760
0.870		0.3153		0.0000		876.684		1.459		2.175		1.576665		3.800
0.886		0.3186		0.0000		876.681		1.462		2.215		1.593189		3.840
0.904		0.3218		0.0000		876.677		1.465		2.260		1.609025		3.880
0.922		0.3251		0.0000		876.674		1.469		2.305		1.625549		3.920
0.942		0.3284		0.0000		876.671		1.472		2.355		1.642073		3.960
0.962		0.3320		0.0000		876.667		1.475		2.405		1.659974		4.000
0.982		0.3357		0.0000		876.663		1.479		2.455		1.678563		4.040
1.004		0.3392		0.0000		876.660		1.483		2.510		1.695776		4.080
1.028		0.3423		0.0000		876.657		1.486		2.570		1.711611		4.120
1.048		0.3455		0.0000		876.654		1.489		2.620		1.727447		4.160
1.068		0.3488		0.0000		876.650		1.492		2.670		1.743971		4.200
1.088		0.3521		0.0000		876.647		1.496		2.720		1.760495		4.240
1.108		0.3553		0.0000		876.644		1.499		2.770		1.776330		4.280
1.128		0.3584		0.0000		876.641		1.502		2.820		1.792166		4.320
1.148		0.3617		0.0000		876.637		1.505		2.870		1.808690		4.360
1.170		0.3653		0.0000		876.634		1.509		2.925		1.826591		4.400
1.192		0.3689		0.0000		876.630		1.512		2.980		1.844492		4.440
1.216		0.3726		0.0000		876.627		1.516		3.040		1.863081		4.480
1.242		0.3758		0.0000		876.623		1.519		3.105		1.878917		4.520
1.266		0.3790		0.0000		876.620		1.522		3.165		1.894752		4.560
1.288		0.3821		0.0000		876.617		1.526		3.220		1.910588		4.600
1.312		0.3854		0.0000		876.614		1.529		3.280		1.927112		4.640
1.334		0.3886		0.0000		876.611		1.532		3.335		1.942948		4.680
1.358		0.3919		0.0000		876.607		1.535		3.395		1.959471		4.720
1.382		0.3951		0.0000		876.604		1.539		3.455		1.975307		4.760
1.406		0.3985		0.0000		876.601		1.542		3.515		1.992519		4.800
1.432		0.4022		0.0000		876.597		1.546		3.580		2.011109		4.840
1.458		0.4058		0.0000		876.593		1.549		3.645		2.029010		4.880
1.486		0.4091		0.0000		876.590		1.553		3.715		2.045534		4.920
1.514		0.4124		0.0000		876.587		1.556		3.785		2.062058		4.960
1.542		0.4156		0.0000		876.584		1.559		3.855		2.077893		5.000
1.566		0.4189		0.0000		876.580		1.562		3.915		2.094417		5.040
1.592		0.4221		0.0000		876.577		1.566		3.980		2.110253		5.080
1.618		0.4252		0.0000		876.574		1.569		4.045		2.126088		5.120
1.644		0.4284		0.0000		876.571		1.572		4.110		2.141924		5.160
1.670		0.4317		0.0000		876.568		1.575		4.175		2.158448		5.200
1.696		0.4354		0.0000		876.564		1.579		4.240		2.177037		5.240
1.724		0.4393		0.0000		876.560		1.583		4.310		2.196316		5.280
1.754		0.4426		0.0000		876.557		1.586		4.385		2.212839		5.320
1.784		0.4457		0.0000		876.553		1.589		4.460		2.228675		5.360
1.812		0.4489		0.0000		876.550		1.592		4.530		2.244510		5.400
1.838		0.4522		0.0000		876.547		1.596		4.595		2.261034		5.440
1.862		0.4554		0.0000		876.544		1.599		4.655		2.276870		5.480
1.890		0.4587		0.0000		876.541		1.602		4.725		2.293394		5.520
1.916		0.4618		0.0000		876.537		1.605		4.790		2.309229		5.560
1.942		0.4650		0.0000		876.534		1.608		4.855		2.325065		5.600
1.968		0.4686		0.0000		876.531		1.612		4.920		2.342966		5.640
1.996		0.4724		0.0000		876.527		1.616		4.990		2.362244		5.680
2.026		0.4759		0.0000		876.523		1.619		5.065		2.379456		5.720
2.058		0.4792		0.0000		876.520		1.623		5.145		2.395980		5.760
2.088		0.4824		0.0000		876.517		1.626		5.220		2.411816		5.800
2.114		0.4857		0.0000		876.513		1.629		5.285		2.428340		5.840
2.140		0.4888		0.0000		876.510		1.632		5.350		2.444175		5.880
2.168		0.4920		0.0000		876.507		1.635		5.420		2.460011		5.920
2.194		0.4952		0.0000		876.504		1.639		5.485		2.475846		5.960
2.222		0.4983		0.0000		876.501		1.642		5.555		2.491682		6.000
2.248		0.5019		0.0000		876.497		1.645		5.620		2.509583		6.040
2.276		0.5056		0.0000		876.494		1.649		5.690		2.528172		6.080
2.308		0.5094		0.0000		876.490		1.653		5.770		2.546762		6.120
2.340		0.5127		0.0000		876.487		1.656		5.850		2.563286		6.160
2.370		0.5157		0.0000		876.484		1.659		5.925		2.578433		6.200
2.398		0.5190		0.0000		876.480		1.662		5.995		2.594957		6.240
2.424		0.5222		0.0000		876.477		1.666		6.060		2.610793		6.280
2.452		0.5255		0.0000		876.474		1.669		6.130		2.627316		6.320
2.480		0.5286		0.0000		876.471		1.672		6.200		2.643152		6.360
2.508		0.5318		0.0000		876.467		1.675		6.270		2.658987		6.400
2.534		0.5352		0.0000		876.464		1.679		6.335		2.676200		6.440
2.562		0.5388		0.0000		876.460		1.682		6.405		2.694101		6.480
2.594		0.5425		0.0000		876.457		1.686		6.485		2.712690		6.520
2.626		0.5460		0.0000		876.453		1.689		6.565		2.729903		6.560
2.658		0.5491		0.0000		876.450		1.693		6.645		2.745738		6.600
2.688		0.5523		0.0000		876.447		1.696		6.720		2.761574		6.640
2.716		0.5556		0.0000		876.444		1.699		6.790		2.778098		6.680
2.744		0.5588		0.0000		876.440		1.702		6.860		2.793933		6.720
2.772		0.5620		0.0000		876.437		1.705		6.930		2.809769		6.760
2.798		0.5653		0.0000		876.434		1.709		6.995		2.826293		6.800
2.826		0.5684		0.0000		876.431		1.712		7.065		2.842128		6.840
2.854		0.5721		0.0000		876.427		1.716		7.135		2.860718		6.880
2.882		0.5759		0.0000		876.423		1.719		7.205		2.879307		6.920
2.914		0.5794		0.0000		876.420		1.723		7.285		2.897208		6.960
2.948		0.5826		0.0000		876.417		1.726		7.370		2.913043		7.000
2.978		0.5858		0.0000		876.413		1.729		7.445		2.928879		7.040
3.006		0.5889		0.0000		876.410		1.732		7.515		2.944715		7.080
3.032		0.5922		0.0000		876.407		1.736		7.580		2.961239		7.120
3.060		0.5954		0.0000		876.404		1.739		7.650		2.977074		7.160
3.088		0.5986		0.0000		876.401		1.742		7.720		2.992909		7.200
3.116		0.6019		0.0000		876.397		1.745		7.790		3.009434		7.240
3.144		0.6053		0.0000		876.394		1.749		7.860		3.026646		7.280
3.172		0.6090		0.0000		876.390		1.753		7.930		3.045236		7.320
3.204		0.6128		0.0000		876.386		1.756		8.010		3.063825		7.360
3.236		0.6159		0.0000		876.383		1.759		8.090		3.079660		7.400
3.268		0.6192		0.0000		876.380		1.763		8.170		3.096185		7.440
3.296		0.6224		0.0000		876.377		1.766		8.240		3.112020		7.480
3.322		0.6256		0.0000		876.374		1.769		8.305		3.127856		7.520
3.350		0.6289		0.0000		876.370		1.772		8.375		3.144380		7.560
3.378		0.6320		0.0000		876.367		1.776		8.445		3.160215		7.600
3.404		0.6352		0.0000		876.364		1.779		8.510		3.176051		7.640
3.432		0.6385		0.0000		876.361		1.782		8.580		3.192575		7.680
3.458		0.6422		0.0000		876.357		1.786		8.645		3.211164		7.720
3.488		0.6461		0.0000		876.353		1.790		8.720		3.230443		7.760
3.522		0.6494		0.0000		876.350		1.793		8.805		3.246966		7.800
3.554		0.6526		0.0000		876.347		1.796		8.885		3.262802		7.840
3.582		0.6557		0.0000		876.343		1.799		8.955		3.278637		7.880
3.606		0.6590		0.0000		876.340		1.802		9.015		3.295161		7.920
3.632		0.6622		0.0000		876.337		1.806		9.080		3.310997		7.960
3.658		0.6654		0.0000		876.334		1.809		9.145		3.326832		8.000
3.684		0.6687		0.0000		876.331		1.812		9.210		3.343356		8.040
3.710		0.6720		0.0000		876.327		1.815		9.275		3.359880		8.080
3.736		0.6756		0.0000		876.324		1.819		9.340		3.377781		8.120
3.762		0.6793		0.0000		876.320		1.823		9.405		3.396371		8.160
3.792		0.6827		0.0000		876.316		1.826		9.480		3.413583		8.200
3.824		0.6860		0.0000		876.313		1.829		9.560		3.430107		8.240
3.852		0.6892		0.0000		876.310		1.833		9.630		3.445943		8.280
3.878		0.6924		0.0000		876.307		1.836		9.695		3.461778		8.320
3.902		0.6957		0.0000		876.304		1.839		9.755		3.478302		8.360
3.926		0.6988		0.0000		876.300		1.842		9.815		3.494138		8.400
3.952		0.7020		0.0000		876.297		1.845		9.880		3.509973		8.440
3.976		0.7052		0.0000		876.294		1.849		9.940		3.525809		8.480
4.000		0.7087		0.0000		876.290		1.852		10.000		3.543710		8.520
4.024		0.7125		0.0000		876.287		1.856		10.060		3.562299		8.560
4.052		0.7162		0.0000		876.283		1.860		10.130		3.580889		8.600
4.084		0.7195		0.0000		876.280		1.863		10.210		3.597413		8.640
4.112		0.7225		0.0000		876.277		1.866		10.280		3.612560		8.680
4.134		0.7258		0.0000		876.273		1.869		10.335		3.629084		8.720
4.156		0.7290		0.0000		876.270		1.872		10.390		3.644919		8.760
4.178		0.7323		0.0000		876.267		1.876		10.445		3.661444		8.800
4.202		0.7355		0.0000		876.264		1.879		10.505		3.677279		8.840
4.224		0.7386		0.0000		876.261		1.882		10.560		3.693115		8.880
4.246		0.7421		0.0000		876.257		1.886		10.615		3.710327		8.920
4.268		0.7456		0.0000		876.254		1.889		10.670		3.728228		8.960
4.294		0.7495		0.0000		876.250		1.893		10.735		3.747506		9.000
4.322		0.7528		0.0000		876.246		1.896		10.805		3.764030		9.040
4.348		0.7560		0.0000		876.243		1.899		10.870		3.779866		9.080
4.370		0.7591		0.0000		876.240		1.903		10.925		3.795701		9.120
4.390		0.7624		0.0000		876.237		1.906		10.975		3.812225		9.160
4.412		0.7656		0.0000		876.234		1.909		11.030		3.828060		9.200
4.432		0.7688		0.0000		876.230		1.912		11.080		3.843896		9.240
4.454		0.7719		0.0000		876.227		1.915		11.135		3.859732		9.280
4.474		0.7753		0.0000		876.224		1.919		11.185		3.876255		9.320
4.494		0.7790		0.0000		876.220		1.922		11.235		3.894845		9.360
4.516		0.7827		0.0000		876.216		1.926		11.290		3.913434		9.400
4.542		0.7863		0.0000		876.213		1.930		11.355		3.931335		9.440
4.568		0.7894		0.0000		876.210		1.933		11.420		3.947171		9.480
4.590		0.7925		0.0000		876.207		1.936		11.475		3.962318		9.520
4.606		0.7958		0.0000		876.203		1.939		11.515		3.978842		9.560
4.624		0.7991		0.0000		876.200		1.943		11.560		3.995366		9.600
4.642		0.8022		0.0000		876.197		1.946		11.605		4.011201		9.640
4.662		0.8054		0.0000		876.194		1.949		11.655		4.027037		9.680
4.678		0.8086		0.0000		876.191		1.952		11.695		4.042872		9.720
4.696		0.8122		0.0000		876.187		1.956		11.740		4.060773		9.760
4.714		0.8159		0.0000		876.183		1.959		11.785		4.079363		9.800
4.736		0.8196		0.0000		876.180		1.963		11.840		4.097952		9.840
4.760		0.8228		0.0000		876.176		1.966		11.900		4.113788		9.880
4.780		0.8261		0.0000		876.173		1.970		11.950		4.130311		9.920
4.798		0.8292		0.0000		876.170		1.973		11.995		4.146147		9.960
4.812		0.8324		0.0000		876.167		1.976		12.030		4.161983		10.000
4.828		0.8356		0.0000		876.164		1.979		12.070		4.177818		10.040
4.844		0.8387		0.0000		876.160		1.982		12.110		4.193654		10.080
4.858		0.8420		0.0000		876.157		1.985		12.145		4.210177		10.120
4.872		0.8453		0.0000		876.154		1.989		12.180		4.226702		10.160
4.888		0.8492		0.0000		876.150		1.993		12.220		4.245980		10.200
4.904		0.8529		0.0000		876.146		1.996		12.260		4.264569		10.240
4.926		0.8562		0.0000		876.143		2.000		12.315		4.281094		10.280
4.944		0.8594		0.0000		876.140		2.003		12.360		4.296928		10.320
4.958		0.8626		0.0000		876.137		2.006		12.395		4.312764		10.360
4.970		0.8659		0.0000		876.133		2.009		12.425		4.329288		10.400
4.982		0.8690		0.0000		876.130		2.012		12.455		4.345124		10.440
4.996		0.8722		0.0000		876.127		2.016		12.490		4.360960		10.480
5.008		0.8754		0.0000		876.124		2.019		12.520		4.376795		10.520
5.020		0.8787		0.0000		876.121		2.022		12.550		4.393319		10.560
5.032		0.8824		0.0000		876.117		2.026		12.580		4.411908		10.600
5.046		0.8861		0.0000		876.113		2.030		12.615		4.430498		10.640
5.064		0.8897		0.0000		876.109		2.033		12.660		4.448399		10.680
5.082		0.8928		0.0000		876.106		2.036		12.705		4.464234		10.720
5.094		0.8960		0.0000		876.103		2.039		12.735		4.480070		10.760
5.104		0.8992		0.0000		876.100		2.043		12.760		4.495906		10.800
5.116		0.9025		0.0000		876.097		2.046		12.790		4.512429		10.840
5.126		0.9055		0.0000		876.094		2.049		12.815		4.527576		10.880
5.136		0.9087		0.0000		876.091		2.052		12.840		4.543412		10.920
5.146		0.9120		0.0000		876.087		2.055		12.865		4.559936		10.960
5.156		0.9156		0.0000		876.084		2.059		12.890		4.577837		11.000
5.168		0.9194		0.0000		876.080		2.063		12.920		4.597115		11.040
5.182		0.9230		0.0000		876.076		2.066		12.955		4.615016		11.080
5.200		0.9262		0.0000		876.073		2.070		13.000		4.630852		11.120
5.212		0.9293		0.0000		876.070		2.073		13.030		4.646687		11.160
5.220		0.9326		0.0000		876.067		2.076		13.050		4.663211		11.200
5.228		0.9359		0.0000		876.063		2.079		13.070		4.679735		11.240
5.236		0.9390		0.0000		876.060		2.082		13.090		4.694881		11.280
5.244		0.9421		0.0000		876.057		2.086		13.110		4.710717		11.320
5.252		0.9454		0.0000		876.054		2.089		13.130		4.727241		11.360
5.260		0.9489		0.0000		876.050		2.092		13.150		4.744453		11.400
5.268		0.9526		0.0000		876.047		2.096		13.170		4.763043		11.440
5.280		0.9563		0.0000		876.043		2.100		13.200		4.781632		11.480
5.294		0.9596		0.0000		876.040		2.103		13.235		4.798157		11.520
5.306		0.9628		0.0000		876.036		2.106		13.265		4.813992		11.560
5.314		0.9661		0.0000		876.033		2.110		13.285		4.830517		11.600
5.320		0.9693		0.0000		876.030		2.113		13.300		4.846353		11.640
5.326		0.9724		0.0000		876.027		2.116		13.315		4.862187		11.680
5.332		0.9756		0.0000		876.024		2.119		13.330		4.878023		11.720
5.338		0.9788		0.0000		876.020		2.122		13.345		4.893858		11.760
5.344		0.9821		0.0000		876.017		2.126		13.360		4.910382		11.800
5.350		0.9858		0.0000		876.013		2.129		13.375		4.928971		11.840
5.358		0.9897		0.0000		876.010		2.133		13.395		4.948250		11.880
5.372		0.9932		0.0000		876.006		2.137		13.430		4.966150		11.920
5.384		0.9961		0.0000		876.003		2.140		13.460		4.980609		11.960
5.392		0.9994		0.0000		876.000		2.143		13.480		4.997133		12.000
5.396		1.0027		0.0000		875.996		2.146		13.490		5.013658		12.040
5.402		1.0058		0.0000		875.993		2.149		13.505		5.028805		12.080
5.408		1.0091		0.0000		875.990		2.153		13.520		5.045328		12.120
5.412		1.0122		0.0000		875.987		2.156		13.530		5.061164		12.160
5.418		1.0155		0.0000		875.984		2.159		13.545		5.077687		12.200
5.422		1.0190		0.0000		875.980		2.162		13.555		5.094900		12.240
5.428		1.0228		0.0000		875.976		2.166		13.570		5.114179		12.280
5.438		1.0264		0.0000		875.973		2.170		13.595		5.132079		12.320
5.450		1.0296		0.0000		875.970		2.173		13.625		5.147915		12.360
5.460		1.0328		0.0000		875.966		2.176		13.650		5.163751		12.400
5.464		1.0361		0.0000		875.963		2.180		13.660		5.180274		12.440
5.468		1.0392		0.0000		875.960		2.183		13.670		5.196110		12.480
5.472		1.0425		0.0000		875.957		2.186		13.680		5.212634		12.520
5.476		1.0456		0.0000		875.954		2.189		13.690		5.227780		12.560
5.480		1.0489		0.0000		875.950		2.192		13.700		5.244305		12.600
5.484		1.0523		0.0000		875.947		2.196		13.710		5.261518		12.640
5.488		1.0560		0.0000		875.943		2.199		13.720		5.280107		12.680
5.498		1.0597		0.0000		875.939		2.203		13.745		5.298697		12.720
5.508		1.0632		0.0000		875.936		2.207		13.770		5.315909		12.760
5.518		1.0662		0.0000		875.933		2.210		13.795		5.331056		12.800
5.522		1.0695		0.0000		875.930		2.213		13.805		5.347580		12.840
5.524		1.0725		0.0000		875.927		2.216		13.810		5.362726		12.880
5.526		1.0759		0.0000		875.923		2.219		13.815		5.379251		12.920
5.530		1.0790		0.0000		875.920		2.222		13.825		5.395086		12.960
5.534		1.0823		0.0000		875.917		2.226		13.835		5.411611		13.000
5.536		1.0855		0.0000		875.914		2.229		13.840		5.427446		13.040
5.540		1.0892		0.0000		875.910		2.233		13.850		5.446036		13.080
5.546		1.0929		0.0000		875.906		2.236		13.865		5.464625		13.120
5.556		1.0965		0.0000		875.903		2.240		13.890		5.482526		13.160
5.566		1.0997		0.0000		875.900		2.243		13.915		5.498362		13.200
5.572		1.1028		0.0000		875.896		2.246		13.930		5.514197		13.240
5.574		1.1061		0.0000		875.893		2.250		13.935		5.530721		13.280
5.576		1.1092		0.0000		875.890		2.253		13.940		5.545868		13.320
5.578		1.1125		0.0000		875.887		2.256		13.945		5.562391		13.360
5.580		1.1156		0.0000		875.884		2.259		13.950		5.578227		13.400
5.582		1.1188		0.0000		875.880		2.262		13.955		5.594063		13.440
5.584		1.1225		0.0000		875.877		2.266		13.960		5.612652		13.480
5.590		1.1262		0.0000		875.873		2.270		13.975		5.631242		13.520
5.598		1.1300		0.0000		875.869		2.273		13.995		5.649831		13.560
5.608		1.1331		0.0000		875.866		2.277		14.020		5.665667		13.600
5.614		1.1362		0.0000		875.863		2.280		14.035		5.680814		13.640
5.614		1.1395		0.0000		875.860		2.283		14.035		5.697337		13.680
5.616		1.1428		0.0000		875.856		2.286		14.040		5.713862		13.720
5.618		1.1459		0.0000		875.853		2.289		14.045		5.729697		13.760
5.620		1.1491		0.0000		875.850		2.293		14.050		5.745533		13.800
5.622		1.1523		0.0000		875.847		2.296		14.055		5.761368		13.840
5.624		1.1556		0.0000		875.844		2.299		14.060		5.777892		13.880
5.626		1.1594		0.0000		875.840		2.303		14.065		5.797171		13.920
5.632		1.1633		0.0000		875.836		2.307		14.080		5.816448		13.960
5.640		1.1665		0.0000		875.833		2.310		14.100		5.832283		14.000
5.648		1.1696		0.0000		875.830		2.313		14.120		5.848119		14.040
5.650		1.1728		0.0000		875.826		2.316		14.125		5.863955		14.080
5.652		1.1761		0.0000		875.823		2.320		14.130		5.880479		14.120
5.654		1.1793		0.0000		875.820		2.323		14.135		5.896315		14.160
5.654		1.1824		0.0000		875.817		2.326		14.135		5.912150		14.200
5.656		1.1856		0.0000		875.814		2.329		14.140		5.927986		14.240
5.658		1.1889		0.0000		875.810		2.332		14.145		5.944510		14.280
5.660		1.1928		0.0000		875.806		2.336		14.150		5.963787		14.320
5.666		1.1965		0.0000		875.803		2.340		14.165		5.982376		14.360
5.676		1.1999		0.0000		875.799		2.343		14.190		5.999589		14.400
5.684		1.2031		0.0000		875.796		2.347		14.210		6.015425		14.440
5.688		1.2063		0.0000		875.793		2.350		14.220		6.031260		14.480
5.688		1.2096		0.0000		875.790		2.353		14.220		6.047784		14.520
5.690		1.2127		0.0000		875.786		2.356		14.225		6.063620		14.560
5.692		1.2159		0.0000		875.783		2.359		14.230		6.079455		14.600
5.692		1.2191		0.0000		875.780		2.363		14.230		6.095291		14.640
5.694		1.2222		0.0000		875.777		2.366		14.235		6.111126		14.680
5.696		1.2258		0.0000		875.773		2.369		14.240		6.129027		14.720
5.700		1.2297		0.0000		875.770		2.373		14.250		6.148305		14.760
5.706		1.2334		0.0000		875.766		2.377		14.265		6.166894		14.800
5.716		1.2365		0.0000		875.763		2.380		14.290		6.182730		14.840
5.722		1.2397		0.0000		875.759		2.383		14.305		6.198566		14.880
5.722		1.2429		0.0000		875.756		2.386		14.305		6.214402		14.920
5.722		1.2460		0.0000		875.753		2.390		14.305		6.230236		14.960
5.722		1.2492		0.0000		875.750		2.393		14.305		6.246072		15.000
5.724		1.2524		0.0000		875.747		2.396		14.310		6.261908		15.040
5.726		1.2557		0.0000		875.743		2.399		14.315		6.278431		15.080
5.726		1.2591		0.0000		875.740		2.403		14.315		6.295644		15.120
5.728		1.2628		0.0000		875.736		2.406		14.320		6.314234		15.160
5.736		1.2667		0.0000		875.732		2.410		14.340		6.333512		15.200
5.744		1.2699		0.0000		875.729		2.413		14.360		6.349348		15.240
5.752		1.2730		0.0000		875.726		2.416		14.380		6.365182		15.280
5.752		1.2762		0.0000		875.723		2.420		14.380		6.381018		15.320
5.752		1.2795		0.0000		875.720		2.423		14.380		6.397542		15.360
5.754		1.2827		0.0000		875.716		2.426		14.385		6.413378		15.400
5.756		1.2858		0.0000		875.713		2.429		14.390		6.429214		15.440
5.756		1.2890		0.0000		875.710		2.432		14.390		6.445049		15.480
5.758		1.2923		0.0000		875.707		2.436		14.395		6.461573		15.520
5.760		1.2960		0.0000		875.703		2.439		14.400		6.480162		15.560
5.764		1.3000		0.0000		875.699		2.443		14.410		6.500129		15.600
5.774		1.3033		0.0000		875.696		2.447		14.435		6.516653		15.640
5.782		1.3064		0.0000		875.693		2.450		14.455		6.531800		15.680
5.786		1.3097		0.0000		875.690		2.453		14.465		6.548324		15.720
5.786		1.3128		0.0000		875.686		2.456		14.465		6.564159		15.760
5.788		1.3161		0.0000		875.683		2.460		14.470		6.580683		15.800
5.790		1.3193		0.0000		875.680		2.463		14.475		6.596519		15.840
5.790		1.3223		0.0000		875.677		2.466		14.475		6.611666		15.880
5.792		1.3256		0.0000		875.674		2.469		14.480		6.628190		15.920
5.792		1.3294		0.0000		875.670		2.473		14.480		6.646780		15.960
5.796		1.3332		0.0000		875.666		2.477		14.490		6.666057		16.000
5.804		1.3368		0.0000		875.662		2.480		14.510		6.683959		16.040
5.814		1.3398		0.0000		875.659		2.483		14.535		6.699105		16.080
5.818		1.3430		0.0000		875.656		2.486		14.545		6.714941		16.120
5.818		1.3463		0.0000		875.653		2.490		14.545		6.731465		16.160
5.820		1.3495		0.0000		875.650		2.493		14.550		6.747301		16.200
5.822		1.3526		0.0000		875.647		2.496		14.555		6.763136		16.240
5.824		1.3558		0.0000		875.643		2.499		14.560		6.778971		16.280
5.824		1.3591		0.0000		875.640		2.503		14.560		6.795496		16.320
5.826		1.3625		0.0000		875.637		2.506		14.565		6.812708		16.360
5.828		1.3663		0.0000		875.633		2.510		14.570		6.831298		16.400
5.834		1.3701		0.0000		875.629		2.514		14.585		6.850575		16.440
5.844		1.3733		0.0000		875.626		2.517		14.610		6.866411		16.480
5.850		1.3764		0.0000		875.623		2.520		14.625		6.882247		16.520
5.852		1.3796		0.0000		875.620		2.523		14.630		6.898081		16.560
5.852		1.3829		0.0000		875.616		2.526		14.630		6.914606		16.600
5.852		1.3861		0.0000		875.613		2.530		14.630		6.930442		16.640
5.852		1.3891		0.0000		875.610		2.533		14.630		6.945589		16.680
5.852		1.3924		0.0000		875.607		2.536		14.630		6.962112		16.720
5.854		1.3957		0.0000		875.603		2.539		14.635		6.978636		16.760
5.856		1.3994		0.0000		875.600		2.543		14.640		6.997225		16.800
5.860		1.4034		0.0000		875.596		2.547		14.650		7.017193		16.840
5.870		1.4067		0.0000		875.592		2.550		14.675		7.033716		16.880
5.878		1.4099		0.0000		875.589		2.553		14.695		7.049552		16.920
5.880		1.4131		0.0000		875.586		2.557		14.700		7.065387		16.960
5.878		1.4162		0.0000		875.583		2.560		14.695		7.081223		17.000
5.880		1.4195		0.0000		875.580		2.563		14.700		7.097747		17.040
5.880		1.4227		0.0000		875.576		2.566		14.700		7.113582		17.080
5.880		1.4259		0.0000		875.573		2.569		14.700		7.129417		17.120
5.880		1.4292		0.0000		875.570		2.573		14.700		7.145941		17.160
5.880		1.4326		0.0000		875.567		2.576		14.700		7.163154		17.200
5.884		1.4366		0.0000		875.563		2.580		14.710		7.183120		17.240
5.890		1.4402		0.0000		875.559		2.584		14.725		7.201022		17.280
5.898		1.4434		0.0000		875.556		2.587		14.745		7.216858		17.320
5.902		1.4464		0.0000		875.553		2.590		14.755		7.232004		17.360
5.902		1.4497		0.0000		875.549		2.593		14.755		7.248528		17.400
5.902		1.4529		0.0000		875.546		2.596		14.755		7.264364		17.440
5.902		1.4559		0.0000		875.543		2.599		14.755		7.279510		17.480
5.902		1.4592		0.0000		875.540		2.603		14.755		7.296035		17.520
5.904		1.4625		0.0000		875.537		2.606		14.760		7.312559		17.560
5.904		1.4660		0.0000		875.533		2.609		14.760		7.329772		17.600
5.906		1.4698		0.0000		875.529		2.613		14.765		7.349049		17.640
5.914		1.4735		0.0000		875.526		2.617		14.785		7.367639		17.680
5.922		1.4767		0.0000		875.522		2.620		14.805		7.383474		17.720
5.930		1.4799		0.0000		875.519		2.623		14.825		7.399310		17.760
5.930		1.4832		0.0000		875.516		2.627		14.825		7.415833		17.800
5.932		1.4863		0.0000		875.513		2.630		14.830		7.431669		17.840
5.932		1.4894		0.0000		875.510		2.633		14.830		7.446816		17.880
5.934		1.4927		0.0000		875.507		2.636		14.835		7.463341		17.920
5.934		1.4958		0.0000		875.503		2.639		14.835		7.479176		17.960
5.936		1.4991		0.0000		875.500		2.643		14.840		7.495700		18.000
5.936		1.5030		0.0000		875.496		2.646		14.840		7.514977		18.040
5.942		1.5067		0.0000		875.492		2.650		14.855		7.533567		18.080
5.950		1.5102		0.0000		875.489		2.654		14.875		7.550779		18.120
5.958		1.5133		0.0000		875.486		2.657		14.895		7.566615		18.160
5.960		1.5165		0.0000		875.483		2.660		14.900		7.582451		18.200
5.960		1.5197		0.0000		875.479		2.663		14.900		7.598287		18.240
5.960		1.5228		0.0000		875.476		2.666		14.900		7.614121		18.280
5.960		1.5260		0.0000		875.473		2.669		14.900		7.629957		18.320
5.962		1.5293		0.0000		875.470		2.673		14.905		7.646481		18.360
5.962		1.5325		0.0000		875.467		2.676		14.905		7.662316		18.400
5.964		1.5362		0.0000		875.463		2.680		14.910		7.680906		18.440
5.966		1.5399		0.0000		875.459		2.683		14.915		7.699495		18.480
5.974		1.5436		0.0000		875.456		2.687		14.935		7.718085		18.520
5.982		1.5466		0.0000		875.453		2.690		14.955		7.733232		18.560
5.986		1.5498		0.0000		875.449		2.693		14.965		7.749067		18.600
5.986		1.5531		0.0000		875.446		2.697		14.965		7.765593		18.640
5.984		1.5563		0.0000		875.443		2.700		14.960		7.781427		18.680
5.986		1.5595		0.0000		875.440		2.703		14.965		7.797263		18.720
5.986		1.5626		0.0000		875.437		2.706		14.965		7.813098		18.760
5.986		1.5658		0.0000		875.433		2.709		14.965		7.828934		18.800
5.988		1.5694		0.0000		875.430		2.713		14.970		7.846835		18.840
5.990		1.5732		0.0000		875.426		2.717		14.975		7.866113		18.880
5.996		1.5769		0.0000		875.422		2.720		14.990		7.884703		18.920
6.006		1.5801		0.0000		875.419		2.724		15.015		7.900537		18.960
6.012		1.5833		0.0000		875.416		2.727		15.030		7.916373		19.000
6.012		1.5864		0.0000		875.413		2.730		15.030		7.932209		19.040
6.012		1.5897		0.0000		875.409		2.733		15.030		7.948732		19.080
6.012		1.5929		0.0000		875.406		2.736		15.030		7.964568		19.120
6.014		1.5961		0.0000		875.403		2.740		15.035		7.980404		19.160
6.014		1.5992		0.0000		875.400		2.743		15.035		7.996240		19.200
6.014		1.6026		0.0000		875.397		2.746		15.035		8.012763		19.240
6.016		1.6063		0.0000		875.393		2.750		15.040		8.031353		19.280
6.020		1.6103		0.0000		875.389		2.754		15.050		8.051319		19.320
6.030		1.6136		0.0000		875.386		2.757		15.075		8.067844		19.360
6.036		1.6166		0.0000		875.383		2.760		15.090		8.082991		19.400
6.038		1.6199		0.0000		875.379		2.763		15.095		8.099514		19.440
6.038		1.6231		0.0000		875.376		2.767		15.095		8.115350		19.480
6.038		1.6262		0.0000		875.373		2.770		15.095		8.131186		19.520
6.040		1.6294		0.0000		875.370		2.773		15.100		8.147020		19.560
6.040		1.6326		0.0000		875.367		2.776		15.100		8.162856		19.600
6.042		1.6359		0.0000		875.363		2.779		15.105		8.179380		19.640
6.042		1.6396		0.0000		875.360		2.783		15.105		8.197970		19.680
6.046		1.6434		0.0000		875.356		2.787		15.115		8.217248		19.720
6.054		1.6470		0.0000		875.352		2.790		15.135		8.235149		19.760
6.062		1.6502		0.0000		875.349		2.794		15.155		8.250984		19.800
6.064		1.6532		0.0000		875.346		2.797		15.160		8.266132		19.840
6.064		1.6564		0.0000		875.343		2.800		15.160		8.281966		19.880
6.064		1.6597		0.0000		875.339		2.803		15.160		8.298491		19.920
6.064		1.6629		0.0000		875.336		2.806		15.160		8.314325		19.960
6.064		1.6660		0.0000		875.333		2.809		15.160		8.330162		20.000
6.064		1.6692		0.0000		875.330		2.813		15.160		8.345997		20.040
6.066		1.6728		0.0000		875.326		2.816		15.165		8.363897		20.080
6.068		1.6766		0.0000		875.323		2.820		15.170		8.383177		20.120
6.074		1.6804		0.0000		875.319		2.824		15.185		8.401766		20.160
6.084		1.6835		0.0000		875.316		2.827		15.210		8.417602		20.200
6.088		1.6867		0.0000		875.312		2.830		15.220		8.433437		20.240
6.088		1.6899		0.0000		875.309		2.833		15.220		8.449272		20.280
6.088		1.6932		0.0000		875.306		2.837		15.220		8.465796		20.320
6.088		1.6963		0.0000		875.303		2.840		15.220		8.481631		20.360
6.088		1.6994		0.0000		875.300		2.843		15.220		8.496779		20.400
6.088		1.7027		0.0000		875.297		2.846		15.220		8.513303		20.440
6.088		1.7060		0.0000		875.293		2.849		15.220		8.529826		20.480
6.090		1.7098		0.0000		875.289		2.853		15.225		8.549105		20.520
6.094		1.7137		0.0000		875.286		2.857		15.235		8.568382		20.560
6.102		1.7170		0.0000		875.282		2.860		15.255		8.584908		20.600
6.108		1.7201		0.0000		875.279		2.864		15.270		8.600742		20.640
6.110		1.7233		0.0000		875.276		2.867		15.275		8.616577		20.680
6.108		1.7265		0.0000		875.273		2.870		15.270		8.632413		20.720
6.108		1.7296		0.0000		875.270		2.873		15.270		8.648249		20.760
6.108		1.7328		0.0000		875.266		2.876		15.270		8.664084		20.800
6.108		1.7360		0.0000		875.263		2.879		15.270		8.679919		20.840
6.108		1.7393		0.0000		875.260		2.883		15.270		8.696444		20.880
6.108		1.7430		0.0000		875.256		2.886		15.270		8.715034		20.920
6.112		1.7469		0.0000		875.252		2.890		15.280		8.734311		20.960
6.120		1.7504		0.0000		875.249		2.894		15.300		8.752213		21.000
6.128		1.7535		0.0000		875.246		2.897		15.320		8.767359		21.040
6.130		1.7566		0.0000		875.243		2.900		15.325		8.783195		21.080
6.130		1.7599		0.0000		875.239		2.903		15.325		8.799719		21.120
6.130		1.7631		0.0000		875.236		2.907		15.325		8.815555		21.160
6.132		1.7663		0.0000		875.233		2.910		15.330		8.831390		21.200
6.132		1.7694		0.0000		875.230		2.913		15.330		8.847226		21.240
6.134		1.7727		0.0000		875.226		2.916		15.335		8.863750		21.280
6.134		1.7762		0.0000		875.223		2.920		15.335		8.880962		21.320
6.138		1.7800		0.0000		875.219		2.924		15.345		8.900240		21.360
6.144		1.7838		0.0000		875.215		2.927		15.360		8.918829		21.400
6.152		1.7869		0.0000		875.212		2.930		15.380		8.934665		21.440
6.158		1.7901		0.0000		875.209		2.934		15.395		8.950500		21.480
6.158		1.7933		0.0000		875.206		2.937		15.395		8.966336		21.520
6.158		1.7964		0.0000		875.203		2.940		15.395		8.982171		21.560
6.158		1.7996		0.0000		875.200		2.943		15.395		8.998007		21.600
6.160		1.8029		0.0000		875.196		2.946		15.400		9.014531		21.640
6.160		1.8061		0.0000		875.193		2.950		15.400		9.030366		21.680
6.162		1.8094		0.0000		875.190		2.953		15.405		9.046890		21.720
6.162		1.8132		0.0000		875.186		2.957		15.405		9.066168		21.760
6.168		1.8171		0.0000		875.182		2.961		15.420		9.085446		21.800
6.176		1.8204		0.0000		875.179		2.964		15.440		9.101971		21.840
6.184		1.8234		0.0000		875.176		2.967		15.460		9.117117		21.880
6.184		1.8267		0.0000		875.172		2.970		15.460		9.133642		21.920
6.182		1.8299		0.0000		875.169		2.973		15.455		9.149476		21.960
6.182		1.8331		0.0000		875.166		2.977		15.455		9.165312		22.000
6.184		1.8362		0.0000		875.163		2.980		15.460		9.181148		22.040
6.184		1.8394		0.0000		875.160		2.983		15.460		9.196983		22.080
6.184		1.8427		0.0000		875.156		2.986		15.460		9.213507		22.120
6.184		1.8464		0.0000		875.153		2.990		15.460		9.232097		22.160
6.188		1.8503		0.0000		875.149		2.994		15.470		9.251375		22.200
6.196		1.8537		0.0000		875.145		2.997		15.490		9.268588		22.240
6.206		1.8569		0.0000		875.142		3.000		15.515		9.284422		22.280
6.208		1.8601		0.0000		875.139		3.004		15.520		9.300259		22.320
6.208		1.8634		0.0000		875.136		3.007		15.520		9.316782		22.360
6.208		1.8665		0.0000		875.133		3.010		15.520		9.332618		22.400
6.208		1.8697		0.0000		875.130		3.013		15.520		9.348454		22.440
6.208		1.8729		0.0000		875.126		3.016		15.520		9.364289		22.480
6.208		1.8760		0.0000		875.123		3.019		15.520		9.380125		22.520
6.208		1.8796		0.0000		875.120		3.023		15.520		9.398026		22.560
6.210		1.8835		0.0000		875.116		3.027		15.525		9.417304		22.600
6.218		1.8872		0.0000		875.112		3.031		15.545		9.435893		22.640
6.226		1.8902		0.0000		875.109		3.034		15.565		9.451040		22.680
6.230		1.8935		0.0000		875.106		3.037		15.575		9.467564		22.720
6.230		1.8967		0.0000		875.102		3.040		15.575		9.483399		22.760
6.230		1.8998		0.0000		875.099		3.043		15.575		9.499235		22.800
6.230		1.9030		0.0000		875.096		3.046		15.575		9.515071		22.840
6.232		1.9062		0.0000		875.093		3.050		15.580		9.530906		22.880
6.232		1.9095		0.0000		875.090		3.053		15.580		9.547430		22.920
6.232		1.9129		0.0000		875.086		3.056		15.580		9.564643		22.960
6.234		1.9166		0.0000		875.083		3.060		15.585		9.583233		23.000
6.240		1.9205		0.0000		875.079		3.064		15.600		9.602509		23.040
6.248		1.9238		0.0000		875.075		3.067		15.620		9.619034		23.080
6.256		1.9270		0.0000		875.072		3.070		15.640		9.634869		23.120
6.256		1.9301		0.0000		875.069		3.074		15.640		9.650705		23.160
6.256		1.9333		0.0000		875.066		3.077		15.640		9.666540		23.200
6.256		1.9365		0.0000		875.063		3.080		15.640		9.682377		23.240
6.256		1.9396		0.0000		875.060		3.083		15.640		9.698211		23.280
6.256		1.9428		0.0000		875.056		3.086		15.640		9.714046		23.320
6.256		1.9461		0.0000		875.053		3.090		15.640		9.730570		23.360
6.256		1.9498		0.0000		875.049		3.093		15.640		9.749160		23.400
6.260		1.9537		0.0000		875.045		3.097		15.650		9.768438		23.440
6.268		1.9573		0.0000		875.042		3.101		15.670		9.786339		23.480
6.276		1.9603		0.0000		875.039		3.104		15.690		9.801487		23.520
6.278		1.9635		0.0000		875.036		3.107		15.695		9.817322		23.560
6.274		1.9666		0.0000		875.033		3.110		15.685		9.833157		23.600
6.274		1.9699		0.0000		875.029		3.113		15.685		9.849682		23.640
6.274		1.9731		0.0000		875.026		3.117		15.685		9.865517		23.680
6.274		1.9763		0.0000		875.023		3.120		15.685		9.881352		23.720
6.274		1.9794		0.0000		875.020		3.123		15.685		9.897188		23.760
6.274		1.9830		0.0000		875.016		3.126		15.685		9.915089		23.800
6.276		1.9869		0.0000		875.012		3.130		15.690		9.934367		23.840
6.282		1.9906		0.0000		875.009		3.134		15.705		9.952956		23.880
6.290		1.9938		0.0000		875.005		3.137		15.725		9.968792		23.920
6.294		1.9969		0.0000		875.002		3.140		15.735		9.984627		23.960
6.294		2.0001		0.0000		874.999		3.144		15.735		10.000463		24.000
6.292		2.0033		0.0000		874.996		3.147		15.730		10.016298		24.040
6.292		2.0064		0.0000		874.993		3.150		15.730		10.032134		24.080
6.292		2.0096		0.0000		874.990		3.153		15.730		10.047970		24.120
6.290		2.0128		0.0000		874.986		3.156		15.725		10.063805		24.160
6.290		2.0162		0.0000		874.983		3.160		15.725		10.081017		24.200
6.290		2.0201		0.0000		874.979		3.164		15.725		10.100296		24.240
6.296		2.0241		0.0000		874.975		3.168		15.740		10.120262		24.280
6.306		2.0271		0.0000		874.972		3.171		15.765		10.135408		24.320
6.312		2.0302		0.0000		874.969		3.174		15.780		10.151244		24.360
6.310		2.0334		0.0000		874.966		3.177		15.775		10.167080		24.400
6.310		2.0367		0.0000		874.962		3.180		15.775		10.183603		24.440
6.308		2.0399		0.0000		874.959		3.183		15.770		10.199440		24.480
6.308		2.0431		0.0000		874.956		3.187		15.770		10.215275		24.520
6.308		2.0462		0.0000		874.953		3.190		15.770		10.231110		24.560
6.308		2.0495		0.0000		874.950		3.193		15.770		10.247635		24.600
6.308		2.0532		0.0000		874.946		3.197		15.770		10.266224		24.640
6.312		2.0571		0.0000		874.942		3.201		15.780		10.285501		24.680
6.320		2.0605		0.0000		874.939		3.204		15.800		10.302714		24.720
6.328		2.0637		0.0000		874.935		3.207		15.820		10.318550		24.760
6.332		2.0669		0.0000		874.932		3.210		15.830		10.334386		24.800
6.332		2.0700		0.0000		874.929		3.214		15.830		10.350222		24.840
6.330		2.0733		0.0000		874.926		3.217		15.825		10.366745		24.880
6.330		2.0764		0.0000		874.923		3.220		15.825		10.381891		24.920
6.330		2.0795		0.0000		874.920		3.223		15.825		10.397728		24.960
6.330		2.0829		0.0000		874.916		3.226		15.825		10.414251		25.000
6.330		2.0864		0.0000		874.913		3.230		15.825		10.432153		25.040
6.332		2.0903		0.0000		874.909		3.234		15.830		10.451430		25.080
6.340		2.0940		0.0000		874.905		3.237		15.850		10.470019		25.120
6.348		2.0972		0.0000		874.902		3.241		15.870		10.485855		25.160
6.352		2.1003		0.0000		874.899		3.244		15.880		10.501691		25.200
6.350		2.1035		0.0000		874.896		3.247		15.875		10.517527		25.240
6.350		2.1067		0.0000		874.893		3.250		15.875		10.533361		25.280
6.350		2.1098		0.0000		874.889		3.253		15.875		10.549197		25.320
6.350		2.1130		0.0000		874.886		3.256		15.875		10.565033		25.360
6.350		2.1162		0.0000		874.883		3.260		15.875		10.580869		25.400
6.348		2.1196		0.0000		874.880		3.263		15.870		10.598082		25.440
6.350		2.1235		0.0000		874.876		3.267		15.875		10.617359		25.480
6.356		2.1273		0.0000		874.872		3.271		15.890		10.636637		25.520
6.364		2.1305		0.0000		874.869		3.274		15.910		10.652472		25.560
6.370		2.1337		0.0000		874.866		3.277		15.925		10.668307		25.600
6.370		2.1368		0.0000		874.862		3.280		15.925		10.684143		25.640
6.368		2.1401		0.0000		874.859		3.284		15.920		10.700666		25.680
6.368		2.1433		0.0000		874.856		3.287		15.920		10.716503		25.720
6.368		2.1465		0.0000		874.853		3.290		15.920		10.732338		25.760
6.366		2.1496		0.0000		874.850		3.293		15.915		10.748175		25.800
6.366		2.1529		0.0000		874.846		3.296		15.915		10.764698		25.840
6.366		2.1567		0.0000		874.843		3.300		15.915		10.783287		25.880
6.370		2.1607		0.0000		874.839		3.304		15.925		10.803253		25.920
6.380		2.1640		0.0000		874.835		3.307		15.950		10.819777		25.960
6.388		2.1671		0.0000		874.832		3.311		15.970		10.835613		26.000
6.390		2.1703		0.0000		874.829		3.314		15.975		10.851449		26.040
6.388		2.1735		0.0000		874.826		3.317		15.970		10.867285		26.080
6.386		2.1766		0.0000		874.823		3.320		15.965		10.883121		26.120
6.386		2.1798		0.0000		874.819		3.323		15.965		10.898954		26.160
6.386		2.1830		0.0000		874.816		3.326		15.965		10.914791		26.200
6.384		2.1863		0.0000		874.813		3.330		15.960		10.931315		26.240
6.384		2.1898		0.0000		874.809		3.333		15.960		10.949216		26.280
6.386		2.1937		0.0000		874.805		3.337		15.965		10.968494		26.320
6.394		2.1974		0.0000		874.802		3.341		15.985		10.987083		26.360
6.404		2.2006		0.0000		874.799		3.344		16.010		11.002918		26.400
6.408		2.2038		0.0000		874.795		3.347		16.020		11.018754		26.440
6.408		2.2069		0.0000		874.792		3.350		16.020		11.034590		26.480
6.408		2.2101		0.0000		874.789		3.354		16.020		11.050426		26.520
6.406		2.2133		0.0000		874.786		3.357		16.015		11.066260		26.560
6.406		2.2164		0.0000		874.783		3.360		16.015		11.082096		26.600
6.406		2.2196		0.0000		874.780		3.363		16.015		11.097932		26.640
6.406		2.2230		0.0000		874.776		3.366		16.015		11.115145		26.680
6.406		2.2269		0.0000		874.772		3.370		16.015		11.134422		26.720
6.412		2.2307		0.0000		874.768		3.374		16.030		11.153700		26.760
6.420		2.2339		0.0000		874.765		3.377		16.050		11.169537		26.800
6.426		2.2371		0.0000		874.762		3.381		16.065		11.185371		26.840
6.424		2.2402		0.0000		874.759		3.384		16.060		11.201206		26.880
6.422		2.2435		0.0000		874.756		3.387		16.055		11.217731		26.920
6.422		2.2467		0.0000		874.752		3.390		16.055		11.233566		26.960
6.422		2.2499		0.0000		874.749		3.393		16.055		11.249401		27.000
6.420		2.2530		0.0000		874.746		3.397		16.050		11.265238		27.040
6.420		2.2564		0.0000		874.743		3.400		16.050		11.281761		27.080
6.418		2.2601		0.0000		874.739		3.404		16.045		11.300350		27.120
6.422		2.2641		0.0000		874.735		3.408		16.055		11.320316		27.160
6.430		2.2674		0.0000		874.732		3.411		16.075		11.336842		27.200
6.436		2.2705		0.0000		874.729		3.414		16.090		11.352677		27.240
6.438		2.2737		0.0000		874.725		3.417		16.095		11.368512		27.280
6.434		2.2769		0.0000		874.722		3.420		16.085		11.384348		27.320
6.432		2.2800		0.0000		874.719		3.423		16.080		11.400184		27.360
6.432		2.2832		0.0000		874.716		3.427		16.080		11.416019		27.400
6.430		2.2864		0.0000		874.713		3.430		16.075		11.431854		27.440
6.430		2.2895		0.0000		874.710		3.433		16.075		11.447689		27.480
6.430		2.2933		0.0000		874.706		3.437		16.075		11.466279		27.520
6.432		2.2972		0.0000		874.702		3.441		16.080		11.486245		27.560
6.438		2.3008		0.0000		874.698		3.444		16.095		11.504147		27.600
6.446		2.3039		0.0000		874.695		3.447		16.115		11.519294		27.640
6.448		2.3070		0.0000		874.692		3.450		16.120		11.535130		27.680
6.446		2.3103		0.0000		874.689		3.454		16.115		11.551653		27.720
6.444		2.3135		0.0000		874.686		3.457		16.110		11.567489		27.760
6.444		2.3167		0.0000		874.682		3.460		16.110		11.583324		27.800
6.442		2.3198		0.0000		874.679		3.463		16.105		11.599160		27.840
6.440		2.3230		0.0000		874.676		3.466		16.100		11.614995		27.880
6.440		2.3264		0.0000		874.673		3.470		16.100		11.632208		27.920
6.440		2.3303		0.0000		874.669		3.474		16.100		11.651486		27.960
6.446		2.3342		0.0000		874.665		3.478		16.115		11.670763		28.000
6.454		2.3373		0.0000		874.662		3.481		16.135		11.686600		28.040
6.460		2.3405		0.0000		874.659		3.484		16.150		11.702435		28.080
6.460		2.3437		0.0000		874.656		3.487		16.150		11.718271		28.120
6.458		2.3468		0.0000		874.652		3.490		16.145		11.734105		28.160
6.458		2.3500		0.0000		874.649		3.493		16.145		11.749941		28.200
6.458		2.3532		0.0000		874.646		3.497		16.145		11.765777		28.240
6.456		2.3563		0.0000		874.643		3.500		16.140		11.781612		28.280
6.456		2.3598		0.0000		874.639		3.503		16.140		11.798825		28.320
6.456		2.3635		0.0000		874.636		3.507		16.140		11.817415		28.360
6.460		2.3675		0.0000		874.632		3.511		16.150		11.837381		28.400
6.468		2.3708		0.0000		874.628		3.514		16.170		11.853905		28.440
6.476		2.3739		0.0000		874.625		3.517		16.190		11.869740		28.480
6.476		2.3771		0.0000		874.622		3.521		16.190		11.885576		28.520
6.474		2.3803		0.0000		874.619		3.524		16.185		11.901411		28.560
6.472		2.3834		0.0000		874.616		3.527		16.180		11.917247		28.600
6.472		2.3866		0.0000		874.613		3.530		16.180		11.933083		28.640
6.470		2.3898		0.0000		874.609		3.533		16.175		11.948918		28.680
6.470		2.3931		0.0000		874.606		3.537		16.175		11.965442		28.720
6.468		2.3967		0.0000		874.603		3.540		16.170		11.983343		28.760
6.470		2.4007		0.0000		874.599		3.544		16.175		12.003309		28.800
6.478		2.4042		0.0000		874.595		3.548		16.195		12.021210		28.840
6.486		2.4074		0.0000		874.592		3.551		16.215		12.037046		28.880
6.488		2.4106		0.0000		874.589		3.554		16.220		12.052881		28.920
6.486		2.4137		0.0000		874.585		3.557		16.215		12.068716		28.960
6.484		2.4169		0.0000		874.582		3.560		16.210		12.084552		29.000
6.482		2.4201		0.0000		874.579		3.564		16.205		12.100388		29.040
6.482		2.4232		0.0000		874.576		3.567		16.205		12.116223		29.080
6.482		2.4264		0.0000		874.573		3.570		16.205		12.132059		29.120
6.480		2.4299		0.0000		874.569		3.573		16.200		12.149271		29.160
6.482		2.4338		0.0000		874.565		3.577		16.205		12.169238		29.200
6.488		2.4376		0.0000		874.562		3.581		16.220		12.187828		29.240
6.496		2.4407		0.0000		874.558		3.584		16.240		12.203663		29.280
6.500		2.4440		0.0000		874.555		3.587		16.250		12.220187		29.320
6.498		2.4471		0.0000		874.552		3.591		16.245		12.235334		29.360
6.496		2.4502		0.0000		874.549		3.594		16.240		12.251169		29.400
6.494		2.4534		0.0000		874.546		3.597		16.235		12.267006		29.440
6.494		2.4567		0.0000		874.542		3.600		16.235		12.283529		29.480
6.492		2.4599		0.0000		874.539		3.603		16.230		12.299365		29.520
6.490		2.4632		0.0000		874.536		3.607		16.225		12.315888		29.560
6.490		2.4670		0.0000		874.532		3.610		16.225		12.335167		29.600
6.494		2.4709		0.0000		874.528		3.614		16.235		12.354445		29.640
6.504		2.4742		0.0000		874.525		3.618		16.260		12.370968		29.680
6.510		2.4774		0.0000		874.522		3.621		16.275		12.386804		29.720
6.512		2.4805		0.0000		874.519		3.624		16.280		12.402639		29.760
6.510		2.4838		0.0000		874.515		3.627		16.275		12.419163		29.800
6.508		2.4869		0.0000		874.512		3.630		16.270		12.434311		29.840
6.508		2.4900		0.0000		874.509		3.633		16.270		12.450146		29.880
6.506		2.4932		0.0000		874.506		3.637		16.265		12.465981		29.920
6.506		2.4965		0.0000		874.503		3.640		16.265		12.482505		29.960
6.506		2.5002		0.0000		874.499		3.644		16.265		12.501095		30.000
6.508		2.5042		0.0000		874.495		3.648		16.270		12.521062		30.040
6.516		2.5077		0.0000		874.492		3.651		16.290		12.538273		30.080
6.524		2.5108		0.0000		874.488		3.654		16.310		12.554110		30.120
6.526		2.5139		0.0000		874.485		3.657		16.315		12.569256		30.160
6.524		2.5172		0.0000		874.482		3.661		16.310		12.585781		30.200
6.522		2.5203		0.0000		874.479		3.664		16.305		12.601616		30.240
6.522		2.5235		0.0000		874.476		3.667		16.305		12.617451		30.280
6.520		2.5267		0.0000		874.473		3.670		16.300		12.633286		30.320
6.518		2.5298		0.0000		874.469		3.673		16.295		12.649122		30.360
6.518		2.5334		0.0000		874.466		3.677		16.295		12.667023		30.400
6.518		2.5373		0.0000		874.462		3.681		16.295		12.686301		30.440
6.522		2.5410		0.0000		874.458		3.684		16.305		12.704891		30.480
6.530		2.5443		0.0000		874.455		3.688		16.325		12.721415		30.520
6.534		2.5475		0.0000		874.452		3.691		16.335		12.737250		30.560
6.532		2.5505		0.0000		874.449		3.694		16.330		12.752398		30.600
6.528		2.5538		0.0000		874.445		3.697		16.320		12.768922		30.640
6.526		2.5568		0.0000		874.442		3.700		16.315		12.784069		30.680
6.526		2.5601		0.0000		874.439		3.704		16.315		12.800592		30.720
6.524		2.5631		0.0000		874.436		3.707		16.310		12.815739		30.760
6.522		2.5666		0.0000		874.433		3.710		16.305		12.832952		30.800
6.522		2.5704		0.0000		874.429		3.714		16.305		12.852230		30.840
6.526		2.5743		0.0000		874.425		3.718		16.315		12.871508		30.880
6.536		2.5776		0.0000		874.422		3.721		16.340		12.888032		30.920
6.542		2.5808		0.0000		874.418		3.724		16.355		12.903867		30.960
6.540		2.5839		0.0000		874.415		3.727		16.350		12.919703		31.000
6.538		2.5871		0.0000		874.412		3.731		16.345		12.935538		31.040
6.536		2.5903		0.0000		874.409		3.734		16.340		12.951374		31.080
6.534		2.5934		0.0000		874.406		3.737		16.335		12.967210		31.120
6.532		2.5967		0.0000		874.402		3.740		16.330		12.983733		31.160
6.530		2.5999		0.0000		874.399		3.743		16.325		12.999569		31.200
6.528		2.6036		0.0000		874.396		3.747		16.320		13.018159		31.240
6.530		2.6075		0.0000		874.392		3.751		16.325		13.037436		31.280
6.538		2.6111		0.0000		874.388		3.755		16.345		13.055338		31.320
6.546		2.6141		0.0000		874.385		3.758		16.365		13.070484		31.360
6.546		2.6174		0.0000		874.382		3.761		16.365		13.087008		31.400
6.544		2.6204		0.0000		874.379		3.764		16.360		13.102156		31.440
6.542		2.6237		0.0000		874.375		3.767		16.355		13.118679		31.480
6.540		2.6269		0.0000		874.372		3.770		16.350		13.134516		31.520
6.538		2.6299		0.0000		874.369		3.773		16.345		13.149662		31.560
6.536		2.6332		0.0000		874.366		3.777		16.340		13.166185		31.600
6.534		2.6367		0.0000		874.362		3.780		16.335		13.183398		31.640
6.536		2.6407		0.0000		874.359		3.784		16.340		13.203364		31.680
6.542		2.6445		0.0000		874.355		3.788		16.355		13.222643		31.720
6.552		2.6476		0.0000		874.352		3.791		16.380		13.237790		31.760
6.556		2.6509		0.0000		874.348		3.794		16.390		13.254313		31.800
6.554		2.6540		0.0000		874.345		3.797		16.385		13.270149		31.840
6.552		2.6572		0.0000		874.342		3.801		16.380		13.285985		31.880
6.550		2.6602		0.0000		874.339		3.804		16.375		13.301132		31.920
6.548		2.6634		0.0000		874.336		3.807		16.370		13.316967		31.960
6.546		2.6666		0.0000		874.333		3.810		16.365		13.332804		32.000
6.544		2.6701		0.0000		874.329		3.814		16.360		13.350704		32.040
6.544		2.6739		0.0000		874.325		3.817		16.360		13.369293		32.080
6.548		2.6779		0.0000		874.321		3.821		16.370		13.389259		32.120
6.556		2.6810		0.0000		874.318		3.824		16.390		13.405095		32.160
6.562		2.6842		0.0000		874.315		3.828		16.405		13.420931		32.200
6.562		2.6874		0.0000		874.312		3.831		16.405		13.436767		32.240
6.560		2.6905		0.0000		874.309		3.834		16.400		13.452601		32.280
6.558		2.6937		0.0000		874.305		3.837		16.395		13.468437		32.320
6.556		2.6969		0.0000		874.302		3.840		16.390		13.484273		32.360
6.554		2.7000		0.0000		874.299		3.843		16.385		13.500109		32.400
6.552		2.7033		0.0000		874.296		3.847		16.380		13.516632		32.440
6.550		2.7070		0.0000		874.292		3.851		16.375		13.535222		32.480
6.554		2.7110		0.0000		874.288		3.854		16.385		13.555188		32.520
6.562		2.7143		0.0000		874.285		3.858		16.405		13.571712		32.560
6.568		2.7176		0.0000		874.282		3.861		16.420		13.588237		32.600
6.570		2.7208		0.0000		874.278		3.864		16.425		13.604073		32.640
6.566		2.7238		0.0000		874.275		3.867		16.415		13.619219		32.680
6.564		2.7271		0.0000		874.272		3.871		16.410		13.635742		32.720
6.562		2.7303		0.0000		874.269		3.874		16.405		13.651579		32.760
6.560		2.7335		0.0000		874.266		3.877		16.400		13.667414		32.800
6.558		2.7366		0.0000		874.263		3.880		16.395		13.683250		32.840
6.556		2.7402		0.0000		874.259		3.884		16.390		13.701151		32.880
6.556		2.7441		0.0000		874.255		3.888		16.390		13.720428		32.920
6.562		2.7479		0.0000		874.251		3.891		16.405		13.739706		32.960
6.570		2.7511		0.0000		874.248		3.895		16.425		13.755542		33.000
6.574		2.7541		0.0000		874.245		3.898		16.435		13.770689		33.040
6.572		2.7573		0.0000		874.242		3.901		16.430		13.786525		33.080
6.568		2.7606		0.0000		874.239		3.904		16.420		13.803048		33.120
6.566		2.7638		0.0000		874.235		3.907		16.415		13.818884		33.160
6.564		2.7668		0.0000		874.232		3.910		16.410		13.834030		33.200
6.562		2.7701		0.0000		874.229		3.914		16.405		13.850555		33.240
6.560		2.7736		0.0000		874.226		3.917		16.400		13.867767		33.280
6.560		2.7773		0.0000		874.222		3.921		16.400		13.886356		33.320
6.564		2.7813		0.0000		874.218		3.925		16.410		13.906324		33.360
6.574		2.7844		0.0000		874.215		3.928		16.435		13.922158		33.400
6.580		2.7876		0.0000		874.212		3.931		16.450		13.937994		33.440
6.578		2.7908		0.0000		874.208		3.934		16.445		13.953830		33.480
6.574		2.7939		0.0000		874.205		3.937		16.435		13.969666		33.520
6.572		2.7971		0.0000		874.202		3.941		16.430		13.985500		33.560
6.570		2.8003		0.0000		874.199		3.944		16.425		14.001336		33.600
6.568		2.8034		0.0000		874.196		3.947		16.420		14.017172		33.640
6.566		2.8069		0.0000		874.192		3.950		16.415		14.034385		33.680
6.562		2.8105		0.0000		874.189		3.954		16.405		14.052285		33.720
6.564		2.8145		0.0000		874.185		3.958		16.410		14.072251		33.760
6.570		2.8179		0.0000		874.181		3.961		16.425		14.089464		33.800
6.576		2.8211		0.0000		874.178		3.965		16.440		14.105300		33.840
6.576		2.8241		0.0000		874.175		3.968		16.440		14.120446		33.880
6.572		2.8274		0.0000		874.172		3.971		16.430		14.136971		33.920
6.568		2.8306		0.0000		874.169		3.974		16.420		14.152805		33.960
6.566		2.8337		0.0000		874.165		3.977		16.415		14.168642		34.000
6.562		2.8369		0.0000		874.162		3.980		16.405		14.184477		34.040
6.560		2.8399		0.0000		874.159		3.983		16.400		14.199624		34.080
6.556		2.8436		0.0000		874.156		3.987		16.390		14.218214		34.120
6.556		2.8476		0.0000		874.152		3.991		16.390		14.238180		34.160
6.562		2.8514		0.0000		874.148		3.995		16.405		14.256769		34.200
6.570		2.8544		0.0000		874.145		3.998		16.425		14.271917		34.240
6.570		2.8576		0.0000		874.142		4.001		16.425		14.287753		34.280
6.568		2.8607		0.0000		874.138		4.004		16.420		14.303589		34.320
6.564		2.8639		0.0000		874.135		4.007		16.410		14.319422		34.360
6.562		2.8672		0.0000		874.132		4.011		16.405		14.335947		34.400
6.560		2.8704		0.0000		874.129		4.014		16.400		14.351783		34.440
6.558		2.8735		0.0000		874.126		4.017		16.395		14.367619		34.480
6.556		2.8770		0.0000		874.122		4.020		16.390		14.384830		34.520
6.556		2.8808		0.0000		874.118		4.024		16.390		14.404108		34.560
6.558		2.8847		0.0000		874.115		4.028		16.395		14.423388		34.600
6.566		2.8878		0.0000		874.111		4.031		16.415		14.439222		34.640
6.570		2.8910		0.0000		874.108		4.034		16.425		14.455059		34.680
6.568		2.8942		0.0000		874.105		4.038		16.420		14.470894		34.720
6.564		2.8973		0.0000		874.102		4.041		16.410		14.486728		34.760
6.560		2.9005		0.0000		874.099		4.044		16.400		14.502563		34.800
6.558		2.9037		0.0000		874.096		4.047		16.395		14.518399		34.840
6.556		2.9068		0.0000		874.092		4.050		16.390		14.534235		34.880
6.552		2.9102		0.0000		874.089		4.054		16.380		14.550760		34.920
6.550		2.9139		0.0000		874.085		4.057		16.375		14.569349		34.960
6.552		2.9179		0.0000		874.081		4.061		16.380		14.589314		35.000
6.560		2.9213		0.0000		874.078		4.065		16.400		14.606528		35.040
6.568		2.9245		0.0000		874.075		4.068		16.420		14.622364		35.080
6.568		2.9276		0.0000		874.072		4.071		16.420		14.638200		35.120
6.564		2.9308		0.0000		874.068		4.074		16.410		14.654034		35.160
6.560		2.9340		0.0000		874.065		4.077		16.400		14.669868		35.200
6.558		2.9370		0.0000		874.062		4.080		16.395		14.685016		35.240
6.556		2.9403		0.0000		874.059		4.084		16.390		14.701540		35.280
6.554		2.9435		0.0000		874.056		4.087		16.385		14.717377		35.320
6.550		2.9472		0.0000		874.052		4.091		16.375		14.735966		35.360
6.550		2.9510		0.0000		874.048		4.095		16.375		14.755244		35.400
6.556		2.9546		0.0000		874.045		4.098		16.390		14.773145		35.440
6.562		2.9578		0.0000		874.041		4.101		16.405		14.788980		35.480
6.564		2.9610		0.0000		874.038		4.104		16.410		14.804816		35.520
6.560		2.9641		0.0000		874.035		4.108		16.400		14.820652		35.560
6.558		2.9674		0.0000		874.032		4.111		16.395		14.837174		35.600
6.554		2.9706		0.0000		874.029		4.114		16.385		14.853010		35.640
6.552		2.9736		0.0000		874.026		4.117		16.380		14.868156		35.680
6.550		2.9768		0.0000		874.022		4.120		16.375		14.883993		35.720
6.546		2.9804		0.0000		874.019		4.124		16.365		14.901896		35.760
6.546		2.9842		0.0000		874.015		4.128		16.365		14.921171		35.800
6.548		2.9881		0.0000		874.011		4.132		16.370		14.940451		35.840
6.556		2.9913		0.0000		874.008		4.135		16.390		14.956285		35.880
6.558		2.9944		0.0000		874.005		4.138		16.395		14.972122		35.920
6.556		2.9976		0.0000		874.002		4.141		16.390		14.987957		35.960
6.552		3.0008		0.0000		873.998		4.144		16.380		15.003794		36.000
6.550		3.0039		0.0000		873.995		4.147		16.375		15.019629		36.040
6.548		3.0071		0.0000		873.992		4.151		16.370		15.035462		36.080
6.544		3.0103		0.0000		873.989		4.154		16.360		15.051298		36.120
6.542		3.0136		0.0000		873.986		4.157		16.355		15.067823		36.160
6.540		3.0174		0.0000		873.982		4.161		16.350		15.087101		36.200
6.542		3.0213		0.0000		873.978		4.165		16.355		15.106380		36.240
6.548		3.0246		0.0000		873.975		4.168		16.370		15.122902		36.280
6.552		3.0279		0.0000		873.971		4.171		16.380		15.139427		36.320
6.552		3.0309		0.0000		873.968		4.174		16.380		15.154573		36.360
6.548		3.0342		0.0000		873.965		4.178		16.370		15.171099		36.400
6.544		3.0374		0.0000		873.962		4.181		16.360		15.186934		36.440
6.540		3.0404		0.0000		873.959		4.184		16.350		15.202082		36.480
6.538		3.0437		0.0000		873.955		4.187		16.345		15.218603		36.520
6.534		3.0469		0.0000		873.952		4.190		16.335		15.234440		36.560
6.532		3.0506		0.0000		873.949		4.194		16.330		15.253029		36.600
6.532		3.0545		0.0000		873.945		4.198		16.330		15.272307		36.640
6.538		3.0582		0.0000		873.941		4.202		16.345		15.290897		36.680
6.544		3.0612		0.0000		873.938		4.205		16.360		15.306044		36.720
6.544		3.0644		0.0000		873.935		4.208		16.360		15.321879		36.760
6.540		3.0675		0.0000		873.932		4.211		16.350		15.337715		36.800
6.536		3.0708		0.0000		873.928		4.214		16.340		15.354240		36.840
6.534		3.0739		0.0000		873.925		4.217		16.335		15.369387		36.880
6.532		3.0772		0.0000		873.922		4.221		16.330		15.385909		36.920
6.528		3.0803		0.0000		873.919		4.224		16.320		15.401745		36.960
6.524		3.0838		0.0000		873.915		4.227		16.310		15.418959		37.000
6.522		3.0876		0.0000		873.912		4.231		16.305		15.438234		37.040
6.524		3.0914		0.0000		873.908		4.235		16.310		15.456824		37.080
6.530		3.0947		0.0000		873.904		4.238		16.325		15.473349		37.120
6.532		3.0978		0.0000		873.901		4.241		16.330		15.489185		37.160
6.530		3.1010		0.0000		873.898		4.244		16.325		15.505020		37.200
6.526		3.1042		0.0000		873.895		4.248		16.315		15.520857		37.240
6.522		3.1072		0.0000		873.892		4.251		16.305		15.536003		37.280
6.518		3.1105		0.0000		873.889		4.254		16.295		15.552528		37.320
6.514		3.1137		0.0000		873.885		4.257		16.285		15.568361		37.360
6.510		3.1170		0.0000		873.882		4.260		16.275		15.584887		37.400
6.506		3.1208		0.0000		873.878		4.264		16.265		15.604164		37.440
6.508		3.1247		0.0000		873.875		4.268		16.270		15.623444		37.480
6.514		3.1281		0.0000		873.871		4.272		16.285		15.640655		37.520
6.516		3.1312		0.0000		873.868		4.275		16.290		15.655802		37.560
6.514		3.1343		0.0000		873.865		4.278		16.285		15.671637		37.600
6.510		3.1376		0.0000		873.862		4.281		16.275		15.688162		37.640
6.506		3.1407		0.0000		873.859		4.284		16.265		15.703308		37.680
6.502		3.1440		0.0000		873.855		4.287		16.255		15.719833		37.720
6.500		3.1471		0.0000		873.852		4.291		16.250		15.735666		37.760
6.496		3.1504		0.0000		873.849		4.294		16.240		15.752192		37.800
6.494		3.1540		0.0000		873.845		4.297		16.235		15.770092		37.840
6.494		3.1579		0.0000		873.841		4.301		16.235		15.789371		37.880
6.498		3.1615		0.0000		873.838		4.305		16.245		15.807271		37.920
6.504		3.1646		0.0000		873.835		4.308		16.260		15.823107		37.960
6.504		3.1678		0.0000		873.831		4.311		16.260		15.838943		38.000
6.500		3.1710		0.0000		873.828		4.314		16.250		15.854778		38.040
6.496		3.1741		0.0000		873.825		4.318		16.240		15.870614		38.080
6.492		3.1773		0.0000		873.822		4.321		16.230		15.886450		38.120
6.488		3.1805		0.0000		873.819		4.324		16.220		15.902286		38.160
6.486		3.1838		0.0000		873.815		4.327		16.215		15.918808		38.200
6.482		3.1872		0.0000		873.812		4.331		16.205		15.936022		38.240
6.480		3.1909		0.0000		873.808		4.334		16.200		15.954611		38.280
6.484		3.1948		0.0000		873.804		4.338		16.210		15.973890		38.320
6.490		3.1979		0.0000		873.801		4.341		16.225		15.989723		38.360
6.492		3.2011		0.0000		873.798		4.345		16.230		16.005558		38.400
6.488		3.2044		0.0000		873.795		4.348		16.220		16.022083		38.440
6.484		3.2074		0.0000		873.792		4.351		16.210		16.037231		38.480
6.480		3.2108		0.0000		873.788		4.354		16.200		16.053755		38.521
6.476		3.2139		0.0000		873.785		4.357		16.190		16.069592		38.561
6.474		3.2172		0.0000		873.782		4.361		16.185		16.086113		38.601
6.470		3.2205		0.0000		873.779		4.364		16.175		16.102638		38.641
6.466		3.2242		0.0000		873.775		4.368		16.165		16.121227		38.681
6.468		3.2281		0.0000		873.771		4.372		16.170		16.140507		38.721
6.472		3.2314		0.0000		873.768		4.375		16.180		16.157032		38.761
6.476		3.2346		0.0000		873.765		4.378		16.190		16.172865		38.801
6.474		3.2377		0.0000		873.761		4.381		16.185		16.188700		38.841
6.470		3.2409		0.0000		873.758		4.384		16.175		16.204536		38.881
6.466		3.2442		0.0000		873.755		4.388		16.165		16.221062		38.921
6.462		3.2474		0.0000		873.752		4.391		16.155		16.236897		38.961
6.458		3.2505		0.0000		873.749		4.394		16.145		16.252731		39.001
6.454		3.2537		0.0000		873.745		4.397		16.135		16.268568		39.041
6.450		3.2574		0.0000		873.742		4.401		16.125		16.287157		39.081
6.450		3.2613		0.0000		873.738		4.405		16.125		16.306435		39.121
6.454		3.2649		0.0000		873.734		4.408		16.135		16.324337		39.161
6.460		3.2679		0.0000		873.731		4.411		16.150		16.339483		39.201
6.458		3.2712		0.0000		873.728		4.415		16.145		16.356007		39.241
6.454		3.2744		0.0000		873.725		4.418		16.135		16.371841		39.281
6.450		3.2775		0.0000		873.722		4.421		16.125		16.387676		39.321
6.446		3.2807		0.0000		873.719		4.424		16.115		16.403513		39.361
6.442		3.2839		0.0000		873.715		4.427		16.105		16.419350		39.401
6.438		3.2872		0.0000		873.712		4.431		16.095		16.435873		39.441
6.434		3.2906		0.0000		873.709		4.434		16.085		16.453085		39.481
6.432		3.2945		0.0000		873.705		4.438		16.080		16.472363		39.521
6.434		3.2982		0.0000		873.701		4.442		16.085		16.490953		39.561
6.438		3.3014		0.0000		873.698		4.445		16.095		16.506788		39.601
6.440		3.3045		0.0000		873.695		4.448		16.100		16.522625		39.641
6.436		3.3077		0.0000		873.691		4.451		16.090		16.538458		39.681
6.430		3.3110		0.0000		873.688		4.454		16.075		16.554983		39.721
6.426		3.3142		0.0000		873.685		4.458		16.065		16.570818		39.761
6.422		3.3173		0.0000		873.682		4.461		16.055		16.586655		39.801
6.418		3.3205		0.0000		873.679		4.464		16.045		16.602489		39.841
6.414		3.3239		0.0000		873.675		4.467		16.035		16.619701		39.881
6.412		3.3277		0.0000		873.672		4.471		16.030		16.638290		39.921
6.412		3.3315		0.0000		873.668		4.475		16.030		16.657570		39.961
6.418		3.3348		0.0000		873.664		4.478		16.045		16.674095		40.001
6.422		3.3380		0.0000		873.661		4.481		16.055		16.689930		40.041
6.418		3.3412		0.0000		873.658		4.485		16.045		16.705763		40.081
6.412		3.3443		0.0000		873.655		4.488		16.030		16.721600		40.121
6.408		3.3476		0.0000		873.652		4.491		16.020		16.738125		40.161
6.404		3.3508		0.0000		873.648		4.494		16.010		16.753960		40.201
6.400		3.3540		0.0000		873.645		4.497		16.000		16.769794		40.241
6.396		3.3573		0.0000		873.642		4.501		15.990		16.786318		40.281
6.392		3.3608		0.0000		873.638		4.504		15.980		16.804220		40.321
6.392		3.3647		0.0000		873.634		4.508		15.980		16.823498		40.361
6.396		3.3683		0.0000		873.631		4.512		15.990		16.841400		40.401
6.400		3.3714		0.0000		873.628		4.515		16.000		16.857235		40.441
6.400		3.3746		0.0000		873.625		4.518		16.000		16.873070		40.481
6.394		3.3778		0.0000		873.621		4.521		15.985		16.888905		40.521
6.390		3.3809		0.0000		873.618		4.524		15.975		16.904739		40.561
6.386		3.3841		0.0000		873.615		4.528		15.965		16.920576		40.601
6.380		3.3873		0.0000		873.612		4.531		15.950		16.936413		40.641
6.376		3.3906		0.0000		873.609		4.534		15.940		16.952936		40.681
6.372		3.3940		0.0000		873.605		4.537		15.930		16.970148		40.721
6.368		3.3979		0.0000		873.601		4.541		15.920		16.989426		40.761
6.370		3.4016		0.0000		873.598		4.545		15.925		17.008017		40.801
6.374		3.4048		0.0000		873.594		4.548		15.935		17.023851		40.841
6.374		3.4079		0.0000		873.591		4.551		15.935		17.039688		40.881
6.370		3.4111		0.0000		873.588		4.555		15.925		17.055523		40.921
6.364		3.4144		0.0000		873.585		4.558		15.910		17.072046		40.961
6.360		3.4176		0.0000		873.582		4.561		15.900		17.087881		41.001
6.356		3.4207		0.0000		873.578		4.564		15.890		17.103718		41.041
6.350		3.4239		0.0000		873.575		4.567		15.875		17.119553		41.081
6.346		3.4274		0.0000		873.572		4.571		15.865		17.136765		41.121
6.342		3.4311		0.0000		873.568		4.575		15.855		17.155354		41.161
6.342		3.4349		0.0000		873.564		4.578		15.855		17.174633		41.201
6.346		3.4382		0.0000		873.561		4.582		15.865		17.191158		41.241
6.346		3.4414		0.0000		873.558		4.585		15.865		17.206993		41.281
6.344		3.4446		0.0000		873.555		4.588		15.860		17.222828		41.321
6.338		3.4477		0.0000		873.551		4.591		15.845		17.238663		41.361
6.334		3.4509		0.0000		873.548		4.594		15.835		17.254498		41.401
6.328		3.4541		0.0000		873.545		4.598		15.820		17.270334		41.441
6.324		3.4574		0.0000		873.542		4.601		15.810		17.286858		41.481
6.320		3.4605		0.0000		873.539		4.604		15.800		17.302694		41.521
6.316		3.4643		0.0000		873.535		4.608		15.790		17.321283		41.561
6.316		3.4681		0.0000		873.531		4.612		15.790		17.340563		41.601
6.320		3.4717		0.0000		873.527		4.615		15.800		17.358463		41.641
6.324		3.4747		0.0000		873.524		4.618		15.810		17.373610		41.681
6.320		3.4779		0.0000		873.521		4.621		15.800		17.389446		41.721
6.314		3.4812		0.0000		873.518		4.625		15.785		17.405968		41.761
6.310		3.4844		0.0000		873.515		4.628		15.775		17.421803		41.801
6.306		3.4875		0.0000		873.512		4.631		15.765		17.437639		41.841
6.300		3.4907		0.0000		873.508		4.634		15.750		17.453476		41.881
6.296		3.4940		0.0000		873.505		4.637		15.740		17.469999		41.921
6.292		3.4974		0.0000		873.502		4.641		15.730		17.487211		41.961
6.288		3.5013		0.0000		873.498		4.645		15.720		17.506489		42.001
6.292		3.5050		0.0000		873.494		4.648		15.730		17.525080		42.041
6.296		3.5082		0.0000		873.491		4.652		15.740		17.540915		42.081
6.296		3.5114		0.0000		873.488		4.655		15.740		17.556751		42.121
6.292		3.5145		0.0000		873.485		4.658		15.730		17.572586		42.161
6.286		3.5178		0.0000		873.481		4.661		15.715		17.589109		42.201
6.280		3.5210		0.0000		873.478		4.664		15.700		17.604944		42.241
6.276		3.5242		0.0000		873.475		4.668		15.690		17.620781		42.281
6.270		3.5273		0.0000		873.472		4.671		15.675		17.636616		42.321
6.264		3.5308		0.0000		873.468		4.674		15.660		17.653830		42.361
6.260		3.5345		0.0000		873.465		4.678		15.650		17.672421		42.401
6.260		3.5383		0.0000		873.461		4.682		15.650		17.691696		42.441
6.264		3.5416		0.0000		873.458		4.685		15.660		17.708221		42.481
6.266		3.5447		0.0000		873.455		4.688		15.665		17.723368		42.521
6.260		3.5480		0.0000		873.451		4.691		15.650		17.739891		42.561
6.254		3.5511		0.0000		873.448		4.695		15.635		17.755728		42.601
6.248		3.5543		0.0000		873.445		4.698		15.620		17.771564		42.641
