数据量:1019
试验力		变形		扩展变形		位置		位移		应力		应变		时间
0.010		0.0012		0.0000		876.989		1.275		0.025		0.006196		0.040
0.010		0.0044		0.0000		876.986		1.278		0.025		0.022032		0.080
0.010		0.0077		0.0000		876.982		1.282		0.025		0.038556		0.120
0.010		0.0112		0.0000		876.979		1.285		0.025		0.055768		0.160
0.012		0.0149		0.0000		876.975		1.289		0.030		0.074358		0.200
0.012		0.0186		0.0000		876.971		1.293		0.030		0.092947		0.240
0.012		0.0218		0.0000		876.968		1.296		0.030		0.108783		0.280
0.014		0.0249		0.0000		876.965		1.299		0.035		0.124618		0.320
0.014		0.0281		0.0000		876.962		1.302		0.035		0.140454		0.360
0.014		0.0314		0.0000		876.959		1.305		0.035		0.156978		0.400
0.014		0.0346		0.0000		876.955		1.309		0.035		0.172814		0.440
0.016		0.0379		0.0000		876.952		1.312		0.040		0.189338		0.480
0.016		0.0410		0.0000		876.949		1.315		0.040		0.205173		0.520
0.018		0.0445		0.0000		876.945		1.318		0.045		0.222386		0.560
0.018		0.0481		0.0000		876.942		1.322		0.045		0.240287		0.600
0.020		0.0518		0.0000		876.938		1.326		0.050		0.258876		0.640
0.020		0.0551		0.0000		876.935		1.329		0.050		0.275400		0.680
0.022		0.0584		0.0000		876.932		1.332		0.055		0.291924		0.720
0.024		0.0616		0.0000		876.928		1.336		0.060		0.307760		0.760
0.024		0.0649		0.0000		876.925		1.339		0.060		0.324283		0.800
0.026		0.0680		0.0000		876.922		1.342		0.065		0.340119		0.840
0.028		0.0712		0.0000		876.919		1.345		0.070		0.355955		0.880
0.030		0.0744		0.0000		876.916		1.348		0.075		0.371790		0.920
0.032		0.0777		0.0000		876.912		1.352		0.080		0.388314		0.960
0.034		0.0814		0.0000		876.909		1.355		0.085		0.406904		1.000
0.036		0.0851		0.0000		876.905		1.359		0.090		0.425493		1.040
0.040		0.0885		0.0000		876.901		1.363		0.100		0.442706		1.080
0.042		0.0917		0.0000		876.898		1.366		0.105		0.458541		1.120
0.046		0.0949		0.0000		876.895		1.369		0.115		0.474377		1.160
0.050		0.0982		0.0000		876.892		1.372		0.125		0.490900		1.200
0.054		0.1013		0.0000		876.889		1.375		0.135		0.506736		1.240
0.058		0.1047		0.0000		876.885		1.379		0.145		0.523260		1.280
0.062		0.1078		0.0000		876.882		1.382		0.155		0.539095		1.320
0.066		0.1111		0.0000		876.879		1.385		0.165		0.555620		1.360
0.072		0.1146		0.0000		876.875		1.389		0.180		0.572832		1.400
0.076		0.1183		0.0000		876.872		1.392		0.190		0.591422		1.440
0.082		0.1219		0.0000		876.868		1.396		0.205		0.609323		1.480
0.090		0.1252		0.0000		876.865		1.399		0.225		0.625846		1.520
0.096		0.1283		0.0000		876.862		1.402		0.240		0.641682		1.560
0.102		0.1315		0.0000		876.858		1.406		0.255		0.657517		1.600
0.110		0.1348		0.0000		876.855		1.409		0.275		0.674042		1.640
0.116		0.1380		0.0000		876.852		1.412		0.290		0.689877		1.680
0.124		0.1413		0.0000		876.849		1.415		0.310		0.706401		1.720
0.132		0.1444		0.0000		876.846		1.418		0.330		0.722237		1.760
0.138		0.1479		0.0000		876.842		1.422		0.345		0.739449		1.800
0.148		0.1515		0.0000		876.839		1.425		0.370		0.757350		1.840
0.156		0.1553		0.0000		876.835		1.429		0.390		0.776628		1.880
0.166		0.1585		0.0000		876.831		1.432		0.415		0.792463		1.920
0.176		0.1618		0.0000		876.828		1.436		0.440		0.808988		1.960
0.186		0.1650		0.0000		876.825		1.439		0.465		0.824823		2.000
0.194		0.1681		0.0000		876.822		1.442		0.485		0.840659		2.040
0.204		0.1714		0.0000		876.819		1.445		0.510		0.857183		2.080
0.214		0.1746		0.0000		876.815		1.449		0.535		0.873018		2.120
0.226		0.1779		0.0000		876.812		1.452		0.565		0.889542		2.160
0.236		0.1812		0.0000		876.809		1.455		0.590		0.906066		2.200
0.246		0.1848		0.0000		876.805		1.459		0.615		0.923967		2.240
0.258		0.1885		0.0000		876.801		1.463		0.645		0.942556		2.280
0.272		0.1918		0.0000		876.798		1.466		0.680		0.959080		2.320
0.284		0.1951		0.0000		876.795		1.469		0.710		0.975605		2.360
0.294		0.1983		0.0000		876.792		1.472		0.735		0.991440		2.400
0.306		0.2016		0.0000		876.788		1.476		0.765		1.007964		2.440
0.318		0.2049		0.0000		876.785		1.479		0.795		1.024488		2.480
0.328		0.2081		0.0000		876.782		1.482		0.820		1.040323		2.520
0.340		0.2112		0.0000		876.779		1.485		0.850		1.056159		2.560
0.350		0.2145		0.0000		876.775		1.489		0.875		1.072683		2.600
0.362		0.2181		0.0000		876.772		1.492		0.905		1.090584		2.640
0.376		0.2217		0.0000		876.768		1.496		0.940		1.108485		2.680
0.394		0.2253		0.0000		876.765		1.499		0.985		1.126386		2.720
0.412		0.2286		0.0000		876.761		1.503		1.030		1.142910		2.760
0.428		0.2317		0.0000		876.758		1.506		1.070		1.158745		2.800
0.442		0.2351		0.0000		876.755		1.509		1.105		1.175269		2.840
0.458		0.2382		0.0000		876.752		1.512		1.145		1.191105		2.880
0.474		0.2414		0.0000		876.749		1.515		1.185		1.206940		2.920
0.490		0.2447		0.0000		876.745		1.519		1.225		1.223465		2.960
0.506		0.2479		0.0000		876.742		1.522		1.265		1.239300		3.000
0.522		0.2514		0.0000		876.739		1.525		1.305		1.257201		3.040
0.538		0.2549		0.0000		876.735		1.529		1.345		1.274413		3.080
0.556		0.2586		0.0000		876.731		1.533		1.390		1.293003		3.120
0.574		0.2619		0.0000		876.728		1.536		1.435		1.309527		3.160
0.592		0.2652		0.0000		876.725		1.539		1.480		1.326051		3.200
0.610		0.2684		0.0000		876.722		1.542		1.525		1.341887		3.240
0.624		0.2715		0.0000		876.718		1.546		1.560		1.357722		3.280
0.640		0.2748		0.0000		876.715		1.549		1.600		1.374246		3.320
0.652		0.2780		0.0000		876.712		1.552		1.630		1.390082		3.360
0.666		0.2813		0.0000		876.709		1.555		1.665		1.406605		3.400
0.680		0.2845		0.0000		876.706		1.558		1.700		1.422441		3.440
0.696		0.2882		0.0000		876.702		1.562		1.740		1.441031		3.480
0.712		0.2919		0.0000		876.698		1.566		1.780		1.459620		3.520
0.732		0.2954		0.0000		876.695		1.569		1.830		1.476833		3.560
0.750		0.2987		0.0000		876.691		1.573		1.875		1.493356		3.600
0.768		0.3018		0.0000		876.688		1.576		1.920		1.509192		3.640
0.784		0.3050		0.0000		876.685		1.579		1.960		1.525028		3.680
0.802		0.3082		0.0000		876.682		1.582		2.005		1.540863		3.720
0.818		0.3115		0.0000		876.679		1.585		2.045		1.557387		3.760
0.836		0.3148		0.0000		876.675		1.589		2.090		1.573911		3.800
0.856		0.3179		0.0000		876.672		1.592		2.140		1.589746		3.840
0.874		0.3214		0.0000		876.669		1.595		2.185		1.606959		3.880
0.892		0.3251		0.0000		876.665		1.599		2.230		1.625549		3.920
0.914		0.3287		0.0000		876.661		1.603		2.285		1.643450		3.960
0.936		0.3320		0.0000		876.658		1.606		2.340		1.659973		4.000
0.956		0.3352		0.0000		876.655		1.609		2.390		1.675809		4.040
0.974		0.3383		0.0000		876.652		1.612		2.435		1.691645		4.080
0.994		0.3416		0.0000		876.648		1.616		2.485		1.708168		4.120
1.014		0.3448		0.0000		876.645		1.619		2.535		1.724004		4.160
1.034		0.3480		0.0000		876.642		1.622		2.585		1.739839		4.200
1.054		0.3513		0.0000		876.639		1.625		2.635		1.756364		4.240
1.074		0.3547		0.0000		876.635		1.629		2.685		1.773576		4.280
1.094		0.3583		0.0000		876.632		1.632		2.735		1.791477		4.320
1.118		0.3622		0.0000		876.628		1.636		2.795		1.810755		4.360
1.142		0.3653		0.0000		876.625		1.639		2.855		1.826590		4.400
1.166		0.3686		0.0000		876.621		1.643		2.915		1.843114		4.440
1.186		0.3718		0.0000		876.618		1.646		2.965		1.858950		4.480
1.208		0.3750		0.0000		876.615		1.649		3.020		1.874785		4.520
1.228		0.3783		0.0000		876.612		1.652		3.070		1.891310		4.560
1.250		0.3816		0.0000		876.608		1.656		3.125		1.907833		4.600
1.274		0.3846		0.0000		876.605		1.659		3.185		1.922981		4.640
1.296		0.3880		0.0000		876.602		1.662		3.240		1.940193		4.680
1.320		0.3916		0.0000		876.598		1.666		3.300		1.958094		4.720
1.348		0.3952		0.0000		876.595		1.669		3.370		1.975995		4.760
1.376		0.3988		0.0000		876.591		1.673		3.440		1.993896		4.800
1.404		0.4021		0.0000		876.588		1.676		3.510		2.010420		4.840
1.430		0.4051		0.0000		876.585		1.679		3.575		2.025567		4.880
1.456		0.4084		0.0000		876.582		1.682		3.640		2.042091		4.920
1.482		0.4117		0.0000		876.578		1.686		3.705		2.058615		4.960
1.508		0.4148		0.0000		876.575		1.689		3.770		2.073762		5.000
1.534		0.4181		0.0000		876.572		1.692		3.835		2.090286		5.040
1.560		0.4212		0.0000		876.569		1.695		3.900		2.106122		5.080
1.586		0.4248		0.0000		876.565		1.699		3.965		2.124022		5.120
1.614		0.4287		0.0000		876.561		1.703		4.035		2.143301		5.160
1.644		0.4322		0.0000		876.558		1.706		4.110		2.161201		5.200
1.676		0.4354		0.0000		876.555		1.709		4.190		2.177037		5.240
1.704		0.4386		0.0000		876.551		1.713		4.260		2.192873		5.280
1.728		0.4417		0.0000		876.548		1.716		4.320		2.208708		5.320
1.754		0.4450		0.0000		876.545		1.719		4.385		2.225232		5.360
1.780		0.4484		0.0000		876.542		1.722		4.450		2.241756		5.400
1.808		0.4515		0.0000		876.538		1.726		4.520		2.257591		5.440
1.834		0.4547		0.0000		876.535		1.729		4.585		2.273427		5.480
1.862		0.4580		0.0000		876.532		1.732		4.655		2.289951		5.520
1.890		0.4618		0.0000		876.528		1.736		4.725		2.309229		5.560
1.920		0.4656		0.0000		876.524		1.740		4.800		2.327818		5.600
1.952		0.4689		0.0000		876.521		1.743		4.880		2.344342		5.640
1.980		0.4719		0.0000		876.518		1.746		4.950		2.359490		5.680
2.006		0.4752		0.0000		876.515		1.749		5.015		2.376013		5.720
2.032		0.4785		0.0000		876.511		1.753		5.080		2.392538		5.760
2.060		0.4817		0.0000		876.508		1.756		5.150		2.408373		5.800
2.086		0.4848		0.0000		876.505		1.759		5.215		2.424209		5.840
2.112		0.4880		0.0000		876.502		1.762		5.280		2.440044		5.880
2.138		0.4913		0.0000		876.499		1.765		5.345		2.456568		5.920
2.166		0.4952		0.0000		876.495		1.769		5.415		2.475846		5.960
2.196		0.4987		0.0000		876.491		1.773		5.490		2.493747		6.000
2.230		0.5023		0.0000		876.488		1.776		5.575		2.511648		6.040
2.260		0.5054		0.0000		876.485		1.779		5.650		2.526795		6.080
2.288		0.5085		0.0000		876.481		1.783		5.720		2.542630		6.120
2.314		0.5118		0.0000		876.478		1.786		5.785		2.559155		6.160
2.342		0.5151		0.0000		876.475		1.789		5.855		2.575678		6.200
2.370		0.5183		0.0000		876.472		1.792		5.925		2.591514		6.240
2.398		0.5215		0.0000		876.469		1.795		5.995		2.607350		6.280
2.424		0.5246		0.0000		876.465		1.799		6.060		2.623185		6.320
2.452		0.5284		0.0000		876.462		1.802		6.130		2.641774		6.360
2.482		0.5319		0.0000		876.458		1.806		6.205		2.659676		6.400
2.516		0.5357		0.0000		876.454		1.810		6.290		2.678265		6.440
2.550		0.5388		0.0000		876.451		1.813		6.375		2.694101		6.480
2.580		0.5420		0.0000		876.448		1.816		6.450		2.709936		6.520
2.608		0.5453		0.0000		876.445		1.819		6.520		2.726460		6.560
2.636		0.5485		0.0000		876.442		1.822		6.590		2.742295		6.600
2.664		0.5516		0.0000		876.438		1.826		6.660		2.758131		6.640
2.692		0.5548		0.0000		876.435		1.829		6.730		2.773967		6.680
2.720		0.5581		0.0000		876.432		1.832		6.800		2.790490		6.720
2.748		0.5615		0.0000		876.428		1.836		6.870		2.807703		6.760
2.776		0.5653		0.0000		876.425		1.839		6.940		2.826293		6.800
2.810		0.5690		0.0000		876.421		1.843		7.025		2.844882		6.840
2.844		0.5723		0.0000		876.418		1.846		7.110		2.861406		6.880
2.874		0.5754		0.0000		876.415		1.849		7.185		2.877241		6.920
2.902		0.5786		0.0000		876.411		1.853		7.255		2.893077		6.960
2.928		0.5819		0.0000		876.408		1.856		7.320		2.909601		7.000
2.956		0.5851		0.0000		876.405		1.859		7.390		2.925436		7.040
2.984		0.5883		0.0000		876.402		1.862		7.460		2.941272		7.080
3.012		0.5914		0.0000		876.399		1.865		7.530		2.957108		7.120
3.040		0.5949		0.0000		876.395		1.869		7.600		2.974320		7.160
3.070		0.5986		0.0000		876.391		1.873		7.675		2.992909		7.200
3.102		0.6023		0.0000		876.388		1.876		7.755		3.011499		7.240
3.134		0.6056		0.0000		876.384		1.880		7.835		3.028023		7.280
3.166		0.6088		0.0000		876.381		1.883		7.915		3.043859		7.320
3.194		0.6121		0.0000		876.378		1.886		7.985		3.060383		7.360
3.222		0.6152		0.0000		876.375		1.889		8.055		3.076218		7.400
3.250		0.6185		0.0000		876.371		1.893		8.125		3.092742		7.440
3.278		0.6217		0.0000		876.368		1.896		8.195		3.108578		7.480
3.306		0.6249		0.0000		876.365		1.899		8.265		3.124413		7.520
3.334		0.6280		0.0000		876.362		1.902		8.335		3.140249		7.560
3.360		0.6318		0.0000		876.358		1.906		8.400		3.158838		7.600
3.392		0.6355		0.0000		876.354		1.909		8.480		3.177428		7.640
3.424		0.6391		0.0000		876.351		1.913		8.560		3.195329		7.680
3.456		0.6422		0.0000		876.348		1.916		8.640		3.211164		7.720
3.486		0.6454		0.0000		876.345		1.919		8.715		3.227000		7.760
3.510		0.6487		0.0000		876.341		1.923		8.775		3.243523		7.800
3.538		0.6519		0.0000		876.338		1.926		8.845		3.259359		7.840
3.564		0.6550		0.0000		876.335		1.929		8.910		3.275195		7.880
3.590		0.6583		0.0000		876.332		1.932		8.975		3.291718		7.920
3.616		0.6615		0.0000		876.328		1.936		9.040		3.307554		7.960
3.642		0.6650		0.0000		876.325		1.939		9.105		3.324767		8.000
3.670		0.6687		0.0000		876.321		1.943		9.175		3.343356		8.040
3.700		0.6724		0.0000		876.318		1.946		9.250		3.361946		8.080
3.732		0.6756		0.0000		876.314		1.950		9.330		3.377781		8.120
3.760		0.6789		0.0000		876.311		1.953		9.400		3.394305		8.160
3.784		0.6820		0.0000		876.308		1.956		9.460		3.410140		8.200
3.810		0.6852		0.0000		876.305		1.959		9.525		3.425976		8.240
3.834		0.6884		0.0000		876.302		1.962		9.585		3.441812		8.280
3.860		0.6915		0.0000		876.298		1.966		9.650		3.457647		8.320
3.884		0.6948		0.0000		876.295		1.969		9.710		3.474171		8.360
3.910		0.6983		0.0000		876.292		1.972		9.775		3.491384		8.400
3.936		0.7020		0.0000		876.288		1.976		9.840		3.509973		8.440
3.964		0.7057		0.0000		876.284		1.980		9.910		3.528563		8.480
3.996		0.7090		0.0000		876.281		1.983		9.990		3.545086		8.520
4.024		0.7122		0.0000		876.278		1.986		10.060		3.560922		8.560
4.048		0.7154		0.0000		876.275		1.989		10.120		3.576757		8.600
4.072		0.7187		0.0000		876.271		1.993		10.180		3.593282		8.640
4.096		0.7220		0.0000		876.268		1.996		10.240		3.609806		8.680
4.120		0.7250		0.0000		876.265		1.999		10.300		3.624952		8.720
4.142		0.7283		0.0000		876.262		2.002		10.355		3.641477		8.760
4.166		0.7316		0.0000		876.258		2.006		10.415		3.658000		8.800
4.188		0.7352		0.0000		876.255		2.009		10.470		3.675902		8.840
4.214		0.7389		0.0000		876.251		2.013		10.535		3.694491		8.880
4.244		0.7425		0.0000		876.247		2.016		10.610		3.712392		8.920
4.270		0.7456		0.0000		876.244		2.020		10.675		3.728228		8.960
4.294		0.7488		0.0000		876.241		2.023		10.735		3.744063		9.000
4.314		0.7521		0.0000		876.238		2.026		10.785		3.760587		9.040
4.336		0.7553		0.0000		876.235		2.029		10.840		3.776423		9.080
4.356		0.7585		0.0000		876.232		2.032		10.890		3.792259		9.120
4.378		0.7616		0.0000		876.228		2.036		10.945		3.808093		9.160
4.398		0.7649		0.0000		876.225		2.039		10.995		3.824618		9.200
4.418		0.7684		0.0000		876.222		2.042		11.045		3.841830		9.240
4.442		0.7722		0.0000		876.218		2.046		11.105		3.861108		9.280
4.466		0.7758		0.0000		876.214		2.050		11.165		3.879009		9.320
4.492		0.7791		0.0000		876.211		2.053		11.230		3.895533		9.360
4.516		0.7821		0.0000		876.208		2.056		11.290		3.910680		9.400
4.534		0.7854		0.0000		876.205		2.059		11.335		3.927205		9.440
4.552		0.7887		0.0000		876.201		2.063		11.380		3.943728		9.480
4.570		0.7918		0.0000		876.198		2.066		11.425		3.958875		9.520
4.590		0.7951		0.0000		876.195		2.069		11.475		3.975399		9.560
4.608		0.7982		0.0000		876.192		2.072		11.520		3.991234		9.600
4.626		0.8017		0.0000		876.188		2.076		11.565		4.008447		9.640
4.644		0.8053		0.0000		876.185		2.079		11.610		4.026349		9.680
4.666		0.8090		0.0000		876.181		2.083		11.665		4.044938		9.720
4.690		0.8124		0.0000		876.178		2.086		11.725		4.062150		9.760
4.712		0.8156		0.0000		876.174		2.090		11.780		4.077985		9.800
4.728		0.8189		0.0000		876.171		2.093		11.820		4.094510		9.840
4.744		0.8221		0.0000		876.168		2.096		11.860		4.110345		9.880
4.760		0.8252		0.0000		876.165		2.099		11.900		4.126181		9.920
4.778		0.8284		0.0000		876.162		2.102		11.945		4.142016		9.960
4.792		0.8317		0.0000		876.158		2.106		11.980		4.158540		10.000
4.808		0.8349		0.0000		876.155		2.109		12.020		4.174376		10.040
4.824		0.8386		0.0000		876.151		2.113		12.060		4.192965		10.080
4.842		0.8423		0.0000		876.148		2.116		12.105		4.211555		10.120
4.864		0.8459		0.0000		876.144		2.120		12.160		4.229455		10.160
4.884		0.8491		0.0000		876.141		2.123		12.210		4.245291		10.200
4.900		0.8522		0.0000		876.138		2.126		12.250		4.261127		10.240
4.912		0.8554		0.0000		876.135		2.129		12.280		4.276962		10.280
4.926		0.8586		0.0000		876.131		2.133		12.315		4.292798		10.320
4.940		0.8619		0.0000		876.128		2.136		12.350		4.309321		10.360
4.954		0.8650		0.0000		876.125		2.139		12.385		4.325157		10.400
4.966		0.8683		0.0000		876.122		2.142		12.415		4.341681		10.440
4.978		0.8718		0.0000		876.118		2.146		12.445		4.358893		10.480
4.992		0.8755		0.0000		876.115		2.149		12.480		4.377483		10.520
5.010		0.8792		0.0000		876.111		2.153		12.525		4.396072		10.560
5.028		0.8825		0.0000		876.107		2.157		12.570		4.412596		10.600
5.042		0.8857		0.0000		876.104		2.160		12.605		4.428432		10.640
5.054		0.8889		0.0000		876.101		2.163		12.635		4.444268		10.680
5.064		0.8920		0.0000		876.098		2.166		12.660		4.460104		10.720
5.076		0.8953		0.0000		876.095		2.169		12.690		4.476627		10.760
5.086		0.8984		0.0000		876.092		2.172		12.715		4.491774		10.800
5.096		0.9017		0.0000		876.088		2.176		12.740		4.508297		10.840
5.108		0.9051		0.0000		876.085		2.179		12.770		4.525510		10.880
5.120		0.9087		0.0000		876.081		2.183		12.800		4.543412		10.920
5.134		0.9125		0.0000		876.077		2.187		12.835		4.562689		10.960
5.152		0.9160		0.0000		876.074		2.190		12.880		4.579902		11.000
5.166		0.9190		0.0000		876.071		2.193		12.915		4.595050		11.040
5.174		0.9222		0.0000		876.068		2.196		12.935		4.610884		11.080
5.182		0.9255		0.0000		876.065		2.199		12.955		4.627409		11.120
5.192		0.9286		0.0000		876.061		2.203		12.980		4.643244		11.160
5.200		0.9318		0.0000		876.058		2.206		13.000		4.659080		11.200
5.208		0.9351		0.0000		876.055		2.209		13.020		4.675604		11.240
5.218		0.9383		0.0000		876.052		2.212		13.045		4.691439		11.280
5.226		0.9420		0.0000		876.048		2.216		13.065		4.710028		11.320
5.238		0.9457		0.0000		876.044		2.220		13.095		4.728618		11.360
5.252		0.9493		0.0000		876.041		2.223		13.130		4.746519		11.400
5.266		0.9525		0.0000		876.037		2.226		13.165		4.762355		11.440
5.274		0.9556		0.0000		876.034		2.230		13.185		4.778190		11.480
5.280		0.9588		0.0000		876.031		2.233		13.200		4.794025		11.520
5.286		0.9621		0.0000		876.028		2.236		13.215		4.810549		11.560
5.292		0.9653		0.0000		876.025		2.239		13.230		4.826385		11.600
5.298		0.9684		0.0000		876.022		2.242		13.245		4.842220		11.640
5.304		0.9716		0.0000		876.018		2.246		13.260		4.858056		11.680
5.310		0.9751		0.0000		876.015		2.249		13.275		4.875269		11.720
5.320		0.9790		0.0000		876.011		2.253		13.300		4.895235		11.760
5.332		0.9828		0.0000		876.007		2.257		13.330		4.913825		11.800
5.346		0.9859		0.0000		876.004		2.260		13.365		4.929661		11.840
5.356		0.9890		0.0000		876.001		2.263		13.390		4.944807		11.880
5.360		0.9921		0.0000		875.998		2.266		13.400		4.960643		11.920
5.366		0.9954		0.0000		875.995		2.269		13.415		4.977167		11.960
5.372		0.9987		0.0000		875.991		2.273		13.430		4.993690		12.000
5.378		1.0019		0.0000		875.988		2.276		13.445		5.009526		12.040
5.384		1.0051		0.0000		875.985		2.279		13.460		5.025362		12.080
5.388		1.0084		0.0000		875.982		2.282		13.470		5.041885		12.120
5.396		1.0122		0.0000		875.978		2.286		13.490		5.061164		12.160
5.406		1.0160		0.0000		875.974		2.290		13.515		5.079753		12.200
5.418		1.0193		0.0000		875.971		2.293		13.545		5.096277		12.240
5.426		1.0224		0.0000		875.968		2.296		13.565		5.112113		12.280
5.430		1.0256		0.0000		875.964		2.300		13.575		5.127949		12.320
5.436		1.0289		0.0000		875.961		2.303		13.590		5.144472		12.360
5.440		1.0321		0.0000		875.958		2.306		13.600		5.160308		12.400
5.444		1.0351		0.0000		875.955		2.309		13.610		5.175455		12.440
5.448		1.0384		0.0000		875.952		2.312		13.620		5.191978		12.480
5.452		1.0416		0.0000		875.948		2.316		13.630		5.207814		12.520
5.456		1.0454		0.0000		875.945		2.319		13.640		5.227093		12.560
5.464		1.0493		0.0000		875.941		2.323		13.660		5.246370		12.600
5.476		1.0527		0.0000		875.937		2.327		13.690		5.263582		12.640
5.486		1.0559		0.0000		875.934		2.330		13.715		5.279418		12.680
5.490		1.0591		0.0000		875.931		2.333		13.725		5.295254		12.720
5.492		1.0622		0.0000		875.928		2.336		13.730		5.311089		12.760
5.494		1.0655		0.0000		875.924		2.340		13.735		5.327613		12.800
5.498		1.0687		0.0000		875.921		2.343		13.745		5.343449		12.840
5.502		1.0719		0.0000		875.918		2.346		13.755		5.359283		12.880
5.504		1.0750		0.0000		875.915		2.349		13.760		5.375119		12.920
5.508		1.0786		0.0000		875.911		2.353		13.770		5.393021		12.960
5.514		1.0825		0.0000		875.908		2.356		13.785		5.412298		13.000
5.524		1.0860		0.0000		875.904		2.360		13.810		5.430200		13.040
5.534		1.0893		0.0000		875.901		2.363		13.835		5.446724		13.080
5.540		1.0925		0.0000		875.897		2.367		13.850		5.462560		13.120
5.542		1.0957		0.0000		875.894		2.370		13.855		5.478394		13.160
5.544		1.0988		0.0000		875.891		2.373		13.860		5.494230		13.200
5.546		1.1020		0.0000		875.888		2.376		13.865		5.510066		13.240
5.548		1.1052		0.0000		875.885		2.379		13.870		5.525901		13.280
5.550		1.1083		0.0000		875.882		2.382		13.875		5.541737		13.320
5.554		1.1118		0.0000		875.878		2.386		13.885		5.558949		13.360
5.558		1.1156		0.0000		875.874		2.390		13.895		5.578227		13.400
5.568		1.1194		0.0000		875.871		2.393		13.920		5.596817		13.440
5.578		1.1228		0.0000		875.867		2.397		13.945		5.614029		13.480
5.586		1.1258		0.0000		875.864		2.400		13.965		5.629176		13.520
5.588		1.1290		0.0000		875.861		2.403		13.970		5.645012		13.560
5.590		1.1323		0.0000		875.858		2.406		13.975		5.661535		13.600
5.592		1.1355		0.0000		875.854		2.409		13.980		5.677371		13.640
5.594		1.1386		0.0000		875.851		2.413		13.985		5.693207		13.680
5.596		1.1418		0.0000		875.848		2.416		13.990		5.709043		13.720
5.598		1.1451		0.0000		875.845		2.419		13.995		5.725566		13.760
5.600		1.1488		0.0000		875.841		2.423		14.000		5.744156		13.800
5.606		1.1527		0.0000		875.837		2.427		14.015		5.763433		13.840
5.614		1.1561		0.0000		875.834		2.430		14.035		5.780645		13.880
5.622		1.1593		0.0000		875.831		2.433		14.055		5.796481		13.920
5.624		1.1625		0.0000		875.828		2.436		14.060		5.812317		13.960
5.626		1.1656		0.0000		875.824		2.440		14.065		5.828153		14.000
5.628		1.1689		0.0000		875.821		2.443		14.070		5.844676		14.040
5.630		1.1721		0.0000		875.818		2.446		14.075		5.860512		14.080
5.632		1.1753		0.0000		875.815		2.449		14.080		5.876348		14.120
5.634		1.1784		0.0000		875.812		2.452		14.085		5.892182		14.160
5.636		1.1820		0.0000		875.808		2.456		14.090		5.910084		14.200
5.640		1.1859		0.0000		875.804		2.460		14.100		5.929361		14.240
5.650		1.1896		0.0000		875.800		2.464		14.125		5.947951		14.280
5.658		1.1926		0.0000		875.797		2.467		14.145		5.963099		14.320
5.662		1.1958		0.0000		875.794		2.470		14.155		5.978933		14.360
5.664		1.1991		0.0000		875.791		2.473		14.160		5.995459		14.400
5.664		1.2023		0.0000		875.788		2.476		14.160		6.011294		14.440
5.666		1.2054		0.0000		875.785		2.479		14.165		6.027129		14.480
5.668		1.2086		0.0000		875.781		2.483		14.170		6.042964		14.520
5.670		1.2119		0.0000		875.778		2.486		14.175		6.059488		14.560
5.672		1.2152		0.0000		875.775		2.489		14.180		6.076013		14.600
5.676		1.2191		0.0000		875.771		2.493		14.190		6.095290		14.640
5.684		1.2229		0.0000		875.767		2.497		14.210		6.114569		14.680
5.692		1.2261		0.0000		875.764		2.500		14.230		6.130404		14.720
5.698		1.2292		0.0000		875.761		2.503		14.245		6.146239		14.760
5.698		1.2324		0.0000		875.758		2.506		14.245		6.162075		14.800
5.700		1.2357		0.0000		875.754		2.510		14.250		6.178599		14.840
5.700		1.2389		0.0000		875.751		2.513		14.250		6.194434		14.880
5.700		1.2421		0.0000		875.748		2.516		14.250		6.210270		14.920
5.702		1.2452		0.0000		875.745		2.519		14.255		6.226106		14.960
5.702		1.2485		0.0000		875.741		2.523		14.255		6.242629		15.000
5.704		1.2522		0.0000		875.738		2.526		14.260		6.261219		15.040
5.710		1.2561		0.0000		875.734		2.530		14.275		6.280498		15.080
5.720		1.2595		0.0000		875.730		2.534		14.300		6.297710		15.120
5.726		1.2626		0.0000		875.727		2.537		14.315		6.312857		15.160
5.728		1.2659		0.0000		875.724		2.540		14.320		6.329380		15.200
5.728		1.2690		0.0000		875.721		2.543		14.320		6.345216		15.240
5.730		1.2723		0.0000		875.718		2.546		14.325		6.361740		15.280
5.732		1.2755		0.0000		875.714		2.550		14.330		6.377575		15.320
5.732		1.2787		0.0000		875.711		2.553		14.330		6.393411		15.360
5.734		1.2818		0.0000		875.708		2.556		14.335		6.409247		15.400
5.736		1.2854		0.0000		875.705		2.559		14.340		6.427147		15.440
5.740		1.2893		0.0000		875.701		2.563		14.350		6.446426		15.480
5.750		1.2929		0.0000		875.697		2.567		14.375		6.464326		15.520
5.758		1.2960		0.0000		875.694		2.570		14.395		6.480162		15.560
5.762		1.2993		0.0000		875.691		2.573		14.405		6.496686		15.600
5.762		1.3025		0.0000		875.688		2.577		14.405		6.512522		15.640
5.762		1.3057		0.0000		875.684		2.580		14.405		6.528358		15.680
5.764		1.3088		0.0000		875.681		2.583		14.410		6.544193		15.720
5.764		1.3120		0.0000		875.678		2.586		14.410		6.560028		15.760
5.766		1.3152		0.0000		875.675		2.589		14.415		6.575863		15.800
5.766		1.3188		0.0000		875.671		2.593		14.415		6.593765		15.840
5.770		1.3226		0.0000		875.667		2.597		14.425		6.613042		15.880
5.778		1.3262		0.0000		875.664		2.600		14.445		6.630944		15.920
5.786		1.3295		0.0000		875.660		2.603		14.465		6.647468		15.960
5.790		1.3327		0.0000		875.657		2.607		14.475		6.663303		16.000
5.790		1.3358		0.0000		875.654		2.610		14.475		6.679139		16.040
5.790		1.3391		0.0000		875.651		2.613		14.475		6.695662		16.080
5.792		1.3423		0.0000		875.648		2.616		14.480		6.711498		16.120
5.792		1.3455		0.0000		875.645		2.619		14.480		6.727333		16.160
5.792		1.3486		0.0000		875.641		2.623		14.480		6.743169		16.200
5.794		1.3519		0.0000		875.638		2.626		14.485		6.759694		16.240
5.796		1.3557		0.0000		875.634		2.630		14.490		6.778283		16.280
5.802		1.3595		0.0000		875.630		2.634		14.505		6.797561		16.320
5.810		1.3630		0.0000		875.627		2.637		14.525		6.814773		16.360
5.816		1.3661		0.0000		875.624		2.640		14.540		6.830609		16.400
5.818		1.3693		0.0000		875.621		2.643		14.545		6.846445		16.440
5.818		1.3725		0.0000		875.617		2.646		14.545		6.862279		16.480
5.818		1.3756		0.0000		875.614		2.650		14.545		6.878115		16.520
5.818		1.3788		0.0000		875.611		2.653		14.545		6.893950		16.560
5.820		1.3820		0.0000		875.608		2.656		14.550		6.909786		16.600
5.820		1.3853		0.0000		875.605		2.659		14.550		6.926310		16.640
5.822		1.3888		0.0000		875.601		2.663		14.555		6.944211		16.680
5.826		1.3927		0.0000		875.597		2.667		14.565		6.963489		16.720
5.834		1.3964		0.0000		875.594		2.670		14.585		6.982079		16.760
5.842		1.3994		0.0000		875.591		2.673		14.605		6.997225		16.800
5.846		1.4026		0.0000		875.587		2.677		14.615		7.013061		16.840
5.844		1.4059		0.0000		875.584		2.680		14.610		7.029585		16.880
5.846		1.4091		0.0000		875.581		2.683		14.615		7.045421		16.920
5.846		1.4123		0.0000		875.578		2.686		14.615		7.061256		16.960
5.846		1.4154		0.0000		875.575		2.689		14.615		7.077092		17.000
5.846		1.4187		0.0000		875.571		2.693		14.615		7.093616		17.040
5.848		1.4220		0.0000		875.568		2.696		14.620		7.110139		17.080
5.850		1.4259		0.0000		875.564		2.700		14.625		7.129417		17.120
5.856		1.4297		0.0000		875.560		2.704		14.640		7.148695		17.160
5.866		1.4329		0.0000		875.557		2.707		14.665		7.164531		17.200
5.870		1.4361		0.0000		875.554		2.710		14.675		7.180367		17.240
5.870		1.4392		0.0000		875.551		2.713		14.675		7.196202		17.280
5.870		1.4425		0.0000		875.547		2.717		14.675		7.212726		17.320
5.870		1.4457		0.0000		875.544		2.720		14.675		7.228561		17.360
5.870		1.4489		0.0000		875.541		2.723		14.675		7.244397		17.400
5.872		1.4520		0.0000		875.538		2.726		14.680		7.260232		17.440
5.872		1.4554		0.0000		875.535		2.729		14.680		7.276757		17.480
5.874		1.4591		0.0000		875.531		2.733		14.685		7.295346		17.520
5.880		1.4631		0.0000		875.527		2.737		14.700		7.315312		17.560
5.890		1.4664		0.0000		875.524		2.740		14.725		7.331836		17.600
5.894		1.4694		0.0000		875.521		2.743		14.735		7.346983		17.640
5.896		1.4727		0.0000		875.517		2.747		14.740		7.363508		17.680
5.896		1.4760		0.0000		875.514		2.750		14.740		7.380032		17.720
5.896		1.4790		0.0000		875.511		2.753		14.740		7.395178		17.760
5.898		1.4822		0.0000		875.508		2.756		14.745		7.411014		17.800
5.898		1.4855		0.0000		875.504		2.760		14.745		7.427539		17.840
5.898		1.4887		0.0000		875.501		2.763		14.745		7.443373		17.880
5.900		1.4924		0.0000		875.498		2.766		14.750		7.461963		17.920
5.904		1.4961		0.0000		875.494		2.770		14.760		7.480552		17.960
5.912		1.4997		0.0000		875.490		2.774		14.780		7.498454		18.000
5.920		1.5029		0.0000		875.487		2.777		14.800		7.514290		18.040
5.922		1.5060		0.0000		875.484		2.780		14.805		7.530124		18.080
5.922		1.5093		0.0000		875.481		2.783		14.805		7.546649		18.120
5.922		1.5125		0.0000		875.477		2.786		14.805		7.562484		18.160
5.924		1.5157		0.0000		875.474		2.790		14.810		7.578320		18.200
5.924		1.5188		0.0000		875.471		2.793		14.810		7.594155		18.240
5.926		1.5220		0.0000		875.468		2.796		14.815		7.609991		18.280
5.928		1.5254		0.0000		875.465		2.799		14.820		7.627203		18.320
5.930		1.5294		0.0000		875.461		2.803		14.825		7.647170		18.360
5.938		1.5332		0.0000		875.457		2.807		14.845		7.665759		18.400
5.946		1.5363		0.0000		875.454		2.810		14.865		7.681595		18.440
5.950		1.5395		0.0000		875.451		2.813		14.875		7.697430		18.480
5.950		1.5427		0.0000		875.447		2.817		14.875		7.713265		18.520
5.950		1.5458		0.0000		875.444		2.820		14.875		7.729101		18.560
5.950		1.5491		0.0000		875.441		2.823		14.875		7.745625		18.600
5.950		1.5523		0.0000		875.438		2.826		14.875		7.761460		18.640
5.952		1.5555		0.0000		875.435		2.829		14.880		7.777296		18.680
5.952		1.5588		0.0000		875.431		2.833		14.880		7.793820		18.720
5.954		1.5625		0.0000		875.427		2.836		14.885		7.812409		18.760
5.960		1.5663		0.0000		875.424		2.840		14.900		7.831688		18.800
5.970		1.5696		0.0000		875.420		2.844		14.925		7.848211		18.840
5.976		1.5729		0.0000		875.417		2.847		14.940		7.864735		18.880
5.978		1.5761		0.0000		875.414		2.850		14.945		7.880571		18.920
5.978		1.5793		0.0000		875.411		2.853		14.945		7.896407		18.960
5.978		1.5824		0.0000		875.408		2.856		14.945		7.912242		19.000
5.978		1.5856		0.0000		875.404		2.860		14.945		7.928077		19.040
5.980		1.5888		0.0000		875.401		2.863		14.950		7.943913		19.080
5.980		1.5921		0.0000		875.398		2.866		14.950		7.960438		19.120
5.982		1.5958		0.0000		875.394		2.870		14.955		7.979027		19.160
5.986		1.5997		0.0000		875.390		2.874		14.965		7.998304		19.200
5.994		1.6031		0.0000		875.387		2.877		14.985		8.015517		19.240
6.002		1.6063		0.0000		875.384		2.880		15.005		8.031353		19.280
6.004		1.6094		0.0000		875.381		2.883		15.010		8.047189		19.320
6.002		1.6126		0.0000		875.377		2.887		15.005		8.063023		19.360
6.004		1.6159		0.0000		875.374		2.890		15.010		8.079548		19.400
6.004		1.6191		0.0000		875.371		2.893		15.010		8.095384		19.440
6.004		1.6222		0.0000		875.368		2.896		15.010		8.111218		19.480
6.004		1.6254		0.0000		875.365		2.899		15.010		8.127054		19.520
6.006		1.6290		0.0000		875.361		2.903		15.015		8.144956		19.560
6.010		1.6327		0.0000		875.357		2.907		15.025		8.163546		19.600
6.016		1.6364		0.0000		875.354		2.910		15.040		8.182135		19.640
6.024		1.6397		0.0000		875.350		2.914		15.060		8.198658		19.680
6.028		1.6429		0.0000		875.347		2.917		15.070		8.214494		19.720
6.028		1.6461		0.0000		875.344		2.920		15.070		8.230329		19.760
6.028		1.6492		0.0000		875.341		2.923		15.070		8.246164		19.800
6.028		1.6524		0.0000		875.338		2.926		15.070		8.262000		19.840
6.028		1.6556		0.0000		875.334		2.930		15.070		8.277836		19.880
6.030		1.6589		0.0000		875.331		2.933		15.075		8.294359		19.920
6.030		1.6622		0.0000		875.328		2.936		15.075		8.310883		19.960
6.032		1.6659		0.0000		875.324		2.940		15.080		8.329473		20.000
6.038		1.6698		0.0000		875.320		2.944		15.095		8.348751		20.040
6.046		1.6732		0.0000		875.317		2.947		15.115		8.365964		20.080
6.050		1.6762		0.0000		875.314		2.950		15.125		8.381110		20.120
6.050		1.6794		0.0000		875.311		2.953		15.125		8.396946		20.160
6.050		1.6827		0.0000		875.307		2.957		15.125		8.413469		20.200
6.050		1.6859		0.0000		875.304		2.960		15.125		8.429306		20.240
6.050		1.6890		0.0000		875.301		2.963		15.125		8.445141		20.280
6.050		1.6922		0.0000		875.298		2.966		15.125		8.460978		20.320
6.052		1.6955		0.0000		875.294		2.970		15.130		8.477501		20.360
6.052		1.6991		0.0000		875.291		2.973		15.130		8.495401		20.400
6.056		1.7029		0.0000		875.287		2.977		15.140		8.514680		20.440
6.066		1.7065		0.0000		875.283		2.981		15.165		8.532580		20.480
6.072		1.7097		0.0000		875.280		2.984		15.180		8.548416		20.520
6.074		1.7129		0.0000		875.277		2.987		15.185		8.564252		20.560
6.074		1.7160		0.0000		875.274		2.990		15.185		8.580088		20.600
6.072		1.7193		0.0000		875.271		2.993		15.180		8.596611		20.640
6.072		1.7225		0.0000		875.268		2.996		15.180		8.612447		20.680
6.072		1.7257		0.0000		875.264		3.000		15.180		8.628283		20.720
6.072		1.7288		0.0000		875.261		3.003		15.180		8.644117		20.760
6.072		1.7324		0.0000		875.258		3.006		15.180		8.662019		20.800
6.076		1.7361		0.0000		875.254		3.010		15.190		8.680609		20.840
6.084		1.7400		0.0000		875.250		3.014		15.210		8.699885		20.880
6.092		1.7430		0.0000		875.247		3.017		15.230		8.715034		20.920
6.096		1.7462		0.0000		875.244		3.020		15.240		8.730868		20.960
6.096		1.7495		0.0000		875.240		3.023		15.240		8.747393		21.000
6.096		1.7526		0.0000		875.237		3.027		15.240		8.763227		21.040
6.096		1.7560		0.0000		875.234		3.030		15.240		8.779753		21.080
6.098		1.7590		0.0000		875.231		3.033		15.245		8.794899		21.120
6.098		1.7623		0.0000		875.228		3.036		15.245		8.811422		21.160
6.098		1.7657		0.0000		875.224		3.040		15.245		8.828635		21.200
6.102		1.7693		0.0000		875.221		3.043		15.255		8.846537		21.240
6.108		1.7732		0.0000		875.217		3.047		15.270		8.865814		21.280
6.116		1.7765		0.0000		875.214		3.050		15.290		8.882339		21.320
6.120		1.7796		0.0000		875.210		3.054		15.300		8.898173		21.360
6.122		1.7829		0.0000		875.207		3.057		15.305		8.914699		21.400
6.122		1.7861		0.0000		875.204		3.060		15.305		8.930534		21.440
6.122		1.7893		0.0000		875.201		3.063		15.305		8.946369		21.480
6.124		1.7924		0.0000		875.198		3.066		15.310		8.962204		21.520
6.124		1.7956		0.0000		875.194		3.070		15.310		8.978041		21.560
6.124		1.7989		0.0000		875.191		3.073		15.310		8.994564		21.600
6.126		1.8026		0.0000		875.187		3.077		15.315		9.013153		21.640
6.132		1.8065		0.0000		875.183		3.080		15.330		9.032432		21.680
6.140		1.8101		0.0000		875.180		3.084		15.350		9.050332		21.720
6.148		1.8131		0.0000		875.177		3.087		15.370		9.065479		21.760
6.148		1.8163		0.0000		875.174		3.090		15.370		9.081315		21.800
6.148		1.8194		0.0000		875.171		3.093		15.370		9.097151		21.840
6.148		1.8227		0.0000		875.167		3.097		15.370		9.113674		21.880
6.150		1.8259		0.0000		875.164		3.100		15.375		9.129510		21.920
6.150		1.8291		0.0000		875.161		3.103		15.375		9.145346		21.960
6.152		1.8322		0.0000		875.158		3.106		15.380		9.161181		22.000
6.152		1.8358		0.0000		875.154		3.110		15.380		9.179082		22.040
6.156		1.8397		0.0000		875.150		3.114		15.390		9.198360		22.080
6.164		1.8433		0.0000		875.147		3.117		15.410		9.216261		22.120
6.172		1.8464		0.0000		875.144		3.120		15.430		9.232097		22.160
6.176		1.8497		0.0000		875.140		3.124		15.440		9.248620		22.200
6.174		1.8529		0.0000		875.137		3.127		15.435		9.264456		22.240
6.174		1.8561		0.0000		875.134		3.130		15.435		9.280292		22.280
6.174		1.8592		0.0000		875.131		3.133		15.435		9.296127		22.320
6.174		1.8624		0.0000		875.128		3.136		15.435		9.311962		22.360
6.174		1.8657		0.0000		875.124		3.140		15.435		9.328487		22.400
6.174		1.8691		0.0000		875.121		3.143		15.435		9.345699		22.440
6.176		1.8729		0.0000		875.117		3.147		15.440		9.364289		22.480
6.182		1.8766		0.0000		875.113		3.151		15.455		9.382878		22.520
6.192		1.8800		0.0000		875.110		3.154		15.480		9.400090		22.560
6.196		1.8832		0.0000		875.107		3.157		15.490		9.415926		22.600
6.196		1.8862		0.0000		875.104		3.160		15.490		9.431072		22.640
6.196		1.8895		0.0000		875.100		3.164		15.490		9.447598		22.680
6.196		1.8927		0.0000		875.097		3.167		15.490		9.463433		22.720
6.196		1.8959		0.0000		875.094		3.170		15.490		9.479267		22.760
6.196		1.8990		0.0000		875.091		3.173		15.490		9.495104		22.800
6.196		1.9025		0.0000		875.088		3.176		15.490		9.512316		22.840
6.198		1.9060		0.0000		875.084		3.180		15.495		9.530218		22.880
6.202		1.9099		0.0000		875.080		3.184		15.505		9.549495		22.920
6.210		1.9133		0.0000		875.077		3.187		15.525		9.566708		22.960
6.216		1.9165		0.0000		875.073		3.191		15.540		9.582543		23.000
6.218		1.9197		0.0000		875.070		3.194		15.545		9.598379		23.040
6.218		1.9228		0.0000		875.067		3.197		15.545		9.614214		23.080
6.218		1.9260		0.0000		875.064		3.200		15.545		9.630050		23.120
6.218		1.9292		0.0000		875.061		3.203		15.545		9.645885		23.160
6.216		1.9325		0.0000		875.057		3.206		15.540		9.662409		23.200
6.216		1.9356		0.0000		875.054		3.210		15.540		9.678245		23.240
6.218		1.9392		0.0000		875.051		3.213		15.545		9.696145		23.280
6.220		1.9431		0.0000		875.047		3.217		15.550		9.715424		23.320
6.228		1.9468		0.0000		875.043		3.221		15.570		9.734013		23.360
6.236		1.9500		0.0000		875.040		3.224		15.590		9.749849		23.400
6.238		1.9531		0.0000		875.037		3.227		15.595		9.765684		23.440
6.236		1.9563		0.0000		875.034		3.230		15.590		9.781519		23.480
6.236		1.9595		0.0000		875.031		3.233		15.590		9.797355		23.520
6.236		1.9628		0.0000		875.027		3.237		15.590		9.813879		23.560
6.236		1.9659		0.0000		875.024		3.240		15.590		9.829714		23.600
6.234		1.9691		0.0000		875.021		3.243		15.585		9.845551		23.640
6.236		1.9726		0.0000		875.017		3.247		15.590		9.862762		23.680
6.238		1.9763		0.0000		875.014		3.250		15.595		9.881352		23.720
6.242		1.9801		0.0000		875.010		3.254		15.605		9.900629		23.760
6.252		1.9834		0.0000		875.007		3.257		15.630		9.917154		23.800
6.256		1.9866		0.0000		875.003		3.261		15.640		9.932990		23.840
6.254		1.9898		0.0000		875.000		3.264		15.635		9.948825		23.880
6.254		1.9929		0.0000		874.997		3.267		15.635		9.964661		23.920
6.254		1.9961		0.0000		874.994		3.270		15.635		9.980496		23.960
6.252		1.9993		0.0000		874.991		3.273		15.630		9.996332		24.000
6.252		2.0024		0.0000		874.988		3.276		15.630		10.012167		24.040
6.252		2.0057		0.0000		874.984		3.280		15.630		10.028691		24.080
6.252		2.0095		0.0000		874.981		3.283		15.630		10.047281		24.120
6.258		2.0134		0.0000		874.977		3.287		15.645		10.067247		24.160
6.266		2.0169		0.0000		874.973		3.291		15.665		10.084459		24.200
6.272		2.0199		0.0000		874.970		3.294		15.680		10.099607		24.240
6.272		2.0231		0.0000		874.967		3.297		15.680		10.115442		24.280
6.270		2.0263		0.0000		874.964		3.300		15.675		10.131278		24.320
6.270		2.0296		0.0000		874.960		3.304		15.675		10.147801		24.360
6.272		2.0327		0.0000		874.957		3.307		15.680		10.163637		24.400
6.270		2.0359		0.0000		874.954		3.310		15.675		10.179472		24.440
6.270		2.0392		0.0000		874.951		3.313		15.675		10.195997		24.480
6.270		2.0426		0.0000		874.947		3.317		15.675		10.213209		24.520
6.274		2.0465		0.0000		874.943		3.320		15.685		10.232487		24.560
6.282		2.0502		0.0000		874.940		3.324		15.705		10.251076		24.600
6.288		2.0534		0.0000		874.937		3.327		15.720		10.266912		24.640
6.292		2.0565		0.0000		874.933		3.331		15.730		10.282747		24.680
6.292		2.0597		0.0000		874.930		3.334		15.730		10.298584		24.720
6.290		2.0629		0.0000		874.927		3.337		15.725		10.314418		24.760
6.290		2.0661		0.0000		874.924		3.340		15.725		10.330254		24.800
6.290		2.0692		0.0000		874.921		3.343		15.725		10.346089		24.840
6.290		2.0725		0.0000		874.917		3.347		15.725		10.362614		24.880
6.290		2.0760		0.0000		874.914		3.350		15.725		10.379826		24.920
6.292		2.0797		0.0000		874.910		3.354		15.730		10.398416		24.960
6.300		2.0835		0.0000		874.906		3.358		15.750		10.417694		25.000
6.308		2.0867		0.0000		874.903		3.361		15.770		10.433530		25.040
6.312		2.0900		0.0000		874.900		3.364		15.780		10.450053		25.080
6.312		2.0932		0.0000		874.897		3.367		15.780		10.465889		25.120
6.312		2.0963		0.0000		874.894		3.370		15.780		10.481724		25.160
6.312		2.0995		0.0000		874.890		3.374		15.780		10.497560		25.200
6.312		2.1027		0.0000		874.887		3.377		15.780		10.513395		25.240
6.314		2.1058		0.0000		874.884		3.380		15.785		10.529231		25.280
6.314		2.1092		0.0000		874.881		3.383		15.785		10.545754		25.320
6.314		2.1129		0.0000		874.877		3.387		15.785		10.564344		25.360
6.320		2.1169		0.0000		874.873		3.391		15.800		10.584311		25.400
6.330		2.1202		0.0000		874.870		3.394		15.825		10.600835		25.440
6.336		2.1233		0.0000		874.867		3.397		15.840		10.616670		25.480
6.336		2.1265		0.0000		874.863		3.401		15.840		10.632505		25.520
6.336		2.1298		0.0000		874.860		3.404		15.840		10.649029		25.560
6.334		2.1330		0.0000		874.857		3.407		15.835		10.664865		25.600
6.334		2.1361		0.0000		874.854		3.410		15.835		10.680700		25.640
6.334		2.1393		0.0000		874.851		3.413		15.835		10.696536		25.680
6.332		2.1423		0.0000		874.848		3.416		15.830		10.711683		25.720
6.332		2.1462		0.0000		874.844		3.420		15.830		10.730962		25.760
6.336		2.1500		0.0000		874.840		3.424		15.840		10.750238		25.800
6.344		2.1536		0.0000		874.836		3.428		15.860		10.768141		25.840
6.352		2.1568		0.0000		874.833		3.431		15.880		10.783976		25.880
6.354		2.1598		0.0000		874.830		3.434		15.885		10.799123		25.920
6.352		2.1631		0.0000		874.827		3.437		15.880		10.815647		25.960
6.352		2.1663		0.0000		874.824		3.440		15.880		10.831482		26.000
6.350		2.1695		0.0000		874.820		3.443		15.875		10.847317		26.040
6.350		2.1726		0.0000		874.817		3.447		15.875		10.863153		26.080
6.350		2.1758		0.0000		874.814		3.450		15.875		10.878988		26.120
6.350		2.1794		0.0000		874.811		3.453		15.875		10.896889		26.160
6.352		2.1832		0.0000		874.807		3.457		15.880		10.916167		26.200
6.358		2.1870		0.0000		874.803		3.461		15.895		10.934757		26.240
6.366		2.1903		0.0000		874.800		3.464		15.915		10.951281		26.280
6.370		2.1934		0.0000		874.797		3.467		15.925		10.967116		26.320
6.370		2.1966		0.0000		874.793		3.471		15.925		10.982952		26.360
6.368		2.1998		0.0000		874.790		3.474		15.920		10.998788		26.400
6.368		2.2029		0.0000		874.787		3.477		15.920		11.014624		26.440
6.366		2.2061		0.0000		874.784		3.480		15.915		11.030458		26.480
6.366		2.2091		0.0000		874.781		3.483		15.915		11.045607		26.520
6.366		2.2126		0.0000		874.777		3.487		15.915		11.062818		26.560
6.366		2.2164		0.0000		874.774		3.490		15.915		11.082096		26.600
6.372		2.2203		0.0000		874.770		3.494		15.930		11.101375		26.640
6.380		2.2237		0.0000		874.766		3.498		15.950		11.118586		26.680
6.386		2.2267		0.0000		874.763		3.501		15.965		11.133734		26.720
6.386		2.2299		0.0000		874.760		3.504		15.965		11.149569		26.760
6.384		2.2331		0.0000		874.757		3.507		15.960		11.165404		26.800
6.384		2.2364		0.0000		874.754		3.510		15.960		11.181929		26.840
6.384		2.2396		0.0000		874.750		3.514		15.960		11.197763		26.880
6.384		2.2427		0.0000		874.747		3.517		15.960		11.213599		26.920
6.384		2.2459		0.0000		874.744		3.520		15.960		11.229435		26.960
6.382		2.2496		0.0000		874.740		3.524		15.955		11.248025		27.000
6.386		2.2535		0.0000		874.737		3.527		15.965		11.267302		27.040
6.394		2.2569		0.0000		874.733		3.531		15.985		11.284514		27.080
6.402		2.2602		0.0000		874.730		3.534		16.005		11.301040		27.120
6.402		2.2634		0.0000		874.727		3.537		16.005		11.316874		27.160
6.400		2.2665		0.0000		874.723		3.541		16.000		11.332710		27.200
6.398		2.2697		0.0000		874.720		3.544		15.995		11.348545		27.240
6.398		2.2729		0.0000		874.717		3.547		15.995		11.364382		27.280
6.396		2.2760		0.0000		874.714		3.550		15.990		11.380217		27.320
6.396		2.2792		0.0000		874.711		3.553		15.990		11.396051		27.360
6.396		2.2828		0.0000		874.707		3.557		15.990		11.413954		27.400
6.398		2.2865		0.0000		874.703		3.561		15.995		11.432543		27.440
6.404		2.2904		0.0000		874.700		3.564		16.010		11.451820		27.480
6.412		2.2935		0.0000		874.696		3.568		16.030		11.467656		27.520
6.416		2.2967		0.0000		874.693		3.571		16.040		11.483492		27.560
6.414		2.3000		0.0000		874.690		3.574		16.035		11.500015		27.600
6.412		2.3032		0.0000		874.687		3.577		16.030		11.515851		27.640
6.410		2.3063		0.0000		874.684		3.580		16.025		11.531687		27.680
6.410		2.3095		0.0000		874.680		3.584		16.025		11.547523		27.720
6.408		2.3127		0.0000		874.677		3.587		16.020		11.563357		27.760
6.408		2.3160		0.0000		874.674		3.590		16.020		11.579882		27.800
6.408		2.3198		0.0000		874.670		3.594		16.020		11.599159		27.840
6.414		2.3237		0.0000		874.666		3.598		16.035		11.618438		27.880
6.422		2.3270		0.0000		874.663		3.601		16.055		11.634961		27.920
6.428		2.3302		0.0000		874.660		3.604		16.070		11.650797		27.960
6.428		2.3333		0.0000		874.657		3.607		16.070		11.666633		28.000
6.426		2.3365		0.0000		874.654		3.610		16.065		11.682468		28.040
6.424		2.3397		0.0000		874.650		3.614		16.060		11.698303		28.080
6.424		2.3428		0.0000		874.647		3.617		16.060		11.714139		28.120
6.422		2.3460		0.0000		874.644		3.620		16.055		11.729975		28.160
6.422		2.3492		0.0000		874.641		3.623		16.055		11.745811		28.200
6.420		2.3529		0.0000		874.637		3.627		16.050		11.764400		28.240
6.424		2.3569		0.0000		874.633		3.631		16.060		11.784367		28.280
6.434		2.3606		0.0000		874.629		3.635		16.085		11.802956		28.320
6.440		2.3636		0.0000		874.626		3.638		16.100		11.818103		28.360
6.440		2.3668		0.0000		874.623		3.641		16.100		11.833939		28.400
6.438		2.3700		0.0000		874.620		3.644		16.095		11.849774		28.440
6.436		2.3731		0.0000		874.617		3.647		16.090		11.865608		28.480
6.436		2.3763		0.0000		874.614		3.650		16.090		11.881445		28.520
6.436		2.3795		0.0000		874.611		3.653		16.090		11.897280		28.560
6.434		2.3826		0.0000		874.607		3.657		16.085		11.913116		28.600
6.434		2.3862		0.0000		874.604		3.660		16.085		11.931017		28.640
6.436		2.3901		0.0000		874.600		3.664		16.090		11.950294		28.680
6.444		2.3939		0.0000		874.596		3.668		16.110		11.969572		28.720
6.452		2.3971		0.0000		874.593		3.671		16.130		11.985408		28.760
6.454		2.4001		0.0000		874.590		3.674		16.135		12.000555		28.800
6.452		2.4033		0.0000		874.587		3.677		16.130		12.016391		28.840
6.450		2.4066		0.0000		874.583		3.681		16.125		12.032914		28.880
6.450		2.4097		0.0000		874.580		3.684		16.125		12.048750		28.920
6.450		2.4129		0.0000		874.577		3.687		16.125		12.064586		28.960
6.448		2.4161		0.0000		874.574		3.690		16.120		12.080421		29.000
6.448		2.4193		0.0000		874.571		3.693		16.120		12.096256		29.040
6.448		2.4232		0.0000		874.567		3.697		16.120		12.116223		29.080
6.454		2.4271		0.0000		874.563		3.701		16.135		12.135501		29.120
6.462		2.4304		0.0000		874.560		3.704		16.155		12.152024		29.160
6.466		2.4336		0.0000		874.556		3.708		16.165		12.167860		29.200
6.464		2.4367		0.0000		874.553		3.711		16.160		12.183696		29.240
6.462		2.4399		0.0000		874.550		3.714		16.155		12.199532		29.280
6.460		2.4431		0.0000		874.547		3.717		16.150		12.215367		29.320
6.458		2.4464		0.0000		874.544		3.720		16.145		12.231892		29.360
6.458		2.4494		0.0000		874.541		3.723		16.145		12.247038		29.400
6.456		2.4527		0.0000		874.537		3.727		16.140		12.263561		29.440
6.456		2.4564		0.0000		874.534		3.730		16.140		12.282151		29.480
6.460		2.4601		0.0000		874.530		3.734		16.150		12.300740		29.520
6.468		2.4639		0.0000		874.526		3.738		16.170		12.319331		29.560
6.474		2.4670		0.0000		874.523		3.741		16.185		12.335166		29.600
6.476		2.4702		0.0000		874.520		3.744		16.190		12.351002		29.640
6.472		2.4734		0.0000		874.517		3.747		16.180		12.366838		29.680
6.472		2.4765		0.0000		874.513		3.751		16.180		12.382673		29.720
6.470		2.4797		0.0000		874.510		3.754		16.175		12.398508		29.760
6.468		2.4829		0.0000		874.507		3.757		16.170		12.414343		29.800
6.466		2.4860		0.0000		874.504		3.760		16.165		12.430180		29.840
6.466		2.4896		0.0000		874.500		3.764		16.165		12.448080		29.880
6.468		2.4935		0.0000		874.497		3.767		16.170		12.467358		29.920
6.476		2.4973		0.0000		874.493		3.771		16.190		12.486637		29.960
6.486		2.5004		0.0000		874.490		3.774		16.215		12.501783		30.000
6.488		2.5035		0.0000		874.486		3.778		16.220		12.517619		30.040
6.486		2.5067		0.0000		874.483		3.781		16.215		12.533454		30.080
6.484		2.5100		0.0000		874.480		3.784		16.210		12.549978		30.120
6.484		2.5132		0.0000		874.477		3.787		16.210		12.565813		30.160
6.482		2.5163		0.0000		874.474		3.790		16.205		12.581649		30.200
6.480		2.5195		0.0000		874.470		3.793		16.200		12.597485		30.240
6.480		2.5228		0.0000		874.467		3.797		16.200		12.614008		30.280
6.480		2.5267		0.0000		874.463		3.801		16.200		12.633286		30.320
6.484		2.5305		0.0000		874.459		3.805		16.210		12.652564		30.360
6.494		2.5338		0.0000		874.456		3.808		16.235		12.669088		30.400
6.498		2.5370		0.0000		874.453		3.811		16.245		12.684925		30.440
6.496		2.5402		0.0000		874.450		3.814		16.240		12.700759		30.480
6.492		2.5433		0.0000		874.447		3.817		16.230		12.716595		30.520
6.492		2.5465		0.0000		874.443		3.820		16.230		12.732430		30.560
6.490		2.5497		0.0000		874.440		3.824		16.225		12.748266		30.600
6.488		2.5528		0.0000		874.437		3.827		16.220		12.764101		30.640
6.488		2.5561		0.0000		874.434		3.830		16.220		12.780626		30.680
6.486		2.5597		0.0000		874.430		3.834		16.215		12.798527		30.720
6.490		2.5637		0.0000		874.426		3.838		16.225		12.818493		30.760
6.500		2.5673		0.0000		874.423		3.841		16.250		12.836394		30.800
6.506		2.5704		0.0000		874.420		3.844		16.265		12.852230		30.840
6.504		2.5736		0.0000		874.416		3.848		16.260		12.868065		30.880
6.502		2.5766		0.0000		874.413		3.851		16.255		12.883213		30.920
6.500		2.5799		0.0000		874.410		3.854		16.250		12.899736		30.960
6.498		2.5831		0.0000		874.407		3.857		16.245		12.915572		31.000
6.496		2.5863		0.0000		874.404		3.860		16.240		12.931406		31.040
6.496		2.5894		0.0000		874.401		3.863		16.240		12.947243		31.080
6.494		2.5930		0.0000		874.397		3.867		16.235		12.965144		31.120
6.496		2.5969		0.0000		874.393		3.871		16.240		12.984421		31.160
6.504		2.6006		0.0000		874.389		3.875		16.260		13.003011		31.200
6.510		2.6038		0.0000		874.386		3.878		16.275		13.018847		31.240
6.512		2.6069		0.0000		874.383		3.881		16.280		13.034682		31.280
6.510		2.6101		0.0000		874.380		3.884		16.275		13.050518		31.320
6.508		2.6134		0.0000		874.377		3.887		16.270		13.067041		31.360
6.506		2.6166		0.0000		874.373		3.891		16.265		13.082877		31.400
6.504		2.6197		0.0000		874.370		3.894		16.260		13.098713		31.440
6.502		2.6229		0.0000		874.367		3.897		16.255		13.114548		31.480
6.500		2.6262		0.0000		874.364		3.900		16.250		13.131073		31.520
6.500		2.6301		0.0000		874.360		3.904		16.250		13.150350		31.560
6.506		2.6339		0.0000		874.356		3.908		16.265		13.169628		31.600
6.514		2.6372		0.0000		874.353		3.911		16.285		13.186152		31.640
6.518		2.6404		0.0000		874.350		3.914		16.295		13.201988		31.680
6.518		2.6434		0.0000		874.347		3.917		16.295		13.217134		31.720
6.514		2.6467		0.0000		874.343		3.921		16.285		13.233658		31.760
6.512		2.6499		0.0000		874.340		3.924		16.280		13.249494		31.800
6.512		2.6531		0.0000		874.337		3.927		16.280		13.265329		31.840
6.510		2.6562		0.0000		874.334		3.930		16.275		13.281165		31.880
6.508		2.6595		0.0000		874.330		3.934		16.270		13.297689		31.920
6.508		2.6633		0.0000		874.327		3.937		16.270		13.316278		31.960
6.512		2.6671		0.0000		874.323		3.941		16.280		13.335557		32.000
6.520		2.6707		0.0000		874.319		3.945		16.300		13.353457		32.040
6.526		2.6739		0.0000		874.316		3.948		16.315		13.369293		32.080
6.526		2.6769		0.0000		874.313		3.951		16.315		13.384439		32.120
6.524		2.6802		0.0000		874.310		3.954		16.310		13.400964		32.160
6.522		2.6834		0.0000		874.307		3.957		16.305		13.416800		32.200
6.522		2.6865		0.0000		874.303		3.961		16.305		13.432635		32.240
6.520		2.6896		0.0000		874.300		3.964		16.300		13.447782		32.280
6.518		2.6929		0.0000		874.297		3.967		16.295		13.464307		32.320
6.516		2.6964		0.0000		874.294		3.970		16.290		13.482207		32.360
6.520		2.7004		0.0000		874.290		3.974		16.300		13.502173		32.400
6.528		2.7042		0.0000		874.286		3.978		16.320		13.520763		32.440
6.534		2.7072		0.0000		874.283		3.981		16.335		13.535910		32.480
6.536		2.7103		0.0000		874.280		3.984		16.340		13.551745		32.520
6.530		2.7135		0.0000		874.276		3.988		16.325		13.567581		32.560
6.528		2.7168		0.0000		874.273		3.991		16.320		13.584105		32.600
6.526		2.7200		0.0000		874.270		3.994		16.315		13.599940		32.640
6.522		2.7230		0.0000		874.267		3.997		16.305		13.615088		32.680
6.520		2.7262		0.0000		874.264		4.000		16.300		13.630923		32.720
6.518		2.7296		0.0000		874.260		4.004		16.295		13.648134		32.760
6.518		2.7335		0.0000		874.256		4.007		16.295		13.667413		32.800
6.522		2.7373		0.0000		874.253		4.011		16.305		13.686691		32.840
6.530		2.7406		0.0000		874.249		4.015		16.325		13.703217		32.880
6.534		2.7438		0.0000		874.246		4.018		16.335		13.719052		32.920
6.532		2.7470		0.0000		874.243		4.021		16.330		13.734885		32.960
6.528		2.7501		0.0000		874.240		4.024		16.320		13.750721		33.000
6.526		2.7533		0.0000		874.237		4.027		16.315		13.766557		33.040
6.522		2.7565		0.0000		874.234		4.030		16.305		13.782393		33.080
6.520		2.7596		0.0000		874.230		4.034		16.300		13.798228		33.120
6.518		2.7630		0.0000		874.227		4.037		16.295		13.814754		33.160
6.516		2.7667		0.0000		874.223		4.041		16.290		13.833343		33.200
6.520		2.7705		0.0000		874.219		4.045		16.300		13.852619		33.240
6.528		2.7741		0.0000		874.216		4.048		16.320		13.870522		33.280
6.532		2.7773		0.0000		874.213		4.051		16.330		13.886357		33.320
6.532		2.7803		0.0000		874.210		4.054		16.330		13.901505		33.360
6.528		2.7836		0.0000		874.206		4.058		16.320		13.918027		33.400
6.524		2.7868		0.0000		874.203		4.061		16.310		13.933863		33.440
6.522		2.7899		0.0000		874.200		4.064		16.305		13.949698		33.480
6.520		2.7931		0.0000		874.197		4.067		16.300		13.965534		33.520
6.518		2.7963		0.0000		874.194		4.070		16.295		13.981370		33.560
6.516		2.7999		0.0000		874.190		4.074		16.290		13.999270		33.600
6.518		2.8037		0.0000		874.186		4.078		16.295		14.018549		33.640
6.524		2.8076		0.0000		874.182		4.082		16.310		14.037827		33.680
6.530		2.8106		0.0000		874.179		4.085		16.325		14.052974		33.720
6.530		2.8138		0.0000		874.176		4.088		16.325		14.068810		33.760
6.526		2.8169		0.0000		874.173		4.091		16.315		14.084645		33.800
6.524		2.8202		0.0000		874.170		4.094		16.310		14.101168		33.840
6.522		2.8233		0.0000		874.167		4.097		16.305		14.116315		33.880
6.520		2.8264		0.0000		874.164		4.100		16.300		14.132151		33.920
6.516		2.8296		0.0000		874.160		4.104		16.290		14.147986		33.960
6.514		2.8330		0.0000		874.157		4.107		16.285		14.165200		34.000
6.514		2.8369		0.0000		874.153		4.111		16.285		14.184476		34.040
6.520		2.8409		0.0000		874.149		4.115		16.300		14.204444		34.080
6.526		2.8441		0.0000		874.146		4.118		16.315		14.220280		34.120
6.528		2.8472		0.0000		874.143		4.121		16.320		14.236115		34.160
6.524		2.8504		0.0000		874.140		4.124		16.310		14.251951		34.200
6.520		2.8536		0.0000		874.136		4.128		16.300		14.267787		34.240
6.518		2.8567		0.0000		874.133		4.131		16.295		14.283620		34.280
6.516		2.8599		0.0000		874.130		4.134		16.290		14.299456		34.320
6.514		2.8631		0.0000		874.127		4.137		16.285		14.315291		34.360
6.510		2.8664		0.0000		874.124		4.140		16.275		14.331817		34.400
6.510		2.8701		0.0000		874.120		4.144		16.275		14.350406		34.440
6.512		2.8741		0.0000		874.116		4.148		16.280		14.370371		34.480
6.518		2.8775		0.0000		874.112		4.152		16.295		14.387585		34.520
6.522		2.8805		0.0000		874.109		4.155		16.305		14.402732		34.560
6.520		2.8837		0.0000		874.106		4.158		16.300		14.418568		34.600
6.516		2.8869		0.0000		874.103		4.161		16.290		14.434403		34.640
6.512		2.8902		0.0000		874.100		4.164		16.280		14.450926		34.680
6.508		2.8934		0.0000		874.097		4.167		16.270		14.466762		34.720
6.506		2.8965		0.0000		874.093		4.171		16.265		14.482597		34.760
6.502		2.8997		0.0000		874.090		4.174		16.255		14.498433		34.800
6.500		2.9033		0.0000		874.087		4.177		16.250		14.516334		34.840
6.502		2.9073		0.0000		874.083		4.181		16.255		14.536301		34.880
6.508		2.9108		0.0000		874.079		4.185		16.270		14.554201		34.920
6.516		2.9140		0.0000		874.076		4.188		16.290		14.570037		34.960
6.514		2.9172		0.0000		874.073		4.191		16.285		14.585873		35.000
6.510		2.9203		0.0000		874.070		4.194		16.275		14.601708		35.040
6.508		2.9235		0.0000		874.066		4.198		16.270		14.617544		35.080
6.504		2.9267		0.0000		874.063		4.201		16.260		14.633380		35.120
6.502		2.9298		0.0000		874.060		4.204		16.255		14.649214		35.160
6.498		2.9330		0.0000		874.057		4.207		16.245		14.665050		35.200
6.494		2.9365		0.0000		874.054		4.210		16.235		14.682263		35.240
6.494		2.9404		0.0000		874.050		4.214		16.235		14.702229		35.280
6.498		2.9442		0.0000		874.046		4.218		16.245		14.720818		35.320
6.504		2.9475		0.0000		874.042		4.221		16.260		14.737343		35.360
6.506		2.9506		0.0000		874.039		4.225		16.265		14.753179		35.400
6.502		2.9537		0.0000		874.036		4.228		16.255		14.768325		35.440
6.500		2.9570		0.0000		874.033		4.231		16.250		14.784850		35.480
6.496		2.9601		0.0000		874.030		4.234		16.240		14.800686		35.520
6.494		2.9633		0.0000		874.027		4.237		16.235		14.816519		35.560
6.490		2.9665		0.0000		874.023		4.240		16.225		14.832355		35.600
6.488		2.9698		0.0000		874.020		4.244		16.220		14.848880		35.640
6.486		2.9736		0.0000		874.016		4.248		16.215		14.868158		35.680
6.488		2.9775		0.0000		874.013		4.251		16.220		14.887437		35.720
6.496		2.9808		0.0000		874.009		4.255		16.240		14.903959		35.760
6.498		2.9840		0.0000		874.006		4.258		16.245		14.919795		35.800
6.496		2.9871		0.0000		874.003		4.261		16.240		14.935631		35.840
6.492		2.9903		0.0000		874.000		4.264		16.230		14.951467		35.880
6.488		2.9936		0.0000		873.996		4.268		16.220		14.967991		35.920
6.486		2.9968		0.0000		873.993		4.271		16.215		14.983825		35.960
6.482		2.9999		0.0000		873.990		4.274		16.205		14.999660		36.000
6.478		3.0031		0.0000		873.987		4.277		16.195		15.015496		36.040
6.476		3.0068		0.0000		873.983		4.281		16.190		15.034085		36.080
6.476		3.0105		0.0000		873.979		4.285		16.190		15.052675		36.120
6.480		3.0143		0.0000		873.976		4.288		16.200		15.071264		36.160
6.484		3.0174		0.0000		873.973		4.291		16.210		15.087100		36.200
6.482		3.0206		0.0000		873.969		4.295		16.205		15.102936		36.240
6.476		3.0238		0.0000		873.966		4.298		16.190		15.118772		36.280
6.472		3.0269		0.0000		873.963		4.301		16.180		15.134607		36.320
6.468		3.0301		0.0000		873.960		4.304		16.170		15.150443		36.360
6.462		3.0333		0.0000		873.957		4.307		16.155		15.166279		36.400
6.458		3.0364		0.0000		873.954		4.310		16.145		15.182113		36.440
6.456		3.0400		0.0000		873.950		4.314		16.140		15.200015		36.480
6.454		3.0437		0.0000		873.946		4.318		16.135		15.218605		36.520
6.458		3.0476		0.0000		873.942		4.322		16.145		15.237881		36.560
6.464		3.0509		0.0000		873.939		4.325		16.160		15.254406		36.600
6.464		3.0539		0.0000		873.936		4.328		16.160		15.269552		36.640
6.458		3.0571		0.0000		873.933		4.331		16.145		15.285388		36.680
6.452		3.0604		0.0000		873.930		4.334		16.130		15.301913		36.720
6.448		3.0635		0.0000		873.926		4.338		16.120		15.317749		36.760
6.444		3.0669		0.0000		873.923		4.341		16.110		15.334271		36.800
6.440		3.0699		0.0000		873.920		4.344		16.100		15.349418		36.840
6.436		3.0732		0.0000		873.917		4.347		16.090		15.365943		36.880
6.434		3.0769		0.0000		873.913		4.351		16.085		15.384532		36.920
6.436		3.0808		0.0000		873.909		4.355		16.090		15.403811		36.960
6.442		3.0842		0.0000		873.906		4.358		16.105		15.421022		37.000
6.444		3.0874		0.0000		873.903		4.361		16.110		15.436858		37.040
6.440		3.0905		0.0000		873.899		4.365		16.100		15.452694		37.080
6.436		3.0937		0.0000		873.896		4.368		16.090		15.468530		37.120
6.432		3.0969		0.0000		873.893		4.371		16.080		15.484365		37.160
6.428		3.1000		0.0000		873.890		4.374		16.070		15.500201		37.200
6.424		3.1032		0.0000		873.887		4.377		16.060		15.516037		37.240
6.420		3.1065		0.0000		873.883		4.381		16.050		15.532559		37.280
6.416		3.1101		0.0000		873.880		4.384		16.040		15.550462		37.320
6.416		3.1141		0.0000		873.876		4.388		16.040		15.570427		37.360
6.422		3.1177		0.0000		873.872		4.392		16.055		15.588327		37.400
6.426		3.1207		0.0000		873.869		4.395		16.065		15.603477		37.440
6.424		3.1239		0.0000		873.866		4.398		16.060		15.619310		37.480
6.418		3.1272		0.0000		873.863		4.401		16.045		15.635835		37.520
6.414		3.1303		0.0000		873.860		4.404		16.035		15.651670		37.560
6.412		3.1335		0.0000		873.856		4.408		16.030		15.667506		37.600
6.408		3.1367		0.0000		873.853		4.411		16.020		15.683342		37.640
6.404		3.1400		0.0000		873.850		4.414		16.010		15.699864		37.680
6.402		3.1434		0.0000		873.847		4.417		16.005		15.717078		37.720
6.400		3.1471		0.0000		873.843		4.421		16.000		15.735668		37.760
6.406		3.1510		0.0000		873.839		4.425		16.015		15.754947		37.800
6.410		3.1542		0.0000		873.836		4.428		16.025		15.770782		37.840
6.410		3.1573		0.0000		873.833		4.431		16.025		15.786615		37.880
6.406		3.1606		0.0000		873.829		4.435		16.015		15.803141		37.920
6.400		3.1638		0.0000		873.826		4.438		16.000		15.818976		37.960
6.394		3.1670		0.0000		873.823		4.441		15.985		15.834812		38.000
6.390		3.1701		0.0000		873.820		4.444		15.975		15.850648		38.040
6.386		3.1733		0.0000		873.817		4.447		15.965		15.866484		38.080
6.382		3.1767		0.0000		873.813		4.451		15.955		15.883695		38.120
6.380		3.1803		0.0000		873.810		4.454		15.950		15.901595		38.160
6.382		3.1843		0.0000		873.806		4.458		15.955		15.921563		38.200
6.386		3.1876		0.0000		873.802		4.462		15.965		15.938087		38.240
6.388		3.1908		0.0000		873.799		4.465		15.970		15.953921		38.280
6.384		3.1940		0.0000		873.796		4.468		15.960		15.969757		38.320
6.380		3.1971		0.0000		873.793		4.471		15.950		15.985593		38.360
6.376		3.2003		0.0000		873.790		4.474		15.940		16.001429		38.400
6.372		3.2036		0.0000		873.786		4.478		15.930		16.017954		38.440
6.368		3.2068		0.0000		873.783		4.481		15.920		16.033789		38.480
6.364		3.2099		0.0000		873.780		4.484		15.910		16.049625		38.521
6.360		3.2135		0.0000		873.776		4.488		15.900		16.067526		38.561
6.360		3.2175		0.0000		873.772		4.491		15.900		16.087490		38.601
6.366		3.2209		0.0000		873.769		4.495		15.915		16.104704		38.641
6.368		3.2241		0.0000		873.766		4.498		15.920		16.120541		38.681
6.366		3.2274		0.0000		873.763		4.501		15.915		16.137062		38.721
6.360		3.2306		0.0000		873.759		4.505		15.900		16.152899		38.761
6.356		3.2337		0.0000		873.756		4.508		15.890		16.168734		38.801
6.352		3.2369		0.0000		873.753		4.511		15.880		16.184570		38.841
6.346		3.2401		0.0000		873.750		4.514		15.865		16.200405		38.881
6.342		3.2432		0.0000		873.747		4.517		15.855		16.216242		38.921
6.338		3.2468		0.0000		873.743		4.521		15.845		16.234142		38.961
6.338		3.2508		0.0000		873.739		4.525		15.845		16.254108		39.001
6.340		3.2544		0.0000		873.736		4.528		15.850		16.272009		39.041
6.346		3.2576		0.0000		873.732		4.532		15.865		16.287846		39.081
6.344		3.2607		0.0000		873.729		4.535		15.860		16.303680		39.121
6.338		3.2640		0.0000		873.726		4.538		15.845		16.320204		39.161
6.334		3.2672		0.0000		873.723		4.541		15.835		16.336039		39.201
6.332		3.2704		0.0000		873.720		4.544		15.830		16.351875		39.241
6.326		3.2735		0.0000		873.716		4.548		15.815		16.367710		39.281
6.322		3.2767		0.0000		873.713		4.551		15.805		16.383547		39.321
6.318		3.2800		0.0000		873.710		4.554		15.795		16.400068		39.361
6.316		3.2839		0.0000		873.706		4.558		15.790		16.419348		39.401
6.318		3.2876		0.0000		873.702		4.562		15.795		16.437937		39.441
6.322		3.2910		0.0000		873.699		4.565		15.805		16.455151		39.481
6.322		3.2942		0.0000		873.696		4.568		15.805		16.470987		39.521
6.318		3.2974		0.0000		873.693		4.571		15.795		16.486820		39.561
6.312		3.3005		0.0000		873.689		4.575		15.780		16.502655		39.601
6.306		3.3037		0.0000		873.686		4.578		15.765		16.518492		39.641
6.302		3.3069		0.0000		873.683		4.581		15.755		16.534327		39.681
6.296		3.3100		0.0000		873.680		4.584		15.740		16.550163		39.721
6.290		3.3133		0.0000		873.677		4.587		15.725		16.566689		39.761
6.286		3.3171		0.0000		873.673		4.591		15.715		16.585278		39.801
6.282		3.3209		0.0000		873.669		4.595		15.705		16.604553		39.841
6.284		3.3246		0.0000		873.665		4.599		15.710		16.623142		39.881
6.284		3.3275		0.0000		873.662		4.602		15.710		16.637604		39.921
6.278		3.3307		0.0000		873.659		4.605		15.695		16.653439		39.961
6.272		3.3340		0.0000		873.656		4.608		15.680		16.669962		40.001
6.266		3.3372		0.0000		873.653		4.611		15.665		16.685797		40.041
6.260		3.3405		0.0000		873.650		4.614		15.650		16.702322		40.081
6.254		3.3435		0.0000		873.646		4.617		15.635		16.717468		40.121
6.248		3.3468		0.0000		873.643		4.621		15.620		16.733994		40.161
6.244		3.3502		0.0000		873.640		4.624		15.610		16.751205		40.201
6.240		3.3541		0.0000		873.636		4.628		15.600		16.770483		40.241
6.242		3.3578		0.0000		873.632		4.632		15.605		16.789072		40.281
6.246		3.3610		0.0000		873.629		4.635		15.615		16.804909		40.321
6.244		3.3643		0.0000		873.626		4.638		15.610		16.821430		40.361
6.238		3.3675		0.0000		873.622		4.641		15.595		16.837267		40.401
6.232		3.3706		0.0000		873.619		4.645		15.580		16.853102		40.441
6.228		3.3738		0.0000		873.616		4.648		15.570		16.868938		40.481
6.222		3.3770		0.0000		873.613		4.651		15.555		16.884773		40.521
6.216		3.3801		0.0000		873.610		4.654		15.540		16.900610		40.561
6.210		3.3836		0.0000		873.606		4.658		15.525		16.917822		40.601
6.206		3.3873		0.0000		873.603		4.661		15.515		16.936411		40.641
6.208		3.3911		0.0000		873.599		4.665		15.520		16.955688		40.681
6.212		3.3944		0.0000		873.596		4.668		15.530		16.972214		40.721
6.212		3.3976		0.0000		873.592		4.672		15.530		16.988050		40.761
