数据量:1021
试验力		变形		扩展变形		位置		位移		应力		应变		时间
0.010		0.0019		0.0000		876.993		1.382		0.025		0.009639		0.040
0.010		0.0052		0.0000		876.990		1.385		0.025		0.026163		0.080
0.010		0.0084		0.0000		876.987		1.389		0.025		0.041999		0.120
0.010		0.0116		0.0000		876.984		1.392		0.025		0.057834		0.160
0.012		0.0150		0.0000		876.980		1.395		0.030		0.075046		0.200
0.012		0.0186		0.0000		876.977		1.399		0.030		0.092947		0.240
0.012		0.0223		0.0000		876.973		1.402		0.030		0.111537		0.280
0.014		0.0257		0.0000		876.969		1.406		0.035		0.128750		0.320
0.014		0.0289		0.0000		876.966		1.409		0.035		0.144585		0.360
0.014		0.0321		0.0000		876.963		1.412		0.035		0.160421		0.400
0.016		0.0353		0.0000		876.960		1.415		0.040		0.176256		0.440
0.016		0.0386		0.0000		876.957		1.419		0.040		0.192780		0.480
0.018		0.0417		0.0000		876.953		1.422		0.045		0.208616		0.520
0.018		0.0450		0.0000		876.950		1.425		0.045		0.225139		0.560
0.020		0.0483		0.0000		876.947		1.428		0.050		0.241663		0.600
0.020		0.0519		0.0000		876.943		1.432		0.050		0.259565		0.640
0.022		0.0556		0.0000		876.939		1.436		0.055		0.278154		0.680
0.024		0.0591		0.0000		876.936		1.439		0.060		0.295367		0.720
0.024		0.0622		0.0000		876.933		1.442		0.060		0.311202		0.760
0.026		0.0654		0.0000		876.930		1.446		0.065		0.327038		0.800
0.028		0.0687		0.0000		876.926		1.449		0.070		0.343561		0.840
0.030		0.0720		0.0000		876.923		1.452		0.075		0.360085		0.880
0.032		0.0752		0.0000		876.920		1.455		0.080		0.375921		0.920
0.034		0.0784		0.0000		876.917		1.459		0.085		0.391756		0.960
0.038		0.0817		0.0000		876.913		1.462		0.095		0.408280		1.000
0.040		0.0851		0.0000		876.910		1.465		0.100		0.425493		1.040
0.042		0.0888		0.0000		876.906		1.469		0.105		0.444083		1.080
0.046		0.0925		0.0000		876.903		1.473		0.115		0.462672		1.120
0.050		0.0957		0.0000		876.899		1.476		0.125		0.478507		1.160
0.054		0.0989		0.0000		876.896		1.479		0.135		0.494343		1.200
0.058		0.1022		0.0000		876.893		1.482		0.145		0.510867		1.240
0.062		0.1053		0.0000		876.890		1.486		0.155		0.526702		1.280
0.066		0.1085		0.0000		876.887		1.489		0.165		0.542538		1.320
0.072		0.1120		0.0000		876.883		1.492		0.180		0.559750		1.360
0.076		0.1151		0.0000		876.880		1.495		0.190		0.575586		1.400
0.082		0.1184		0.0000		876.877		1.499		0.205		0.592110		1.440
0.086		0.1221		0.0000		876.873		1.502		0.215		0.610700		1.480
0.092		0.1257		0.0000		876.869		1.506		0.230		0.628600		1.520
0.100		0.1292		0.0000		876.866		1.509		0.250		0.645813		1.560
0.106		0.1323		0.0000		876.863		1.512		0.265		0.661649		1.600
0.114		0.1355		0.0000		876.860		1.516		0.285		0.677484		1.640
0.120		0.1388		0.0000		876.856		1.519		0.300		0.694008		1.680
0.128		0.1420		0.0000		876.853		1.522		0.320		0.709844		1.720
0.136		0.1451		0.0000		876.850		1.525		0.340		0.725679		1.760
0.144		0.1484		0.0000		876.847		1.529		0.360		0.742203		1.800
0.152		0.1516		0.0000		876.843		1.532		0.380		0.758038		1.840
0.160		0.1553		0.0000		876.840		1.535		0.400		0.776628		1.880
0.170		0.1590		0.0000		876.836		1.539		0.425		0.795217		1.920
0.180		0.1625		0.0000		876.833		1.543		0.450		0.812430		1.960
0.190		0.1657		0.0000		876.829		1.546		0.475		0.828266		2.000
0.202		0.1688		0.0000		876.826		1.549		0.505		0.844101		2.040
0.210		0.1721		0.0000		876.823		1.552		0.525		0.860625		2.080
0.220		0.1753		0.0000		876.820		1.555		0.550		0.876461		2.120
0.232		0.1786		0.0000		876.816		1.559		0.580		0.892984		2.160
0.242		0.1819		0.0000		876.813		1.562		0.605		0.909508		2.200
0.254		0.1851		0.0000		876.810		1.565		0.635		0.925344		2.240
0.266		0.1885		0.0000		876.807		1.569		0.665		0.942556		2.280
0.276		0.1922		0.0000		876.803		1.572		0.690		0.961146		2.320
0.290		0.1958		0.0000		876.799		1.576		0.725		0.979047		2.360
0.302		0.1991		0.0000		876.796		1.579		0.755		0.995571		2.400
0.314		0.2023		0.0000		876.793		1.582		0.785		1.011406		2.440
0.326		0.2056		0.0000		876.789		1.586		0.815		1.027930		2.480
0.336		0.2088		0.0000		876.786		1.589		0.840		1.043766		2.520
0.346		0.2121		0.0000		876.783		1.592		0.865		1.060290		2.560
0.356		0.2152		0.0000		876.780		1.595		0.890		1.076126		2.600
0.368		0.2184		0.0000		876.777		1.599		0.920		1.091961		2.640
0.382		0.2218		0.0000		876.773		1.602		0.955		1.109173		2.680
0.396		0.2256		0.0000		876.770		1.606		0.990		1.127763		2.720
0.414		0.2293		0.0000		876.766		1.609		1.035		1.146352		2.760
0.430		0.2326		0.0000		876.763		1.613		1.075		1.162876		2.800
0.448		0.2357		0.0000		876.759		1.616		1.120		1.178712		2.840
0.462		0.2389		0.0000		876.756		1.619		1.155		1.194547		2.880
0.478		0.2421		0.0000		876.753		1.622		1.195		1.210383		2.920
0.494		0.2454		0.0000		876.750		1.626		1.235		1.226907		2.960
0.510		0.2485		0.0000		876.747		1.629		1.275		1.242743		3.000
0.526		0.2519		0.0000		876.743		1.632		1.315		1.259266		3.040
0.542		0.2552		0.0000		876.740		1.635		1.355		1.275790		3.080
0.560		0.2587		0.0000		876.736		1.639		1.400		1.293691		3.120
0.578		0.2625		0.0000		876.733		1.643		1.445		1.312281		3.160
0.596		0.2659		0.0000		876.729		1.646		1.490		1.329494		3.200
0.614		0.2691		0.0000		876.726		1.649		1.535		1.345329		3.240
0.630		0.2724		0.0000		876.723		1.653		1.575		1.361853		3.280
0.644		0.2755		0.0000		876.720		1.656		1.610		1.377689		3.320
0.656		0.2788		0.0000		876.716		1.659		1.640		1.394212		3.360
0.670		0.2820		0.0000		876.713		1.662		1.675		1.410048		3.400
0.684		0.2853		0.0000		876.710		1.665		1.710		1.426572		3.440
0.700		0.2885		0.0000		876.707		1.669		1.750		1.442407		3.480
0.718		0.2921		0.0000		876.703		1.672		1.795		1.460308		3.520
0.734		0.2958		0.0000		876.699		1.676		1.835		1.478898		3.560
0.754		0.2994		0.0000		876.696		1.680		1.885		1.496799		3.600
0.774		0.3025		0.0000		876.693		1.683		1.935		1.512634		3.640
0.792		0.3057		0.0000		876.689		1.686		1.980		1.528470		3.680
0.808		0.3089		0.0000		876.686		1.689		2.020		1.544306		3.720
0.826		0.3122		0.0000		876.683		1.692		2.065		1.560829		3.760
0.842		0.3155		0.0000		876.680		1.696		2.105		1.577353		3.800
0.860		0.3186		0.0000		876.676		1.699		2.150		1.593189		3.840
0.878		0.3219		0.0000		876.673		1.702		2.195		1.609713		3.880
0.898		0.3252		0.0000		876.670		1.705		2.245		1.626237		3.920
0.916		0.3290		0.0000		876.666		1.709		2.290		1.644827		3.960
0.936		0.3327		0.0000		876.662		1.713		2.340		1.663416		4.000
0.958		0.3359		0.0000		876.659		1.716		2.395		1.679251		4.040
0.980		0.3392		0.0000		876.656		1.719		2.450		1.695775		4.080
1.000		0.3423		0.0000		876.653		1.722		2.500		1.711611		4.120
1.020		0.3456		0.0000		876.649		1.726		2.550		1.728135		4.160
1.040		0.3488		0.0000		876.646		1.729		2.600		1.743971		4.200
1.060		0.3520		0.0000		876.643		1.732		2.650		1.759806		4.240
1.080		0.3553		0.0000		876.640		1.735		2.700		1.776330		4.280
1.102		0.3586		0.0000		876.637		1.739		2.755		1.792854		4.320
1.122		0.3623		0.0000		876.633		1.742		2.805		1.811444		4.360
1.146		0.3659		0.0000		876.629		1.746		2.865		1.829345		4.400
1.170		0.3693		0.0000		876.626		1.749		2.925		1.846557		4.440
1.196		0.3726		0.0000		876.622		1.753		2.990		1.863081		4.480
1.220		0.3758		0.0000		876.619		1.756		3.050		1.878917		4.520
1.242		0.3790		0.0000		876.616		1.759		3.105		1.894752		4.560
1.266		0.3823		0.0000		876.613		1.762		3.165		1.911276		4.600
1.290		0.3854		0.0000		876.610		1.766		3.225		1.927111		4.640
1.314		0.3887		0.0000		876.606		1.769		3.285		1.943635		4.680
1.338		0.3919		0.0000		876.603		1.772		3.345		1.959471		4.720
1.362		0.3955		0.0000		876.600		1.776		3.405		1.977372		4.760
1.386		0.3991		0.0000		876.596		1.779		3.465		1.995273		4.800
1.414		0.4026		0.0000		876.592		1.783		3.535		2.013174		4.840
1.442		0.4059		0.0000		876.589		1.786		3.605		2.029698		4.880
1.470		0.4091		0.0000		876.586		1.789		3.675		2.045534		4.920
1.498		0.4124		0.0000		876.583		1.793		3.745		2.062057		4.960
1.522		0.4156		0.0000		876.580		1.796		3.805		2.077893		5.000
1.548		0.4189		0.0000		876.576		1.799		3.870		2.094417		5.040
1.576		0.4221		0.0000		876.573		1.802		3.940		2.110252		5.080
1.602		0.4252		0.0000		876.570		1.805		4.005		2.126088		5.120
1.628		0.4287		0.0000		876.566		1.809		4.070		2.143300		5.160
1.654		0.4324		0.0000		876.563		1.813		4.135		2.161890		5.200
1.682		0.4361		0.0000		876.559		1.816		4.205		2.180479		5.240
1.714		0.4394		0.0000		876.556		1.820		4.285		2.197003		5.280
1.742		0.4424		0.0000		876.553		1.823		4.355		2.212151		5.320
1.770		0.4457		0.0000		876.549		1.826		4.425		2.228674		5.360
1.794		0.4490		0.0000		876.546		1.829		4.485		2.245198		5.400
1.820		0.4522		0.0000		876.543		1.832		4.550		2.261034		5.440
1.846		0.4555		0.0000		876.540		1.836		4.615		2.277558		5.480
1.874		0.4587		0.0000		876.536		1.839		4.685		2.293394		5.520
1.900		0.4620		0.0000		876.533		1.842		4.750		2.309917		5.560
1.926		0.4656		0.0000		876.530		1.846		4.815		2.327818		5.600
1.954		0.4694		0.0000		876.526		1.850		4.885		2.347096		5.640
1.984		0.4727		0.0000		876.522		1.853		4.960		2.363620		5.680
2.014		0.4759		0.0000		876.519		1.856		5.035		2.379456		5.720
2.044		0.4792		0.0000		876.516		1.859		5.110		2.395980		5.760
2.070		0.4824		0.0000		876.513		1.863		5.175		2.411816		5.800
2.096		0.4857		0.0000		876.509		1.866		5.240		2.428339		5.840
2.122		0.4888		0.0000		876.506		1.869		5.305		2.444175		5.880
2.150		0.4920		0.0000		876.503		1.872		5.375		2.460011		5.920
2.176		0.4953		0.0000		876.500		1.875		5.440		2.476534		5.960
2.204		0.4989		0.0000		876.496		1.879		5.510		2.494435		6.000
2.232		0.5026		0.0000		876.492		1.883		5.580		2.513025		6.040
2.264		0.5062		0.0000		876.489		1.886		5.660		2.530926		6.080
2.296		0.5094		0.0000		876.486		1.890		5.740		2.546762		6.120
2.326		0.5125		0.0000		876.483		1.893		5.815		2.562597		6.160
2.354		0.5158		0.0000		876.479		1.896		5.885		2.579121		6.200
2.380		0.5190		0.0000		876.476		1.899		5.950		2.594956		6.240
2.408		0.5223		0.0000		876.473		1.902		6.020		2.611480		6.280
2.436		0.5253		0.0000		876.470		1.905		6.090		2.626628		6.320
2.464		0.5286		0.0000		876.466		1.909		6.160		2.643151		6.360
2.490		0.5321		0.0000		876.463		1.912		6.225		2.660364		6.400
2.518		0.5358		0.0000		876.459		1.916		6.295		2.678953		6.440
2.548		0.5395		0.0000		876.456		1.920		6.370		2.697543		6.480
2.582		0.5427		0.0000		876.452		1.923		6.455		2.713379		6.520
2.614		0.5460		0.0000		876.449		1.926		6.535		2.729902		6.560
2.642		0.5491		0.0000		876.446		1.929		6.605		2.745738		6.600
2.670		0.5525		0.0000		876.443		1.933		6.675		2.762262		6.640
2.698		0.5556		0.0000		876.439		1.936		6.745		2.778097		6.680
2.726		0.5588		0.0000		876.436		1.939		6.815		2.793933		6.720
2.754		0.5621		0.0000		876.433		1.942		6.885		2.810457		6.760
2.780		0.5654		0.0000		876.430		1.946		6.950		2.826981		6.800
2.808		0.5691		0.0000		876.426		1.949		7.020		2.845571		6.840
2.838		0.5728		0.0000		876.422		1.953		7.095		2.864160		6.880
2.870		0.5761		0.0000		876.419		1.956		7.175		2.880684		6.920
2.904		0.5794		0.0000		876.416		1.960		7.260		2.897208		6.960
2.932		0.5825		0.0000		876.413		1.963		7.330		2.912355		7.000
2.960		0.5858		0.0000		876.409		1.966		7.400		2.928879		7.040
2.986		0.5891		0.0000		876.406		1.969		7.465		2.945403		7.080
3.014		0.5922		0.0000		876.403		1.972		7.535		2.961239		7.120
3.042		0.5954		0.0000		876.400		1.976		7.605		2.977074		7.160
3.070		0.5986		0.0000		876.396		1.979		7.675		2.992909		7.200
3.098		0.6022		0.0000		876.393		1.982		7.745		3.010811		7.240
3.126		0.6059		0.0000		876.389		1.986		7.815		3.029400		7.280
3.158		0.6095		0.0000		876.386		1.990		7.895		3.047301		7.320
3.190		0.6128		0.0000		876.382		1.993		7.975		3.063825		7.360
3.220		0.6159		0.0000		876.379		1.996		8.050		3.079660		7.400
3.248		0.6192		0.0000		876.376		1.999		8.120		3.096184		7.440
3.274		0.6224		0.0000		876.373		2.003		8.185		3.112020		7.480
3.300		0.6256		0.0000		876.370		2.006		8.250		3.127856		7.520
3.326		0.6287		0.0000		876.366		2.009		8.315		3.143692		7.560
3.354		0.6320		0.0000		876.363		2.012		8.385		3.160215		7.600
3.380		0.6355		0.0000		876.360		2.016		8.450		3.177428		7.640
3.406		0.6392		0.0000		876.356		2.019		8.515		3.196017		7.680
3.438		0.6429		0.0000		876.352		2.023		8.595		3.214607		7.720
3.470		0.6462		0.0000		876.349		2.026		8.675		3.231130		7.760
3.502		0.6494		0.0000		876.346		2.030		8.755		3.246966		7.800
3.528		0.6526		0.0000		876.343		2.033		8.820		3.262802		7.840
3.554		0.6559		0.0000		876.339		2.036		8.885		3.279325		7.880
3.580		0.6590		0.0000		876.336		2.039		8.950		3.295161		7.920
3.606		0.6622		0.0000		876.333		2.042		9.015		3.310997		7.960
3.632		0.6655		0.0000		876.330		2.046		9.080		3.327520		8.000
3.656		0.6688		0.0000		876.326		2.049		9.140		3.344044		8.040
3.682		0.6725		0.0000		876.323		2.053		9.205		3.362634		8.080
3.710		0.6761		0.0000		876.319		2.056		9.275		3.380535		8.120
3.742		0.6795		0.0000		876.316		2.060		9.355		3.397748		8.160
3.772		0.6829		0.0000		876.312		2.063		9.430		3.414271		8.200
3.800		0.6860		0.0000		876.309		2.066		9.500		3.430107		8.240
3.824		0.6892		0.0000		876.306		2.069		9.560		3.445943		8.280
3.850		0.6924		0.0000		876.303		2.073		9.625		3.461778		8.320
3.874		0.6957		0.0000		876.299		2.076		9.685		3.478302		8.360
3.898		0.6988		0.0000		876.296		2.079		9.745		3.494137		8.400
3.922		0.7021		0.0000		876.293		2.082		9.805		3.510662		8.440
3.946		0.7057		0.0000		876.289		2.086		9.865		3.528562		8.480
3.972		0.7094		0.0000		876.286		2.090		9.930		3.547152		8.520
4.000		0.7130		0.0000		876.282		2.093		10.000		3.565053		8.560
4.032		0.7162		0.0000		876.279		2.096		10.080		3.580888		8.600
4.058		0.7193		0.0000		876.276		2.100		10.145		3.596724		8.640
4.080		0.7226		0.0000		876.272		2.103		10.200		3.613248		8.680
4.104		0.7258		0.0000		876.269		2.106		10.260		3.629083		8.720
4.126		0.7290		0.0000		876.266		2.109		10.315		3.644919		8.760
4.150		0.7323		0.0000		876.263		2.112		10.375		3.661442		8.800
4.172		0.7355		0.0000		876.260		2.116		10.430		3.677278		8.840
4.194		0.7389		0.0000		876.256		2.119		10.485		3.694491		8.880
4.218		0.7426		0.0000		876.252		2.123		10.545		3.713080		8.920
4.244		0.7463		0.0000		876.249		2.127		10.610		3.731670		8.960
4.272		0.7496		0.0000		876.245		2.130		10.680		3.748193		9.000
4.298		0.7528		0.0000		876.242		2.133		10.745		3.764029		9.040
4.320		0.7560		0.0000		876.239		2.136		10.800		3.779865		9.080
4.340		0.7591		0.0000		876.236		2.139		10.850		3.795701		9.120
4.360		0.7624		0.0000		876.233		2.143		10.900		3.812224		9.160
4.380		0.7656		0.0000		876.229		2.146		10.950		3.828060		9.200
4.402		0.7688		0.0000		876.226		2.149		11.005		3.843896		9.240
4.422		0.7722		0.0000		876.223		2.152		11.055		3.861108		9.280
4.442		0.7759		0.0000		876.219		2.156		11.105		3.879698		9.320
4.464		0.7797		0.0000		876.215		2.160		11.160		3.898287		9.360
4.492		0.7831		0.0000		876.212		2.163		11.230		3.915499		9.400
4.516		0.7861		0.0000		876.209		2.166		11.290		3.930647		9.440
4.538		0.7893		0.0000		876.206		2.169		11.345		3.946481		9.480
4.554		0.7926		0.0000		876.202		2.173		11.385		3.963006		9.520
4.572		0.7959		0.0000		876.199		2.176		11.430		3.979530		9.560
4.592		0.7991		0.0000		876.196		2.179		11.480		3.995366		9.600
4.610		0.8022		0.0000		876.193		2.182		11.525		4.011201		9.640
4.626		0.8055		0.0000		876.190		2.186		11.565		4.027725		9.680
4.644		0.8091		0.0000		876.186		2.189		11.610		4.045627		9.720
4.662		0.8128		0.0000		876.182		2.193		11.655		4.064216		9.760
4.684		0.8164		0.0000		876.179		2.197		11.710		4.082117		9.800
4.708		0.8196		0.0000		876.175		2.200		11.770		4.097952		9.840
4.728		0.8228		0.0000		876.172		2.203		11.820		4.113788		9.880
4.744		0.8261		0.0000		876.169		2.206		11.860		4.130311		9.920
4.758		0.8292		0.0000		876.166		2.209		11.895		4.146147		9.960
4.774		0.8324		0.0000		876.163		2.213		11.935		4.161982		10.000
4.788		0.8356		0.0000		876.159		2.216		11.970		4.177818		10.040
4.802		0.8389		0.0000		876.156		2.219		12.005		4.194343		10.080
4.818		0.8423		0.0000		876.153		2.222		12.045		4.211554		10.120
4.832		0.8462		0.0000		876.149		2.226		12.080		4.230833		10.160
4.852		0.8499		0.0000		876.145		2.230		12.130		4.249422		10.200
4.872		0.8531		0.0000		876.142		2.233		12.180		4.265258		10.240
4.892		0.8561		0.0000		876.139		2.236		12.230		4.280405		10.280
4.906		0.8594		0.0000		876.136		2.240		12.265		4.296928		10.320
4.918		0.8627		0.0000		876.132		2.243		12.295		4.313453		10.360
4.932		0.8659		0.0000		876.129		2.246		12.330		4.329288		10.400
4.944		0.8690		0.0000		876.126		2.249		12.360		4.345123		10.440
4.956		0.8722		0.0000		876.123		2.252		12.390		4.360959		10.480
4.970		0.8755		0.0000		876.120		2.256		12.425		4.377482		10.520
4.982		0.8794		0.0000		876.116		2.260		12.455		4.396761		10.560
4.996		0.8831		0.0000		876.112		2.263		12.490		4.415350		10.600
5.014		0.8865		0.0000		876.109		2.267		12.535		4.432563		10.640
5.030		0.8895		0.0000		876.106		2.270		12.575		4.447710		10.680
5.042		0.8928		0.0000		876.102		2.273		12.605		4.464233		10.720
5.052		0.8960		0.0000		876.099		2.276		12.630		4.480069		10.760
5.062		0.8992		0.0000		876.096		2.279		12.655		4.495905		10.800
5.072		0.9023		0.0000		876.093		2.283		12.680		4.511741		10.840
5.082		0.9055		0.0000		876.090		2.286		12.705		4.527575		10.880
5.092		0.9088		0.0000		876.086		2.289		12.730		4.544100		10.920
5.102		0.9125		0.0000		876.083		2.293		12.755		4.562690		10.960
5.114		0.9164		0.0000		876.079		2.297		12.785		4.581967		11.000
5.128		0.9198		0.0000		876.075		2.300		12.820		4.599180		11.040
5.144		0.9230		0.0000		876.072		2.303		12.860		4.615016		11.080
5.156		0.9262		0.0000		876.069		2.306		12.890		4.630851		11.120
5.164		0.9295		0.0000		876.066		2.310		12.910		4.647375		11.160
5.170		0.9326		0.0000		876.062		2.313		12.925		4.663210		11.200
5.180		0.9358		0.0000		876.059		2.316		12.950		4.679046		11.240
5.188		0.9390		0.0000		876.056		2.319		12.970		4.694881		11.280
5.196		0.9423		0.0000		876.053		2.322		12.990		4.711406		11.320
5.204		0.9457		0.0000		876.049		2.326		13.010		4.728618		11.360
5.214		0.9496		0.0000		876.045		2.330		13.035		4.747896		11.400
5.226		0.9532		0.0000		876.042		2.333		13.065		4.765797		11.440
5.240		0.9565		0.0000		876.039		2.337		13.100		4.782321		11.480
5.252		0.9596		0.0000		876.035		2.340		13.130		4.798157		11.520
5.260		0.9628		0.0000		876.032		2.343		13.150		4.813993		11.560
5.266		0.9661		0.0000		876.029		2.346		13.165		4.830516		11.600
5.272		0.9693		0.0000		876.026		2.349		13.180		4.846352		11.640
5.280		0.9724		0.0000		876.023		2.353		13.200		4.862187		11.680
5.286		0.9756		0.0000		876.019		2.356		13.215		4.878022		11.720
5.292		0.9789		0.0000		876.016		2.359		13.230		4.894547		11.760
5.298		0.9828		0.0000		876.012		2.363		13.245		4.913824		11.800
5.308		0.9866		0.0000		876.008		2.367		13.270		4.933103		11.840
5.322		0.9899		0.0000		876.005		2.370		13.305		4.949626		11.880
5.334		0.9930		0.0000		876.002		2.373		13.335		4.964773		11.920
5.342		0.9961		0.0000		875.999		2.376		13.355		4.980609		11.960
5.346		0.9994		0.0000		875.996		2.380		13.365		4.997132		12.000
5.352		1.0026		0.0000		875.992		2.383		13.380		5.012968		12.040
5.358		1.0058		0.0000		875.989		2.386		13.395		5.028804		12.080
5.362		1.0091		0.0000		875.986		2.389		13.405		5.045328		12.120
5.368		1.0122		0.0000		875.983		2.392		13.420		5.061163		12.160
5.372		1.0160		0.0000		875.979		2.396		13.430		5.079753		12.200
5.380		1.0198		0.0000		875.975		2.400		13.450		5.099031		12.240
5.390		1.0232		0.0000		875.972		2.403		13.475		5.116244		12.280
5.402		1.0264		0.0000		875.969		2.407		13.505		5.132079		12.320
5.410		1.0296		0.0000		875.966		2.410		13.525		5.147914		12.360
5.414		1.0329		0.0000		875.962		2.413		13.535		5.164438		12.400
5.418		1.0361		0.0000		875.959		2.416		13.545		5.180274		12.440
5.422		1.0392		0.0000		875.956		2.419		13.555		5.196109		12.480
5.426		1.0424		0.0000		875.953		2.423		13.565		5.211945		12.520
5.428		1.0456		0.0000		875.950		2.426		13.570		5.227781		12.560
5.432		1.0491		0.0000		875.946		2.429		13.580		5.245681		12.600
5.438		1.0530		0.0000		875.942		2.433		13.595		5.264960		12.640
5.446		1.0567		0.0000		875.938		2.437		13.615		5.283549		12.680
5.458		1.0599		0.0000		875.935		2.440		13.645		5.299384		12.720
5.466		1.0629		0.0000		875.932		2.443		13.665		5.314532		12.760
5.470		1.0662		0.0000		875.929		2.446		13.675		5.331056		12.800
5.472		1.0694		0.0000		875.926		2.450		13.680		5.346891		12.840
5.476		1.0727		0.0000		875.922		2.453		13.690		5.363415		12.880
5.480		1.0759		0.0000		875.919		2.456		13.700		5.379251		12.920
5.482		1.0790		0.0000		875.916		2.459		13.705		5.395086		12.960
5.486		1.0825		0.0000		875.913		2.463		13.715		5.412298		13.000
5.490		1.0862		0.0000		875.909		2.466		13.725		5.430887		13.040
5.496		1.0899		0.0000		875.905		2.470		13.740		5.449478		13.080
5.506		1.0932		0.0000		875.902		2.473		13.765		5.466002		13.120
5.516		1.0965		0.0000		875.899		2.477		13.790		5.482525		13.160
5.520		1.0997		0.0000		875.895		2.480		13.800		5.498361		13.200
5.522		1.1028		0.0000		875.892		2.483		13.805		5.514197		13.240
5.524		1.1060		0.0000		875.889		2.486		13.810		5.530033		13.280
5.526		1.1092		0.0000		875.886		2.489		13.815		5.545867		13.320
5.528		1.1123		0.0000		875.883		2.493		13.820		5.561703		13.360
5.530		1.1156		0.0000		875.879		2.496		13.825		5.578227		13.400
5.534		1.1194		0.0000		875.876		2.500		13.835		5.596816		13.440
5.538		1.1232		0.0000		875.872		2.503		13.845		5.616095		13.480
5.548		1.1267		0.0000		875.868		2.507		13.870		5.633307		13.520
5.558		1.1298		0.0000		875.865		2.510		13.895		5.649143		13.560
5.564		1.1330		0.0000		875.862		2.513		13.910		5.664978		13.600
5.564		1.1362		0.0000		875.859		2.516		13.910		5.680813		13.640
5.566		1.1395		0.0000		875.856		2.520		13.915		5.697338		13.680
5.570		1.1426		0.0000		875.852		2.523		13.925		5.713172		13.720
5.572		1.1458		0.0000		875.849		2.526		13.930		5.729008		13.760
5.574		1.1491		0.0000		875.846		2.529		13.935		5.745532		13.800
5.576		1.1525		0.0000		875.843		2.533		13.940		5.762744		13.840
5.578		1.1564		0.0000		875.839		2.537		13.945		5.782023		13.880
5.584		1.1600		0.0000		875.835		2.540		13.960		5.799923		13.920
5.594		1.1633		0.0000		875.832		2.543		13.985		5.816448		13.960
5.600		1.1665		0.0000		875.829		2.547		14.000		5.832283		14.000
5.602		1.1696		0.0000		875.825		2.550		14.005		5.848119		14.040
5.604		1.1728		0.0000		875.822		2.553		14.010		5.863955		14.080
5.606		1.1760		0.0000		875.819		2.556		14.015		5.879790		14.120
5.608		1.1791		0.0000		875.816		2.559		14.020		5.895626		14.160
5.608		1.1824		0.0000		875.813		2.563		14.020		5.912149		14.200
5.610		1.1857		0.0000		875.809		2.566		14.025		5.928673		14.240
5.612		1.1896		0.0000		875.805		2.570		14.030		5.947952		14.280
5.618		1.1934		0.0000		875.802		2.574		14.045		5.967229		14.320
5.628		1.1968		0.0000		875.798		2.577		14.070		5.983754		14.360
5.634		1.1998		0.0000		875.795		2.580		14.085		5.998900		14.400
5.636		1.2029		0.0000		875.792		2.583		14.090		6.014736		14.440
5.638		1.2063		0.0000		875.789		2.586		14.095		6.031260		14.480
5.638		1.2094		0.0000		875.786		2.590		14.095		6.047096		14.520
5.640		1.2126		0.0000		875.782		2.593		14.100		6.062932		14.560
5.642		1.2158		0.0000		875.779		2.596		14.105		6.078766		14.600
5.644		1.2191		0.0000		875.776		2.599		14.110		6.095291		14.640
5.646		1.2228		0.0000		875.772		2.603		14.115		6.113880		14.680
5.650		1.2266		0.0000		875.768		2.607		14.125		6.133158		14.720
5.658		1.2301		0.0000		875.765		2.610		14.145		6.150370		14.760
5.668		1.2332		0.0000		875.762		2.613		14.170		6.166206		14.800
5.672		1.2364		0.0000		875.759		2.617		14.180		6.182042		14.840
5.674		1.2396		0.0000		875.755		2.620		14.185		6.197877		14.880
5.674		1.2427		0.0000		875.752		2.623		14.185		6.213712		14.920
5.674		1.2460		0.0000		875.749		2.626		14.185		6.230237		14.960
5.676		1.2492		0.0000		875.746		2.629		14.190		6.246071		15.000
5.678		1.2524		0.0000		875.743		2.633		14.195		6.261907		15.040
5.680		1.2560		0.0000		875.739		2.636		14.200		6.279809		15.080
5.682		1.2598		0.0000		875.735		2.640		14.205		6.299086		15.120
5.690		1.2635		0.0000		875.732		2.644		14.225		6.317676		15.160
5.700		1.2666		0.0000		875.729		2.647		14.250		6.332822		15.200
5.706		1.2697		0.0000		875.725		2.650		14.265		6.348658		15.240
5.708		1.2730		0.0000		875.722		2.653		14.270		6.365183		15.280
5.708		1.2762		0.0000		875.719		2.656		14.270		6.381018		15.320
5.710		1.2794		0.0000		875.716		2.660		14.275		6.396853		15.360
5.710		1.2827		0.0000		875.712		2.663		14.275		6.413377		15.400
5.712		1.2858		0.0000		875.709		2.666		14.280		6.429213		15.440
5.714		1.2891		0.0000		875.706		2.669		14.285		6.445737		15.480
5.716		1.2930		0.0000		875.702		2.673		14.290		6.465015		15.520
5.720		1.2969		0.0000		875.698		2.677		14.300		6.484293		15.560
5.730		1.3000		0.0000		875.695		2.680		14.325		6.500128		15.600
5.738		1.3032		0.0000		875.692		2.683		14.345		6.515964		15.640
5.740		1.3064		0.0000		875.689		2.687		14.350		6.531799		15.680
5.740		1.3097		0.0000		875.685		2.690		14.350		6.548323		15.720
5.740		1.3128		0.0000		875.682		2.693		14.350		6.564159		15.760
5.742		1.3160		0.0000		875.679		2.696		14.355		6.579995		15.800
5.744		1.3192		0.0000		875.676		2.699		14.360		6.595830		15.840
5.744		1.3225		0.0000		875.673		2.703		14.360		6.612354		15.880
5.746		1.3263		0.0000		875.669		2.706		14.365		6.631632		15.920
5.750		1.3300		0.0000		875.665		2.710		14.375		6.650222		15.960
5.758		1.3335		0.0000		875.662		2.714		14.395		6.667433		16.000
5.766		1.3367		0.0000		875.658		2.717		14.415		6.683269		16.040
5.768		1.3398		0.0000		875.655		2.720		14.420		6.699105		16.080
5.768		1.3431		0.0000		875.652		2.723		14.420		6.715629		16.120
5.768		1.3463		0.0000		875.649		2.726		14.420		6.731464		16.160
5.770		1.3495		0.0000		875.646		2.730		14.425		6.747300		16.200
5.770		1.3526		0.0000		875.642		2.733		14.425		6.763136		16.240
5.772		1.3558		0.0000		875.639		2.736		14.430		6.778970		16.280
5.772		1.3594		0.0000		875.636		2.740		14.430		6.796872		16.320
5.776		1.3632		0.0000		875.632		2.743		14.440		6.816149		16.360
5.782		1.3668		0.0000		875.628		2.747		14.455		6.834051		16.400
5.790		1.3701		0.0000		875.625		2.750		14.475		6.850574		16.440
5.796		1.3733		0.0000		875.622		2.753		14.490		6.866410		16.480
5.796		1.3764		0.0000		875.619		2.757		14.490		6.882246		16.520
5.796		1.3796		0.0000		875.615		2.760		14.490		6.898082		16.560
5.796		1.3828		0.0000		875.612		2.763		14.490		6.913917		16.600
5.798		1.3860		0.0000		875.609		2.766		14.495		6.929752		16.640
5.798		1.3891		0.0000		875.606		2.769		14.495		6.945588		16.680
5.798		1.3927		0.0000		875.602		2.773		14.495		6.963489		16.720
5.800		1.3964		0.0000		875.599		2.777		14.500		6.982078		16.760
5.806		1.4003		0.0000		875.595		2.780		14.515		7.001357		16.800
5.814		1.4034		0.0000		875.592		2.784		14.535		7.017192		16.840
5.822		1.4066		0.0000		875.589		2.787		14.555		7.033028		16.880
5.824		1.4098		0.0000		875.585		2.790		14.560		7.048862		16.920
5.822		1.4131		0.0000		875.582		2.793		14.555		7.065387		16.960
5.824		1.4162		0.0000		875.579		2.796		14.560		7.081222		17.000
5.824		1.4194		0.0000		875.576		2.800		14.560		7.097058		17.040
5.824		1.4226		0.0000		875.573		2.803		14.560		7.112894		17.080
5.826		1.4259		0.0000		875.569		2.806		14.565		7.129417		17.120
5.828		1.4296		0.0000		875.565		2.810		14.570		7.148006		17.160
5.830		1.4335		0.0000		875.562		2.814		14.575		7.167285		17.200
5.838		1.4369		0.0000		875.558		2.817		14.595		7.184498		17.240
5.848		1.4401		0.0000		875.555		2.820		14.620		7.200334		17.280
5.852		1.4432		0.0000		875.552		2.823		14.630		7.216168		17.320
5.850		1.4464		0.0000		875.549		2.827		14.625		7.232004		17.360
5.852		1.4496		0.0000		875.546		2.830		14.630		7.247839		17.400
5.852		1.4527		0.0000		875.542		2.833		14.630		7.263675		17.440
5.852		1.4560		0.0000		875.539		2.836		14.630		7.280199		17.480
5.852		1.4592		0.0000		875.536		2.839		14.630		7.296035		17.520
5.854		1.4628		0.0000		875.532		2.843		14.635		7.313935		17.560
5.856		1.4668		0.0000		875.528		2.847		14.640		7.333901		17.600
5.862		1.4704		0.0000		875.525		2.851		14.655		7.351803		17.640
5.872		1.4734		0.0000		875.522		2.854		14.680		7.366950		17.680
5.876		1.4766		0.0000		875.518		2.857		14.690		7.382786		17.720
5.876		1.4799		0.0000		875.515		2.860		14.690		7.399309		17.760
5.876		1.4830		0.0000		875.512		2.863		14.690		7.415145		17.800
5.876		1.4862		0.0000		875.509		2.866		14.690		7.430981		17.840
5.878		1.4894		0.0000		875.506		2.870		14.695		7.446815		17.880
5.878		1.4927		0.0000		875.502		2.873		14.695		7.463340		17.920
5.878		1.4961		0.0000		875.499		2.876		14.695		7.480553		17.960
5.880		1.4998		0.0000		875.495		2.880		14.700		7.499142		18.000
5.884		1.5037		0.0000		875.491		2.884		14.710		7.518420		18.040
5.892		1.5069		0.0000		875.488		2.887		14.730		7.534256		18.080
5.900		1.5100		0.0000		875.485		2.890		14.750		7.550091		18.120
5.902		1.5132		0.0000		875.482		2.893		14.755		7.565927		18.160
5.902		1.5165		0.0000		875.479		2.897		14.755		7.582450		18.200
5.902		1.5195		0.0000		875.476		2.900		14.755		7.597597		18.240
5.902		1.5228		0.0000		875.472		2.903		14.755		7.614122		18.280
5.904		1.5260		0.0000		875.469		2.906		14.760		7.629957		18.320
5.904		1.5293		0.0000		875.466		2.909		14.760		7.646482		18.360
5.906		1.5330		0.0000		875.462		2.913		14.765		7.665071		18.400
5.910		1.5369		0.0000		875.458		2.917		14.775		7.684348		18.440
5.918		1.5403		0.0000		875.455		2.920		14.795		7.701561		18.480
5.926		1.5435		0.0000		875.452		2.924		14.815		7.717397		18.520
5.930		1.5466		0.0000		875.448		2.927		14.825		7.733232		18.560
5.930		1.5498		0.0000		875.445		2.930		14.825		7.749067		18.600
5.930		1.5530		0.0000		875.442		2.933		14.825		7.764903		18.640
5.930		1.5563		0.0000		875.439		2.936		14.825		7.781427		18.680
5.932		1.5593		0.0000		875.436		2.939		14.830		7.796574		18.720
5.932		1.5626		0.0000		875.432		2.943		14.830		7.813098		18.760
5.934		1.5662		0.0000		875.429		2.946		14.835		7.830999		18.800
5.936		1.5701		0.0000		875.425		2.950		14.840		7.850277		18.840
5.944		1.5736		0.0000		875.421		2.954		14.860		7.868178		18.880
5.952		1.5768		0.0000		875.418		2.957		14.880		7.884013		18.920
5.956		1.5800		0.0000		875.415		2.960		14.890		7.899849		18.960
5.956		1.5833		0.0000		875.412		2.963		14.890		7.916372		19.000
5.956		1.5864		0.0000		875.409		2.967		14.890		7.932208		19.040
5.956		1.5897		0.0000		875.405		2.970		14.890		7.948733		19.080
5.958		1.5928		0.0000		875.402		2.973		14.895		7.963880		19.120
5.958		1.5959		0.0000		875.399		2.976		14.895		7.979715		19.160
5.958		1.5995		0.0000		875.396		2.980		14.895		7.997616		19.200
5.960		1.6034		0.0000		875.392		2.984		14.900		8.016894		19.240
5.966		1.6070		0.0000		875.388		2.987		14.915		8.034795		19.280
5.974		1.6103		0.0000		875.385		2.990		14.935		8.051318		19.320
5.982		1.6134		0.0000		875.382		2.994		14.955		8.067154		19.360
5.982		1.6167		0.0000		875.378		2.997		14.955		8.083678		19.400
5.982		1.6199		0.0000		875.375		3.000		14.955		8.099514		19.440
5.982		1.6231		0.0000		875.372		3.003		14.955		8.115350		19.480
5.984		1.6262		0.0000		875.369		3.006		14.960		8.131186		19.520
5.984		1.6294		0.0000		875.366		3.010		14.960		8.147021		19.560
5.984		1.6328		0.0000		875.362		3.013		14.960		8.164232		19.600
5.984		1.6366		0.0000		875.359		3.017		14.960		8.182822		19.640
5.988		1.6403		0.0000		875.355		3.020		14.970		8.201411		19.680
5.996		1.6437		0.0000		875.351		3.024		14.990		8.218624		19.720
6.004		1.6469		0.0000		875.348		3.027		15.010		8.234460		19.760
6.006		1.6501		0.0000		875.345		3.030		15.015		8.250296		19.800
6.006		1.6532		0.0000		875.342		3.033		15.015		8.266131		19.840
6.006		1.6564		0.0000		875.339		3.037		15.015		8.281967		19.880
6.008		1.6596		0.0000		875.336		3.040		15.020		8.297802		19.920
6.008		1.6629		0.0000		875.332		3.043		15.020		8.314326		19.960
6.008		1.6660		0.0000		875.329		3.046		15.020		8.330161		20.000
6.008		1.6698		0.0000		875.325		3.050		15.020		8.348750		20.040
6.010		1.6736		0.0000		875.321		3.054		15.025		8.368029		20.080
6.016		1.6772		0.0000		875.318		3.057		15.040		8.385929		20.120
6.024		1.6802		0.0000		875.315		3.060		15.060		8.401077		20.160
6.028		1.6834		0.0000		875.312		3.064		15.070		8.416912		20.200
6.026		1.6867		0.0000		875.308		3.067		15.065		8.433436		20.240
6.026		1.6899		0.0000		875.305		3.070		15.065		8.449272		20.280
6.026		1.6932		0.0000		875.302		3.073		15.065		8.465796		20.320
6.026		1.6963		0.0000		875.299		3.076		15.065		8.481632		20.360
6.028		1.6995		0.0000		875.296		3.080		15.070		8.497466		20.400
6.028		1.7029		0.0000		875.292		3.083		15.070		8.514679		20.440
6.030		1.7067		0.0000		875.288		3.087		15.075		8.533269		20.480
6.034		1.7105		0.0000		875.285		3.091		15.085		8.552547		20.520
6.044		1.7137		0.0000		875.281		3.094		15.110		8.568383		20.560
6.048		1.7168		0.0000		875.278		3.097		15.120		8.584217		20.600
6.050		1.7200		0.0000		875.275		3.100		15.125		8.600053		20.640
6.050		1.7233		0.0000		875.272		3.103		15.125		8.616578		20.680
6.050		1.7263		0.0000		875.269		3.107		15.125		8.631724		20.720
6.050		1.7296		0.0000		875.265		3.110		15.125		8.648249		20.760
6.050		1.7328		0.0000		875.262		3.113		15.125		8.664084		20.800
6.050		1.7361		0.0000		875.259		3.116		15.125		8.680608		20.840
6.050		1.7400		0.0000		875.255		3.120		15.125		8.699886		20.880
6.054		1.7437		0.0000		875.251		3.124		15.135		8.718475		20.920
6.062		1.7471		0.0000		875.248		3.127		15.155		8.735688		20.960
6.068		1.7502		0.0000		875.245		3.130		15.170		8.750835		21.000
6.070		1.7535		0.0000		875.242		3.134		15.175		8.767359		21.040
6.070		1.7566		0.0000		875.238		3.137		15.175		8.783195		21.080
6.070		1.7598		0.0000		875.235		3.140		15.175		8.799030		21.120
6.070		1.7631		0.0000		875.232		3.143		15.175		8.815554		21.160
6.070		1.7663		0.0000		875.229		3.146		15.175		8.831389		21.200
6.070		1.7696		0.0000		875.225		3.150		15.175		8.847913		21.240
6.070		1.7732		0.0000		875.222		3.153		15.175		8.865815		21.280
6.074		1.7770		0.0000		875.218		3.157		15.185		8.885092		21.320
6.080		1.7805		0.0000		875.215		3.161		15.200		8.902305		21.360
6.088		1.7838		0.0000		875.211		3.164		15.220		8.918828		21.400
6.092		1.7868		0.0000		875.208		3.167		15.230		8.933976		21.440
6.092		1.7901		0.0000		875.205		3.170		15.230		8.950500		21.480
6.092		1.7933		0.0000		875.202		3.173		15.230		8.966335		21.520
6.092		1.7964		0.0000		875.199		3.177		15.230		8.982171		21.560
6.092		1.7996		0.0000		875.195		3.180		15.230		8.998006		21.600
6.094		1.8028		0.0000		875.192		3.183		15.235		9.013842		21.640
6.094		1.8063		0.0000		875.189		3.187		15.235		9.031743		21.680
6.096		1.8102		0.0000		875.185		3.190		15.240		9.051021		21.720
6.102		1.8139		0.0000		875.181		3.194		15.255		9.069611		21.760
6.110		1.8171		0.0000		875.178		3.197		15.275		9.085446		21.800
6.118		1.8203		0.0000		875.175		3.200		15.295		9.101282		21.840
6.118		1.8234		0.0000		875.172		3.204		15.295		9.117118		21.880
6.116		1.8266		0.0000		875.168		3.207		15.290		9.132952		21.920
6.118		1.8299		0.0000		875.165		3.210		15.295		9.149477		21.960
6.118		1.8331		0.0000		875.162		3.213		15.295		9.165312		22.000
6.118		1.8362		0.0000		875.159		3.216		15.295		9.181148		22.040
6.120		1.8397		0.0000		875.155		3.220		15.300		9.198359		22.080
6.122		1.8434		0.0000		875.152		3.224		15.305		9.216949		22.120
6.126		1.8471		0.0000		875.148		3.227		15.315		9.235538		22.160
6.136		1.8506		0.0000		875.145		3.231		15.340		9.252751		22.200
6.144		1.8537		0.0000		875.141		3.234		15.360		9.268587		22.240
6.146		1.8569		0.0000		875.138		3.237		15.365		9.284423		22.280
6.144		1.8601		0.0000		875.135		3.240		15.360		9.300258		22.320
6.144		1.8634		0.0000		875.132		3.244		15.360		9.316782		22.360
6.144		1.8664		0.0000		875.129		3.247		15.360		9.331929		22.400
6.144		1.8697		0.0000		875.125		3.250		15.360		9.348453		22.440
6.144		1.8729		0.0000		875.122		3.253		15.360		9.364288		22.480
6.144		1.8766		0.0000		875.119		3.257		15.360		9.382878		22.520
6.146		1.8806		0.0000		875.115		3.261		15.365		9.402844		22.560
6.154		1.8840		0.0000		875.111		3.264		15.385		9.420057		22.600
6.162		1.8870		0.0000		875.108		3.267		15.405		9.435204		22.640
6.166		1.8902		0.0000		875.105		3.270		15.415		9.451039		22.680
6.164		1.8935		0.0000		875.102		3.274		15.410		9.467563		22.720
6.164		1.8967		0.0000		875.098		3.277		15.410		9.483398		22.760
6.166		1.8998		0.0000		875.095		3.280		15.415		9.499234		22.800
6.166		1.9030		0.0000		875.092		3.283		15.415		9.515070		22.840
6.166		1.9063		0.0000		875.089		3.286		15.415		9.531594		22.880
6.166		1.9099		0.0000		875.085		3.290		15.415		9.549495		22.920
6.168		1.9136		0.0000		875.081		3.294		15.420		9.568084		22.960
6.172		1.9173		0.0000		875.078		3.298		15.430		9.586674		23.000
6.180		1.9205		0.0000		875.075		3.301		15.450		9.602509		23.040
6.186		1.9237		0.0000		875.071		3.304		15.465		9.618345		23.080
6.186		1.9268		0.0000		875.068		3.307		15.465		9.634181		23.120
6.186		1.9301		0.0000		875.065		3.310		15.465		9.650704		23.160
6.186		1.9333		0.0000		875.062		3.313		15.465		9.666540		23.200
6.186		1.9365		0.0000		875.059		3.317		15.465		9.682376		23.240
6.186		1.9396		0.0000		875.055		3.320		15.465		9.698212		23.280
6.186		1.9429		0.0000		875.052		3.323		15.465		9.714735		23.320
6.186		1.9468		0.0000		875.048		3.327		15.465		9.734013		23.360
6.190		1.9507		0.0000		875.044		3.331		15.475		9.753291		23.400
6.198		1.9540		0.0000		875.041		3.334		15.495		9.769814		23.440
6.206		1.9571		0.0000		875.038		3.337		15.515		9.785650		23.480
6.206		1.9603		0.0000		875.035		3.340		15.515		9.801486		23.520
6.204		1.9635		0.0000		875.032		3.344		15.510		9.817322		23.560
6.202		1.9668		0.0000		875.028		3.347		15.505		9.833845		23.600
6.202		1.9698		0.0000		875.025		3.350		15.505		9.848992		23.640
6.202		1.9731		0.0000		875.022		3.353		15.505		9.865517		23.680
6.202		1.9763		0.0000		875.019		3.356		15.505		9.881351		23.720
6.202		1.9800		0.0000		875.015		3.360		15.505		9.899941		23.760
6.206		1.9838		0.0000		875.011		3.364		15.515		9.919220		23.800
6.212		1.9874		0.0000		875.008		3.368		15.530		9.937120		23.840
6.220		1.9906		0.0000		875.004		3.371		15.550		9.952956		23.880
6.224		1.9936		0.0000		875.001		3.374		15.560		9.968102		23.920
6.222		1.9969		0.0000		874.998		3.377		15.555		9.984628		23.960
6.222		2.0001		0.0000		874.995		3.380		15.555		10.000463		24.000
6.222		2.0033		0.0000		874.992		3.383		15.555		10.016298		24.040
6.222		2.0064		0.0000		874.989		3.387		15.555		10.032134		24.080
6.222		2.0096		0.0000		874.985		3.390		15.555		10.047970		24.120
6.220		2.0133		0.0000		874.982		3.393		15.550		10.066559		24.160
6.222		2.0172		0.0000		874.978		3.397		15.555		10.085835		24.200
6.228		2.0207		0.0000		874.974		3.401		15.570		10.103739		24.240
6.238		2.0239		0.0000		874.971		3.404		15.595		10.119574		24.280
6.242		2.0269		0.0000		874.968		3.407		15.605		10.134721		24.320
6.242		2.0302		0.0000		874.965		3.410		15.605		10.151243		24.360
6.240		2.0336		0.0000		874.962		3.414		15.600		10.167768		24.400
6.240		2.0367		0.0000		874.958		3.417		15.600		10.183603		24.440
6.240		2.0399		0.0000		874.955		3.420		15.600		10.199440		24.480
6.240		2.0431		0.0000		874.952		3.423		15.600		10.215275		24.520
6.240		2.0465		0.0000		874.949		3.427		15.600		10.232487		24.560
6.240		2.0502		0.0000		874.945		3.430		15.600		10.251076		24.600
6.244		2.0541		0.0000		874.941		3.434		15.610		10.270355		24.640
6.252		2.0574		0.0000		874.938		3.438		15.630		10.286880		24.680
6.260		2.0605		0.0000		874.935		3.441		15.650		10.302713		24.720
6.262		2.0637		0.0000		874.931		3.444		15.655		10.318548		24.760
6.260		2.0669		0.0000		874.928		3.447		15.650		10.334385		24.800
6.260		2.0700		0.0000		874.925		3.450		15.650		10.350220		24.840
6.260		2.0732		0.0000		874.922		3.453		15.650		10.366056		24.880
6.260		2.0764		0.0000		874.919		3.457		15.650		10.381891		24.920
6.260		2.0797		0.0000		874.915		3.460		15.650		10.398417		24.960
6.260		2.0834		0.0000		874.912		3.464		15.650		10.417006		25.000
6.262		2.0874		0.0000		874.908		3.468		15.655		10.436972		25.040
6.270		2.0908		0.0000		874.904		3.471		15.675		10.454185		25.080
6.280		2.0939		0.0000		874.901		3.474		15.700		10.469332		25.120
6.282		2.0970		0.0000		874.898		3.477		15.705		10.485168		25.160
6.280		2.1003		0.0000		874.895		3.481		15.700		10.501690		25.200
6.280		2.1035		0.0000		874.892		3.484		15.700		10.517526		25.240
6.280		2.1067		0.0000		874.888		3.487		15.700		10.533361		25.280
6.280		2.1098		0.0000		874.885		3.490		15.700		10.549197		25.320
6.280		2.1130		0.0000		874.882		3.493		15.700		10.565033		25.360
6.282		2.1166		0.0000		874.878		3.497		15.705		10.582933		25.400
6.282		2.1206		0.0000		874.875		3.501		15.705		10.602901		25.440
6.290		2.1242		0.0000		874.871		3.504		15.725		10.620802		25.480
6.298		2.1273		0.0000		874.868		3.507		15.745		10.636637		25.520
6.304		2.1305		0.0000		874.865		3.511		15.760		10.652473		25.560
6.304		2.1337		0.0000		874.861		3.514		15.760		10.668306		25.600
6.302		2.1370		0.0000		874.858		3.517		15.755		10.684832		25.640
6.302		2.1401		0.0000		874.855		3.520		15.755		10.700666		25.680
6.302		2.1432		0.0000		874.852		3.523		15.755		10.715814		25.720
6.300		2.1463		0.0000		874.849		3.526		15.750		10.731649		25.760
6.300		2.1499		0.0000		874.845		3.530		15.750		10.749550		25.800
6.300		2.1538		0.0000		874.841		3.534		15.750		10.768828		25.840
6.306		2.1576		0.0000		874.837		3.538		15.765		10.788107		25.880
6.314		2.1608		0.0000		874.834		3.541		15.785		10.803943		25.920
6.320		2.1640		0.0000		874.831		3.544		15.800		10.819778		25.960
6.322		2.1671		0.0000		874.828		3.547		15.805		10.835611		26.000
6.320		2.1703		0.0000		874.825		3.550		15.800		10.851448		26.040
6.318		2.1735		0.0000		874.822		3.554		15.795		10.867283		26.080
6.318		2.1766		0.0000		874.818		3.557		15.795		10.883120		26.120
6.318		2.1798		0.0000		874.815		3.560		15.795		10.898954		26.160
6.316		2.1831		0.0000		874.812		3.563		15.790		10.915480		26.200
6.316		2.1870		0.0000		874.808		3.567		15.790		10.934755		26.240
6.318		2.1908		0.0000		874.804		3.571		15.795		10.954035		26.280
6.326		2.1941		0.0000		874.801		3.574		15.815		10.970559		26.320
6.334		2.1974		0.0000		874.798		3.578		15.835		10.987083		26.360
6.338		2.2004		0.0000		874.795		3.581		15.845		11.002231		26.400
6.336		2.2038		0.0000		874.791		3.584		15.840		11.018753		26.440
6.334		2.2069		0.0000		874.788		3.587		15.835		11.034589		26.480
6.334		2.2099		0.0000		874.785		3.590		15.835		11.049736		26.520
6.334		2.2133		0.0000		874.782		3.593		15.835		11.066260		26.560
6.332		2.2164		0.0000		874.779		3.597		15.830		11.082096		26.600
6.332		2.2201		0.0000		874.775		3.600		15.830		11.100685		26.640
6.332		2.2240		0.0000		874.771		3.604		15.830		11.119965		26.680
6.338		2.2276		0.0000		874.768		3.608		15.845		11.137865		26.720
6.348		2.2307		0.0000		874.764		3.611		15.870		11.153700		26.760
6.352		2.2339		0.0000		874.761		3.614		15.880		11.169537		26.800
6.350		2.2371		0.0000		874.758		3.617		15.875		11.185371		26.840
6.348		2.2402		0.0000		874.755		3.620		15.870		11.201208		26.880
6.348		2.2434		0.0000		874.752		3.624		15.870		11.217041		26.920
6.348		2.2466		0.0000		874.748		3.627		15.870		11.232877		26.960
6.346		2.2499		0.0000		874.745		3.630		15.865		11.249401		27.000
6.346		2.2533		0.0000		874.742		3.633		15.865		11.266613		27.040
6.346		2.2572		0.0000		874.738		3.637		15.865		11.285892		27.080
6.350		2.2610		0.0000		874.734		3.641		15.875		11.305170		27.120
6.358		2.2642		0.0000		874.731		3.644		15.895		11.321006		27.160
6.364		2.2674		0.0000		874.728		3.648		15.910		11.336842		27.200
6.364		2.2705		0.0000		874.725		3.651		15.910		11.352677		27.240
6.362		2.2737		0.0000		874.721		3.654		15.905		11.368513		27.280
6.360		2.2769		0.0000		874.718		3.657		15.900		11.384346		27.320
6.360		2.2800		0.0000		874.715		3.660		15.900		11.400183		27.360
6.358		2.2832		0.0000		874.712		3.663		15.895		11.416018		27.400
6.358		2.2865		0.0000		874.709		3.667		15.895		11.432543		27.440
6.358		2.2904		0.0000		874.705		3.671		15.895		11.451821		27.480
6.360		2.2941		0.0000		874.701		3.674		15.900		11.470411		27.520
6.368		2.2977		0.0000		874.697		3.678		15.920		11.488312		27.560
6.376		2.3007		0.0000		874.694		3.681		15.940		11.503458		27.600
6.378		2.3039		0.0000		874.691		3.684		15.945		11.519294		27.640
6.376		2.3072		0.0000		874.688		3.687		15.940		11.535818		27.680
6.376		2.3102		0.0000		874.685		3.690		15.940		11.550965		27.720
6.374		2.3135		0.0000		874.682		3.694		15.935		11.567488		27.760
6.372		2.3167		0.0000		874.678		3.697		15.930		11.583323		27.800
6.372		2.3198		0.0000		874.675		3.700		15.930		11.599159		27.840
6.370		2.3235		0.0000		874.672		3.704		15.925		11.617748		27.880
6.372		2.3273		0.0000		874.668		3.707		15.930		11.636338		27.920
6.378		2.3310		0.0000		874.664		3.711		15.945		11.654928		27.960
6.386		2.3342		0.0000		874.661		3.714		15.965		11.670763		28.000
6.390		2.3373		0.0000		874.658		3.717		15.975		11.686600		28.040
6.390		2.3405		0.0000		874.655		3.721		15.975		11.702435		28.080
6.388		2.3437		0.0000		874.651		3.724		15.970		11.718271		28.120
6.386		2.3468		0.0000		874.648		3.727		15.965		11.734106		28.160
6.384		2.3500		0.0000		874.645		3.730		15.960		11.749940		28.200
6.384		2.3532		0.0000		874.642		3.733		15.960		11.765776		28.240
6.382		2.3567		0.0000		874.638		3.737		15.955		11.783678		28.280
6.382		2.3605		0.0000		874.635		3.741		15.955		11.802268		28.320
6.388		2.3644		0.0000		874.631		3.745		15.970		11.822233		28.360
6.396		2.3676		0.0000		874.627		3.748		15.990		11.838069		28.400
6.402		2.3708		0.0000		874.624		3.751		16.005		11.853905		28.440
6.402		2.3739		0.0000		874.621		3.754		16.005		11.869740		28.480
6.400		2.3770		0.0000		874.618		3.757		16.000		11.884888		28.520
6.398		2.3803		0.0000		874.615		3.760		15.995		11.901412		28.560
6.398		2.3834		0.0000		874.612		3.764		15.995		11.917246		28.600
6.398		2.3866		0.0000		874.608		3.767		15.995		11.933081		28.640
6.396		2.3899		0.0000		874.605		3.770		15.990		11.949606		28.680
6.396		2.3938		0.0000		874.601		3.774		15.990		11.968884		28.720
6.400		2.3976		0.0000		874.597		3.778		16.000		11.988163		28.760
6.408		2.4011		0.0000		874.594		3.781		16.020		12.005375		28.800
6.414		2.4041		0.0000		874.591		3.784		16.035		12.020521		28.840
6.416		2.4073		0.0000		874.588		3.787		16.040		12.036357		28.880
6.414		2.4104		0.0000		874.585		3.791		16.035		12.052193		28.920
6.412		2.4137		0.0000		874.581		3.794		16.030		12.068718		28.960
6.412		2.4169		0.0000		874.578		3.797		16.030		12.084551		29.000
6.410		2.4199		0.0000		874.575		3.800		16.025		12.099700		29.040
6.410		2.4232		0.0000		874.572		3.803		16.025		12.116222		29.080
6.408		2.4270		0.0000		874.568		3.807		16.020		12.134811		29.120
6.410		2.4310		0.0000		874.564		3.811		16.025		12.154779		29.160
6.418		2.4344		0.0000		874.561		3.815		16.045		12.171991		29.200
6.426		2.4376		0.0000		874.557		3.818		16.065		12.187826		29.240
6.430		2.4407		0.0000		874.554		3.821		16.075		12.203663		29.280
6.428		2.4439		0.0000		874.551		3.824		16.070		12.219498		29.320
6.424		2.4471		0.0000		874.548		3.827		16.060		12.235334		29.360
6.424		2.4502		0.0000		874.545		3.830		16.060		12.251169		29.400
6.422		2.4534		0.0000		874.542		3.834		16.055		12.267006		29.440
6.420		2.4567		0.0000		874.538		3.837		16.050		12.283527		29.480
6.418		2.4601		0.0000		874.535		3.840		16.045		12.300741		29.520
6.420		2.4640		0.0000		874.531		3.844		16.050		12.320018		29.560
6.424		2.4677		0.0000		874.527		3.848		16.060		12.338608		29.600
6.432		2.4710		0.0000		874.524		3.851		16.080		12.355132		29.640
6.438		2.4742		0.0000		874.521		3.854		16.095		12.370968		29.680
6.438		2.4772		0.0000		874.518		3.857		16.095		12.386114		29.720
6.434		2.4805		0.0000		874.515		3.861		16.085		12.402639		29.760
6.432		2.4837		0.0000		874.511		3.864		16.080		12.418475		29.800
6.432		2.4867		0.0000		874.508		3.867		16.080		12.433622		29.840
6.430		2.4900		0.0000		874.505		3.870		16.075		12.450144		29.880
6.428		2.4933		0.0000		874.502		3.874		16.070		12.466669		29.920
6.428		2.4972		0.0000		874.498		3.877		16.070		12.485948		29.960
6.430		2.5010		0.0000		874.494		3.881		16.075		12.505226		30.000
6.438		2.5043		0.0000		874.491		3.885		16.095		12.521749		30.040
6.446		2.5075		0.0000		874.488		3.888		16.115		12.537584		30.080
6.446		2.5107		0.0000		874.484		3.891		16.115		12.553420		30.120
6.444		2.5139		0.0000		874.481		3.894		16.110		12.569256		30.160
6.442		2.5170		0.0000		874.478		3.897		16.105		12.585092		30.200
6.442		2.5203		0.0000		874.475		3.900		16.105		12.601616		30.240
6.440		2.5235		0.0000		874.472		3.904		16.100		12.617453		30.280
6.438		2.5267		0.0000		874.468		3.907		16.095		12.633286		30.320
6.438		2.5304		0.0000		874.465		3.911		16.095		12.651875		30.360
6.438		2.5342		0.0000		874.461		3.914		16.095		12.671154		30.400
6.444		2.5378		0.0000		874.457		3.918		16.110		12.689054		30.440
6.452		2.5410		0.0000		874.454		3.921		16.130		12.704889		30.480
6.454		2.5441		0.0000		874.451		3.924		16.135		12.720726		30.520
6.450		2.5473		0.0000		874.448		3.927		16.125		12.736561		30.560
6.448		2.5505		0.0000		874.445		3.931		16.120		12.752398		30.600
6.446		2.5536		0.0000		874.441		3.934		16.115		12.768232		30.640
6.446		2.5568		0.0000		874.438		3.937		16.115		12.784069		30.680
6.444		2.5600		0.0000		874.435		3.940		16.110		12.799904		30.720
6.442		2.5636		0.0000		874.432		3.944		16.105		12.817804		30.760
6.442		2.5674		0.0000		874.428		3.948		16.105		12.837084		30.800
6.448		2.5713		0.0000		874.424		3.951		16.120		12.856359		30.840
6.458		2.5743		0.0000		874.421		3.954		16.145		12.871509		30.880
6.462		2.5775		0.0000		874.418		3.958		16.155		12.887342		30.920
6.460		2.5808		0.0000		874.414		3.961		16.150		12.903867		30.960
6.458		2.5839		0.0000		874.411		3.964		16.145		12.919703		31.000
6.456		2.5871		0.0000		874.408		3.967		16.140		12.935538		31.040
6.454		2.5903		0.0000		874.405		3.970		16.135		12.951374		31.080
6.452		2.5934		0.0000		874.402		3.974		16.130		12.967210		31.120
6.450		2.5969		0.0000		874.398		3.977		16.125		12.984421		31.160
6.450		2.6006		0.0000		874.394		3.981		16.125		13.003011		31.200
6.452		2.6045		0.0000		874.391		3.985		16.130		13.022289		31.240
6.460		2.6078		0.0000		874.387		3.988		16.150		13.038815		31.280
6.466		2.6109		0.0000		874.384		3.991		16.165		13.054647		31.320
6.468		2.6141		0.0000		874.381		3.994		16.170		13.070483		31.360
6.464		2.6173		0.0000		874.378		3.997		16.160		13.086319		31.400
6.462		2.6204		0.0000		874.375		4.001		16.155		13.102155		31.440
6.460		2.6236		0.0000		874.371		4.004		16.150		13.117990		31.480
6.458		2.6268		0.0000		874.368		4.007		16.145		13.133826		31.520
6.456		2.6301		0.0000		874.365		4.010		16.140		13.150351		31.560
6.454		2.6338		0.0000		874.361		4.014		16.135		13.168941		31.600
6.456		2.6378		0.0000		874.357		4.018		16.140		13.188906		31.640
6.462		2.6412		0.0000		874.354		4.021		16.155		13.206120		31.680
6.470		2.6444		0.0000		874.351		4.025		16.175		13.221955		31.720
6.472		2.6476		0.0000		874.348		4.028		16.180		13.237791		31.760
6.470		2.6507		0.0000		874.344		4.031		16.175		13.253624		31.800
6.468		2.6539		0.0000		874.341		4.034		16.170		13.269461		31.840
6.466		2.6571		0.0000		874.338		4.037		16.165		13.285295		31.880
6.466		2.6602		0.0000		874.335		4.040		16.165		13.301132		31.920
6.464		2.6634		0.0000		874.332		4.044		16.160		13.316967		31.960
6.462		2.6670		0.0000		874.328		4.047		16.155		13.334867		32.000
6.462		2.6708		0.0000		874.324		4.051		16.155		13.354147		32.040
6.466		2.6745		0.0000		874.321		4.055		16.165		13.372736		32.080
6.476		2.6777		0.0000		874.317		4.058		16.190		13.388572		32.120
6.480		2.6809		0.0000		874.314		4.061		16.200		13.404408		32.160
6.478		2.6840		0.0000		874.311		4.064		16.195		13.420243		32.200
6.476		2.6874		0.0000		874.308		4.068		16.190		13.436766		32.240
6.474		2.6905		0.0000		874.305		4.071		16.185		13.452601		32.280
6.472		2.6935		0.0000		874.302		4.074		16.180		13.467749		32.320
6.470		2.6967		0.0000		874.298		4.077		16.175		13.483583		32.360
6.468		2.7002		0.0000		874.295		4.080		16.170		13.500797		32.400
6.468		2.7040		0.0000		874.291		4.084		16.170		13.520074		32.440
6.472		2.7080		0.0000		874.287		4.088		16.180		13.540041		32.480
6.480		2.7112		0.0000		874.284		4.091		16.200		13.555878		32.520
6.486		2.7143		0.0000		874.281		4.095		16.215		13.571712		32.560
6.486		2.7175		0.0000		874.278		4.098		16.215		13.587549		32.600
6.482		2.7207		0.0000		874.274		4.101		16.205		13.603384		32.640
6.478		2.7238		0.0000		874.271		4.104		16.195		13.619221		32.680
6.476		2.7270		0.0000		874.268		4.107		16.190		13.635054		32.720
6.474		2.7302		0.0000		874.265		4.110		16.185		13.650889		32.760
6.472		2.7335		0.0000		874.262		4.114		16.180		13.667414		32.800
6.470		2.7372		0.0000		874.258		4.117		16.175		13.686004		32.840
6.470		2.7411		0.0000		874.254		4.121		16.175		13.705282		32.880
6.476		2.7446		0.0000		874.250		4.125		16.190		13.723183		32.920
6.484		2.7478		0.0000		874.247		4.128		16.210		13.739018		32.960
6.486		2.7508		0.0000		874.244		4.131		16.215		13.754166		33.000
6.482		2.7541		0.0000		874.241		4.134		16.205		13.770690		33.040
6.478		2.7573		0.0000		874.238		4.137		16.195		13.786526		33.080
6.476		2.7605		0.0000		874.235		4.141		16.190		13.802359		33.120
6.474		2.7636		0.0000		874.231		4.144		16.185		13.818195		33.160
6.470		2.7668		0.0000		874.228		4.147		16.175		13.834030		33.200
6.468		2.7704		0.0000		874.225		4.151		16.170		13.851931		33.240
6.466		2.7742		0.0000		874.221		4.154		16.165		13.871210		33.280
6.470		2.7781		0.0000		874.217		4.158		16.175		13.890488		33.320
6.480		2.7813		0.0000		874.214		4.161		16.200		13.906324		33.360
6.484		2.7843		0.0000		874.211		4.164		16.210		13.921471		33.400
6.480		2.7875		0.0000		874.208		4.168		16.200		13.937306		33.440
6.476		2.7908		0.0000		874.204		4.171		16.190		13.953831		33.480
6.474		2.7939		0.0000		874.201		4.174		16.185		13.969665		33.520
6.470		2.7970		0.0000		874.198		4.177		16.175		13.984814		33.560
6.468		2.8003		0.0000		874.195		4.180		16.170		14.001336		33.600
6.466		2.8037		0.0000		874.191		4.184		16.165		14.018550		33.640
6.464		2.8074		0.0000		874.188		4.188		16.160		14.037140		33.680
6.466		2.8114		0.0000		874.184		4.192		16.165		14.057104		33.720
6.474		2.8146		0.0000		874.180		4.195		16.185		14.072941		33.760
6.478		2.8178		0.0000		874.177		4.198		16.195		14.088776		33.800
6.478		2.8209		0.0000		874.174		4.201		16.195		14.104612		33.840
6.474		2.8241		0.0000		874.171		4.204		16.185		14.120447		33.880
6.470		2.8273		0.0000		874.168		4.207		16.175		14.136284		33.920
6.466		2.8304		0.0000		874.165		4.211		16.165		14.152119		33.960
6.464		2.8337		0.0000		874.161		4.214		16.160		14.168642		34.000
6.460		2.8369		0.0000		874.158		4.217		16.150		14.184477		34.040
6.458		2.8406		0.0000		874.154		4.221		16.145		14.203067		34.080
6.458		2.8446		0.0000		874.150		4.225		16.145		14.223034		34.120
6.464		2.8480		0.0000		874.147		4.228		16.160		14.240246		34.160
6.472		2.8511		0.0000		874.144		4.231		16.180		14.255392		34.200
6.472		2.8542		0.0000		874.141		4.234		16.180		14.271229		34.240
6.468		2.8576		0.0000		874.138		4.238		16.170		14.287753		34.280
6.464		2.8607		0.0000		874.134		4.241		16.160		14.303589		34.320
6.462		2.8639		0.0000		874.131		4.244		16.155		14.319425		34.360
6.460		2.8671		0.0000		874.128		4.247		16.150		14.335258		34.400
6.456		2.8702		0.0000		874.125		4.250		16.140		14.351093		34.440
6.454		2.8738		0.0000		874.121		4.254		16.135		14.368997		34.480
6.454		2.8778		0.0000		874.117		4.258		16.135		14.388962		34.520
6.458		2.8814		0.0000		874.114		4.262		16.145		14.406862		34.560
6.464		2.8845		0.0000		874.111		4.265		16.160		14.422698		34.600
6.466		2.8877		0.0000		874.107		4.268		16.165		14.438534		34.640
6.464		2.8909		0.0000		874.104		4.271		16.160		14.454370		34.680
6.460		2.8940		0.0000		874.101		4.274		16.150		14.470205		34.720
6.456		2.8973		0.0000		874.098		4.278		16.140		14.486731		34.760
6.452		2.9005		0.0000		874.095		4.281		16.130		14.502563		34.800
6.450		2.9035		0.0000		874.092		4.284		16.125		14.517713		34.840
6.446		2.9070		0.0000		874.088		4.287		16.115		14.534924		34.880
6.444		2.9108		0.0000		874.084		4.291		16.110		14.554203		34.920
6.448		2.9147		0.0000		874.080		4.295		16.120		14.573481		34.960
6.454		2.9180		0.0000		874.077		4.298		16.135		14.590004		35.000
6.460		2.9212		0.0000		874.074		4.301		16.150		14.605839		35.040
6.458		2.9243		0.0000		874.071		4.305		16.145		14.621675		35.080
6.454		2.9275		0.0000		874.068		4.308		16.135		14.637510		35.120
6.452		2.9307		0.0000		874.064		4.311		16.130		14.653347		35.160
6.448		2.9338		0.0000		874.061		4.314		16.120		14.669182		35.200
6.446		2.9370		0.0000		874.058		4.317		16.115		14.685019		35.240
6.442		2.9403		0.0000		874.055		4.320		16.105		14.701540		35.280
6.440		2.9440		0.0000		874.051		4.324		16.100		14.720130		35.320
6.440		2.9480		0.0000		874.047		4.328		16.100		14.740097		35.360
6.446		2.9513		0.0000		874.044		4.331		16.115		14.756620		35.400
6.452		2.9546		0.0000		874.040		4.335		16.130		14.773145		35.440
6.454		2.9577		0.0000		874.037		4.338		16.135		14.788292		35.480
6.450		2.9608		0.0000		874.034		4.341		16.125		14.804127		35.520
6.446		2.9641		0.0000		874.031		4.344		16.115		14.820652		35.560
6.444		2.9673		0.0000		874.028		4.347		16.110		14.836488		35.600
6.440		2.9703		0.0000		874.025		4.350		16.100		14.851635		35.640
6.438		2.9736		0.0000		874.021		4.354		16.095		14.868156		35.680
6.434		2.9773		0.0000		874.018		4.358		16.085		14.886746		35.720
6.434		2.9812		0.0000		874.014		4.361		16.085		14.906025		35.760
6.438		2.9848		0.0000		874.010		4.365		16.095		14.923925		35.800
6.444		2.9880		0.0000		874.007		4.368		16.110		14.939761		35.840
6.446		2.9911		0.0000		874.004		4.371		16.115		14.955597		35.880
6.444		2.9943		0.0000		874.001		4.374		16.110		14.971433		35.920
6.440		2.9975		0.0000		873.998		4.378		16.100		14.987268		35.960
6.436		3.0008		0.0000		873.994		4.381		16.090		15.003794		36.000
6.434		3.0038		0.0000		873.991		4.384		16.085		15.018940		36.040
6.430		3.0071		0.0000		873.988		4.387		16.075		15.035465		36.080
6.426		3.0105		0.0000		873.985		4.391		16.065		15.052676		36.120
6.424		3.0143		0.0000		873.981		4.394		16.060		15.071266		36.160
6.426		3.0181		0.0000		873.977		4.398		16.065		15.090544		36.200
6.430		3.0214		0.0000		873.974		4.402		16.075		15.107067		36.240
6.434		3.0246		0.0000		873.971		4.405		16.085		15.122902		36.280
6.432		3.0277		0.0000		873.967		4.408		16.080		15.138739		36.320
6.426		3.0309		0.0000		873.964		4.411		16.065		15.154573		36.360
6.422		3.0341		0.0000		873.961		4.414		16.055		15.170410		36.400
6.416		3.0372		0.0000		873.958		4.417		16.040		15.186245		36.440
6.412		3.0404		0.0000		873.955		4.421		16.030		15.202082		36.480
6.408		3.0437		0.0000		873.951		4.424		16.020		15.218603		36.520
6.404		3.0474		0.0000		873.948		4.428		16.010		15.237193		36.560
6.404		3.0514		0.0000		873.944		4.432		16.010		15.257160		36.600
6.410		3.0549		0.0000		873.940		4.435		16.025		15.274372		36.640
6.414		3.0579		0.0000		873.937		4.438		16.035		15.289521		36.680
6.412		3.0611		0.0000		873.934		4.441		16.030		15.305355		36.720
6.406		3.0644		0.0000		873.931		4.445		16.015		15.321879		36.760
6.402		3.0675		0.0000		873.928		4.448		16.005		15.337715		36.800
6.396		3.0707		0.0000		873.924		4.451		15.990		15.353551		36.840
6.392		3.0739		0.0000		873.921		4.454		15.980		15.369387		36.880
6.388		3.0770		0.0000		873.918		4.457		15.970		15.385222		36.920
6.384		3.0806		0.0000		873.914		4.461		15.960		15.403123		36.960
6.382		3.0845		0.0000		873.911		4.465		15.955		15.422401		37.000
6.384		3.0882		0.0000		873.907		4.468		15.960		15.440990		37.040
6.390		3.0914		0.0000		873.904		4.472		15.975		15.456827		37.080
6.390		3.0945		0.0000		873.901		4.475		15.975		15.472660		37.120
6.386		3.0977		0.0000		873.897		4.478		15.965		15.488496		37.160
6.382		3.1010		0.0000		873.894		4.481		15.955		15.505020		37.200
6.376		3.1042		0.0000		873.891		4.484		15.940		15.520857		37.240
6.372		3.1072		0.0000		873.888		4.487		15.930		15.536003		37.280
6.368		3.1105		0.0000		873.885		4.491		15.920		15.552528		37.320
6.364		3.1139		0.0000		873.881		4.494		15.910		15.569739		37.360
6.362		3.1178		0.0000		873.877		4.498		15.905		15.589018		37.400
6.362		3.1215		0.0000		873.874		4.502		15.905		15.607607		37.440
6.368		3.1248		0.0000		873.870		4.505		15.920		15.624132		37.480
6.370		3.1279		0.0000		873.867		4.508		15.925		15.639278		37.520
6.366		3.1312		0.0000		873.864		4.511		15.915		15.655802		37.560
6.362		3.1343		0.0000		873.861		4.514		15.905		15.671637		37.600
6.358		3.1376		0.0000		873.857		4.518		15.895		15.688162		37.640
6.356		3.1407		0.0000		873.854		4.521		15.890		15.703308		37.680
6.352		3.1438		0.0000		873.851		4.524		15.880		15.719145		37.720
6.350		3.1471		0.0000		873.848		4.527		15.875		15.735669		37.760
6.346		3.1509		0.0000		873.844		4.531		15.865		15.754259		37.800
6.346		3.1548		0.0000		873.840		4.535		15.865		15.774223		37.840
6.352		3.1581		0.0000		873.837		4.538		15.880		15.790749		37.880
6.354		3.1613		0.0000		873.834		4.541		15.885		15.806584		37.920
6.352		3.1646		0.0000		873.830		4.545		15.880		15.823107		37.960
6.348		3.1677		0.0000		873.827		4.548		15.870		15.838253		38.000
6.342		3.1708		0.0000		873.824		4.551		15.855		15.854090		38.040
6.338		3.1741		0.0000		873.821		4.554		15.845		15.870614		38.080
6.334		3.1773		0.0000		873.818		4.557		15.835		15.886450		38.120
6.330		3.1805		0.0000		873.815		4.561		15.825		15.902286		38.160
6.326		3.1842		0.0000		873.811		4.564		15.815		15.920876		38.200
6.324		3.1882		0.0000		873.807		4.568		15.810		15.940840		38.240
6.328		3.1917		0.0000		873.803		4.572		15.820		15.958743		38.280
6.334		3.1948		0.0000		873.800		4.575		15.835		15.973890		38.320
6.334		3.1979		0.0000		873.797		4.578		15.835		15.989725		38.360
6.328		3.2011		0.0000		873.794		4.581		15.820		16.005558		38.400
6.324		3.2043		0.0000		873.791		4.584		15.810		16.021395		38.440
6.320		3.2074		0.0000		873.788		4.588		15.800		16.037231		38.480
6.316		3.2108		0.0000		873.784		4.591		15.790		16.053755		38.521
6.312		3.2139		0.0000		873.781		4.594		15.780		16.069592		38.561
6.308		3.2174		0.0000		873.778		4.598		15.770		16.086803		38.601
6.304		3.2212		0.0000		873.774		4.601		15.760		16.106081		38.641
6.306		3.2249		0.0000		873.770		4.605		15.765		16.124670		38.681
6.312		3.2281		0.0000		873.767		4.608		15.780		16.140507		38.721
6.314		3.2314		0.0000		873.764		4.612		15.785		16.157032		38.761
6.310		3.2346		0.0000		873.760		4.615		15.775		16.172865		38.801
6.306		3.2377		0.0000		873.757		4.618		15.765		16.188700		38.841
6.300		3.2409		0.0000		873.754		4.621		15.750		16.204536		38.881
6.296		3.2441		0.0000		873.751		4.624		15.740		16.220371		38.921
6.292		3.2472		0.0000		873.748		4.627		15.730		16.236208		38.961
6.288		3.2507		0.0000		873.744		4.631		15.720		16.253418		39.001
6.284		3.2545		0.0000		873.741		4.635		15.710		16.272697		39.041
6.284		3.2583		0.0000		873.737		4.638		15.710		16.291286		39.081
6.288		3.2616		0.0000		873.734		4.642		15.720		16.307812		39.121
6.292		3.2647		0.0000		873.730		4.645		15.730		16.323647		39.161
6.290		3.2680		0.0000		873.727		4.648		15.725		16.340170		39.201
6.286		3.2712		0.0000		873.724		4.651		15.715		16.356007		39.241
6.282		3.2742		0.0000		873.721		4.654		15.705		16.371155		39.281
6.278		3.2775		0.0000		873.718		4.658		15.695		16.387676		39.321
6.274		3.2807		0.0000		873.714		4.661		15.685		16.403513		39.361
6.268		3.2840		0.0000		873.711		4.664		15.670		16.420038		39.401
6.264		3.2877		0.0000		873.707		4.668		15.660		16.438627		39.441
6.262		3.2914		0.0000		873.704		4.672		15.655		16.457216		39.481
6.264		3.2950		0.0000		873.700		4.675		15.660		16.475117		39.521
6.268		3.2982		0.0000		873.697		4.678		15.670		16.490953		39.561
6.266		3.3014		0.0000		873.694		4.682		15.665		16.506788		39.601
6.262		3.3045		0.0000		873.691		4.685		15.655		16.522625		39.641
6.256		3.3078		0.0000		873.687		4.688		15.640		16.539146		39.681
6.250		3.3109		0.0000		873.684		4.691		15.625		16.554295		39.721
6.244		3.3142		0.0000		873.681		4.694		15.610		16.570818		39.761
6.240		3.3173		0.0000		873.678		4.697		15.600		16.586655		39.801
6.234		3.3209		0.0000		873.674		4.701		15.585		16.604555		39.841
6.230		3.3246		0.0000		873.670		4.705		15.575		16.623144		39.881
6.230		3.3283		0.0000		873.667		4.709		15.575		16.641733		39.921
6.234		3.3317		0.0000		873.663		4.712		15.585		16.658258		39.961
6.236		3.3348		0.0000		873.660		4.715		15.590		16.674095		40.001
6.230		3.3380		0.0000		873.657		4.718		15.575		16.689930		40.041
6.222		3.3412		0.0000		873.654		4.721		15.555		16.705765		40.081
6.216		3.3443		0.0000		873.651		4.724		15.540		16.721600		40.121
6.212		3.3476		0.0000		873.647		4.728		15.530		16.738125		40.161
6.206		3.3507		0.0000		873.644		4.731		15.515		16.753271		40.201
6.200		3.3541		0.0000		873.641		4.734		15.500		16.770485		40.241
6.196		3.3578		0.0000		873.637		4.738		15.490		16.789074		40.281
6.194		3.3615		0.0000		873.634		4.742		15.485		16.807663		40.321
6.196		3.3650		0.0000		873.630		4.745		15.490		16.824875		40.361
6.198		3.3681		0.0000		873.627		4.748		15.495		16.840710		40.401
6.196		3.3713		0.0000		873.624		4.751		15.490		16.856546		40.441
6.190		3.3745		0.0000		873.621		4.755		15.475		16.872383		40.481
6.184		3.3778		0.0000		873.617		4.758		15.460		16.888905		40.521
6.180		3.3809		0.0000		873.614		4.761		15.450		16.904739		40.561
6.174		3.3841		0.0000		873.611		4.764		15.435		16.920576		40.601
6.168		3.3874		0.0000		873.608		4.768		15.420		16.937101		40.641
6.164		3.3911		0.0000		873.604		4.771		15.410		16.955690		40.681
6.160		3.3950		0.0000		873.600		4.775		15.400		16.974968		40.721
6.162		3.3984		0.0000		873.597		4.779		15.405		16.992180		40.761
6.166		3.4016		0.0000		873.593		4.782		15.415		17.008017		40.801
6.164		3.4048		0.0000		873.590		4.785		15.410		17.023851		40.841
