数据量:971
试验力		变形		扩展变形		位置		位移		应力		应变		时间
0.010		0.0000		0.0000		876.958		1.621		0.025		0.000000		0.040
0.010		0.0032		0.0000		876.955		1.624		0.025		0.015836		0.080
0.010		0.0063		0.0000		876.952		1.627		0.025		0.031671		0.120
0.012		0.0096		0.0000		876.948		1.630		0.030		0.048195		0.160
0.014		0.0129		0.0000		876.945		1.634		0.035		0.064719		0.200
0.014		0.0168		0.0000		876.941		1.637		0.035		0.083997		0.240
0.016		0.0204		0.0000		876.938		1.641		0.040		0.101898		0.280
0.018		0.0237		0.0000		876.934		1.644		0.045		0.118422		0.320
0.020		0.0269		0.0000		876.931		1.647		0.050		0.134258		0.360
0.022		0.0300		0.0000		876.928		1.651		0.055		0.150093		0.400
0.024		0.0333		0.0000		876.925		1.654		0.060		0.166617		0.440
0.026		0.0366		0.0000		876.921		1.657		0.065		0.183141		0.480
0.030		0.0397		0.0000		876.918		1.660		0.075		0.198288		0.520
0.032		0.0430		0.0000		876.915		1.664		0.080		0.214812		0.560
0.034		0.0463		0.0000		876.912		1.667		0.085		0.231336		0.600
0.038		0.0500		0.0000		876.908		1.671		0.095		0.249926		0.640
0.042		0.0538		0.0000		876.904		1.674		0.105		0.269204		0.680
0.046		0.0570		0.0000		876.901		1.678		0.115		0.285039		0.720
0.052		0.0603		0.0000		876.898		1.681		0.130		0.301563		0.760
0.056		0.0635		0.0000		876.894		1.684		0.140		0.317399		0.800
0.060		0.0668		0.0000		876.891		1.687		0.150		0.333923		0.840
0.066		0.0700		0.0000		876.888		1.691		0.165		0.349758		0.880
0.072		0.0731		0.0000		876.885		1.694		0.180		0.365593		0.920
0.076		0.0764		0.0000		876.881		1.697		0.190		0.382118		0.960
0.082		0.0797		0.0000		876.878		1.700		0.205		0.398642		1.000
0.088		0.0833		0.0000		876.875		1.704		0.220		0.416543		1.040
0.096		0.0870		0.0000		876.871		1.708		0.240		0.435132		1.080
0.104		0.0903		0.0000		876.868		1.711		0.260		0.451656		1.120
0.112		0.0936		0.0000		876.864		1.714		0.280		0.468180		1.160
0.122		0.0968		0.0000		876.861		1.717		0.305		0.484015		1.200
0.130		0.1001		0.0000		876.858		1.721		0.325		0.500540		1.240
0.138		0.1033		0.0000		876.855		1.724		0.345		0.516375		1.280
0.148		0.1066		0.0000		876.851		1.727		0.370		0.532899		1.320
0.158		0.1097		0.0000		876.848		1.730		0.395		0.548735		1.360
0.166		0.1129		0.0000		876.845		1.734		0.415		0.564570		1.400
0.176		0.1165		0.0000		876.841		1.737		0.440		0.582471		1.440
0.188		0.1202		0.0000		876.838		1.741		0.470		0.601060		1.480
0.200		0.1238		0.0000		876.834		1.744		0.500		0.618961		1.520
0.212		0.1270		0.0000		876.831		1.748		0.530		0.634797		1.560
0.222		0.1303		0.0000		876.828		1.751		0.555		0.651321		1.600
0.232		0.1336		0.0000		876.824		1.754		0.580		0.667845		1.640
0.244		0.1367		0.0000		876.821		1.757		0.610		0.683681		1.680
0.254		0.1399		0.0000		876.818		1.760		0.635		0.699516		1.720
0.266		0.1432		0.0000		876.815		1.764		0.665		0.716040		1.760
0.276		0.1464		0.0000		876.812		1.767		0.690		0.731876		1.800
0.288		0.1498		0.0000		876.808		1.770		0.720		0.749088		1.840
0.300		0.1535		0.0000		876.804		1.774		0.750		0.767677		1.880
0.312		0.1570		0.0000		876.801		1.778		0.780		0.784890		1.920
0.324		0.1604		0.0000		876.797		1.781		0.810		0.802103		1.960
0.336		0.1636		0.0000		876.794		1.784		0.840		0.817938		2.000
0.346		0.1669		0.0000		876.791		1.787		0.865		0.834462		2.040
0.358		0.1701		0.0000		876.788		1.791		0.895		0.850298		2.080
0.370		0.1734		0.0000		876.785		1.794		0.925		0.866821		2.120
0.382		0.1767		0.0000		876.781		1.797		0.955		0.883346		2.160
0.396		0.1797		0.0000		876.778		1.800		0.990		0.898493		2.200
0.410		0.1830		0.0000		876.775		1.804		1.025		0.915017		2.240
0.426		0.1867		0.0000		876.771		1.807		1.065		0.933606		2.280
0.444		0.1904		0.0000		876.767		1.811		1.110		0.952196		2.320
0.462		0.1939		0.0000		876.764		1.814		1.155		0.969408		2.360
0.480		0.1970		0.0000		876.761		1.818		1.200		0.985244		2.400
0.498		0.2004		0.0000		876.758		1.821		1.245		1.001768		2.440
0.514		0.2035		0.0000		876.754		1.824		1.285		1.017603		2.480
0.530		0.2067		0.0000		876.751		1.827		1.325		1.033438		2.520
0.546		0.2100		0.0000		876.748		1.831		1.365		1.049963		2.560
0.562		0.2132		0.0000		876.745		1.834		1.405		1.065798		2.600
0.578		0.2165		0.0000		876.741		1.837		1.445		1.082322		2.640
0.594		0.2199		0.0000		876.738		1.840		1.485		1.099535		2.680
0.610		0.2235		0.0000		876.734		1.844		1.525		1.117436		2.720
0.626		0.2272		0.0000		876.731		1.848		1.565		1.136025		2.760
0.642		0.2304		0.0000		876.728		1.851		1.605		1.151860		2.800
0.656		0.2337		0.0000		876.724		1.854		1.640		1.168385		2.840
0.670		0.2370		0.0000		876.721		1.858		1.675		1.184909		2.880
0.684		0.2401		0.0000		876.718		1.861		1.710		1.200744		2.920
0.700		0.2435		0.0000		876.714		1.864		1.750		1.217268		2.960
0.716		0.2465		0.0000		876.711		1.867		1.790		1.232415		3.000
0.732		0.2498		0.0000		876.708		1.870		1.830		1.248939		3.040
0.750		0.2532		0.0000		876.705		1.874		1.875		1.266152		3.080
0.768		0.2568		0.0000		876.701		1.877		1.920		1.284053		3.120
0.788		0.2605		0.0000		876.697		1.881		1.970		1.302642		3.160
0.808		0.2638		0.0000		876.694		1.884		2.020		1.319166		3.200
0.828		0.2671		0.0000		876.691		1.888		2.070		1.335690		3.240
0.846		0.2703		0.0000		876.688		1.891		2.115		1.351526		3.280
0.864		0.2736		0.0000		876.684		1.894		2.160		1.368049		3.320
0.882		0.2768		0.0000		876.681		1.897		2.205		1.383885		3.360
0.900		0.2799		0.0000		876.678		1.901		2.250		1.399721		3.400
0.920		0.2832		0.0000		876.675		1.904		2.300		1.416245		3.440
0.940		0.2866		0.0000		876.671		1.907		2.350		1.432769		3.480
0.960		0.2901		0.0000		876.668		1.911		2.400		1.450670		3.520
0.982		0.2939		0.0000		876.664		1.914		2.455		1.469259		3.560
1.004		0.2973		0.0000		876.661		1.918		2.510		1.486472		3.600
1.026		0.3005		0.0000		876.657		1.921		2.565		1.502307		3.640
1.048		0.3036		0.0000		876.654		1.924		2.620		1.518143		3.680
1.068		0.3069		0.0000		876.651		1.928		2.670		1.534666		3.720
1.088		0.3102		0.0000		876.648		1.931		2.720		1.551191		3.760
1.110		0.3134		0.0000		876.644		1.934		2.775		1.567026		3.800
1.132		0.3166		0.0000		876.641		1.937		2.830		1.582862		3.840
1.154		0.3199		0.0000		876.638		1.940		2.885		1.599386		3.880
1.176		0.3233		0.0000		876.635		1.944		2.940		1.616598		3.920
1.202		0.3270		0.0000		876.631		1.948		3.005		1.635188		3.960
1.228		0.3308		0.0000		876.627		1.951		3.070		1.653777		4.000
1.254		0.3339		0.0000		876.624		1.955		3.135		1.669613		4.040
1.278		0.3371		0.0000		876.621		1.958		3.195		1.685448		4.080
1.302		0.3403		0.0000		876.618		1.961		3.255		1.701283		4.120
1.326		0.3436		0.0000		876.614		1.964		3.315		1.717808		4.160
1.352		0.3467		0.0000		876.611		1.967		3.380		1.733643		4.200
1.376		0.3499		0.0000		876.608		1.970		3.440		1.749479		4.240
1.402		0.3532		0.0000		876.605		1.974		3.505		1.766003		4.280
1.426		0.3566		0.0000		876.601		1.977		3.565		1.783215		4.320
1.452		0.3602		0.0000		876.598		1.981		3.630		1.801116		4.360
1.482		0.3638		0.0000		876.594		1.984		3.705		1.819017		4.400
1.510		0.3672		0.0000		876.591		1.988		3.775		1.836230		4.440
1.538		0.3706		0.0000		876.587		1.991		3.845		1.852754		4.480
1.564		0.3737		0.0000		876.584		1.994		3.910		1.868589		4.520
1.588		0.3770		0.0000		876.581		1.998		3.970		1.885113		4.560
1.614		0.3801		0.0000		876.578		2.001		4.035		1.900260		4.600
1.640		0.3834		0.0000		876.575		2.004		4.100		1.916785		4.640
1.666		0.3865		0.0000		876.571		2.007		4.165		1.932619		4.680
1.690		0.3898		0.0000		876.568		2.010		4.225		1.949144		4.720
1.718		0.3935		0.0000		876.564		2.014		4.295		1.967734		4.760
1.746		0.3973		0.0000		876.561		2.018		4.365		1.986323		4.800
1.778		0.4007		0.0000		876.557		2.021		4.445		2.003536		4.840
1.808		0.4039		0.0000		876.554		2.024		4.520		2.019370		4.880
1.834		0.4070		0.0000		876.551		2.028		4.585		2.035206		4.920
1.860		0.4103		0.0000		876.548		2.031		4.650		2.051730		4.960
1.886		0.4135		0.0000		876.544		2.034		4.715		2.067565		5.000
1.914		0.4167		0.0000		876.541		2.037		4.785		2.083401		5.040
1.940		0.4200		0.0000		876.538		2.041		4.850		2.099925		5.080
1.968		0.4233		0.0000		876.535		2.044		4.920		2.116449		5.120
1.994		0.4267		0.0000		876.531		2.047		4.985		2.133662		5.160
2.022		0.4303		0.0000		876.528		2.051		5.055		2.151563		5.200
2.054		0.4340		0.0000		876.524		2.055		5.135		2.170152		5.240
2.086		0.4373		0.0000		876.521		2.058		5.215		2.186676		5.280
2.114		0.4405		0.0000		876.517		2.061		5.285		2.202511		5.320
2.140		0.4438		0.0000		876.514		2.064		5.350		2.219036		5.360
2.166		0.4470		0.0000		876.511		2.068		5.415		2.234871		5.400
2.194		0.4501		0.0000		876.508		2.071		5.485		2.250707		5.440
2.220		0.4534		0.0000		876.504		2.074		5.550		2.267230		5.480
2.246		0.4566		0.0000		876.501		2.077		5.615		2.283066		5.520
2.274		0.4599		0.0000		876.498		2.081		5.685		2.299591		5.560
2.302		0.4638		0.0000		876.494		2.084		5.755		2.318868		5.600
2.334		0.4675		0.0000		876.490		2.088		5.835		2.337458		5.640
2.368		0.4708		0.0000		876.487		2.091		5.920		2.353981		5.680
2.398		0.4740		0.0000		876.484		2.095		5.995		2.369817		5.720
2.426		0.4771		0.0000		876.481		2.098		6.065		2.385653		5.760
2.452		0.4804		0.0000		876.477		2.101		6.130		2.402176		5.800
2.480		0.4836		0.0000		876.474		2.104		6.200		2.418012		5.840
2.510		0.4868		0.0000		876.471		2.107		6.275		2.433848		5.880
2.536		0.4901		0.0000		876.468		2.111		6.340		2.450371		5.920
2.564		0.4934		0.0000		876.465		2.114		6.410		2.466896		5.960
2.592		0.4968		0.0000		876.461		2.117		6.480		2.484107		6.000
2.624		0.5007		0.0000		876.457		2.121		6.560		2.503386		6.040
2.656		0.5041		0.0000		876.454		2.125		6.640		2.520599		6.080
2.688		0.5073		0.0000		876.451		2.128		6.720		2.536435		6.120
2.716		0.5106		0.0000		876.447		2.131		6.790		2.552958		6.160
2.742		0.5136		0.0000		876.444		2.134		6.855		2.568105		6.200
2.770		0.5169		0.0000		876.441		2.138		6.925		2.584630		6.240
2.798		0.5202		0.0000		876.438		2.141		6.995		2.601153		6.280
2.826		0.5234		0.0000		876.435		2.144		7.065		2.616989		6.320
2.854		0.5266		0.0000		876.431		2.147		7.135		2.632823		6.360
2.882		0.5301		0.0000		876.428		2.151		7.205		2.650725		6.400
2.912		0.5339		0.0000		876.424		2.154		7.280		2.669315		6.440
2.946		0.5376		0.0000		876.420		2.158		7.365		2.687904		6.480
2.978		0.5407		0.0000		876.417		2.161		7.445		2.703740		6.520
3.008		0.5439		0.0000		876.414		2.165		7.520		2.719574		6.560
3.034		0.5471		0.0000		876.411		2.168		7.585		2.735410		6.600
3.062		0.5504		0.0000		876.408		2.171		7.655		2.751935		6.640
3.090		0.5536		0.0000		876.404		2.174		7.725		2.767770		6.680
3.118		0.5567		0.0000		876.401		2.177		7.795		2.783606		6.720
3.146		0.5600		0.0000		876.398		2.181		7.865		2.800129		6.760
3.174		0.5633		0.0000		876.395		2.184		7.935		2.816654		6.800
3.202		0.5672		0.0000		876.391		2.188		8.005		2.835931		6.840
3.234		0.5708		0.0000		876.387		2.191		8.085		2.853833		6.880
3.268		0.5742		0.0000		876.384		2.195		8.170		2.871046		6.920
3.296		0.5774		0.0000		876.380		2.198		8.240		2.886881		6.960
3.324		0.5805		0.0000		876.377		2.201		8.310		2.902716		7.000
3.350		0.5838		0.0000		876.374		2.204		8.375		2.919240		7.040
3.378		0.5870		0.0000		876.371		2.208		8.445		2.935075		7.080
3.406		0.5902		0.0000		876.368		2.211		8.515		2.950911		7.120
3.432		0.5933		0.0000		876.365		2.214		8.580		2.966747		7.160
3.460		0.5967		0.0000		876.361		2.217		8.650		2.983270		7.200
3.488		0.6004		0.0000		876.358		2.221		8.720		3.001860		7.240
3.518		0.6041		0.0000		876.354		2.225		8.795		3.020449		7.280
3.552		0.6075		0.0000		876.350		2.228		8.880		3.037662		7.320
3.582		0.6107		0.0000		876.347		2.231		8.955		3.053498		7.360
3.608		0.6137		0.0000		876.344		2.234		9.020		3.068645		7.400
3.632		0.6172		0.0000		876.341		2.238		9.080		3.085857		7.440
3.658		0.6203		0.0000		876.338		2.241		9.145		3.101693		7.480
3.684		0.6236		0.0000		876.334		2.244		9.210		3.118217		7.520
3.710		0.6268		0.0000		876.331		2.247		9.275		3.134052		7.560
3.736		0.6301		0.0000		876.328		2.251		9.340		3.150576		7.600
3.762		0.6336		0.0000		876.324		2.254		9.405		3.167789		7.640
3.790		0.6373		0.0000		876.321		2.258		9.475		3.186378		7.680
3.820		0.6409		0.0000		876.317		2.261		9.550		3.204279		7.720
3.852		0.6442		0.0000		876.314		2.265		9.630		3.220803		7.760
3.878		0.6472		0.0000		876.311		2.268		9.695		3.235950		7.800
3.902		0.6505		0.0000		876.307		2.271		9.755		3.252475		7.840
3.926		0.6538		0.0000		876.304		2.274		9.815		3.268998		7.880
3.952		0.6570		0.0000		876.301		2.278		9.880		3.284834		7.920
3.976		0.6601		0.0000		876.298		2.281		9.940		3.300669		7.960
4.000		0.6633		0.0000		876.295		2.284		10.000		3.316504		8.000
4.024		0.6667		0.0000		876.291		2.287		10.060		3.333717		8.040
4.050		0.6705		0.0000		876.287		2.291		10.125		3.352306		8.080
4.080		0.6743		0.0000		876.284		2.295		10.200		3.371585		8.120
4.110		0.6776		0.0000		876.280		2.298		10.275		3.388109		8.160
4.136		0.6807		0.0000		876.277		2.301		10.340		3.403255		8.200
4.160		0.6840		0.0000		876.274		2.305		10.400		3.419780		8.240
4.182		0.6871		0.0000		876.271		2.308		10.455		3.435615		8.280
4.206		0.6904		0.0000		876.267		2.311		10.515		3.452139		8.320
4.228		0.6936		0.0000		876.264		2.314		10.570		3.467974		8.360
4.252		0.6968		0.0000		876.261		2.317		10.630		3.483810		8.400
4.274		0.7001		0.0000		876.258		2.321		10.685		3.500335		8.440
4.296		0.7038		0.0000		876.254		2.324		10.740		3.518924		8.480
4.324		0.7075		0.0000		876.250		2.328		10.810		3.537514		8.520
4.352		0.7109		0.0000		876.247		2.332		10.880		3.554726		8.560
4.376		0.7141		0.0000		876.244		2.335		10.940		3.570561		8.600
4.396		0.7173		0.0000		876.241		2.338		10.990		3.586397		8.640
4.418		0.7206		0.0000		876.237		2.341		11.045		3.602920		8.680
4.438		0.7238		0.0000		876.234		2.344		11.095		3.618756		8.720
4.458		0.7269		0.0000		876.231		2.348		11.145		3.634592		8.760
4.478		0.7301		0.0000		876.228		2.351		11.195		3.650427		8.800
4.498		0.7334		0.0000		876.224		2.354		11.245		3.666951		8.840
4.518		0.7370		0.0000		876.221		2.358		11.295		3.684853		8.880
4.542		0.7408		0.0000		876.217		2.361		11.355		3.704130		8.920
4.568		0.7444		0.0000		876.214		2.365		11.420		3.722032		8.960
4.592		0.7476		0.0000		876.210		2.368		11.480		3.737866		9.000
4.612		0.7507		0.0000		876.207		2.371		11.530		3.753702		9.040
4.628		0.7539		0.0000		876.204		2.374		11.570		3.769538		9.080
4.646		0.7572		0.0000		876.201		2.378		11.615		3.786061		9.120
4.664		0.7604		0.0000		876.198		2.381		11.660		3.801897		9.160
4.682		0.7635		0.0000		876.194		2.384		11.705		3.817733		9.200
4.700		0.7667		0.0000		876.191		2.387		11.750		3.833569		9.240
4.718		0.7702		0.0000		876.188		2.391		11.795		3.850780		9.280
4.736		0.7739		0.0000		876.184		2.394		11.840		3.869370		9.320
4.760		0.7776		0.0000		876.180		2.398		11.900		3.887959		9.360
4.782		0.7809		0.0000		876.177		2.401		11.955		3.904484		9.400
4.802		0.7842		0.0000		876.174		2.405		12.005		3.921008		9.440
4.816		0.7874		0.0000		876.171		2.408		12.040		3.936843		9.480
4.832		0.7905		0.0000		876.167		2.411		12.080		3.952679		9.520
4.846		0.7938		0.0000		876.164		2.414		12.115		3.969203		9.560
4.862		0.7970		0.0000		876.161		2.418		12.155		3.985038		9.600
4.876		0.8002		0.0000		876.158		2.421		12.190		4.000874		9.640
4.890		0.8035		0.0000		876.154		2.424		12.225		4.017398		9.680
4.906		0.8072		0.0000		876.151		2.428		12.265		4.035987		9.720
4.926		0.8111		0.0000		876.147		2.432		12.315		4.055264		9.760
4.946		0.8144		0.0000		876.144		2.435		12.365		4.071789		9.800
4.966		0.8175		0.0000		876.140		2.438		12.415		4.087625		9.840
4.978		0.8207		0.0000		876.137		2.441		12.445		4.103460		9.880
4.990		0.8240		0.0000		876.134		2.445		12.475		4.119985		9.920
5.002		0.8272		0.0000		876.131		2.448		12.505		4.135819		9.960
5.016		0.8303		0.0000		876.128		2.451		12.540		4.151655		10.000
5.028		0.8335		0.0000		876.124		2.454		12.570		4.167490		10.040
5.040		0.8368		0.0000		876.121		2.457		12.600		4.184014		10.080
5.052		0.8404		0.0000		876.117		2.461		12.630		4.201916		10.120
5.066		0.8442		0.0000		876.114		2.465		12.665		4.221193		10.160
5.084		0.8478		0.0000		876.110		2.468		12.710		4.239095		10.200
5.100		0.8510		0.0000		876.107		2.472		12.750		4.254930		10.240
5.112		0.8542		0.0000		876.104		2.475		12.780		4.270765		10.280
5.122		0.8573		0.0000		876.101		2.478		12.805		4.286601		10.320
5.132		0.8606		0.0000		876.097		2.481		12.830		4.303126		10.360
5.142		0.8638		0.0000		876.094		2.484		12.855		4.318960		10.400
5.152		0.8670		0.0000		876.091		2.488		12.880		4.334796		10.440
5.162		0.8701		0.0000		876.088		2.491		12.905		4.350632		10.480
5.172		0.8736		0.0000		876.084		2.494		12.930		4.367845		10.520
5.184		0.8774		0.0000		876.081		2.498		12.960		4.387122		10.560
5.200		0.8811		0.0000		876.077		2.502		13.000		4.405711		10.600
5.206		0.8844		0.0000		876.073		2.505		13.015		4.422236		10.640
5.228		0.8875		0.0000		876.070		2.508		13.070		4.437383		10.680
5.234		0.8908		0.0000		876.067		2.511		13.085		4.453907		10.720
5.242		0.8939		0.0000		876.064		2.515		13.105		4.469742		10.760
5.250		0.8971		0.0000		876.061		2.518		13.125		4.485578		10.800
5.258		0.9003		0.0000		876.058		2.521		13.145		4.501414		10.840
5.264		0.9036		0.0000		876.054		2.524		13.160		4.517937		10.880
5.272		0.9069		0.0000		876.051		2.527		13.180		4.534461		10.920
5.282		0.9106		0.0000		876.047		2.531		13.205		4.553051		10.960
5.294		0.9143		0.0000		876.044		2.535		13.235		4.571640		11.000
5.308		0.9178		0.0000		876.040		2.538		13.270		4.588852		11.040
5.320		0.9209		0.0000		876.037		2.542		13.300		4.604688		11.080
5.326		0.9241		0.0000		876.034		2.545		13.315		4.620524		11.120
5.332		0.9274		0.0000		876.031		2.548		13.330		4.637048		11.160
5.338		0.9306		0.0000		876.027		2.551		13.345		4.652884		11.200
5.344		0.9337		0.0000		876.024		2.554		13.360		4.668719		11.240
5.350		0.9369		0.0000		876.021		2.558		13.375		4.684554		11.280
5.356		0.9402		0.0000		876.018		2.561		13.390		4.701078		11.320
5.362		0.9438		0.0000		876.014		2.564		13.405		4.718979		11.360
5.372		0.9477		0.0000		876.010		2.568		13.430		4.738257		11.400
5.386		0.9512		0.0000		876.007		2.572		13.465		4.756158		11.440
5.396		0.9544		0.0000		876.003		2.575		13.490		4.771994		11.480
5.402		0.9576		0.0000		876.000		2.578		13.505		4.787829		11.520
5.404		0.9607		0.0000		875.997		2.581		13.510		4.803664		11.560
5.412		0.9640		0.0000		875.994		2.585		13.530		4.820189		11.600
5.418		0.9672		0.0000		875.991		2.588		13.545		4.836025		11.640
5.424		0.9704		0.0000		875.988		2.591		13.560		4.851859		11.680
5.428		0.9735		0.0000		875.984		2.594		13.570		4.867695		11.720
5.434		0.9770		0.0000		875.981		2.598		13.585		4.884908		11.760
5.442		0.9808		0.0000		875.977		2.601		13.605		4.904186		11.800
5.454		0.9846		0.0000		875.973		2.605		13.635		4.922776		11.840
5.466		0.9877		0.0000		875.970		2.608		13.665		4.938610		11.880
5.472		0.9910		0.0000		875.967		2.612		13.680		4.955135		11.920
5.476		0.9942		0.0000		875.964		2.615		13.690		4.970971		11.960
5.480		0.9974		0.0000		875.961		2.618		13.700		4.986805		12.000
5.486		1.0005		0.0000		875.957		2.621		13.715		5.002641		12.040
5.488		1.0037		0.0000		875.954		2.624		13.720		5.018477		12.080
5.492		1.0069		0.0000		875.951		2.627		13.730		5.034313		12.120
5.496		1.0103		0.0000		875.948		2.631		13.740		5.051525		12.160
5.502		1.0140		0.0000		875.944		2.635		13.755		5.070115		12.200
5.512		1.0179		0.0000		875.940		2.638		13.780		5.089392		12.240
5.522		1.0212		0.0000		875.937		2.642		13.805		5.105916		12.280
5.530		1.0244		0.0000		875.934		2.645		13.825		5.121751		12.320
5.532		1.0275		0.0000		875.930		2.648		13.830		5.137587		12.360
5.534		1.0308		0.0000		875.927		2.651		13.835		5.154111		12.400
5.536		1.0340		0.0000		875.924		2.655		13.840		5.169947		12.440
5.540		1.0372		0.0000		875.921		2.658		13.850		5.185782		12.480
5.544		1.0403		0.0000		875.918		2.661		13.860		5.201618		12.520
5.546		1.0436		0.0000		875.914		2.664		13.865		5.218142		12.560
5.550		1.0472		0.0000		875.911		2.668		13.875		5.236042		12.600
5.558		1.0511		0.0000		875.907		2.672		13.895		5.255321		12.640
5.568		1.0546		0.0000		875.903		2.675		13.920		5.273221		12.680
5.578		1.0578		0.0000		875.900		2.678		13.945		5.289057		12.720
5.580		1.0610		0.0000		875.897		2.682		13.950		5.304893		12.760
5.582		1.0641		0.0000		875.894		2.685		13.955		5.320728		12.800
5.584		1.0675		0.0000		875.890		2.688		13.960		5.337252		12.840
5.588		1.0706		0.0000		875.887		2.691		13.970		5.353088		12.880
5.588		1.0738		0.0000		875.884		2.694		13.970		5.368924		12.920
5.590		1.0770		0.0000		875.881		2.698		13.975		5.384758		12.960
5.594		1.0804		0.0000		875.878		2.701		13.985		5.401971		13.000
5.600		1.0842		0.0000		875.874		2.705		14.000		5.421249		13.040
5.610		1.0880		0.0000		875.870		2.709		14.025		5.439839		13.080
5.620		1.0913		0.0000		875.867		2.712		14.050		5.456362		13.120
5.624		1.0943		0.0000		875.864		2.715		14.060		5.471509		13.160
5.624		1.0976		0.0000		875.860		2.718		14.060		5.488034		13.200
5.626		1.1008		0.0000		875.857		2.721		14.065		5.503870		13.240
5.630		1.1039		0.0000		875.854		2.725		14.075		5.519704		13.280
5.632		1.1071		0.0000		875.851		2.728		14.080		5.535540		13.320
5.634		1.1104		0.0000		875.847		2.731		14.085		5.552063		13.360
5.636		1.1137		0.0000		875.844		2.734		14.090		5.568588		13.400
5.640		1.1174		0.0000		875.840		2.738		14.100		5.587178		13.440
5.650		1.1213		0.0000		875.837		2.742		14.125		5.606455		13.480
5.658		1.1246		0.0000		875.833		2.745		14.145		5.622980		13.520
5.664		1.1278		0.0000		875.830		2.748		14.160		5.638814		13.560
5.666		1.1309		0.0000		875.827		2.752		14.165		5.654650		13.600
5.666		1.1342		0.0000		875.824		2.755		14.165		5.671175		13.640
5.668		1.1374		0.0000		875.820		2.758		14.170		5.687010		13.680
5.670		1.1406		0.0000		875.817		2.761		14.175		5.702846		13.720
5.672		1.1437		0.0000		875.814		2.764		14.180		5.718681		13.760
5.674		1.1470		0.0000		875.811		2.768		14.185		5.735205		13.800
5.676		1.1506		0.0000		875.807		2.771		14.190		5.753107		13.840
5.682		1.1545		0.0000		875.803		2.775		14.205		5.772384		13.880
5.692		1.1581		0.0000		875.800		2.779		14.230		5.790286		13.920
5.700		1.1611		0.0000		875.797		2.782		14.250		5.805432		13.960
5.702		1.1643		0.0000		875.794		2.785		14.255		5.821268		14.000
5.702		1.1676		0.0000		875.790		2.788		14.255		5.837791		14.040
5.704		1.1707		0.0000		875.787		2.791		14.260		5.853627		14.080
5.706		1.1739		0.0000		875.784		2.794		14.265		5.869463		14.120
5.708		1.1771		0.0000		875.781		2.798		14.270		5.885298		14.160
5.710		1.1804		0.0000		875.778		2.801		14.275		5.901823		14.200
5.712		1.1838		0.0000		875.774		2.804		14.280		5.919035		14.240
5.716		1.1877		0.0000		875.770		2.808		14.290		5.938313		14.280
5.726		1.1914		0.0000		875.767		2.812		14.315		5.956902		14.320
5.734		1.1945		0.0000		875.763		2.815		14.335		5.972738		14.360
5.738		1.1979		0.0000		875.760		2.818		14.345		5.989261		14.400
5.738		1.2010		0.0000		875.757		2.822		14.345		6.005097		14.440
5.738		1.2042		0.0000		875.754		2.825		14.345		6.020933		14.480
5.740		1.2074		0.0000		875.751		2.828		14.350		6.036768		14.520
5.742		1.2105		0.0000		875.747		2.831		14.355		6.052603		14.560
5.744		1.2137		0.0000		875.744		2.834		14.360		6.068439		14.600
5.744		1.2170		0.0000		875.741		2.838		14.360		6.084964		14.640
5.748		1.2208		0.0000		875.737		2.841		14.370		6.104241		14.680
5.756		1.2247		0.0000		875.733		2.845		14.390		6.123519		14.720
5.766		1.2280		0.0000		875.730		2.849		14.415		6.140043		14.760
5.770		1.2312		0.0000		875.727		2.852		14.425		6.155879		14.800
5.770		1.2343		0.0000		875.724		2.855		14.425		6.171715		14.840
5.770		1.2375		0.0000		875.720		2.858		14.425		6.187549		14.880
5.770		1.2408		0.0000		875.717		2.861		14.425		6.204074		14.920
5.772		1.2440		0.0000		875.714		2.865		14.430		6.219909		14.960
5.772		1.2471		0.0000		875.711		2.868		14.430		6.235744		15.000
5.774		1.2503		0.0000		875.708		2.871		14.435		6.251580		15.040
5.776		1.2540		0.0000		875.704		2.875		14.440		6.270170		15.080
5.784		1.2579		0.0000		875.700		2.878		14.460		6.289448		15.120
5.794		1.2615		0.0000		875.696		2.882		14.485		6.307349		15.160
5.800		1.2646		0.0000		875.693		2.885		14.500		6.323184		15.200
5.804		1.2678		0.0000		875.690		2.888		14.510		6.339020		15.240
5.804		1.2710		0.0000		875.687		2.892		14.510		6.354855		15.280
5.806		1.2741		0.0000		875.684		2.895		14.515		6.370690		15.320
5.806		1.2773		0.0000		875.681		2.898		14.515		6.386526		15.360
5.808		1.2805		0.0000		875.677		2.901		14.520		6.402362		15.400
5.808		1.2836		0.0000		875.674		2.904		14.520		6.418198		15.440
5.810		1.2874		0.0000		875.671		2.908		14.525		6.436787		15.480
5.816		1.2912		0.0000		875.667		2.912		14.540		6.456065		15.520
5.824		1.2948		0.0000		875.663		2.915		14.560		6.473966		15.560
5.832		1.2980		0.0000		875.660		2.919		14.580		6.489801		15.600
5.834		1.3011		0.0000		875.657		2.922		14.585		6.505637		15.640
5.834		1.3043		0.0000		875.654		2.925		14.585		6.521472		15.680
5.836		1.3076		0.0000		875.650		2.928		14.590		6.537996		15.720
5.836		1.3108		0.0000		875.647		2.931		14.590		6.553832		15.760
5.838		1.3139		0.0000		875.644		2.935		14.595		6.569667		15.800
5.838		1.3171		0.0000		875.641		2.938		14.595		6.585503		15.840
5.840		1.3205		0.0000		875.637		2.941		14.600		6.602715		15.880
5.844		1.3243		0.0000		875.634		2.945		14.610		6.621304		15.920
5.850		1.3281		0.0000		875.630		2.949		14.625		6.640583		15.960
5.858		1.3314		0.0000		875.626		2.952		14.645		6.657106		16.000
5.862		1.3346		0.0000		875.623		2.955		14.655		6.672942		16.040
5.864		1.3378		0.0000		875.620		2.958		14.660		6.688778		16.080
5.864		1.3409		0.0000		875.617		2.962		14.660		6.704614		16.120
5.864		1.3442		0.0000		875.614		2.965		14.660		6.721137		16.160
5.864		1.3473		0.0000		875.611		2.968		14.660		6.736284		16.200
5.864		1.3504		0.0000		875.607		2.971		14.660		6.752120		16.240
5.866		1.3537		0.0000		875.604		2.974		14.665		6.768643		16.280
5.868		1.3574		0.0000		875.600		2.978		14.670		6.787233		16.320
5.876		1.3613		0.0000		875.597		2.982		14.690		6.806511		16.360
5.884		1.3650		0.0000		875.593		2.986		14.710		6.825101		16.400
5.892		1.3679		0.0000		875.590		2.989		14.730		6.839560		16.440
5.892		1.3711		0.0000		875.587		2.992		14.730		6.855394		16.480
5.890		1.3744		0.0000		875.583		2.995		14.725		6.871919		16.520
5.890		1.3776		0.0000		875.580		2.998		14.725		6.887753		16.560
5.892		1.3807		0.0000		875.577		3.001		14.730		6.903589		16.600
5.892		1.3839		0.0000		875.574		3.004		14.730		6.919425		16.640
5.892		1.3872		0.0000		875.571		3.008		14.730		6.935949		16.680
5.894		1.3906		0.0000		875.567		3.011		14.735		6.953161		16.720
5.898		1.3945		0.0000		875.563		3.015		14.745		6.972440		16.760
5.906		1.3982		0.0000		875.560		3.019		14.765		6.991029		16.800
5.914		1.4014		0.0000		875.557		3.022		14.785		7.006865		16.840
5.918		1.4045		0.0000		875.553		3.025		14.795		7.022700		16.880
5.918		1.4077		0.0000		875.550		3.028		14.795		7.038536		16.920
5.918		1.4110		0.0000		875.547		3.032		14.795		7.055060		16.960
5.918		1.4142		0.0000		875.544		3.035		14.795		7.070895		17.000
5.918		1.4173		0.0000		875.541		3.038		14.795		7.086730		17.040
5.918		1.4205		0.0000		875.537		3.041		14.795		7.102566		17.080
5.918		1.4240		0.0000		875.534		3.045		14.795		7.119779		17.120
5.922		1.4278		0.0000		875.530		3.048		14.805		7.139056		17.160
5.930		1.4315		0.0000		875.526		3.052		14.825		7.157646		17.200
5.938		1.4348		0.0000		875.523		3.055		14.845		7.174170		17.240
5.942		1.4379		0.0000		875.520		3.058		14.855		7.189317		17.280
5.942		1.4412		0.0000		875.517		3.062		14.855		7.205841		17.320
5.942		1.4443		0.0000		875.514		3.065		14.855		7.221677		17.360
5.944		1.4475		0.0000		875.510		3.068		14.860		7.237513		17.400
5.944		1.4508		0.0000		875.507		3.071		14.860		7.254036		17.440
5.944		1.4540		0.0000		875.504		3.075		14.860		7.269872		17.480
5.944		1.4573		0.0000		875.501		3.078		14.860		7.286396		17.520
5.946		1.4609		0.0000		875.497		3.081		14.865		7.304297		17.560
5.952		1.4649		0.0000		875.493		3.085		14.880		7.324264		17.600
5.962		1.4682		0.0000		875.490		3.089		14.905		7.340787		17.640
5.966		1.4715		0.0000		875.486		3.092		14.915		7.357311		17.680
5.968		1.4746		0.0000		875.483		3.095		14.920		7.373147		17.720
5.968		1.4778		0.0000		875.480		3.098		14.920		7.388982		17.760
5.968		1.4810		0.0000		875.477		3.102		14.920		7.404818		17.800
5.968		1.4841		0.0000		875.474		3.105		14.920		7.420654		17.840
5.970		1.4873		0.0000		875.471		3.108		14.925		7.436488		17.880
5.970		1.4906		0.0000		875.467		3.111		14.925		7.453013		17.920
5.972		1.4940		0.0000		875.464		3.115		14.930		7.470226		17.960
5.976		1.4980		0.0000		875.460		3.119		14.940		7.490192		18.000
5.986		1.5018		0.0000		875.456		3.122		14.965		7.508781		18.040
5.992		1.5048		0.0000		875.453		3.125		14.980		7.523928		18.080
5.994		1.5080		0.0000		875.450		3.129		14.985		7.539764		18.120
5.994		1.5111		0.0000		875.447		3.132		14.985		7.555599		18.160
5.994		1.5144		0.0000		875.443		3.135		14.985		7.572124		18.200
5.994		1.5176		0.0000		875.440		3.138		14.985		7.587959		18.240
5.994		1.5208		0.0000		875.437		3.141		14.985		7.603794		18.280
5.994		1.5239		0.0000		875.434		3.145		14.985		7.619629		18.320
5.996		1.5274		0.0000		875.431		3.148		14.990		7.636842		18.360
5.998		1.5312		0.0000		875.427		3.152		14.995		7.656121		18.400
6.006		1.5349		0.0000		875.423		3.156		15.015		7.674710		18.440
6.014		1.5382		0.0000		875.420		3.159		15.035		7.691234		18.480
6.018		1.5414		0.0000		875.417		3.162		15.045		7.707069		18.520
6.018		1.5446		0.0000		875.413		3.165		15.045		7.722904		18.560
6.018		1.5477		0.0000		875.410		3.168		15.045		7.738740		18.600
6.018		1.5509		0.0000		875.407		3.172		15.045		7.754576		18.640
6.018		1.5541		0.0000		875.404		3.175		15.045		7.770411		18.680
6.020		1.5572		0.0000		875.401		3.178		15.050		7.786247		18.720
6.020		1.5606		0.0000		875.397		3.181		15.050		7.802771		18.760
6.020		1.5644		0.0000		875.393		3.185		15.050		7.822049		18.800
6.030		1.5683		0.0000		875.390		3.189		15.075		7.841327		18.840
6.038		1.5717		0.0000		875.386		3.192		15.095		7.858539		18.880
6.040		1.5747		0.0000		875.383		3.195		15.100		7.873686		18.920
6.044		1.5779		0.0000		875.380		3.198		15.110		7.889522		18.960
6.044		1.5812		0.0000		875.377		3.202		15.110		7.906045		19.000
6.044		1.5844		0.0000		875.374		3.205		15.110		7.921881		19.040
6.044		1.5877		0.0000		875.370		3.208		15.110		7.938405		19.080
6.044		1.5908		0.0000		875.367		3.211		15.110		7.954240		19.120
6.044		1.5940		0.0000		875.364		3.215		15.110		7.970076		19.160
6.044		1.5976		0.0000		875.360		3.218		15.110		7.987977		19.200
6.050		1.6013		0.0000		875.357		3.222		15.125		8.006566		19.240
6.054		1.6052		0.0000		875.353		3.226		15.135		8.025845		19.280
6.064		1.6082		0.0000		875.350		3.229		15.160		8.040992		19.320
6.066		1.6115		0.0000		875.346		3.232		15.165		8.057516		19.360
6.066		1.6145		0.0000		875.343		3.235		15.165		8.072663		19.400
6.066		1.6178		0.0000		875.340		3.238		15.165		8.089187		19.440
6.066		1.6210		0.0000		875.337		3.242		15.165		8.105022		19.480
6.066		1.6242		0.0000		875.334		3.245		15.165		8.120858		19.520
6.066		1.6275		0.0000		875.330		3.248		15.165		8.137382		19.560
6.068		1.6309		0.0000		875.327		3.252		15.170		8.154594		19.600
6.072		1.6346		0.0000		875.323		3.255		15.180		8.173183		19.640
6.074		1.6384		0.0000		875.320		3.259		15.185		8.191773		19.680
6.082		1.6418		0.0000		875.316		3.262		15.205		8.208986		19.720
6.086		1.6448		0.0000		875.313		3.265		15.215		8.224133		19.760
6.086		1.6480		0.0000		875.310		3.269		15.215		8.239968		19.800
6.086		1.6513		0.0000		875.307		3.272		15.215		8.256492		19.840
6.086		1.6543		0.0000		875.304		3.275		15.215		8.271639		19.880
6.088		1.6575		0.0000		875.300		3.278		15.220		8.287475		19.920
6.088		1.6608		0.0000		875.297		3.281		15.220		8.303998		19.960
6.088		1.6641		0.0000		875.294		3.285		15.220		8.320523		20.000
6.090		1.6678		0.0000		875.290		3.288		15.225		8.339112		20.040
6.092		1.6717		0.0000		875.286		3.292		15.230		8.358390		20.080
6.106		1.6750		0.0000		875.283		3.296		15.265		8.374914		20.120
6.106		1.6781		0.0000		875.280		3.299		15.265		8.390749		20.160
6.110		1.6813		0.0000		875.277		3.302		15.275		8.406585		20.200
6.108		1.6846		0.0000		875.273		3.305		15.270		8.423110		20.240
6.108		1.6879		0.0000		875.270		3.309		15.270		8.439633		20.280
6.108		1.6910		0.0000		875.267		3.312		15.270		8.454780		20.320
6.108		1.6943		0.0000		875.264		3.315		15.270		8.471305		20.360
6.108		1.6974		0.0000		875.260		3.318		15.270		8.487140		20.400
6.108		1.7010		0.0000		875.257		3.322		15.270		8.505041		20.440
6.112		1.7049		0.0000		875.253		3.325		15.280		8.524319		20.480
6.124		1.7086		0.0000		875.249		3.329		15.310		8.542908		20.520
6.130		1.7116		0.0000		875.246		3.332		15.325		8.558056		20.560
6.130		1.7146		0.0000		875.243		3.335		15.325		8.573202		20.600
6.130		1.7181		0.0000		875.240		3.339		15.325		8.590415		20.640
6.130		1.7212		0.0000		875.237		3.342		15.325		8.606250		20.680
6.130		1.7244		0.0000		875.233		3.345		15.325		8.622086		20.720
6.130		1.7276		0.0000		875.230		3.348		15.325		8.637921		20.760
6.130		1.7309		0.0000		875.227		3.351		15.325		8.654445		20.800
6.132		1.7343		0.0000		875.224		3.355		15.330		8.671658		20.840
6.132		1.7380		0.0000		875.220		3.359		15.330		8.690247		20.880
6.138		1.7418		0.0000		875.216		3.362		15.345		8.708837		20.920
6.150		1.7451		0.0000		875.213		3.366		15.375		8.725361		20.960
6.152		1.7481		0.0000		875.210		3.369		15.380		8.740508		21.000
6.152		1.7514		0.0000		875.206		3.372		15.380		8.757031		21.040
6.152		1.7546		0.0000		875.203		3.375		15.380		8.772867		21.080
6.152		1.7579		0.0000		875.200		3.378		15.380		8.789391		21.120
6.154		1.7610		0.0000		875.197		3.382		15.385		8.805226		21.160
6.154		1.7641		0.0000		875.194		3.385		15.385		8.820374		21.200
6.154		1.7675		0.0000		875.190		3.388		15.385		8.837586		21.240
6.156		1.7712		0.0000		875.187		3.392		15.390		8.856175		21.280
6.164		1.7752		0.0000		875.183		3.396		15.410		8.876142		21.320
6.172		1.7785		0.0000		875.179		3.399		15.430		8.892667		21.360
6.176		1.7816		0.0000		875.176		3.402		15.440		8.907813		21.400
6.176		1.7849		0.0000		875.173		3.405		15.440		8.924337		21.440
6.176		1.7880		0.0000		875.170		3.409		15.440		8.940173		21.480
6.174		1.7912		0.0000		875.167		3.412		15.435		8.956009		21.520
6.174		1.7944		0.0000		875.164		3.415		15.435		8.971843		21.560
6.176		1.7977		0.0000		875.160		3.418		15.440		8.988368		21.600
6.176		1.8008		0.0000		875.157		3.421		15.440		9.004204		21.640
6.178		1.8044		0.0000		875.154		3.425		15.445		9.022104		21.680
6.182		1.8083		0.0000		875.150		3.429		15.455		9.041383		21.720
6.192		1.8119		0.0000		875.146		3.432		15.480		9.059283		21.760
6.198		1.8150		0.0000		875.143		3.436		15.495		9.075119		21.800
6.198		1.8182		0.0000		875.140		3.439		15.495		9.090955		21.840
6.198		1.8215		0.0000		875.136		3.442		15.495		9.107478		21.880
6.198		1.8247		0.0000		875.133		3.445		15.495		9.123314		21.920
6.198		1.8278		0.0000		875.130		3.448		15.495		9.139149		21.960
6.198		1.8309		0.0000		875.127		3.451		15.495		9.154297		22.000
6.198		1.8342		0.0000		875.124		3.455		15.495		9.170820		22.040
6.198		1.8377		0.0000		875.120		3.458		15.495		9.188722		22.080
6.202		1.8416		0.0000		875.116		3.462		15.505		9.207999		22.120
6.212		1.8453		0.0000		875.113		3.466		15.530		9.226588		22.160
6.220		1.8483		0.0000		875.110		3.469		15.550		9.241735		22.200
6.222		1.8517		0.0000		875.106		3.472		15.555		9.258260		22.240
6.220		1.8548		0.0000		875.103		3.475		15.550		9.274095		22.280
6.220		1.8581		0.0000		875.100		3.479		15.550		9.290620		22.320
6.220		1.8613		0.0000		875.097		3.482		15.550		9.306456		22.360
6.220		1.8643		0.0000		875.094		3.485		15.550		9.321602		22.400
6.220		1.8676		0.0000		875.090		3.488		15.550		9.338125		22.440
6.220		1.8709		0.0000		875.087		3.492		15.550		9.354650		22.480
6.224		1.8748		0.0000		875.083		3.495		15.560		9.373928		22.520
6.230		1.8785		0.0000		875.079		3.499		15.575		9.392517		22.560
6.238		1.8818		0.0000		875.076		3.502		15.595		9.409040		22.600
6.242		1.8851		0.0000		875.073		3.506		15.605		9.425566		22.640
6.242		1.8883		0.0000		875.070		3.509		15.605		9.441401		22.680
6.240		1.8914		0.0000		875.066		3.512		15.600		9.457236		22.720
6.240		1.8946		0.0000		875.063		3.515		15.600		9.473072		22.760
6.240		1.8978		0.0000		875.060		3.518		15.600		9.488908		22.800
6.240		1.9009		0.0000		875.057		3.522		15.600		9.504744		22.840
6.240		1.9043		0.0000		875.054		3.525		15.600		9.521267		22.880
6.240		1.9078		0.0000		875.050		3.528		15.600		9.539167		22.920
6.246		1.9118		0.0000		875.046		3.532		15.615		9.559134		22.960
6.254		1.9154		0.0000		875.042		3.536		15.635		9.577035		23.000
6.260		1.9184		0.0000		875.039		3.539		15.650		9.592182		23.040
6.260		1.9216		0.0000		875.036		3.542		15.650		9.608018		23.080
6.258		1.9249		0.0000		875.033		3.545		15.645		9.624541		23.120
6.258		1.9281		0.0000		875.030		3.549		15.645		9.640377		23.160
6.258		1.9312		0.0000		875.027		3.552		15.645		9.656213		23.200
6.256		1.9344		0.0000		875.023		3.555		15.640		9.672049		23.240
6.256		1.9376		0.0000		875.020		3.558		15.640		9.687883		23.280
6.258		1.9412		0.0000		875.017		3.562		15.645		9.705785		23.320
6.260		1.9449		0.0000		875.013		3.565		15.650		9.724375		23.360
6.268		1.9486		0.0000		875.009		3.569		15.670		9.742964		23.400
6.276		1.9519		0.0000		875.006		3.572		15.690		9.759487		23.440
6.276		1.9551		0.0000		875.003		3.576		15.690		9.775323		23.480
6.276		1.9582		0.0000		875.000		3.579		15.690		9.791159		23.520
6.274		1.9614		0.0000		874.997		3.582		15.685		9.806993		23.560
6.272		1.9646		0.0000		874.993		3.585		15.680		9.822829		23.600
6.272		1.9677		0.0000		874.990		3.588		15.680		9.838665		23.640
6.272		1.9710		0.0000		874.987		3.592		15.680		9.855188		23.680
6.272		1.9743		0.0000		874.984		3.595		15.680		9.871714		23.720
6.274		1.9782		0.0000		874.980		3.599		15.685		9.890991		23.760
6.280		1.9819		0.0000		874.976		3.603		15.700		9.909580		23.800
6.290		1.9854		0.0000		874.973		3.606		15.725		9.926793		23.840
6.292		1.9884		0.0000		874.969		3.609		15.730		9.941939		23.880
6.292		1.9917		0.0000		874.966		3.612		15.730		9.958465		23.920
6.290		1.9949		0.0000		874.963		3.615		15.725		9.974300		23.960
6.290		1.9980		0.0000		874.960		3.619		15.725		9.990135		24.000
6.290		2.0012		0.0000		874.957		3.622		15.725		10.005970		24.040
6.290		2.0044		0.0000		874.954		3.625		15.725		10.021806		24.080
6.288		2.0077		0.0000		874.950		3.628		15.720		10.038330		24.120
6.290		2.0114		0.0000		874.947		3.632		15.725		10.056920		24.160
6.294		2.0152		0.0000		874.943		3.636		15.735		10.076199		24.200
6.304		2.0187		0.0000		874.939		3.639		15.760		10.093410		24.240
6.308		2.0218		0.0000		874.936		3.642		15.770		10.109245		24.280
6.310		2.0250		0.0000		874.933		3.646		15.775		10.125082		24.320
6.310		2.0282		0.0000		874.930		3.649		15.775		10.140917		24.360
6.308		2.0314		0.0000		874.927		3.652		15.770		10.156754		24.400
6.308		2.0347		0.0000		874.923		3.655		15.770		10.173275		24.440
6.308		2.0378		0.0000		874.920		3.658		15.770		10.189112		24.480
6.308		2.0410		0.0000		874.917		3.662		15.770		10.204947		24.520
6.308		2.0446		0.0000		874.913		3.665		15.770		10.222847		24.560
6.312		2.0483		0.0000		874.910		3.669		15.780		10.241437		24.600
6.322		2.0521		0.0000		874.906		3.673		15.805		10.260715		24.640
6.328		2.0553		0.0000		874.903		3.676		15.820		10.276551		24.680
6.330		2.0585		0.0000		874.899		3.679		15.825		10.292387		24.720
6.328		2.0616		0.0000		874.896		3.682		15.820		10.308223		24.760
6.326		2.0648		0.0000		874.893		3.685		15.815		10.324059		24.800
6.326		2.0680		0.0000		874.890		3.689		15.815		10.339894		24.840
6.326		2.0711		0.0000		874.887		3.692		15.815		10.355728		24.880
6.326		2.0745		0.0000		874.883		3.695		15.815		10.372252		24.920
6.326		2.0778		0.0000		874.880		3.698		15.815		10.388777		24.960
6.328		2.0815		0.0000		874.876		3.702		15.820		10.407367		25.000
6.334		2.0855		0.0000		874.872		3.706		15.835		10.427332		25.040
6.344		2.0886		0.0000		874.869		3.709		15.860		10.443168		25.080
6.348		2.0919		0.0000		874.866		3.713		15.870		10.459692		25.120
6.346		2.0951		0.0000		874.863		3.716		15.865		10.475529		25.160
6.344		2.0981		0.0000		874.860		3.719		15.860		10.490675		25.200
6.344		2.1014		0.0000		874.856		3.722		15.860		10.507200		25.240
6.344		2.1046		0.0000		874.853		3.725		15.860		10.523033		25.280
6.344		2.1078		0.0000		874.850		3.728		15.860		10.538869		25.320
6.342		2.1109		0.0000		874.847		3.732		15.855		10.554705		25.360
6.344		2.1147		0.0000		874.843		3.735		15.860		10.573294		25.400
6.350		2.1187		0.0000		874.839		3.739		15.875		10.593262		25.440
6.360		2.1221		0.0000		874.836		3.743		15.900		10.610474		25.480
6.366		2.1253		0.0000		874.833		3.746		15.915		10.626308		25.520
6.366		2.1284		0.0000		874.829		3.749		15.915		10.642145		25.560
6.364		2.1316		0.0000		874.826		3.752		15.910		10.657980		25.600
6.364		2.1349		0.0000		874.823		3.755		15.910		10.674505		25.640
6.362		2.1381		0.0000		874.820		3.759		15.905		10.690338		25.680
6.362		2.1412		0.0000		874.817		3.762		15.905		10.706175		25.720
6.360		2.1444		0.0000		874.813		3.765		15.900		10.722010		25.760
6.360		2.1478		0.0000		874.810		3.768		15.900		10.739223		25.800
6.364		2.1518		0.0000		874.806		3.772		15.910		10.759190		25.840
6.372		2.1556		0.0000		874.802		3.776		15.930		10.777779		25.880
6.380		2.1587		0.0000		874.799		3.779		15.950		10.793614		25.920
6.382		2.1619		0.0000		874.796		3.782		15.955		10.809450		25.960
6.380		2.1649		0.0000		874.793		3.786		15.950		10.824596		26.000
6.378		2.1682		0.0000		874.790		3.789		15.945		10.841122		26.040
6.378		2.1714		0.0000		874.786		3.792		15.945		10.856957		26.080
6.376		2.1746		0.0000		874.783		3.795		15.940		10.872793		26.120
6.376		2.1777		0.0000		874.780		3.798		15.940		10.888626		26.160
6.374		2.1812		0.0000		874.777		3.802		15.935		10.905840		26.200
6.376		2.1850		0.0000		874.773		3.806		15.940		10.925119		26.240
6.378		2.1889		0.0000		874.769		3.809		15.945		10.944395		26.280
6.392		2.1922		0.0000		874.766		3.813		15.980		10.960920		26.320
6.394		2.1952		0.0000		874.763		3.816		15.985		10.976067		26.360
6.392		2.1984		0.0000		874.760		3.819		15.980		10.991902		26.400
6.392		2.2017		0.0000		874.756		3.822		15.980		11.008427		26.440
6.390		2.2049		0.0000		874.753		3.825		15.975		11.024263		26.480
6.390		2.2080		0.0000		874.750		3.829		15.975		11.040098		26.520
6.388		2.2112		0.0000		874.747		3.832		15.970		11.055932		26.560
6.388		2.2145		0.0000		874.743		3.835		15.970		11.072456		26.600
6.388		2.2182		0.0000		874.740		3.839		15.970		11.091046		26.640
6.390		2.2221		0.0000		874.736		3.843		15.975		11.110325		26.680
6.396		2.2255		0.0000		874.732		3.846		15.990		11.127537		26.720
6.404		2.2287		0.0000		874.729		3.849		16.010		11.143372		26.760
6.406		2.2318		0.0000		874.726		3.852		16.015		11.159208		26.800
6.404		2.2350		0.0000		874.723		3.856		16.010		11.175043		26.840
6.402		2.2383		0.0000		874.720		3.859		16.005		11.191568		26.880
6.402		2.2413		0.0000		874.717		3.862		16.005		11.206715		26.920
6.400		2.2445		0.0000		874.713		3.865		16.000		11.222551		26.960
6.398		2.2477		0.0000		874.710		3.868		15.995		11.238386		27.000
6.398		2.2514		0.0000		874.706		3.872		15.995		11.256976		27.040
6.398		2.2553		0.0000		874.703		3.876		15.995		11.276253		27.080
6.404		2.2590		0.0000		874.699		3.880		16.010		11.294842		27.120
6.412		2.2621		0.0000		874.696		3.883		16.030		11.310678		27.160
6.416		2.2653		0.0000		874.693		3.886		16.040		11.326513		27.200
6.416		2.2685		0.0000		874.689		3.889		16.040		11.342349		27.240
6.414		2.2716		0.0000		874.686		3.892		16.035		11.358185		27.280
6.412		2.2748		0.0000		874.683		3.895		16.030		11.374021		27.320
6.410		2.2780		0.0000		874.680		3.899		16.025		11.389856		27.360
6.410		2.2811		0.0000		874.677		3.902		16.025		11.405692		27.400
6.408		2.2846		0.0000		874.673		3.905		16.020		11.422903		27.440
6.408		2.2884		0.0000		874.669		3.909		16.020		11.442183		27.480
6.412		2.2923		0.0000		874.666		3.913		16.030		11.461460		27.520
6.418		2.2956		0.0000		874.662		3.916		16.045		11.477983		27.560
6.424		2.2986		0.0000		874.659		3.919		16.060		11.493130		27.600
6.426		2.3018		0.0000		874.656		3.922		16.065		11.508965		27.640
6.424		2.3050		0.0000		874.653		3.926		16.060		11.524801		27.680
6.422		2.3083		0.0000		874.650		3.929		16.055		11.541327		27.720
6.420		2.3113		0.0000		874.647		3.932		16.050		11.556473		27.760
6.420		2.3146		0.0000		874.643		3.935		16.050		11.572998		27.800
6.418		2.3178		0.0000		874.640		3.938		16.045		11.588833		27.840
6.418		2.3216		0.0000		874.636		3.942		16.045		11.608109		27.880
6.420		2.3256		0.0000		874.632		3.946		16.050		11.628077		27.920
6.428		2.3291		0.0000		874.629		3.950		16.070		11.645288		27.960
6.434		2.3321		0.0000		874.626		3.953		16.085		11.660435		28.000
6.438		2.3353		0.0000		874.623		3.956		16.095		11.676271		28.040
6.436		2.3384		0.0000		874.620		3.959		16.090		11.692106		28.080
6.434		2.3416		0.0000		874.616		3.962		16.085		11.707943		28.120
6.432		2.3448		0.0000		874.613		3.965		16.080		11.723778		28.160
6.432		2.3479		0.0000		874.610		3.969		16.080		11.739614		28.200
6.430		2.3512		0.0000		874.607		3.972		16.075		11.756139		28.240
6.428		2.3547		0.0000		874.603		3.975		16.070		11.773350		28.280
6.430		2.3587		0.0000		874.599		3.979		16.075		11.793318		28.320
6.434		2.3624		0.0000		874.596		3.983		16.085		11.811907		28.360
6.442		2.3655		0.0000		874.592		3.986		16.105		11.827741		28.400
6.446		2.3687		0.0000		874.589		3.989		16.115		11.843576		28.440
6.444		2.3719		0.0000		874.586		3.992		16.110		11.859412		28.480
6.442		2.3750		0.0000		874.583		3.996		16.105		11.875248		28.520
6.440		2.3782		0.0000		874.580		3.999		16.100		11.891084		28.560
6.440		2.3814		0.0000		874.577		4.002		16.100		11.906919		28.600
6.438		2.3846		0.0000		874.573		4.005		16.095		11.922755		28.640
6.438		2.3880		0.0000		874.570		4.009		16.095		11.939966		28.680
6.438		2.3918		0.0000		874.566		4.012		16.095		11.959246		28.720
6.442		2.3957		0.0000		874.562		4.016		16.105		11.978523		28.760
6.450		2.3989		0.0000		874.559		4.019		16.125		11.994360		28.800
6.456		2.4020		0.0000		874.556		4.023		16.140		12.010195		28.840
6.456		2.4052		0.0000		874.553		4.026		16.140		12.026031		28.880
6.454		2.4085		0.0000		874.549		4.029		16.135		12.042553		28.920
6.452		2.4117		0.0000		874.546		4.032		16.130		12.058390		28.960
6.452		2.4148		0.0000		874.543		4.035		16.130		12.074224		29.000
6.450		2.4180		0.0000		874.540		4.039		16.125		12.090061		29.040
6.448		2.4213		0.0000		874.537		4.042		16.120		12.106586		29.080
6.448		2.4250		0.0000		874.533		4.046		16.120		12.125175		29.120
6.452		2.4289		0.0000		874.529		4.049		16.130		12.144451		29.160
6.458		2.4323		0.0000		874.526		4.053		16.145		12.161665		29.200
6.464		2.4355		0.0000		874.522		4.056		16.160		12.177501		29.240
6.466		2.4387		0.0000		874.519		4.059		16.165		12.193336		29.280
6.464		2.4418		0.0000		874.516		4.062		16.160		12.209172		29.320
6.462		2.4450		0.0000		874.513		4.066		16.155		12.225006		29.360
6.462		2.4482		0.0000		874.510		4.069		16.155		12.240841		29.400
6.460		2.4513		0.0000		874.507		4.072		16.150		12.256678		29.440
6.458		2.4545		0.0000		874.503		4.075		16.145		12.272512		29.480
6.456		2.4582		0.0000		874.500		4.079		16.140		12.291102		29.520
6.456		2.4621		0.0000		874.496		4.083		16.140		12.310381		29.560
6.462		2.4658		0.0000		874.492		4.086		16.155		12.328970		29.600
6.470		2.4688		0.0000		874.489		4.089		16.175		12.344117		29.640
6.472		2.4720		0.0000		874.486		4.093		16.180		12.359953		29.680
6.470		2.4753		0.0000		874.483		4.096		16.175		12.376478		29.720
6.468		2.4785		0.0000		874.479		4.099		16.170		12.392313		29.760
6.466		2.4816		0.0000		874.476		4.102		16.165		12.408147		29.800
6.466		2.4848		0.0000		874.473		4.105		16.165		12.423983		29.840
6.464		2.4880		0.0000		874.470		4.109		16.160		12.439818		29.880
6.462		2.4914		0.0000		874.466		4.112		16.155		12.457032		29.920
6.462		2.4953		0.0000		874.463		4.116		16.155		12.476309		29.960
6.464		2.4991		0.0000		874.459		4.120		16.160		12.495586		30.000
6.472		2.5023		0.0000		874.456		4.123		16.180		12.511423		30.040
6.476		2.5055		0.0000		874.452		4.126		16.190		12.527258		30.080
6.476		2.5086		0.0000		874.449		4.129		16.190		12.543095		30.120
6.474		2.5118		0.0000		874.446		4.132		16.185		12.558929		30.160
6.472		2.5151		0.0000		874.443		4.136		16.180		12.575453		30.200
6.470		2.5181		0.0000		874.440		4.139		16.175		12.590601		30.240
6.468		2.5213		0.0000		874.437		4.142		16.170		12.606435		30.280
6.466		2.5246		0.0000		874.433		4.145		16.165		12.622959		30.320
6.466		2.5284		0.0000		874.429		4.149		16.165		12.642239		30.360
6.468		2.5324		0.0000		874.425		4.153		16.170		12.662203		30.400
6.474		2.5357		0.0000		874.422		4.156		16.185		12.678728		30.440
6.480		2.5389		0.0000		874.419		4.160		16.200		12.694564		30.480
6.480		2.5421		0.0000		874.416		4.163		16.200		12.710400		30.520
6.478		2.5452		0.0000		874.413		4.166		16.195		12.726235		30.560
6.476		2.5484		0.0000		874.409		4.169		16.190		12.742071		30.600
6.472		2.5516		0.0000		874.406		4.172		16.180		12.757907		30.640
6.470		2.5547		0.0000		874.403		4.175		16.175		12.773741		30.680
6.468		2.5581		0.0000		874.400		4.179		16.170		12.790265		30.720
6.468		2.5616		0.0000		874.396		4.182		16.170		12.808166		30.760
6.468		2.5655		0.0000		874.392		4.186		16.170		12.827444		30.800
6.472		2.5692		0.0000		874.389		4.190		16.180		12.846033		30.840
6.482		2.5724		0.0000		874.385		4.193		16.205		12.861870		30.880
6.482		2.5754		0.0000		874.383		4.196		16.205		12.877016		30.920
6.480		2.5787		0.0000		874.379		4.199		16.200		12.893541		30.960
6.476		2.5819		0.0000		874.376		4.202		16.190		12.909376		31.000
6.474		2.5850		0.0000		874.373		4.206		16.185		12.925213		31.040
6.472		2.5882		0.0000		874.370		4.209		16.180		12.941046		31.080
6.468		2.5914		0.0000		874.367		4.212		16.170		12.956882		31.120
6.466		2.5948		0.0000		874.363		4.215		16.165		12.974095		31.160
6.466		2.5987		0.0000		874.359		4.219		16.165		12.993374		31.200
6.470		2.6025		0.0000		874.355		4.223		16.175		13.012650		31.240
6.478		2.6057		0.0000		874.352		4.226		16.195		13.028486		31.280
6.484		2.6089		0.0000		874.349		4.229		16.210		13.044321		31.320
6.482		2.6120		0.0000		874.346		4.233		16.205		13.060158		31.360
6.480		2.6152		0.0000		874.343		4.236		16.200		13.075993		31.400
6.478		2.6185		0.0000		874.339		4.239		16.195		13.092518		31.440
6.476		2.6217		0.0000		874.336		4.242		16.190		13.108351		31.480
6.474		2.6248		0.0000		874.333		4.245		16.185		13.124187		31.520
6.472		2.6281		0.0000		874.330		4.249		16.180		13.140712		31.560
6.472		2.6319		0.0000		874.326		4.252		16.180		13.159302		31.600
6.472		2.6357		0.0000		874.322		4.256		16.180		13.178579		31.640
6.478		2.6392		0.0000		874.319		4.260		16.195		13.195791		31.680
6.484		2.6423		0.0000		874.316		4.263		16.210		13.211627		31.720
6.484		2.6455		0.0000		874.312		4.266		16.210		13.227463		31.760
6.482		2.6487		0.0000		874.309		4.269		16.205		13.243299		31.800
6.478		2.6518		0.0000		874.306		4.272		16.195		13.259134		31.840
6.476		2.6550		0.0000		874.303		4.276		16.190		13.274970		31.880
6.474		2.6582		0.0000		874.300		4.279		16.185		13.290806		31.920
6.472		2.6613		0.0000		874.297		4.282		16.180		13.306639		31.960
6.470		2.6650		0.0000		874.293		4.286		16.175		13.325229		32.000
6.470		2.6690		0.0000		874.289		4.290		16.175		13.345196		32.040
6.474		2.6726		0.0000		874.285		4.293		16.185		13.363096		32.080
6.482		2.6758		0.0000		874.282		4.296		16.205		13.378933		32.120
6.484		2.6788		0.0000		874.279		4.299		16.210		13.394079		32.160
6.482		2.6820		0.0000		874.276		4.303		16.205		13.409915		32.200
6.478		2.6853		0.0000		874.273		4.306		16.195		13.426439		32.240
6.476		2.6885		0.0000		874.269		4.309		16.190		13.442276		32.280
6.474		2.6916		0.0000		874.266		4.312		16.185		13.458111		32.320
6.472		2.6948		0.0000		874.263		4.315		16.180		13.473945		32.360
6.470		2.6982		0.0000		874.260		4.319		16.175		13.491158		32.400
6.470		2.7021		0.0000		874.256		4.323		16.175		13.510437		32.440
6.472		2.7059		0.0000		874.252		4.327		16.180		13.529713		32.480
6.480		2.7091		0.0000		874.249		4.330		16.200		13.545549		32.520
6.484		2.7123		0.0000		874.246		4.333		16.210		13.561384		32.560
6.484		2.7154		0.0000		874.242		4.336		16.210		13.577221		32.600
6.480		2.7186		0.0000		874.239		4.339		16.200		13.593056		32.640
6.476		2.7218		0.0000		874.236		4.342		16.190		13.608892		32.680
6.472		2.7249		0.0000		874.233		4.346		16.180		13.624727		32.720
6.470		2.7281		0.0000		874.230		4.349		16.175		13.640564		32.760
6.466		2.7316		0.0000		874.226		4.352		16.165		13.657775		32.800
6.464		2.7353		0.0000		874.223		4.356		16.160		13.676365		32.840
6.466		2.7393		0.0000		874.219		4.360		16.165		13.696332		32.880
6.472		2.7426		0.0000		874.215		4.363		16.180		13.712854		32.920
6.478		2.7457		0.0000		874.212		4.366		16.195		13.728690		32.960
6.476		2.7489		0.0000		874.209		4.369		16.190		13.744526		33.000
6.472		2.7521		0.0000		874.206		4.373		16.180		13.760362		33.040
6.468		2.7552		0.0000		874.203		4.376		16.170		13.776197		33.080
6.466		2.7584		0.0000		874.199		4.379		16.165		13.792033		33.120
6.462		2.7616		0.0000		874.196		4.382		16.155		13.807869		33.160
6.458		2.7650		0.0000		874.193		4.386		16.145		13.825081		33.200
6.456		2.7685		0.0000		874.189		4.389		16.140		13.842295		33.240
6.454		2.7723		0.0000		874.186		4.393		16.135		13.861570		33.280
6.458		2.7760		0.0000		874.182		4.397		16.145		13.880159		33.320
6.462		2.7791		0.0000		874.179		4.400		16.155		13.895309		33.360
6.464		2.7822		0.0000		874.176		4.403		16.160		13.911142		33.400
6.460		2.7854		0.0000		874.172		4.406		16.150		13.926978		33.440
6.456		2.7887		0.0000		874.169		4.409		16.140		13.943502		33.480
6.452		2.7919		0.0000		874.166		4.412		16.130		13.959339		33.520
6.448		2.7949		0.0000		874.163		4.415		16.120		13.974485		33.560
6.444		2.7982		0.0000		874.160		4.419		16.110		13.991011		33.600
6.440		2.8016		0.0000		874.156		4.422		16.100		14.008222		33.640
6.438		2.8055		0.0000		874.152		4.426		16.095		14.027500		33.680
6.442		2.8094		0.0000		874.149		4.430		16.105		14.046779		33.720
6.448		2.8125		0.0000		874.145		4.433		16.120		14.062614		33.760
6.450		2.8157		0.0000		874.142		4.436		16.125		14.078447		33.800
6.446		2.8189		0.0000		874.139		4.439		16.115		14.094284		33.840
6.442		2.8220		0.0000		874.136		4.443		16.105		14.110119		33.880
6.438		2.8252		0.0000		874.133		4.446		16.095		14.125956		33.920
6.434		2.8284		0.0000		874.130		4.449		16.085		14.141790		33.960
6.430		2.8315		0.0000		874.126		4.452		16.075		14.157627		34.000
6.428		2.8350		0.0000		874.123		4.456		16.070		14.174838		34.040
6.424		2.8387		0.0000		874.119		4.459		16.060		14.193428		34.080
6.426		2.8427		0.0000		874.115		4.463		16.065		14.213395		34.120
6.430		2.8460		0.0000		874.112		4.467		16.075		14.229919		34.160
6.436		2.8492		0.0000		874.109		4.470		16.090		14.245753		34.200
6.434		2.8523		0.0000		874.106		4.473		16.085		14.261589		34.240
6.430		2.8555		0.0000		874.102		4.476		16.075		14.277425		34.280
6.426		2.8587		0.0000		874.099		4.479		16.065		14.293261		34.320
6.420		2.8618		0.0000		874.096		4.482		16.050		14.309096		34.360
6.416		2.8650		0.0000		874.093		4.486		16.040		14.324932		34.400
6.412		2.8682		0.0000		874.090		4.489		16.030		14.340768		34.440
6.408		2.8719		0.0000		874.086		4.492		16.020		14.359358		34.480
6.408		2.8759		0.0000		874.082		4.496		16.020		14.379322		34.520
6.412		2.8793		0.0000		874.079		4.500		16.030		14.396536		34.560
6.418		2.8826		0.0000		874.075		4.503		16.045		14.413059		34.600
6.418		2.8856		0.0000		874.072		4.506		16.045		14.428207		34.640
6.414		2.8888		0.0000		874.069		4.509		16.035		14.444041		34.680
6.410		2.8920		0.0000		874.066		4.513		16.025		14.459877		34.720
6.406		2.8953		0.0000		874.063		4.516		16.015		14.476402		34.760
6.402		2.8984		0.0000		874.059		4.519		16.005		14.492237		34.800
6.398		2.9016		0.0000		874.056		4.522		15.995		14.508074		34.840
6.394		2.9051		0.0000		874.053		4.526		15.985		14.525285		34.880
6.392		2.9091		0.0000		874.049		4.530		15.980		14.545252		34.920
6.394		2.9128		0.0000		874.045		4.533		15.985		14.563842		34.960
6.398		2.9159		0.0000		874.042		4.537		15.995		14.579678		35.000
6.400		2.9191		0.0000		874.039		4.540		16.000		14.595513		35.040
6.398		2.9223		0.0000		874.036		4.543		15.995		14.611347		35.080
6.392		2.9254		0.0000		874.032		4.546		15.980		14.627182		35.120
6.388		2.9286		0.0000		874.029		4.549		15.970		14.643019		35.160
6.384		2.9319		0.0000		874.026		4.552		15.960		14.659543		35.200
6.380		2.9349		0.0000		874.023		4.556		15.950		14.674690		35.240
6.376		2.9384		0.0000		874.020		4.559		15.940		14.691901		35.280
6.374		2.9422		0.0000		874.016		4.563		15.935		14.711180		35.320
6.374		2.9461		0.0000		874.012		4.567		15.935		14.730458		35.360
6.378		2.9494		0.0000		874.008		4.570		15.945		14.746983		35.400
6.382		2.9524		0.0000		874.005		4.573		15.955		14.762130		35.440
6.380		2.9556		0.0000		874.002		4.576		15.950		14.777966		35.480
6.374		2.9589		0.0000		873.999		4.579		15.935		14.794488		35.520
6.370		2.9621		0.0000		873.996		4.583		15.925		14.810324		35.560
6.368		2.9652		0.0000		873.993		4.586		15.920		14.826159		35.600
6.364		2.9684		0.0000		873.990		4.589		15.910		14.841995		35.640
6.360		2.9717		0.0000		873.986		4.592		15.900		14.858521		35.680
6.356		2.9753		0.0000		873.983		4.596		15.890		14.876421		35.720
6.356		2.9791		0.0000		873.979		4.600		15.890		14.895699		35.760
6.358		2.9827		0.0000		873.975		4.603		15.895		14.913599		35.800
6.362		2.9859		0.0000		873.972		4.606		15.905		14.929436		35.840
6.362		2.9891		0.0000		873.969		4.610		15.905		14.945271		35.880
6.358		2.9922		0.0000		873.966		4.613		15.895		14.961107		35.920
6.354		2.9955		0.0000		873.962		4.616		15.885		14.977629		35.960
6.348		2.9987		0.0000		873.959		4.619		15.870		14.993465		36.000
6.344		3.0019		0.0000		873.956		4.622		15.860		15.009300		36.040
6.340		3.0050		0.0000		873.953		4.626		15.850		15.025137		36.080
6.338		3.0086		0.0000		873.949		4.629		15.845		15.043037		36.120
6.336		3.0125		0.0000		873.945		4.633		15.840		15.062315		36.160
6.338		3.0162		0.0000		873.942		4.637		15.845		15.080905		36.200
6.342		3.0193		0.0000		873.939		4.640		15.855		15.096741		36.240
6.342		3.0224		0.0000		873.936		4.643		15.855		15.111887		36.280
6.338		3.0257		0.0000		873.932		4.646		15.845		15.128412		36.320
6.332		3.0290		0.0000		873.929		4.650		15.830		15.144935		36.360
6.328		3.0320		0.0000		873.926		4.653		15.820		15.160082		36.400
6.324		3.0352		0.0000		873.923		4.656		15.810		15.175917		36.440
6.318		3.0385		0.0000		873.919		4.659		15.795		15.192442		36.480
6.314		3.0419		0.0000		873.916		4.663		15.785		15.209654		36.520
6.310		3.0455		0.0000		873.912		4.666		15.775		15.227556		36.560
6.310		3.0494		0.0000		873.909		4.670		15.775		15.246832		36.600
6.312		3.0528		0.0000		873.905		4.673		15.780		15.264046		36.640
6.314		3.0560		0.0000		873.902		4.677		15.785		15.279882		36.680
6.312		3.0591		0.0000		873.899		4.680		15.780		15.295717		36.720
6.306		3.0623		0.0000		873.896		4.683		15.765		15.311554		36.760
6.300		3.0655		0.0000		873.892		4.686		15.750		15.327387		36.800
6.296		3.0686		0.0000		873.889		4.689		15.740		15.343223		36.840
6.292		3.0718		0.0000		873.886		4.692		15.730		15.359058		36.880
6.286		3.0750		0.0000		873.883		4.696		15.715		15.374894		36.920
6.282		3.0788		0.0000		873.879		4.699		15.705		15.394173		36.960
6.282		3.0828		0.0000		873.875		4.703		15.705		15.414138		37.000
6.284		3.0861		0.0000		873.872		4.707		15.710		15.430662		37.040
6.288		3.0893		0.0000		873.869		4.710		15.720		15.446499		37.080
6.286		3.0925		0.0000		873.865		4.713		15.715		15.462334		37.120
6.280		3.0956		0.0000		873.862		4.716		15.700		15.478170		37.160
6.276		3.0988		0.0000		873.859		4.719		15.690		15.494005		37.200
6.272		3.1020		0.0000		873.856		4.723		15.680		15.509842		37.240
6.268		3.1053		0.0000		873.853		4.726		15.670		15.526363		37.280
6.262		3.1086		0.0000		873.849		4.729		15.655		15.542889		37.320
6.258		3.1120		0.0000		873.846		4.733		15.645		15.560101		37.360
6.256		3.1159		0.0000		873.842		4.736		15.640		15.579378		37.400
6.258		3.1196		0.0000		873.838		4.740		15.645		15.597968		37.440
6.260		3.1228		0.0000		873.835		4.743		15.650		15.613804		37.480
6.260		3.1259		0.0000		873.832		4.747		15.650		15.629640		37.520
6.256		3.1291		0.0000		873.829		4.750		15.640		15.645475		37.560
6.250		3.1323		0.0000		873.826		4.753		15.625		15.661311		37.600
6.244		3.1354		0.0000		873.822		4.756		15.610		15.677147		37.640
6.240		3.1387		0.0000		873.819		4.759		15.600		15.693669		37.680
6.236		3.1418		0.0000		873.816		4.762		15.590		15.708817		37.720
6.232		3.1453		0.0000		873.813		4.766		15.580		15.726719		37.760
6.228		3.1491		0.0000		873.809		4.770		15.570		15.745308		37.800
6.230		3.1529		0.0000		873.805		4.774		15.575		15.764585		37.840
6.232		3.1562		0.0000		873.802		4.777		15.580		15.781109		37.880
6.234		3.1593		0.0000		873.799		4.780		15.585		15.796256		37.920
6.230		3.1626		0.0000		873.795		4.783		15.575		15.812780		37.960
6.224		3.1657		0.0000		873.792		4.786		15.560		15.828617		38.000
6.220		3.1689		0.0000		873.789		4.789		15.550		15.844452		38.040
6.214		3.1721		0.0000		873.786		4.793		15.535		15.860286		38.080
6.210		3.1754		0.0000		873.783		4.796		15.525		15.876810		38.120
6.206		3.1785		0.0000		873.779		4.799		15.515		15.892647		38.160
6.202		3.1822		0.0000		873.776		4.803		15.505		15.911236		38.200
6.200		3.1861		0.0000		873.772		4.807		15.500		15.930514		38.240
6.202		3.1895		0.0000		873.768		4.810		15.505		15.947725		38.280
6.204		3.1927		0.0000		873.765		4.813		15.510		15.963562		38.320
6.202		3.1959		0.0000		873.762		4.816		15.505		15.979397		38.360
6.198		3.1990		0.0000		873.759		4.820		15.495		15.995234		38.400
6.192		3.2024		0.0000		873.756		4.823		15.480		16.011757		38.440
6.186		3.2054		0.0000		873.753		4.826		15.465		16.026905		38.480
6.180		3.2087		0.0000		873.749		4.829		15.450		16.043427		38.521
6.176		3.2119		0.0000		873.746		4.832		15.440		16.059263		38.561
6.170		3.2154		0.0000		873.742		4.836		15.425		16.077164		38.601
6.168		3.2194		0.0000		873.738		4.840		15.420		16.097130		38.641
6.168		3.2230		0.0000		873.735		4.844		15.420		16.115032		38.681
6.172		3.2262		0.0000		873.732		4.847		15.430		16.130867		38.721
6.172		3.2293		0.0000		873.729		4.850		15.430		16.146702		38.761
6.166		3.2325		0.0000		873.725		4.853		15.415		16.162539		38.801
6.160		3.2357		0.0000		873.722		4.856		15.400		16.178375		38.841
