数据量:1430
试验力		变形		扩展变形		位置		位移		应力		应变		时间
0.010		0.0032		0.0000		876.930		1.594		0.025		0.015836		0.040
0.010		0.0065		0.0000		876.926		1.597		0.025		0.032360		0.080
0.012		0.0098		0.0000		876.923		1.601		0.030		0.048884		0.120
0.012		0.0129		0.0000		876.920		1.604		0.030		0.064719		0.160
0.014		0.0161		0.0000		876.917		1.607		0.035		0.080554		0.200
0.014		0.0194		0.0000		876.913		1.610		0.035		0.097079		0.240
0.016		0.0229		0.0000		876.910		1.614		0.040		0.114291		0.280
0.018		0.0266		0.0000		876.906		1.618		0.045		0.132881		0.320
0.020		0.0303		0.0000		876.903		1.621		0.050		0.151470		0.360
0.022		0.0335		0.0000		876.899		1.624		0.055		0.167305		0.400
0.024		0.0366		0.0000		876.896		1.628		0.060		0.183141		0.440
0.026		0.0398		0.0000		876.893		1.631		0.065		0.198976		0.480
0.030		0.0431		0.0000		876.890		1.634		0.075		0.215501		0.520
0.032		0.0463		0.0000		876.887		1.637		0.080		0.231336		0.560
0.034		0.0496		0.0000		876.883		1.641		0.085		0.247860		0.600
0.038		0.0529		0.0000		876.880		1.644		0.095		0.264384		0.640
0.042		0.0562		0.0000		876.877		1.647		0.105		0.280908		0.680
0.044		0.0598		0.0000		876.873		1.651		0.110		0.298809		0.720
0.048		0.0635		0.0000		876.869		1.654		0.120		0.317399		0.760
0.054		0.0668		0.0000		876.866		1.658		0.135		0.333923		0.800
0.058		0.0701		0.0000		876.863		1.661		0.145		0.350447		0.840
0.062		0.0731		0.0000		876.860		1.664		0.155		0.365593		0.880
0.068		0.0766		0.0000		876.856		1.668		0.170		0.382806		0.920
0.072		0.0797		0.0000		876.853		1.671		0.180		0.398642		0.960
0.078		0.0829		0.0000		876.850		1.674		0.195		0.414477		1.000
0.084		0.0862		0.0000		876.847		1.677		0.210		0.431001		1.040
0.090		0.0894		0.0000		876.844		1.680		0.225		0.446837		1.080
0.096		0.0931		0.0000		876.840		1.684		0.240		0.465426		1.120
0.104		0.0968		0.0000		876.836		1.688		0.260		0.484016		1.160
0.114		0.1002		0.0000		876.833		1.691		0.285		0.501228		1.200
0.122		0.1034		0.0000		876.829		1.694		0.305		0.517064		1.240
0.132		0.1066		0.0000		876.826		1.698		0.330		0.532899		1.280
0.140		0.1099		0.0000		876.823		1.701		0.350		0.549423		1.320
0.148		0.1131		0.0000		876.820		1.704		0.370		0.565259		1.360
0.158		0.1164		0.0000		876.817		1.707		0.395		0.581782		1.400
0.168		0.1195		0.0000		876.813		1.711		0.420		0.597618		1.440
0.178		0.1227		0.0000		876.810		1.714		0.445		0.613453		1.480
0.190		0.1263		0.0000		876.807		1.717		0.475		0.631354		1.520
0.200		0.1300		0.0000		876.803		1.721		0.500		0.649944		1.560
0.214		0.1336		0.0000		876.799		1.725		0.535		0.667845		1.600
0.226		0.1369		0.0000		876.796		1.728		0.565		0.684369		1.640
0.240		0.1400		0.0000		876.793		1.731		0.600		0.700205		1.680
0.252		0.1432		0.0000		876.790		1.734		0.630		0.716040		1.720
0.266		0.1465		0.0000		876.786		1.737		0.665		0.732564		1.760
0.278		0.1498		0.0000		876.783		1.741		0.695		0.749088		1.800
0.292		0.1530		0.0000		876.780		1.744		0.730		0.764924		1.840
0.304		0.1560		0.0000		876.777		1.747		0.760		0.780070		1.880
0.316		0.1596		0.0000		876.773		1.751		0.790		0.797971		1.920
0.330		0.1633		0.0000		876.770		1.754		0.825		0.816561		1.960
0.344		0.1669		0.0000		876.766		1.758		0.860		0.834462		2.000
0.356		0.1702		0.0000		876.763		1.761		0.890		0.850986		2.040
0.368		0.1734		0.0000		876.760		1.764		0.920		0.866821		2.080
0.382		0.1767		0.0000		876.756		1.768		0.955		0.883346		2.120
0.398		0.1798		0.0000		876.753		1.771		0.995		0.899181		2.160
0.416		0.1831		0.0000		876.750		1.774		1.040		0.915705		2.200
0.434		0.1863		0.0000		876.747		1.777		1.085		0.931541		2.240
0.452		0.1895		0.0000		876.743		1.780		1.130		0.947376		2.280
0.470		0.1929		0.0000		876.740		1.784		1.175		0.964589		2.320
0.488		0.1965		0.0000		876.736		1.787		1.220		0.982490		2.360
0.508		0.2001		0.0000		876.733		1.791		1.270		1.000391		2.400
0.530		0.2035		0.0000		876.729		1.795		1.325		1.017603		2.440
0.550		0.2068		0.0000		876.726		1.798		1.375		1.034127		2.480
0.570		0.2100		0.0000		876.723		1.801		1.425		1.049963		2.520
0.588		0.2133		0.0000		876.720		1.804		1.470		1.066487		2.560
0.608		0.2166		0.0000		876.716		1.808		1.520		1.083010		2.600
0.624		0.2198		0.0000		876.713		1.811		1.560		1.098846		2.640
0.640		0.2229		0.0000		876.710		1.814		1.600		1.114682		2.680
0.654		0.2262		0.0000		876.707		1.817		1.635		1.131206		2.720
0.670		0.2298		0.0000		876.703		1.821		1.675		1.149107		2.760
0.686		0.2334		0.0000		876.699		1.824		1.715		1.167008		2.800
0.706		0.2370		0.0000		876.696		1.828		1.765		1.184909		2.840
0.728		0.2403		0.0000		876.693		1.831		1.820		1.201433		2.880
0.750		0.2435		0.0000		876.689		1.834		1.875		1.217268		2.920
0.770		0.2466		0.0000		876.686		1.838		1.925		1.233104		2.960
0.788		0.2499		0.0000		876.683		1.841		1.970		1.249627		3.000
0.808		0.2531		0.0000		876.680		1.844		2.020		1.265463		3.040
0.828		0.2564		0.0000		876.676		1.847		2.070		1.281987		3.080
0.846		0.2596		0.0000		876.673		1.851		2.115		1.297823		3.120
0.866		0.2630		0.0000		876.670		1.854		2.165		1.315035		3.160
0.888		0.2666		0.0000		876.666		1.858		2.220		1.332936		3.200
0.910		0.2703		0.0000		876.663		1.861		2.275		1.351526		3.240
0.934		0.2736		0.0000		876.659		1.865		2.335		1.368049		3.280
0.958		0.2768		0.0000		876.656		1.868		2.395		1.383885		3.320
0.980		0.2801		0.0000		876.653		1.871		2.450		1.400409		3.360
1.002		0.2832		0.0000		876.650		1.874		2.505		1.416245		3.400
1.024		0.2866		0.0000		876.646		1.878		2.560		1.432769		3.440
1.046		0.2897		0.0000		876.643		1.881		2.615		1.448604		3.480
1.068		0.2929		0.0000		876.640		1.884		2.670		1.464440		3.520
1.092		0.2963		0.0000		876.637		1.887		2.730		1.481652		3.560
1.116		0.2999		0.0000		876.633		1.891		2.790		1.499553		3.600
1.142		0.3036		0.0000		876.629		1.895		2.855		1.518143		3.640
1.170		0.3071		0.0000		876.626		1.898		2.925		1.535355		3.680
1.198		0.3102		0.0000		876.623		1.901		2.995		1.551191		3.720
1.224		0.3134		0.0000		876.619		1.904		3.060		1.567026		3.760
1.250		0.3167		0.0000		876.616		1.908		3.125		1.583550		3.800
1.278		0.3199		0.0000		876.613		1.911		3.195		1.599386		3.840
1.304		0.3232		0.0000		876.610		1.914		3.260		1.615910		3.880
1.330		0.3263		0.0000		876.607		1.917		3.325		1.631745		3.920
1.358		0.3297		0.0000		876.603		1.921		3.395		1.648269		3.960
1.384		0.3331		0.0000		876.600		1.924		3.460		1.665482		4.000
1.414		0.3368		0.0000		876.596		1.928		3.535		1.684071		4.040
1.444		0.3404		0.0000		876.592		1.931		3.610		1.701972		4.080
1.476		0.3437		0.0000		876.589		1.935		3.690		1.718496		4.120
1.508		0.3469		0.0000		876.586		1.938		3.770		1.734332		4.160
1.536		0.3500		0.0000		876.583		1.941		3.840		1.750167		4.200
1.566		0.3533		0.0000		876.580		1.944		3.915		1.766691		4.240
1.594		0.3565		0.0000		876.576		1.947		3.985		1.782527		4.280
1.624		0.3597		0.0000		876.573		1.951		4.060		1.798362		4.320
1.654		0.3630		0.0000		876.570		1.954		4.135		1.814886		4.360
1.684		0.3663		0.0000		876.567		1.957		4.210		1.831410		4.400
1.714		0.3700		0.0000		876.563		1.961		4.285		1.849999		4.440
1.746		0.3739		0.0000		876.559		1.965		4.365		1.869278		4.480
1.782		0.3770		0.0000		876.556		1.968		4.455		1.885113		4.520
1.816		0.3802		0.0000		876.553		1.971		4.540		1.900949		4.560
1.846		0.3834		0.0000		876.549		1.974		4.615		1.916784		4.600
1.876		0.3867		0.0000		876.546		1.978		4.690		1.933308		4.640
1.906		0.3900		0.0000		876.543		1.981		4.765		1.949832		4.680
1.936		0.3931		0.0000		876.540		1.984		4.840		1.965668		4.720
1.968		0.3963		0.0000		876.537		1.987		4.920		1.981503		4.760
1.998		0.3996		0.0000		876.533		1.991		4.995		1.998027		4.800
2.028		0.4033		0.0000		876.530		1.994		5.070		2.016616		4.840
2.062		0.4070		0.0000		876.526		1.998		5.155		2.035206		4.880
2.096		0.4105		0.0000		876.522		2.001		5.240		2.052419		4.920
2.132		0.4137		0.0000		876.519		2.005		5.330		2.068254		4.960
2.164		0.4168		0.0000		876.516		2.008		5.410		2.084090		5.000
2.196		0.4201		0.0000		876.513		2.011		5.490		2.100613		5.040
2.226		0.4233		0.0000		876.510		2.014		5.565		2.116449		5.080
2.258		0.4265		0.0000		876.506		2.017		5.645		2.132285		5.120
2.288		0.4298		0.0000		876.503		2.021		5.720		2.148808		5.160
2.320		0.4329		0.0000		876.500		2.024		5.800		2.164644		5.200
2.350		0.4365		0.0000		876.496		2.027		5.875		2.182546		5.240
2.384		0.4402		0.0000		876.493		2.031		5.960		2.201135		5.280
2.418		0.4439		0.0000		876.489		2.035		6.045		2.219725		5.320
2.456		0.4471		0.0000		876.486		2.038		6.140		2.235559		5.360
2.490		0.4501		0.0000		876.483		2.041		6.225		2.250707		5.400
2.522		0.4534		0.0000		876.479		2.044		6.305		2.267231		5.440
2.552		0.4568		0.0000		876.476		2.048		6.380		2.283754		5.480
2.584		0.4599		0.0000		876.473		2.051		6.460		2.299590		5.520
2.616		0.4631		0.0000		876.470		2.054		6.540		2.315426		5.560
2.648		0.4664		0.0000		876.466		2.057		6.620		2.331949		5.600
2.680		0.4698		0.0000		876.463		2.061		6.700		2.349162		5.640
2.712		0.4736		0.0000		876.459		2.065		6.780		2.367752		5.680
2.748		0.4771		0.0000		876.456		2.068		6.870		2.385653		5.720
2.786		0.4804		0.0000		876.452		2.071		6.965		2.402177		5.760
2.822		0.4836		0.0000		876.449		2.075		7.055		2.418013		5.800
2.856		0.4869		0.0000		876.446		2.078		7.140		2.434536		5.840
2.888		0.4901		0.0000		876.443		2.081		7.220		2.450372		5.880
2.920		0.4934		0.0000		876.440		2.084		7.300		2.466896		5.920
2.952		0.4965		0.0000		876.436		2.088		7.380		2.482731		5.960
2.984		0.4997		0.0000		876.433		2.091		7.460		2.498567		6.000
3.016		0.5030		0.0000		876.430		2.094		7.540		2.515091		6.040
3.048		0.5067		0.0000		876.426		2.098		7.620		2.533680		6.080
3.084		0.5105		0.0000		876.422		2.101		7.710		2.552270		6.120
3.122		0.5139		0.0000		876.419		2.105		7.805		2.569482		6.160
3.158		0.5171		0.0000		876.416		2.108		7.895		2.585318		6.200
3.192		0.5202		0.0000		876.413		2.111		7.980		2.601153		6.240
3.224		0.5235		0.0000		876.409		2.115		8.060		2.617677		6.280
3.254		0.5267		0.0000		876.406		2.118		8.135		2.633513		6.320
3.286		0.5299		0.0000		876.403		2.121		8.215		2.649348		6.360
3.318		0.5330		0.0000		876.400		2.124		8.295		2.665184		6.400
3.350		0.5363		0.0000		876.397		2.127		8.375		2.681707		6.440
3.382		0.5399		0.0000		876.393		2.131		8.455		2.699609		6.480
3.416		0.5436		0.0000		876.389		2.135		8.540		2.718198		6.520
3.454		0.5472		0.0000		876.386		2.138		8.635		2.736099		6.560
3.492		0.5505		0.0000		876.382		2.142		8.730		2.752624		6.600
3.526		0.5537		0.0000		876.379		2.145		8.815		2.768458		6.640
3.558		0.5569		0.0000		876.376		2.148		8.895		2.784294		6.680
3.588		0.5602		0.0000		876.373		2.151		8.970		2.800819		6.720
3.620		0.5633		0.0000		876.370		2.154		9.050		2.816653		6.760
3.650		0.5665		0.0000		876.366		2.157		9.125		2.832489		6.800
3.682		0.5697		0.0000		876.363		2.161		9.205		2.848325		6.840
3.712		0.5732		0.0000		876.360		2.164		9.280		2.866225		6.880
3.744		0.5770		0.0000		876.356		2.168		9.360		2.884815		6.920
3.780		0.5807		0.0000		876.352		2.172		9.450		2.903404		6.960
3.816		0.5840		0.0000		876.349		2.175		9.540		2.919929		7.000
3.852		0.5870		0.0000		876.346		2.178		9.630		2.935076		7.040
3.884		0.5902		0.0000		876.343		2.181		9.710		2.950912		7.080
3.912		0.5935		0.0000		876.339		2.184		9.780		2.967435		7.120
3.942		0.5968		0.0000		876.336		2.188		9.855		2.983959		7.160
3.972		0.6000		0.0000		876.333		2.191		9.930		2.999794		7.200
4.004		0.6031		0.0000		876.330		2.194		10.010		3.015630		7.240
4.034		0.6064		0.0000		876.326		2.197		10.085		3.032154		7.280
4.064		0.6101		0.0000		876.323		2.201		10.160		3.050743		7.320
4.096		0.6139		0.0000		876.319		2.205		10.240		3.069333		7.360
4.132		0.6173		0.0000		876.316		2.208		10.330		3.086545		7.400
4.168		0.6205		0.0000		876.312		2.211		10.420		3.102381		7.440
4.200		0.6236		0.0000		876.309		2.215		10.500		3.118217		7.480
4.228		0.6269		0.0000		876.306		2.218		10.570		3.134741		7.520
4.258		0.6301		0.0000		876.303		2.221		10.645		3.150576		7.560
4.286		0.6333		0.0000		876.300		2.224		10.715		3.166412		7.600
4.314		0.6364		0.0000		876.296		2.227		10.785		3.182247		7.640
4.344		0.6398		0.0000		876.293		2.231		10.860		3.198771		7.680
4.372		0.6433		0.0000		876.290		2.234		10.930		3.216672		7.720
4.402		0.6472		0.0000		876.286		2.238		11.005		3.235950		7.760
4.436		0.6508		0.0000		876.282		2.242		11.090		3.253851		7.800
4.470		0.6539		0.0000		876.279		2.245		11.175		3.269687		7.840
4.502		0.6570		0.0000		876.276		2.248		11.255		3.284833		7.880
4.528		0.6603		0.0000		876.273		2.251		11.320		3.301358		7.920
4.554		0.6636		0.0000		876.269		2.255		11.385		3.317882		7.960
4.582		0.6667		0.0000		876.266		2.258		11.455		3.333718		8.000
4.610		0.6699		0.0000		876.263		2.261		11.525		3.349552		8.040
4.636		0.6731		0.0000		876.260		2.264		11.590		3.365388		8.080
4.662		0.6767		0.0000		876.256		2.268		11.655		3.383290		8.120
4.690		0.6804		0.0000		876.253		2.271		11.725		3.401879		8.160
4.720		0.6841		0.0000		876.249		2.275		11.800		3.420469		8.200
4.754		0.6873		0.0000		876.246		2.278		11.885		3.436303		8.240
4.782		0.6904		0.0000		876.242		2.281		11.955		3.452139		8.280
4.810		0.6937		0.0000		876.239		2.285		12.025		3.468664		8.320
4.834		0.6969		0.0000		876.236		2.288		12.085		3.484498		8.360
4.858		0.7001		0.0000		876.233		2.291		12.145		3.500334		8.400
4.884		0.7032		0.0000		876.230		2.294		12.210		3.516170		8.440
4.908		0.7065		0.0000		876.226		2.298		12.270		3.532693		8.480
4.932		0.7098		0.0000		876.223		2.301		12.330		3.549218		8.520
4.956		0.7136		0.0000		876.219		2.305		12.390		3.567808		8.560
4.984		0.7174		0.0000		876.215		2.308		12.460		3.587085		8.600
5.014		0.7207		0.0000		876.212		2.312		12.535		3.603609		8.640
5.044		0.7239		0.0000		876.209		2.315		12.610		3.619444		8.680
5.068		0.7271		0.0000		876.206		2.318		12.670		3.635280		8.720
5.090		0.7304		0.0000		876.203		2.321		12.725		3.651804		8.760
5.112		0.7335		0.0000		876.199		2.325		12.780		3.667639		8.800
5.134		0.7367		0.0000		876.196		2.328		12.835		3.683475		8.840
5.156		0.7399		0.0000		876.193		2.331		12.890		3.699311		8.880
5.176		0.7432		0.0000		876.190		2.334		12.940		3.715835		8.920
5.198		0.7467		0.0000		876.186		2.338		12.995		3.733736		8.960
5.222		0.7505		0.0000		876.182		2.341		13.055		3.752326		9.000
5.248		0.7540		0.0000		876.179		2.345		13.120		3.770226		9.040
5.276		0.7573		0.0000		876.176		2.348		13.190		3.786750		9.080
5.300		0.7605		0.0000		876.172		2.352		13.250		3.802586		9.120
5.320		0.7637		0.0000		876.169		2.355		13.300		3.818421		9.160
5.340		0.7669		0.0000		876.166		2.358		13.350		3.834257		9.200
5.360		0.7700		0.0000		876.163		2.361		13.400		3.850092		9.240
5.378		0.7733		0.0000		876.160		2.364		13.445		3.866616		9.280
5.396		0.7765		0.0000		876.156		2.367		13.490		3.882452		9.320
5.414		0.7799		0.0000		876.153		2.371		13.535		3.899664		9.360
5.434		0.7838		0.0000		876.149		2.375		13.585		3.918942		9.400
5.456		0.7875		0.0000		876.145		2.378		13.640		3.937532		9.440
5.482		0.7907		0.0000		876.142		2.382		13.705		3.953367		9.480
5.504		0.7938		0.0000		876.139		2.385		13.760		3.969203		9.520
5.522		0.7970		0.0000		876.136		2.388		13.805		3.985038		9.560
5.536		0.8003		0.0000		876.133		2.391		13.840		4.001563		9.600
5.552		0.8035		0.0000		876.129		2.394		13.880		4.017397		9.640
5.568		0.8066		0.0000		876.126		2.398		13.920		4.033233		9.680
5.584		0.8100		0.0000		876.123		2.401		13.960		4.049758		9.720
5.598		0.8133		0.0000		876.120		2.404		13.995		4.066281		9.760
5.614		0.8171		0.0000		876.116		2.408		14.035		4.085559		9.800
5.634		0.8208		0.0000		876.112		2.412		14.085		4.104148		9.840
5.654		0.8241		0.0000		876.109		2.415		14.135		4.120673		9.880
5.674		0.8273		0.0000		876.106		2.418		14.185		4.136509		9.920
5.690		0.8305		0.0000		876.102		2.421		14.225		4.152343		9.960
5.704		0.8338		0.0000		876.099		2.425		14.260		4.168868		10.000
5.718		0.8369		0.0000		876.096		2.428		14.295		4.184703		10.040
5.732		0.8401		0.0000		876.093		2.431		14.330		4.200539		10.080
5.744		0.8433		0.0000		876.090		2.434		14.360		4.216374		10.120
5.758		0.8464		0.0000		876.086		2.437		14.395		4.232210		10.160
5.772		0.8502		0.0000		876.083		2.441		14.430		4.250799		10.200
5.788		0.8540		0.0000		876.079		2.445		14.470		4.270077		10.240
5.806		0.8576		0.0000		876.075		2.449		14.515		4.287978		10.280
5.826		0.8606		0.0000		876.072		2.452		14.565		4.303125		10.320
5.840		0.8639		0.0000		876.069		2.455		14.600		4.319649		10.360
5.852		0.8671		0.0000		876.066		2.458		14.630		4.335485		10.400
5.862		0.8703		0.0000		876.063		2.461		14.655		4.351320		10.440
5.874		0.8734		0.0000		876.059		2.464		14.685		4.367156		10.480
5.884		0.8766		0.0000		876.056		2.468		14.710		4.382992		10.520
5.896		0.8799		0.0000		876.053		2.471		14.740		4.399515		10.560
5.906		0.8833		0.0000		876.050		2.474		14.765		4.416728		10.600
5.918		0.8872		0.0000		876.046		2.478		14.795		4.436006		10.640
5.934		0.8909		0.0000		876.042		2.482		14.835		4.454595		10.680
5.952		0.8941		0.0000		876.039		2.485		14.880		4.470430		10.720
5.966		0.8973		0.0000		876.036		2.488		14.915		4.486266		10.760
5.978		0.9006		0.0000		876.032		2.492		14.945		4.502790		10.800
5.986		0.9037		0.0000		876.029		2.495		14.965		4.518626		10.840
5.994		0.9069		0.0000		876.026		2.498		14.985		4.534461		10.880
6.004		0.9102		0.0000		876.023		2.501		15.010		4.550985		10.920
6.012		0.9132		0.0000		876.020		2.504		15.030		4.566132		10.960
6.020		0.9167		0.0000		876.016		2.508		15.050		4.583344		11.000
6.030		0.9204		0.0000		876.013		2.511		15.075		4.601934		11.040
6.042		0.9242		0.0000		876.009		2.515		15.105		4.621212		11.080
6.058		0.9275		0.0000		876.005		2.519		15.145		4.637736		11.120
6.074		0.9307		0.0000		876.002		2.522		15.185		4.653572		11.160
6.082		0.9339		0.0000		875.999		2.525		15.205		4.669408		11.200
6.090		0.9370		0.0000		875.996		2.528		15.225		4.685242		11.240
6.098		0.9404		0.0000		875.993		2.531		15.245		4.701767		11.280
6.104		0.9435		0.0000		875.989		2.535		15.260		4.717603		11.320
6.112		0.9468		0.0000		875.986		2.538		15.280		4.734126		11.360
6.118		0.9500		0.0000		875.983		2.541		15.295		4.749962		11.400
6.126		0.9536		0.0000		875.979		2.545		15.315		4.767862		11.440
6.134		0.9574		0.0000		875.975		2.548		15.335		4.787141		11.480
6.148		0.9610		0.0000		875.972		2.552		15.370		4.805041		11.520
6.162		0.9642		0.0000		875.969		2.555		15.405		4.820877		11.560
6.170		0.9673		0.0000		875.966		2.558		15.425		4.836713		11.600
6.176		0.9705		0.0000		875.962		2.561		15.440		4.852548		11.640
6.182		0.9737		0.0000		875.959		2.565		15.455		4.868383		11.680
6.188		0.9768		0.0000		875.956		2.568		15.470		4.884219		11.720
6.192		0.9801		0.0000		875.953		2.571		15.480		4.900743		11.760
6.198		0.9833		0.0000		875.950		2.574		15.495		4.916578		11.800
6.204		0.9868		0.0000		875.946		2.578		15.510		4.933791		11.840
6.212		0.9906		0.0000		875.942		2.582		15.530		4.953070		11.880
6.222		0.9945		0.0000		875.938		2.585		15.555		4.972347		11.920
6.236		0.9976		0.0000		875.935		2.589		15.590		4.988183		11.960
6.246		1.0007		0.0000		875.932		2.592		15.615		5.003329		12.000
6.250		1.0038		0.0000		875.929		2.595		15.625		5.019165		12.040
6.254		1.0071		0.0000		875.926		2.598		15.635		5.035689		12.080
6.258		1.0103		0.0000		875.923		2.601		15.645		5.051525		12.120
6.262		1.0135		0.0000		875.919		2.604		15.655		5.067360		12.160
6.266		1.0168		0.0000		875.916		2.608		15.665		5.083884		12.200
6.272		1.0201		0.0000		875.913		2.611		15.680		5.100409		12.240
6.278		1.0238		0.0000		875.909		2.615		15.695		5.118999		12.280
6.286		1.0277		0.0000		875.905		2.619		15.715		5.138276		12.320
6.298		1.0310		0.0000		875.902		2.622		15.745		5.154799		12.360
6.308		1.0341		0.0000		875.899		2.625		15.770		5.170635		12.400
6.314		1.0374		0.0000		875.895		2.628		15.785		5.187160		12.440
6.318		1.0405		0.0000		875.892		2.631		15.795		5.202307		12.480
6.320		1.0438		0.0000		875.889		2.635		15.800		5.218830		12.520
6.324		1.0469		0.0000		875.886		2.638		15.810		5.234666		12.560
6.328		1.0501		0.0000		875.883		2.641		15.820		5.250502		12.600
6.330		1.0534		0.0000		875.879		2.644		15.825		5.267025		12.640
6.336		1.0571		0.0000		875.876		2.648		15.840		5.285615		12.680
6.342		1.0608		0.0000		875.872		2.652		15.855		5.304204		12.720
6.354		1.0644		0.0000		875.868		2.655		15.885		5.322104		12.760
6.364		1.0676		0.0000		875.865		2.659		15.910		5.337940		12.800
6.370		1.0708		0.0000		875.862		2.662		15.925		5.353776		12.840
6.374		1.0739		0.0000		875.859		2.665		15.935		5.369612		12.880
6.376		1.0771		0.0000		875.856		2.668		15.940		5.385448		12.920
6.378		1.0803		0.0000		875.853		2.671		15.945		5.401282		12.960
6.382		1.0834		0.0000		875.849		2.674		15.955		5.417118		13.000
6.384		1.0867		0.0000		875.846		2.678		15.960		5.433641		13.040
6.388		1.0902		0.0000		875.843		2.681		15.970		5.450854		13.080
6.392		1.0940		0.0000		875.839		2.685		15.980		5.470133		13.120
6.400		1.0979		0.0000		875.835		2.689		16.000		5.489410		13.160
6.410		1.1010		0.0000		875.832		2.692		16.025		5.505246		13.200
6.416		1.1042		0.0000		875.829		2.695		16.040		5.521082		13.240
6.420		1.1074		0.0000		875.826		2.698		16.050		5.536918		13.280
6.422		1.1106		0.0000		875.822		2.702		16.055		5.552753		13.320
6.424		1.1137		0.0000		875.819		2.705		16.060		5.568588		13.360
6.426		1.1169		0.0000		875.816		2.708		16.065		5.584424		13.400
6.428		1.1202		0.0000		875.813		2.711		16.070		5.600947		13.440
6.430		1.1235		0.0000		875.809		2.714		16.075		5.617472		13.480
6.434		1.1273		0.0000		875.806		2.718		16.085		5.636749		13.520
6.442		1.1312		0.0000		875.802		2.722		16.105		5.656028		13.560
6.454		1.1344		0.0000		875.799		2.725		16.135		5.671864		13.600
6.462		1.1375		0.0000		875.795		2.729		16.155		5.687698		13.640
6.464		1.1407		0.0000		875.792		2.732		16.160		5.703534		13.680
6.466		1.1439		0.0000		875.789		2.735		16.165		5.719370		13.720
6.468		1.1472		0.0000		875.786		2.738		16.170		5.735893		13.760
6.470		1.1503		0.0000		875.783		2.741		16.175		5.751729		13.800
6.472		1.1535		0.0000		875.779		2.744		16.180		5.767565		13.840
6.474		1.1567		0.0000		875.776		2.748		16.185		5.783401		13.880
6.478		1.1604		0.0000		875.772		2.751		16.195		5.801990		13.920
6.484		1.1643		0.0000		875.769		2.755		16.210		5.821267		13.960
6.492		1.1678		0.0000		875.765		2.759		16.230		5.839169		14.000
6.502		1.1710		0.0000		875.762		2.762		16.255		5.855005		14.040
6.508		1.1742		0.0000		875.759		2.765		16.270		5.870839		14.080
6.510		1.1773		0.0000		875.756		2.768		16.275		5.886675		14.120
6.512		1.1805		0.0000		875.752		2.771		16.280		5.902511		14.160
6.514		1.1838		0.0000		875.749		2.775		16.285		5.919034		14.200
6.516		1.1870		0.0000		875.746		2.778		16.290		5.934870		14.240
6.518		1.1900		0.0000		875.743		2.781		16.295		5.950017		14.280
6.520		1.1936		0.0000		875.739		2.785		16.300		5.967918		14.320
6.526		1.1976		0.0000		875.735		2.789		16.315		5.987885		14.360
6.534		1.2013		0.0000		875.732		2.792		16.335		6.006474		14.400
6.546		1.2043		0.0000		875.729		2.795		16.365		6.021621		14.440
6.552		1.2075		0.0000		875.725		2.798		16.380		6.037457		14.480
6.554		1.2108		0.0000		875.722		2.802		16.385		6.053981		14.520
6.554		1.2140		0.0000		875.719		2.805		16.385		6.069817		14.560
6.556		1.2171		0.0000		875.716		2.808		16.390		6.085652		14.600
6.558		1.2203		0.0000		875.713		2.811		16.395		6.101487		14.640
6.560		1.2236		0.0000		875.709		2.815		16.400		6.118011		14.680
6.562		1.2269		0.0000		875.706		2.818		16.405		6.134535		14.720
6.564		1.2308		0.0000		875.702		2.822		16.410		6.153813		14.760
6.572		1.2346		0.0000		875.698		2.826		16.430		6.173091		14.800
6.582		1.2378		0.0000		875.695		2.829		16.455		6.188927		14.840
6.590		1.2410		0.0000		875.692		2.832		16.475		6.204762		14.880
6.594		1.2441		0.0000		875.689		2.835		16.485		6.220598		14.920
6.594		1.2474		0.0000		875.685		2.838		16.485		6.237122		14.960
6.596		1.2506		0.0000		875.682		2.842		16.490		6.252957		15.000
6.596		1.2538		0.0000		875.679		2.845		16.490		6.268792		15.040
6.598		1.2568		0.0000		875.676		2.848		16.495		6.283940		15.080
6.600		1.2602		0.0000		875.673		2.851		16.500		6.301153		15.120
6.602		1.2639		0.0000		875.669		2.855		16.505		6.319742		15.160
6.608		1.2679		0.0000		875.665		2.859		16.520		6.339708		15.200
6.618		1.2712		0.0000		875.662		2.862		16.545		6.356232		15.240
6.628		1.2743		0.0000		875.659		2.865		16.570		6.371379		15.280
6.632		1.2776		0.0000		875.655		2.869		16.580		6.387904		15.320
6.632		1.2807		0.0000		875.652		2.872		16.580		6.403738		15.360
6.634		1.2841		0.0000		875.649		2.875		16.585		6.420263		15.400
6.636		1.2872		0.0000		875.646		2.878		16.590		6.436098		15.440
6.636		1.2902		0.0000		875.643		2.881		16.590		6.451245		15.480
6.638		1.2936		0.0000		875.639		2.885		16.595		6.467769		15.520
6.640		1.2971		0.0000		875.636		2.888		16.600		6.485670		15.560
6.644		1.3010		0.0000		875.632		2.892		16.610		6.504948		15.600
6.652		1.3047		0.0000		875.628		2.896		16.630		6.523538		15.640
6.660		1.3079		0.0000		875.625		2.899		16.650		6.539373		15.680
6.666		1.3110		0.0000		875.622		2.902		16.665		6.555209		15.720
6.668		1.3141		0.0000		875.619		2.905		16.670		6.570356		15.760
6.668		1.3172		0.0000		875.616		2.908		16.670		6.586192		15.800
6.668		1.3205		0.0000		875.612		2.912		16.670		6.602715		15.840
6.670		1.3237		0.0000		875.609		2.915		16.675		6.618551		15.880
6.670		1.3269		0.0000		875.606		2.918		16.675		6.634387		15.920
6.672		1.3303		0.0000		875.603		2.921		16.680		6.651598		15.960
6.674		1.3342		0.0000		875.599		2.925		16.685		6.670877		16.000
6.682		1.3380		0.0000		875.595		2.929		16.705		6.690155		16.040
6.692		1.3412		0.0000		875.592		2.932		16.730		6.705990		16.080
6.700		1.3444		0.0000		875.589		2.935		16.750		6.721826		16.120
6.700		1.3475		0.0000		875.585		2.939		16.750		6.737661		16.160
6.700		1.3508		0.0000		875.582		2.942		16.750		6.754185		16.200
6.702		1.3540		0.0000		875.579		2.945		16.755		6.770020		16.240
6.702		1.3570		0.0000		875.576		2.948		16.755		6.785168		16.280
6.704		1.3603		0.0000		875.573		2.951		16.760		6.801692		16.320
6.704		1.3636		0.0000		875.569		2.955		16.760		6.818216		16.360
6.706		1.3674		0.0000		875.565		2.958		16.765		6.836805		16.400
6.712		1.3712		0.0000		875.562		2.962		16.780		6.856083		16.440
6.722		1.3747		0.0000		875.558		2.966		16.805		6.873295		16.480
6.730		1.3778		0.0000		875.555		2.969		16.825		6.889131		16.520
6.734		1.3810		0.0000		875.552		2.972		16.835		6.904967		16.560
6.734		1.3842		0.0000		875.549		2.975		16.835		6.920803		16.600
6.734		1.3873		0.0000		875.546		2.978		16.835		6.936637		16.640
6.734		1.3905		0.0000		875.542		2.981		16.835		6.952473		16.680
6.736		1.3937		0.0000		875.539		2.985		16.840		6.968308		16.720
6.736		1.3970		0.0000		875.536		2.988		16.840		6.984832		16.760
6.738		1.4005		0.0000		875.532		2.992		16.845		7.002734		16.800
6.740		1.4045		0.0000		875.528		2.996		16.850		7.022700		16.840
6.750		1.4080		0.0000		875.525		2.999		16.875		7.039913		16.880
6.758		1.4111		0.0000		875.522		3.002		16.895		7.055749		16.920
6.764		1.4143		0.0000		875.519		3.005		16.910		7.071583		16.960
6.764		1.4176		0.0000		875.515		3.009		16.910		7.088108		17.000
6.766		1.4208		0.0000		875.512		3.012		16.915		7.103943		17.040
6.766		1.4238		0.0000		875.509		3.015		16.915		7.119091		17.080
6.768		1.4271		0.0000		875.506		3.018		16.920		7.135614		17.120
6.770		1.4303		0.0000		875.503		3.021		16.925		7.151450		17.160
6.770		1.4337		0.0000		875.499		3.025		16.925		7.168663		17.200
6.774		1.4376		0.0000		875.495		3.029		16.935		7.187940		17.240
6.780		1.4414		0.0000		875.491		3.032		16.950		7.207218		17.280
6.790		1.4446		0.0000		875.488		3.036		16.975		7.223054		17.320
6.796		1.4478		0.0000		875.485		3.039		16.990		7.238889		17.360
6.798		1.4509		0.0000		875.482		3.042		16.995		7.254725		17.400
6.798		1.4541		0.0000		875.479		3.045		16.995		7.270560		17.440
6.800		1.4573		0.0000		875.476		3.048		17.000		7.286396		17.480
6.800		1.4606		0.0000		875.472		3.052		17.000		7.302919		17.520
6.802		1.4638		0.0000		875.469		3.055		17.005		7.318755		17.560
6.804		1.4671		0.0000		875.466		3.058		17.010		7.335279		17.600
6.806		1.4708		0.0000		875.462		3.062		17.015		7.353868		17.640
6.812		1.4748		0.0000		875.458		3.066		17.030		7.373835		17.680
6.822		1.4781		0.0000		875.455		3.069		17.055		7.390360		17.720
6.830		1.4812		0.0000		875.452		3.072		17.075		7.406194		17.760
6.834		1.4844		0.0000		875.448		3.075		17.085		7.422030		17.800
6.834		1.4876		0.0000		875.445		3.079		17.085		7.437866		17.840
6.834		1.4907		0.0000		875.442		3.082		17.085		7.453701		17.880
6.836		1.4939		0.0000		875.439		3.085		17.090		7.469537		17.920
6.836		1.4971		0.0000		875.436		3.088		17.090		7.485372		17.960
6.836		1.5004		0.0000		875.432		3.091		17.090		7.501897		18.000
6.838		1.5040		0.0000		875.429		3.095		17.095		7.519797		18.040
6.842		1.5078		0.0000		875.425		3.099		17.105		7.539076		18.080
6.850		1.5114		0.0000		875.422		3.102		17.125		7.556976		18.120
6.860		1.5147		0.0000		875.418		3.106		17.150		7.573500		18.160
6.866		1.5177		0.0000		875.415		3.109		17.165		7.588648		18.200
6.866		1.5209		0.0000		875.412		3.112		17.165		7.604482		18.240
6.866		1.5242		0.0000		875.409		3.115		17.165		7.621007		18.280
6.868		1.5274		0.0000		875.406		3.118		17.170		7.636843		18.320
6.868		1.5305		0.0000		875.402		3.122		17.170		7.652678		18.360
6.868		1.5337		0.0000		875.399		3.125		17.170		7.668513		18.400
6.870		1.5371		0.0000		875.396		3.128		17.175		7.685726		18.440
6.872		1.5410		0.0000		875.392		3.132		17.180		7.705004		18.480
6.880		1.5449		0.0000		875.388		3.136		17.200		7.724281		18.520
6.888		1.5480		0.0000		875.385		3.139		17.220		7.740117		18.560
6.896		1.5512		0.0000		875.382		3.142		17.240		7.755953		18.600
6.896		1.5544		0.0000		875.379		3.145		17.240		7.771788		18.640
6.896		1.5575		0.0000		875.375		3.149		17.240		7.787623		18.680
6.898		1.5608		0.0000		875.372		3.152		17.245		7.804148		18.720
6.898		1.5639		0.0000		875.369		3.155		17.245		7.819295		18.760
6.900		1.5672		0.0000		875.366		3.158		17.250		7.835818		18.800
6.900		1.5705		0.0000		875.362		3.161		17.250		7.852342		18.840
6.902		1.5742		0.0000		875.359		3.165		17.255		7.870932		18.880
6.908		1.5780		0.0000		875.355		3.169		17.270		7.890210		18.920
6.916		1.5815		0.0000		875.351		3.172		17.290		7.907423		18.960
6.924		1.5847		0.0000		875.348		3.176		17.310		7.923259		19.000
6.928		1.5878		0.0000		875.345		3.179		17.320		7.939095		19.040
6.928		1.5908		0.0000		875.342		3.182		17.320		7.954241		19.080
6.928		1.5942		0.0000		875.339		3.185		17.320		7.970765		19.120
6.928		1.5973		0.0000		875.336		3.188		17.320		7.986600		19.160
6.928		1.6005		0.0000		875.332		3.191		17.320		8.002436		19.200
6.928		1.6038		0.0000		875.329		3.195		17.320		8.018960		19.240
6.930		1.6074		0.0000		875.326		3.198		17.325		8.036860		19.280
6.934		1.6114		0.0000		875.322		3.202		17.335		8.056828		19.320
6.942		1.6149		0.0000		875.318		3.206		17.355		8.074728		19.360
6.950		1.6180		0.0000		875.315		3.209		17.375		8.089875		19.400
6.954		1.6211		0.0000		875.312		3.212		17.385		8.105711		19.440
6.954		1.6243		0.0000		875.309		3.215		17.385		8.121547		19.480
6.952		1.6276		0.0000		875.305		3.219		17.380		8.138070		19.520
6.952		1.6308		0.0000		875.302		3.222		17.380		8.153906		19.560
6.952		1.6339		0.0000		875.299		3.225		17.380		8.169742		19.600
6.954		1.6371		0.0000		875.296		3.228		17.385		8.185576		19.640
6.954		1.6407		0.0000		875.292		3.232		17.385		8.203478		19.680
6.956		1.6444		0.0000		875.288		3.235		17.390		8.222067		19.720
6.962		1.6483		0.0000		875.285		3.239		17.405		8.241344		19.760
6.972		1.6514		0.0000		875.281		3.242		17.430		8.257180		19.800
6.976		1.6546		0.0000		875.278		3.246		17.440		8.273016		19.840
6.978		1.6578		0.0000		875.275		3.249		17.445		8.288852		19.880
6.978		1.6609		0.0000		875.272		3.252		17.445		8.304688		19.920
6.978		1.6641		0.0000		875.269		3.255		17.445		8.320522		19.960
6.978		1.6673		0.0000		875.266		3.258		17.445		8.336358		20.000
6.978		1.6706		0.0000		875.262		3.262		17.445		8.352881		20.040
6.978		1.6737		0.0000		875.259		3.265		17.445		8.368717		20.080
6.978		1.6777		0.0000		875.255		3.269		17.445		8.388683		20.120
6.982		1.6816		0.0000		875.251		3.273		17.455		8.407963		20.160
6.992		1.6849		0.0000		875.248		3.276		17.480		8.424486		20.200
6.998		1.6879		0.0000		875.245		3.279		17.495		8.439632		20.240
7.000		1.6911		0.0000		875.242		3.282		17.500		8.455468		20.280
7.000		1.6944		0.0000		875.238		3.285		17.500		8.471993		20.320
7.000		1.6976		0.0000		875.235		3.289		17.500		8.487827		20.360
7.002		1.7007		0.0000		875.232		3.292		17.505		8.503664		20.400
7.002		1.7039		0.0000		875.229		3.295		17.505		8.519499		20.440
7.002		1.7071		0.0000		875.226		3.298		17.505		8.535336		20.480
7.004		1.7108		0.0000		875.222		3.302		17.510		8.553925		20.520
7.008		1.7148		0.0000		875.218		3.306		17.520		8.573891		20.560
7.016		1.7182		0.0000		875.215		3.309		17.540		8.591104		20.600
7.024		1.7214		0.0000		875.211		3.312		17.560		8.606938		20.640
7.028		1.7246		0.0000		875.208		3.316		17.570		8.622774		20.680
7.030		1.7277		0.0000		875.205		3.319		17.575		8.638610		20.720
7.028		1.7310		0.0000		875.202		3.322		17.570		8.655133		20.760
7.028		1.7342		0.0000		875.199		3.325		17.570		8.670969		20.800
7.030		1.7374		0.0000		875.195		3.328		17.575		8.686805		20.840
7.030		1.7404		0.0000		875.193		3.331		17.575		8.701952		20.880
7.030		1.7441		0.0000		875.189		3.335		17.575		8.720541		20.920
7.034		1.7480		0.0000		875.185		3.339		17.585		8.739820		20.960
7.040		1.7517		0.0000		875.181		3.343		17.600		8.758410		21.000
7.050		1.7548		0.0000		875.178		3.346		17.625		8.774244		21.040
7.056		1.7579		0.0000		875.175		3.349		17.640		8.789392		21.080
7.056		1.7612		0.0000		875.172		3.352		17.640		8.805915		21.120
7.054		1.7644		0.0000		875.169		3.355		17.635		8.821751		21.160
7.054		1.7675		0.0000		875.165		3.359		17.635		8.837586		21.200
7.056		1.7707		0.0000		875.162		3.362		17.640		8.853421		21.240
7.056		1.7740		0.0000		875.159		3.365		17.640		8.869946		21.280
7.056		1.7773		0.0000		875.156		3.368		17.640		8.886470		21.320
7.058		1.7811		0.0000		875.152		3.372		17.645		8.905748		21.360
7.064		1.7849		0.0000		875.148		3.376		17.660		8.924337		21.400
7.074		1.7882		0.0000		875.145		3.379		17.685		8.940861		21.440
7.080		1.7915		0.0000		875.141		3.382		17.700		8.957385		21.480
7.082		1.7946		0.0000		875.138		3.386		17.705		8.973221		21.520
7.082		1.7978		0.0000		875.135		3.389		17.705		8.989057		21.560
7.080		1.8010		0.0000		875.132		3.392		17.700		9.004892		21.600
7.082		1.8041		0.0000		875.129		3.395		17.705		9.020727		21.640
7.082		1.8073		0.0000		875.126		3.398		17.705		9.036562		21.680
7.080		1.8105		0.0000		875.122		3.401		17.700		9.052399		21.720
7.082		1.8143		0.0000		875.119		3.405		17.705		9.071676		21.760
7.086		1.8182		0.0000		875.115		3.409		17.715		9.090954		21.800
7.094		1.8216		0.0000		875.111		3.413		17.735		9.108167		21.840
7.102		1.8248		0.0000		875.108		3.416		17.755		9.124002		21.880
7.106		1.8280		0.0000		875.105		3.419		17.765		9.139838		21.920
7.104		1.8311		0.0000		875.102		3.422		17.760		9.155673		21.960
7.104		1.8343		0.0000		875.099		3.425		17.760		9.171509		22.000
7.104		1.8376		0.0000		875.095		3.429		17.760		9.188032		22.040
7.102		1.8406		0.0000		875.092		3.432		17.755		9.203180		22.080
7.102		1.8439		0.0000		875.089		3.435		17.755		9.219704		22.120
7.102		1.8475		0.0000		875.085		3.439		17.755		9.237604		22.160
7.104		1.8514		0.0000		875.081		3.442		17.760		9.256883		22.200
7.110		1.8551		0.0000		875.078		3.446		17.775		9.275473		22.240
7.120		1.8583		0.0000		875.075		3.449		17.800		9.291307		22.280
7.126		1.8614		0.0000		875.071		3.452		17.815		9.307144		22.320
7.126		1.8646		0.0000		875.068		3.456		17.815		9.322978		22.360
7.126		1.8678		0.0000		875.065		3.459		17.815		9.338814		22.400
7.124		1.8709		0.0000		875.062		3.462		17.810		9.354650		22.440
7.124		1.8741		0.0000		875.059		3.465		17.810		9.370485		22.480
7.124		1.8773		0.0000		875.056		3.468		17.810		9.386321		22.520
7.122		1.8807		0.0000		875.052		3.472		17.805		9.403533		22.560
7.124		1.8846		0.0000		875.048		3.476		17.810		9.422812		22.600
7.130		1.8884		0.0000		875.044		3.479		17.825		9.442090		22.640
7.138		1.8917		0.0000		875.041		3.483		17.845		9.458613		22.680
7.144		1.8949		0.0000		875.038		3.486		17.860		9.474449		22.720
7.144		1.8979		0.0000		875.035		3.489		17.860		9.489595		22.760
7.142		1.9012		0.0000		875.032		3.492		17.855		9.506120		22.800
7.140		1.9044		0.0000		875.029		3.495		17.850		9.521955		22.840
7.140		1.9076		0.0000		875.025		3.499		17.850		9.537791		22.880
7.138		1.9107		0.0000		875.022		3.502		17.845		9.553627		22.920
7.138		1.9140		0.0000		875.019		3.505		17.845		9.570150		22.960
7.136		1.9176		0.0000		875.015		3.509		17.840		9.588051		23.000
7.140		1.9216		0.0000		875.011		3.513		17.850		9.608017		23.040
7.146		1.9250		0.0000		875.008		3.516		17.865		9.625230		23.080
7.154		1.9282		0.0000		875.005		3.519		17.885		9.641066		23.120
7.156		1.9314		0.0000		875.002		3.522		17.890		9.656901		23.160
7.154		1.9345		0.0000		874.998		3.526		17.885		9.672737		23.200
7.152		1.9379		0.0000		874.995		3.529		17.880		9.689260		23.240
7.150		1.9410		0.0000		874.992		3.532		17.875		9.705096		23.280
7.150		1.9440		0.0000		874.989		3.535		17.875		9.720243		23.320
7.148		1.9474		0.0000		874.986		3.538		17.870		9.736767		23.360
7.148		1.9509		0.0000		874.982		3.542		17.870		9.754668		23.400
7.148		1.9548		0.0000		874.978		3.546		17.870		9.773946		23.440
7.156		1.9585		0.0000		874.974		3.549		17.890		9.792536		23.480
7.164		1.9617		0.0000		874.971		3.553		17.910		9.808371		23.520
7.168		1.9648		0.0000		874.968		3.556		17.920		9.824207		23.560
7.166		1.9680		0.0000		874.965		3.559		17.915		9.840042		23.600
7.164		1.9712		0.0000		874.962		3.562		17.910		9.855877		23.640
7.162		1.9743		0.0000		874.959		3.565		17.905		9.871713		23.680
7.160		1.9775		0.0000		874.955		3.568		17.900		9.887548		23.720
7.160		1.9807		0.0000		874.952		3.572		17.900		9.903384		23.760
7.158		1.9841		0.0000		874.949		3.575		17.895		9.920597		23.800
7.160		1.9880		0.0000		874.945		3.579		17.900		9.939875		23.840
7.164		1.9918		0.0000		874.941		3.583		17.910		9.959153		23.880
7.172		1.9951		0.0000		874.938		3.586		17.930		9.975677		23.920
7.178		1.9982		0.0000		874.935		3.589		17.945		9.990824		23.960
7.180		2.0013		0.0000		874.932		3.592		17.950		10.006659		24.000
7.178		2.0046		0.0000		874.928		3.596		17.945		10.023184		24.040
7.176		2.0078		0.0000		874.925		3.599		17.940		10.039019		24.080
7.176		2.0110		0.0000		874.922		3.602		17.940		10.054854		24.120
7.176		2.0141		0.0000		874.919		3.605		17.940		10.070690		24.160
7.176		2.0173		0.0000		874.916		3.608		17.940		10.086526		24.200
7.176		2.0212		0.0000		874.912		3.612		17.940		10.105803		24.240
7.180		2.0250		0.0000		874.908		3.616		17.950		10.125082		24.280
7.188		2.0285		0.0000		874.904		3.619		17.970		10.142294		24.320
7.196		2.0316		0.0000		874.901		3.623		17.990		10.158129		24.360
7.198		2.0348		0.0000		874.898		3.626		17.995		10.173965		24.400
7.196		2.0380		0.0000		874.895		3.629		17.990		10.189800		24.440
7.196		2.0411		0.0000		874.892		3.632		17.990		10.205636		24.480
7.194		2.0443		0.0000		874.889		3.635		17.985		10.221472		24.520
7.194		2.0475		0.0000		874.885		3.638		17.985		10.237307		24.560
7.194		2.0508		0.0000		874.882		3.642		17.985		10.253831		24.600
7.194		2.0542		0.0000		874.879		3.645		17.985		10.271044		24.640
7.196		2.0582		0.0000		874.875		3.649		17.990		10.291010		24.680
7.204		2.0619		0.0000		874.871		3.653		18.010		10.309600		24.720
7.212		2.0651		0.0000		874.868		3.656		18.030		10.325434		24.760
7.216		2.0683		0.0000		874.865		3.659		18.040		10.341270		24.800
7.216		2.0714		0.0000		874.861		3.662		18.040		10.357105		24.840
7.214		2.0747		0.0000		874.858		3.666		18.035		10.373630		24.880
7.212		2.0778		0.0000		874.855		3.669		18.030		10.388777		24.920
7.212		2.0809		0.0000		874.852		3.672		18.030		10.404612		24.960
7.210		2.0841		0.0000		874.849		3.675		18.025		10.420447		25.000
7.208		2.0875		0.0000		874.845		3.679		18.020		10.437660		25.040
7.210		2.0914		0.0000		874.841		3.682		18.025		10.456939		25.080
7.216		2.0952		0.0000		874.838		3.686		18.040		10.476216		25.120
7.226		2.0984		0.0000		874.834		3.689		18.065		10.492052		25.160
7.234		2.1016		0.0000		874.831		3.693		18.085		10.507888		25.200
7.234		2.1047		0.0000		874.828		3.696		18.085		10.523722		25.240
7.232		2.1079		0.0000		874.825		3.699		18.080		10.539558		25.280
7.230		2.1112		0.0000		874.822		3.702		18.075		10.556083		25.320
7.228		2.1142		0.0000		874.819		3.705		18.070		10.571230		25.360
7.226		2.1174		0.0000		874.815		3.708		18.065		10.587065		25.400
7.224		2.1209		0.0000		874.812		3.712		18.060		10.604277		25.440
7.224		2.1246		0.0000		874.808		3.716		18.060		10.622866		25.480
7.228		2.1284		0.0000		874.804		3.719		18.070		10.642145		25.520
7.236		2.1319		0.0000		874.801		3.723		18.090		10.659357		25.560
7.244		2.1350		0.0000		874.798		3.726		18.110		10.675193		25.600
7.248		2.1382		0.0000		874.795		3.729		18.120		10.691028		25.640
7.246		2.1414		0.0000		874.792		3.732		18.115		10.706863		25.680
7.244		2.1445		0.0000		874.788		3.736		18.110		10.722699		25.720
7.244		2.1477		0.0000		874.785		3.739		18.110		10.738535		25.760
7.244		2.1509		0.0000		874.782		3.742		18.110		10.754371		25.800
7.242		2.1540		0.0000		874.779		3.745		18.105		10.770205		25.840
7.242		2.1579		0.0000		874.775		3.749		18.105		10.789484		25.880
7.244		2.1616		0.0000		874.771		3.753		18.110		10.808073		25.920
7.252		2.1653		0.0000		874.768		3.756		18.130		10.826663		25.960
7.262		2.1685		0.0000		874.764		3.759		18.155		10.842499		26.000
7.266		2.1717		0.0000		874.761		3.763		18.165		10.858335		26.040
7.264		2.1747		0.0000		874.758		3.766		18.160		10.873481		26.080
7.262		2.1780		0.0000		874.755		3.769		18.155		10.890005		26.120
7.262		2.1812		0.0000		874.752		3.772		18.155		10.905840		26.160
7.260		2.1843		0.0000		874.749		3.775		18.150		10.921677		26.200
7.260		2.1875		0.0000		874.745		3.778		18.150		10.937510		26.240
7.258		2.1909		0.0000		874.742		3.782		18.145		10.954723		26.280
7.258		2.1948		0.0000		874.738		3.786		18.145		10.974002		26.320
7.264		2.1987		0.0000		874.734		3.790		18.160		10.993279		26.360
7.272		2.2020		0.0000		874.731		3.793		18.180		11.009804		26.400
7.278		2.2050		0.0000		874.728		3.796		18.195		11.024951		26.440
7.276		2.2083		0.0000		874.725		3.799		18.190		11.041474		26.480
7.274		2.2115		0.0000		874.721		3.802		18.185		11.057310		26.520
7.272		2.2146		0.0000		874.718		3.806		18.180		11.073146		26.560
7.270		2.2177		0.0000		874.715		3.809		18.175		11.088293		26.600
7.268		2.2208		0.0000		874.712		3.812		18.170		11.104128		26.640
7.268		2.2241		0.0000		874.709		3.815		18.170		11.120652		26.680
7.268		2.2280		0.0000		874.705		3.819		18.170		11.139931		26.720
7.270		2.2320		0.0000		874.701		3.823		18.175		11.159897		26.760
7.280		2.2353		0.0000		874.698		3.826		18.200		11.176420		26.800
7.288		2.2385		0.0000		874.694		3.829		18.220		11.192256		26.840
7.288		2.2416		0.0000		874.691		3.833		18.220		11.208092		26.880
7.286		2.2448		0.0000		874.688		3.836		18.215		11.223927		26.920
7.284		2.2480		0.0000		874.685		3.839		18.210		11.239762		26.960
7.282		2.2511		0.0000		874.682		3.842		18.205		11.255598		27.000
7.280		2.2543		0.0000		874.679		3.845		18.200		11.271434		27.040
7.278		2.2576		0.0000		874.675		3.849		18.195		11.287957		27.080
7.278		2.2612		0.0000		874.672		3.852		18.195		11.305859		27.120
7.280		2.2650		0.0000		874.668		3.856		18.200		11.325136		27.160
7.288		2.2687		0.0000		874.664		3.860		18.220		11.343726		27.200
7.296		2.2719		0.0000		874.661		3.863		18.240		11.359562		27.240
7.300		2.2749		0.0000		874.658		3.866		18.250		11.374708		27.280
7.300		2.2781		0.0000		874.655		3.869		18.250		11.390544		27.320
7.298		2.2814		0.0000		874.651		3.872		18.245		11.407068		27.360
7.296		2.2846		0.0000		874.648		3.876		18.240		11.422903		27.400
7.294		2.2876		0.0000		874.645		3.879		18.235		11.438050		27.440
7.294		2.2908		0.0000		874.642		3.882		18.235		11.453886		27.480
7.292		2.2944		0.0000		874.639		3.885		18.230		11.471787		27.520
7.294		2.2982		0.0000		874.635		3.889		18.235		11.491065		27.560
7.300		2.3022		0.0000		874.631		3.893		18.250		11.511031		27.600
7.310		2.3052		0.0000		874.628		3.896		18.275		11.526179		27.640
7.316		2.3084		0.0000		874.624		3.899		18.290		11.542014		27.680
7.316		2.3116		0.0000		874.621		3.903		18.290		11.557850		27.720
7.314		2.3147		0.0000		874.618		3.906		18.285		11.573686		27.760
7.312		2.3179		0.0000		874.615		3.909		18.280		11.589521		27.800
7.310		2.3211		0.0000		874.612		3.912		18.275		11.605356		27.840
7.310		2.3242		0.0000		874.609		3.915		18.275		11.621191		27.880
7.308		2.3275		0.0000		874.605		3.919		18.270		11.637716		27.920
7.308		2.3315		0.0000		874.601		3.923		18.270		11.657682		27.960
7.312		2.3354		0.0000		874.597		3.926		18.280		11.676960		28.000
7.322		2.3387		0.0000		874.594		3.930		18.305		11.693485		28.040
7.330		2.3419		0.0000		874.591		3.933		18.325		11.709319		28.080
7.330		2.3450		0.0000		874.588		3.936		18.325		11.725155		28.120
7.328		2.3482		0.0000		874.585		3.939		18.320		11.740991		28.160
7.326		2.3515		0.0000		874.581		3.942		18.315		11.757515		28.200
7.326		2.3545		0.0000		874.578		3.946		18.315		11.772661		28.240
7.326		2.3577		0.0000		874.575		3.949		18.315		11.788497		28.280
7.324		2.3609		0.0000		874.572		3.952		18.310		11.804333		28.320
7.324		2.3646		0.0000		874.568		3.956		18.310		11.822922		28.360
7.326		2.3686		0.0000		874.564		3.960		18.315		11.842889		28.400
7.334		2.3722		0.0000		874.561		3.963		18.335		11.860790		28.440
7.344		2.3753		0.0000		874.558		3.966		18.360		11.876625		28.480
7.348		2.3784		0.0000		874.555		3.969		18.370		11.891773		28.520
7.346		2.3815		0.0000		874.551		3.973		18.365		11.907607		28.560
7.344		2.3848		0.0000		874.548		3.976		18.360		11.924132		28.600
7.342		2.3880		0.0000		874.545		3.979		18.355		11.939966		28.640
7.342		2.3912		0.0000		874.542		3.982		18.355		11.955803		28.680
7.340		2.3943		0.0000		874.539		3.985		18.350		11.971638		28.720
7.340		2.3978		0.0000		874.535		3.989		18.350		11.988851		28.760
7.342		2.4016		0.0000		874.531		3.993		18.355		12.008128		28.800
7.348		2.4055		0.0000		874.527		3.996		18.370		12.027407		28.840
7.356		2.4086		0.0000		874.524		4.000		18.390		12.043242		28.880
7.362		2.4118		0.0000		874.521		4.003		18.405		12.059078		28.920
7.362		2.4151		0.0000		874.518		4.006		18.405		12.075601		28.960
7.360		2.4181		0.0000		874.515		4.009		18.400		12.090750		29.000
7.358		2.4213		0.0000		874.512		4.012		18.395		12.106583		29.040
7.356		2.4245		0.0000		874.508		4.015		18.390		12.122419		29.080
7.356		2.4277		0.0000		874.505		4.019		18.390		12.138254		29.120
7.354		2.4311		0.0000		874.502		4.022		18.385		12.155468		29.160
7.354		2.4348		0.0000		874.498		4.026		18.385		12.174058		29.200
7.358		2.4388		0.0000		874.494		4.030		18.395		12.194023		29.240
7.368		2.4421		0.0000		874.491		4.033		18.420		12.210548		29.280
7.376		2.4453		0.0000		874.488		4.036		18.440		12.226383		29.320
7.376		2.4484		0.0000		874.484		4.039		18.440		12.242220		29.360
7.374		2.4516		0.0000		874.481		4.043		18.435		12.258055		29.400
7.374		2.4549		0.0000		874.478		4.046		18.435		12.274578		29.440
7.374		2.4579		0.0000		874.475		4.049		18.435		12.289724		29.480
7.372		2.4611		0.0000		874.472		4.052		18.430		12.305560		29.520
7.372		2.4643		0.0000		874.469		4.055		18.430		12.321396		29.560
7.372		2.4680		0.0000		874.465		4.059		18.430		12.339985		29.600
7.376		2.4720		0.0000		874.461		4.063		18.440		12.359953		29.640
7.384		2.4756		0.0000		874.457		4.067		18.460		12.377853		29.680
7.392		2.4787		0.0000		874.454		4.070		18.480		12.393689		29.720
7.394		2.4818		0.0000		874.451		4.073		18.485		12.408836		29.760
7.392		2.4849		0.0000		874.448		4.076		18.480		12.424671		29.800
7.390		2.4882		0.0000		874.445		4.079		18.475		12.441195		29.840
7.390		2.4913		0.0000		874.442		4.082		18.475		12.456343		29.880
7.388		2.4944		0.0000		874.438		4.085		18.470		12.472177		29.920
7.386		2.4977		0.0000		874.435		4.089		18.465		12.488701		29.960
7.386		2.5012		0.0000		874.432		4.092		18.465		12.505915		30.000
7.386		2.5050		0.0000		874.428		4.096		18.465		12.525191		30.040
7.394		2.5089		0.0000		874.424		4.100		18.485		12.544470		30.080
7.404		2.5121		0.0000		874.421		4.103		18.510		12.560306		30.120
7.408		2.5152		0.0000		874.418		4.106		18.520		12.576141		30.160
7.408		2.5184		0.0000		874.414		4.109		18.520		12.591977		30.200
7.404		2.5216		0.0000		874.411		4.113		18.510		12.607813		30.240
7.404		2.5247		0.0000		874.408		4.116		18.510		12.623649		30.280
7.402		2.5279		0.0000		874.405		4.119		18.505		12.639484		30.320
7.400		2.5312		0.0000		874.402		4.122		18.500		12.656007		30.360
7.398		2.5345		0.0000		874.398		4.125		18.495		12.672531		30.400
7.398		2.5384		0.0000		874.395		4.129		18.495		12.691811		30.440
7.404		2.5422		0.0000		874.391		4.133		18.510		12.711086		30.480
7.412		2.5455		0.0000		874.387		4.137		18.530		12.727612		30.520
7.420		2.5487		0.0000		874.384		4.140		18.550		12.743446		30.560
7.420		2.5519		0.0000		874.381		4.143		18.550		12.759283		30.600
7.418		2.5550		0.0000		874.378		4.146		18.545		12.775118		30.640
7.416		2.5582		0.0000		874.375		4.149		18.540		12.790955		30.680
7.416		2.5614		0.0000		874.372		4.152		18.540		12.806789		30.720
7.414		2.5645		0.0000		874.368		4.156		18.535		12.822623		30.760
7.412		2.5677		0.0000		874.365		4.159		18.530		12.838459		30.800
7.412		2.5715		0.0000		874.361		4.163		18.530		12.857738		30.840
7.414		2.5754		0.0000		874.357		4.166		18.535		12.877016		30.880
7.422		2.5790		0.0000		874.354		4.170		18.555		12.894917		30.920
7.432		2.5822		0.0000		874.351		4.173		18.580		12.910752		30.960
7.436		2.5852		0.0000		874.348		4.176		18.590		12.925900		31.000
7.434		2.5883		0.0000		874.345		4.179		18.585		12.941734		31.040
7.432		2.5917		0.0000		874.341		4.183		18.580		12.958260		31.080
7.432		2.5948		0.0000		874.338		4.186		18.580		12.974095		31.120
7.430		2.5980		0.0000		874.335		4.189		18.575		12.989929		31.160
7.430		2.6010		0.0000		874.332		4.192		18.575		13.005077		31.200
7.428		2.6047		0.0000		874.328		4.196		18.570		13.023667		31.240
7.428		2.6086		0.0000		874.324		4.200		18.570		13.042944		31.280
7.434		2.6123		0.0000		874.321		4.203		18.585		13.061533		31.320
7.444		2.6155		0.0000		874.317		4.206		18.610		13.077369		31.360
7.448		2.6186		0.0000		874.314		4.210		18.620		13.093204		31.400
7.446		2.6218		0.0000		874.311		4.213		18.615		13.109040		31.440
7.444		2.6250		0.0000		874.308		4.216		18.610		13.124876		31.480
7.442		2.6281		0.0000		874.305		4.219		18.605		13.140712		31.520
7.442		2.6313		0.0000		874.302		4.222		18.605		13.156548		31.560
7.440		2.6345		0.0000		874.298		4.225		18.600		13.172383		31.600
7.438		2.6379		0.0000		874.295		4.229		18.595		13.189594		31.640
7.438		2.6416		0.0000		874.291		4.233		18.595		13.208184		31.680
7.444		2.6458		0.0000		874.287		4.237		18.610		13.228838		31.720
7.454		2.6489		0.0000		874.284		4.240		18.635		13.244675		31.760
7.460		2.6521		0.0000		874.281		4.243		18.650		13.260509		31.800
7.460		2.6551		0.0000		874.278		4.246		18.650		13.275657		31.840
7.458		2.6584		0.0000		874.274		4.249		18.645		13.292181		31.880
7.456		2.6616		0.0000		874.271		4.253		18.640		13.308018		31.920
7.454		2.6648		0.0000		874.268		4.256		18.635		13.323853		31.960
7.454		2.6679		0.0000		874.265		4.259		18.635		13.339689		32.000
7.452		2.6712		0.0000		874.262		4.262		18.630		13.356211		32.040
7.452		2.6748		0.0000		874.258		4.266		18.630		13.374111		32.080
7.456		2.6788		0.0000		874.254		4.270		18.640		13.394079		32.120
7.464		2.6824		0.0000		874.250		4.273		18.660		13.411980		32.160
7.472		2.6856		0.0000		874.247		4.277		18.680		13.427815		32.200
7.474		2.6886		0.0000		874.244		4.280		18.685		13.442963		32.240
7.472		2.6918		0.0000		874.241		4.283		18.680		13.458797		32.280
7.468		2.6949		0.0000		874.238		4.286		18.670		13.474634		32.320
7.466		2.6981		0.0000		874.235		4.289		18.665		13.490469		32.360
7.464		2.7014		0.0000		874.232		4.292		18.660		13.506994		32.400
7.462		2.7046		0.0000		874.228		4.296		18.655		13.522827		32.440
7.460		2.7081		0.0000		874.225		4.299		18.650		13.540730		32.480
7.462		2.7119		0.0000		874.221		4.303		18.655		13.559320		32.520
7.468		2.7157		0.0000		874.217		4.307		18.670		13.578596		32.560
7.478		2.7190		0.0000		874.214		4.310		18.695		13.595121		32.600
7.484		2.7221		0.0000		874.211		4.313		18.710		13.610268		32.640
7.482		2.7252		0.0000		874.208		4.316		18.705		13.626103		32.680
7.480		2.7285		0.0000		874.204		4.320		18.700		13.642628		32.720
7.478		2.7317		0.0000		874.201		4.323		18.695		13.658464		32.760
7.476		2.7347		0.0000		874.198		4.326		18.690		13.673611		32.800
7.474		2.7380		0.0000		874.195		4.329		18.685		13.690133		32.840
7.472		2.7413		0.0000		874.192		4.332		18.680		13.706657		32.880
7.472		2.7452		0.0000		874.188		4.336		18.680		13.725937		32.920
7.476		2.7492		0.0000		874.184		4.340		18.690		13.745901		32.960
7.486		2.7523		0.0000		874.181		4.343		18.715		13.761738		33.000
7.492		2.7555		0.0000		874.177		4.347		18.730		13.777573		33.040
7.492		2.7585		0.0000		874.174		4.350		18.730		13.792720		33.080
7.490		2.7618		0.0000		874.171		4.353		18.725		13.809244		33.120
7.486		2.7650		0.0000		874.168		4.356		18.715		13.825081		33.160
7.484		2.7682		0.0000		874.165		4.359		18.710		13.840916		33.200
7.482		2.7714		0.0000		874.161		4.362		18.705		13.856752		33.240
7.480		2.7745		0.0000		874.158		4.366		18.700		13.872587		33.280
7.478		2.7784		0.0000		874.154		4.369		18.695		13.891864		33.320
7.480		2.7824		0.0000		874.151		4.373		18.700		13.911831		33.360
7.488		2.7858		0.0000		874.147		4.377		18.720		13.929043		33.400
7.496		2.7890		0.0000		874.144		4.380		18.740		13.944879		33.440
7.496		2.7920		0.0000		874.141		4.383		18.740		13.960026		33.480
7.492		2.7953		0.0000		874.138		4.386		18.730		13.976550		33.520
7.490		2.7985		0.0000		874.134		4.389		18.725		13.992386		33.560
7.488		2.8016		0.0000		874.131		4.393		18.720		14.008222		33.600
7.486		2.8048		0.0000		874.128		4.396		18.715		14.024057		33.640
7.484		2.8078		0.0000		874.125		4.399		18.710		14.039204		33.680
7.484		2.8116		0.0000		874.121		4.403		18.710		14.057794		33.720
7.484		2.8156		0.0000		874.117		4.407		18.710		14.077759		33.760
7.492		2.8193		0.0000		874.114		4.410		18.730		14.096348		33.800
7.500		2.8223		0.0000		874.111		4.413		18.750		14.111498		33.840
7.504		2.8255		0.0000		874.107		4.416		18.760		14.127331		33.880
7.502		2.8286		0.0000		874.104		4.420		18.755		14.143167		33.920
7.498		2.8318		0.0000		874.101		4.423		18.745		14.159002		33.960
7.494		2.8350		0.0000		874.098		4.426		18.735		14.174838		34.000
7.494		2.8381		0.0000		874.095		4.429		18.735		14.190674		34.040
7.492		2.8413		0.0000		874.092		4.432		18.730		14.206510		34.080
7.490		2.8447		0.0000		874.088		4.436		18.725		14.223721		34.120
7.490		2.8486		0.0000		874.084		4.440		18.725		14.243000		34.160
7.496		2.8526		0.0000		874.080		4.444		18.740		14.262967		34.200
7.504		2.8558		0.0000		874.077		4.447		18.760		14.278803		34.240
7.512		2.8588		0.0000		874.074		4.450		18.780		14.293949		34.280
7.512		2.8621		0.0000		874.071		4.453		18.780		14.310472		34.320
7.508		2.8653		0.0000		874.068		4.456		18.770		14.326307		34.360
7.506		2.8684		0.0000		874.064		4.459		18.765		14.342144		34.400
7.504		2.8716		0.0000		874.061		4.463		18.760		14.357979		34.440
7.502		2.8748		0.0000		874.058		4.466		18.755		14.373816		34.480
7.500		2.8781		0.0000		874.055		4.469		18.750		14.390340		34.520
7.500		2.8818		0.0000		874.051		4.473		18.750		14.408930		34.560
7.504		2.8858		0.0000		874.047		4.477		18.760		14.428894		34.600
7.512		2.8892		0.0000		874.044		4.480		18.780		14.446108		34.640
7.520		2.8924		0.0000		874.040		4.483		18.800		14.461942		34.680
7.520		2.8954		0.0000		874.037		4.486		18.800		14.477091		34.720
7.518		2.8987		0.0000		874.034		4.490		18.795		14.493613		34.760
7.514		2.9019		0.0000		874.031		4.493		18.785		14.509449		34.800
7.512		2.9051		0.0000		874.028		4.496		18.780		14.525285		34.840
7.510		2.9081		0.0000		874.025		4.499		18.775		14.540432		34.880
7.508		2.9113		0.0000		874.022		4.502		18.770		14.556267		34.920
7.506		2.9150		0.0000		874.018		4.506		18.765		14.574857		34.960
7.506		2.9190		0.0000		874.014		4.510		18.765		14.594824		35.000
7.514		2.9225		0.0000		874.010		4.514		18.785		14.612724		35.040
7.522		2.9257		0.0000		874.007		4.517		18.805		14.628561		35.080
7.524		2.9287		0.0000		874.004		4.520		18.810		14.643707		35.120
7.522		2.9320		0.0000		874.001		4.523		18.805		14.660230		35.160
7.520		2.9352		0.0000		873.998		4.526		18.800		14.676065		35.200
7.518		2.9384		0.0000		873.995		4.529		18.795		14.691901		35.240
7.516		2.9415		0.0000		873.991		4.533		18.790		14.707737		35.280
7.514		2.9447		0.0000		873.988		4.536		18.785		14.723573		35.320
7.512		2.9483		0.0000		873.985		4.539		18.780		14.741473		35.360
7.512		2.9520		0.0000		873.981		4.543		18.780		14.760063		35.400
7.516		2.9559		0.0000		873.977		4.547		18.790		14.779341		35.440
7.524		2.9592		0.0000		873.974		4.550		18.810		14.795866		35.480
7.530		2.9623		0.0000		873.971		4.553		18.825		14.811702		35.520
7.528		2.9655		0.0000		873.967		4.556		18.820		14.827536		35.560
7.526		2.9687		0.0000		873.964		4.560		18.815		14.843370		35.600
7.522		2.9718		0.0000		873.961		4.563		18.805		14.859207		35.640
7.520		2.9750		0.0000		873.958		4.566		18.800		14.875042		35.680
7.516		2.9782		0.0000		873.955		4.569		18.790		14.890879		35.720
7.514		2.9815		0.0000		873.951		4.572		18.785		14.907403		35.760
7.514		2.9852		0.0000		873.948		4.576		18.785		14.925993		35.800
7.516		2.9892		0.0000		873.944		4.580		18.790		14.945957		35.840
7.524		2.9925		0.0000		873.940		4.583		18.810		14.962482		35.880
7.530		2.9957		0.0000		873.937		4.587		18.825		14.978318		35.920
7.530		2.9988		0.0000		873.934		4.590		18.825		14.994154		35.960
7.528		3.0021		0.0000		873.931		4.593		18.820		15.010676		36.000
7.526		3.0053		0.0000		873.928		4.596		18.815		15.026512		36.040
7.522		3.0083		0.0000		873.925		4.599		18.805		15.041658		36.080
7.520		3.0116		0.0000		873.921		4.603		18.800		15.058184		36.120
7.518		3.0148		0.0000		873.918		4.606		18.795		15.074019		36.160
7.516		3.0184		0.0000		873.914		4.609		18.790		15.091920		36.200
7.518		3.0224		0.0000		873.911		4.613		18.795		15.111887		36.240
7.524		3.0260		0.0000		873.907		4.617		18.810		15.129787		36.280
7.532		3.0291		0.0000		873.904		4.620		18.830		15.145624		36.320
7.534		3.0323		0.0000		873.901		4.623		18.835		15.161459		36.360
7.532		3.0355		0.0000		873.897		4.626		18.830		15.177296		36.400
7.528		3.0386		0.0000		873.894		4.630		18.820		15.193129		36.440
7.526		3.0418		0.0000		873.891		4.633		18.815		15.208964		36.480
7.524		3.0450		0.0000		873.888		4.636		18.810		15.224800		36.520
7.522		3.0481		0.0000		873.885		4.639		18.805		15.240636		36.560
7.520		3.0517		0.0000		873.881		4.643		18.800		15.258536		36.600
7.520		3.0556		0.0000		873.877		4.647		18.800		15.277815		36.640
7.524		3.0594		0.0000		873.873		4.650		18.810		15.297093		36.680
7.532		3.0624		0.0000		873.870		4.653		18.830		15.312241		36.720
7.536		3.0656		0.0000		873.867		4.657		18.840		15.328075		36.760
7.532		3.0689		0.0000		873.864		4.660		18.830		15.344601		36.800
7.528		3.0721		0.0000		873.861		4.663		18.820		15.360436		36.840
7.526		3.0753		0.0000		873.858		4.666		18.815		15.376270		36.880
7.524		3.0784		0.0000		873.854		4.669		18.810		15.392105		36.920
7.522		3.0816		0.0000		873.851		4.673		18.805		15.407942		36.960
7.520		3.0849		0.0000		873.848		4.676		18.800		15.424466		37.000
7.518		3.0886		0.0000		873.844		4.680		18.795		15.443056		37.040
7.520		3.0925		0.0000		873.840		4.683		18.800		15.462334		37.080
7.528		3.0959		0.0000		873.837		4.687		18.820		15.479546		37.120
7.534		3.0991		0.0000		873.834		4.690		18.835		15.495381		37.160
7.534		3.1022		0.0000		873.831		4.693		18.835		15.511217		37.200
7.530		3.1054		0.0000		873.827		4.696		18.825		15.527053		37.240
7.526		3.1087		0.0000		873.824		4.700		18.815		15.543575		37.280
7.524		3.1119		0.0000		873.821		4.703		18.810		15.559411		37.320
7.522		3.1150		0.0000		873.818		4.706		18.805		15.575247		37.360
7.520		3.1182		0.0000		873.815		4.709		18.800		15.591083		37.400
7.518		3.1218		0.0000		873.811		4.713		18.795		15.608983		37.440
7.520		3.1258		0.0000		873.807		4.717		18.800		15.628950		37.480
7.526		3.1294		0.0000		873.804		4.720		18.815		15.646851		37.520
7.534		3.1325		0.0000		873.800		4.724		18.835		15.662687		37.560
7.538		3.1357		0.0000		873.797		4.727		18.845		15.678522		37.600
7.534		3.1389		0.0000		873.794		4.730		18.835		15.694359		37.640
7.532		3.1420		0.0000		873.791		4.733		18.830		15.710194		37.680
7.530		3.1452		0.0000		873.788		4.736		18.825		15.726030		37.720
7.528		3.1484		0.0000		873.784		4.739		18.820		15.741863		37.760
7.524		3.1517		0.0000		873.781		4.743		18.810		15.758389		37.800
7.522		3.1551		0.0000		873.778		4.746		18.805		15.775602		37.840
7.522		3.1590		0.0000		873.774		4.750		18.805		15.794878		37.880
7.528		3.1627		0.0000		873.770		4.754		18.820		15.813467		37.920
7.536		3.1659		0.0000		873.767		4.757		18.840		15.829304		37.960
7.540		3.1690		0.0000		873.764		4.760		18.850		15.845139		38.000
7.540		3.1722		0.0000		873.761		4.763		18.850		15.860975		38.040
7.536		3.1754		0.0000		873.758		4.766		18.840		15.876810		38.080
7.534		3.1787		0.0000		873.754		4.770		18.835		15.893335		38.120
7.530		3.1818		0.0000		873.751		4.773		18.825		15.909168		38.160
7.528		3.1850		0.0000		873.748		4.776		18.820		15.925005		38.200
7.524		3.1883		0.0000		873.745		4.779		18.810		15.941529		38.240
7.522		3.1920		0.0000		873.741		4.783		18.805		15.960119		38.280
7.526		3.1960		0.0000		873.737		4.787		18.815		15.980086		38.320
7.532		3.1993		0.0000		873.734		4.790		18.830		15.996609		38.360
7.538		3.2025		0.0000		873.730		4.793		18.845		16.012444		38.400
7.538		3.2057		0.0000		873.727		4.797		18.845		16.028280		38.440
7.534		3.2088		0.0000		873.724		4.800		18.835		16.044117		38.480
7.532		3.2120		0.0000		873.721		4.803		18.830		16.059952		38.521
7.530		3.2152		0.0000		873.718		4.806		18.825		16.075787		38.561
7.526		3.2183		0.0000		873.715		4.809		18.815		16.091623		38.601
7.524		3.2216		0.0000		873.711		4.813		18.810		16.108147		38.641
7.522		3.2253		0.0000		873.708		4.816		18.805		16.126736		38.681
7.522		3.2292		0.0000		873.704		4.820		18.805		16.146013		38.721
7.528		3.2328		0.0000		873.700		4.824		18.820		16.163914		38.761
7.534		3.2359		0.0000		873.697		4.827		18.835		16.179750		38.801
7.536		3.2391		0.0000		873.694		4.830		18.840		16.195585		38.841
7.534		3.2423		0.0000		873.691		4.833		18.835		16.211422		38.881
7.530		3.2455		0.0000		873.687		4.836		18.825		16.227257		38.921
7.526		3.2486		0.0000		873.684		4.840		18.815		16.243093		38.961
7.524		3.2518		0.0000		873.681		4.843		18.810		16.258928		39.001
7.522		3.2550		0.0000		873.678		4.846		18.805		16.274761		39.041
7.520		3.2584		0.0000		873.674		4.849		18.800		16.291977		39.081
7.518		3.2624		0.0000		873.670		4.853		18.795		16.311941		39.121
7.524		3.2661		0.0000		873.667		4.857		18.810		16.330530		39.161
7.530		3.2693		0.0000		873.664		4.860		18.825		16.346367		39.201
7.534		3.2724		0.0000		873.660		4.863		18.835		16.362202		39.241
7.530		3.2756		0.0000		873.657		4.867		18.825		16.378038		39.281
7.526		3.2789		0.0000		873.654		4.870		18.815		16.394562		39.321
7.522		3.2821		0.0000		873.651		4.873		18.805		16.410398		39.361
7.520		3.2852		0.0000		873.648		4.876		18.800		16.426235		39.401
7.516		3.2884		0.0000		873.644		4.879		18.790		16.442068		39.441
7.514		3.2917		0.0000		873.641		4.883		18.785		16.458591		39.481
7.514		3.2954		0.0000		873.637		4.886		18.785		16.477182		39.521
7.516		3.2994		0.0000		873.633		4.890		18.790		16.497150		39.561
7.524		3.3027		0.0000		873.630		4.894		18.810		16.513672		39.601
7.530		3.3059		0.0000		873.627		4.897		18.825		16.529507		39.641
7.530		3.3091		0.0000		873.624		4.900		18.825		16.545343		39.681
7.526		3.3122		0.0000		873.621		4.903		18.815		16.561180		39.721
7.524		3.3154		0.0000		873.617		4.906		18.810		16.577015		39.761
7.522		3.3186		0.0000		873.614		4.910		18.805		16.592850		39.801
7.520		3.3217		0.0000		873.611		4.913		18.800		16.608686		39.841
7.518		3.3250		0.0000		873.608		4.916		18.795		16.625210		39.881
7.516		3.3288		0.0000		873.604		4.920		18.790		16.643799		39.921
7.518		3.3326		0.0000		873.600		4.924		18.795		16.663076		39.961
7.524		3.3362		0.0000		873.597		4.927		18.810		16.680977		40.001
7.530		3.3392		0.0000		873.594		4.930		18.825		16.696125		40.041
7.532		3.3424		0.0000		873.591		4.933		18.830		16.711960		40.081
7.528		3.3457		0.0000		873.587		4.937		18.820		16.728485		40.121
7.526		3.3489		0.0000		873.584		4.940		18.815		16.744320		40.161
7.522		3.3520		0.0000		873.581		4.943		18.805		16.760157		40.201
7.520		3.3552		0.0000		873.578		4.946		18.800		16.775991		40.241
7.518		3.3585		0.0000		873.574		4.949		18.795		16.792515		40.281
7.514		3.3619		0.0000		873.571		4.953		18.785		16.809729		40.321
7.514		3.3658		0.0000		873.567		4.957		18.785		16.829006		40.361
7.518		3.3695		0.0000		873.563		4.961		18.795		16.847595		40.401
7.524		3.3727		0.0000		873.560		4.964		18.810		16.863432		40.441
7.526		3.3759		0.0000		873.557		4.967		18.815		16.879265		40.481
7.524		3.3790		0.0000		873.554		4.970		18.810		16.895102		40.521
7.520		3.3822		0.0000		873.551		4.973		18.800		16.910936		40.561
7.518		3.3855		0.0000		873.547		4.976		18.795		16.927462		40.601
7.514		3.3887		0.0000		873.544		4.980		18.785		16.943298		40.641
7.512		3.3918		0.0000		873.541		4.983		18.780		16.959133		40.681
7.510		3.3951		0.0000		873.538		4.986		18.775		16.975655		40.721
7.508		3.3990		0.0000		873.534		4.990		18.770		16.994934		40.761
7.512		3.4028		0.0000		873.530		4.994		18.780		17.014214		40.801
7.520		3.4061		0.0000		873.527		4.997		18.800		17.030737		40.841
7.524		3.4093		0.0000		873.524		5.000		18.810		17.046570		40.881
7.524		3.4125		0.0000		873.520		5.003		18.810		17.062407		40.921
7.520		3.4156		0.0000		873.517		5.007		18.800		17.078243		40.961
7.516		3.4188		0.0000		873.514		5.010		18.790		17.094078		41.001
7.512		3.4220		0.0000		873.511		5.013		18.780		17.109913		41.041
7.510		3.4253		0.0000		873.508		5.016		18.775		17.126438		41.081
7.508		3.4285		0.0000		873.504		5.019		18.770		17.142275		41.121
7.506		3.4322		0.0000		873.501		5.023		18.765		17.160864		41.161
7.506		3.4360		0.0000		873.497		5.027		18.765		17.180140		41.201
7.514		3.4396		0.0000		873.493		5.031		18.785		17.198044		41.241
7.520		3.4426		0.0000		873.490		5.034		18.800		17.213190		41.281
7.520		3.4458		0.0000		873.487		5.037		18.800		17.229025		41.321
7.518		3.4491		0.0000		873.484		5.040		18.795		17.245548		41.361
7.514		3.4523		0.0000		873.481		5.043		18.785		17.261383		41.401
7.512		3.4554		0.0000		873.477		5.046		18.780		17.277220		41.441
7.510		3.4586		0.0000		873.474		5.050		18.775		17.293055		41.481
7.508		3.4618		0.0000		873.471		5.053		18.770		17.308891		41.521
7.506		3.4654		0.0000		873.468		5.056		18.765		17.326792		41.561
7.506		3.4692		0.0000		873.464		5.060		18.765		17.346069		41.601
7.512		3.4729		0.0000		873.460		5.064		18.780		17.364658		41.641
7.520		3.4761		0.0000		873.457		5.067		18.800		17.380495		41.681
7.522		3.4793		0.0000		873.454		5.070		18.805		17.396332		41.721
7.520		3.4824		0.0000		873.450		5.073		18.800		17.412165		41.761
7.516		3.4857		0.0000		873.447		5.077		18.790		17.428688		41.801
7.514		3.4889		0.0000		873.444		5.080		18.785		17.444525		41.841
7.510		3.4921		0.0000		873.441		5.083		18.775		17.460361		41.881
7.508		3.4952		0.0000		873.438		5.086		18.770		17.476196		41.921
7.504		3.4985		0.0000		873.434		5.090		18.760		17.492718		41.961
7.504		3.5024		0.0000		873.430		5.093		18.760		17.511997		42.001
7.506		3.5063		0.0000		873.427		5.097		18.765		17.531277		42.041
7.512		3.5096		0.0000		873.423		5.101		18.780		17.547800		42.081
7.518		3.5127		0.0000		873.420		5.104		18.795		17.563637		42.121
7.516		3.5159		0.0000		873.417		5.107		18.790		17.579470		42.161
7.512		3.5191		0.0000		873.414		5.110		18.780		17.595306		42.201
7.508		3.5222		0.0000		873.411		5.113		18.770		17.611141		42.241
7.506		3.5254		0.0000		873.407		5.116		18.765		17.626976		42.281
7.502		3.5286		0.0000		873.404		5.120		18.755		17.642813		42.321
7.500		3.5319		0.0000		873.401		5.123		18.750		17.659338		42.361
7.498		3.5356		0.0000		873.397		5.127		18.745		17.677927		42.401
7.498		3.5394		0.0000		873.393		5.130		18.745		17.697203		42.441
7.504		3.5430		0.0000		873.390		5.134		18.760		17.715107		42.481
7.510		3.5461		0.0000		873.387		5.137		18.775		17.730253		42.521
7.510		3.5492		0.0000		873.384		5.140		18.775		17.746088		42.561
7.506		3.5525		0.0000		873.380		5.144		18.765		17.762611		42.601
7.502		3.5557		0.0000		873.377		5.147		18.755		17.778446		42.641
7.498		3.5589		0.0000		873.374		5.150		18.745		17.794283		42.681
7.496		3.5620		0.0000		873.371		5.153		18.740		17.810118		42.721
7.492		3.5652		0.0000		873.368		5.156		18.730		17.825954		42.761
7.490		3.5688		0.0000		873.364		5.160		18.725		17.843855		42.801
7.490		3.5726		0.0000		873.360		5.164		18.725		17.863132		42.841
7.494		3.5763		0.0000		873.357		5.167		18.735		17.881721		42.881
7.502		3.5795		0.0000		873.353		5.170		18.755		17.897558		42.921
7.504		3.5827		0.0000		873.350		5.174		18.760		17.913395		42.961
7.500		3.5858		0.0000		873.347		5.177		18.750		17.929230		43.001
7.496		3.5890		0.0000		873.344		5.180		18.740		17.945063		43.041
7.494		3.5922		0.0000		873.341		5.183		18.735		17.960899		43.081
7.490		3.5953		0.0000		873.338		5.186		18.725		17.976734		43.121
7.486		3.5987		0.0000		873.334		5.190		18.715		17.993259		43.161
7.484		3.6020		0.0000		873.331		5.193		18.710		18.009785		43.201
7.482		3.6058		0.0000		873.327		5.197		18.705		18.029060		43.241
7.486		3.6097		0.0000		873.323		5.201		18.715		18.048340		43.281
7.496		3.6130		0.0000		873.320		5.204		18.740		18.064863		43.321
7.500		3.6160		0.0000		873.317		5.207		18.750		18.080009		43.361
7.498		3.6193		0.0000		873.314		5.210		18.745		18.096535		43.401
7.496		3.6225		0.0000		873.310		5.213		18.740		18.112370		43.441
7.492		3.6256		0.0000		873.307		5.217		18.730		18.128204		43.481
7.490		3.6288		0.0000		873.304		5.220		18.725		18.144039		43.521
7.486		3.6320		0.0000		873.301		5.223		18.715		18.159876		43.561
7.484		3.6353		0.0000		873.298		5.226		18.710		18.176401		43.601
7.482		3.6390		0.0000		873.294		5.230		18.705		18.194990		43.641
7.482		3.6429		0.0000		873.290		5.234		18.705		18.214268		43.681
7.488		3.6463		0.0000		873.287		5.237		18.720		18.231480		43.721
7.492		3.6495		0.0000		873.283		5.240		18.730		18.247316		43.761
7.492		3.6526		0.0000		873.280		5.244		18.730		18.263151		43.801
7.488		3.6559		0.0000		873.277		5.247		18.720		18.279676		43.841
7.486		3.6591		0.0000		873.274		5.250		18.715		18.295509		43.881
7.482		3.6623		0.0000		873.271		5.253		18.705		18.311346		43.921
7.478		3.6654		0.0000		873.267		5.256		18.695		18.327181		43.961
7.476		3.6686		0.0000		873.264		5.260		18.690		18.343018		44.001
7.472		3.6722		0.0000		873.261		5.263		18.680		18.360918		44.041
7.472		3.6760		0.0000		873.257		5.267		18.680		18.380196		44.081
7.478		3.6798		0.0000		873.253		5.271		18.695		18.398785		44.121
7.484		3.6829		0.0000		873.250		5.274		18.710		18.414621		44.161
7.486		3.6861		0.0000		873.247		5.277		18.715		18.430458		44.201
7.482		3.6893		0.0000		873.244		5.280		18.705		18.446293		44.241
7.476		3.6924		0.0000		873.240		5.283		18.690		18.462128		44.281
7.474		3.6956		0.0000		873.237		5.287		18.685		18.477964		44.321
7.470		3.6988		0.0000		873.234		5.290		18.675		18.493797		44.361
7.468		3.7021		0.0000		873.231		5.293		18.670		18.510323		44.401
7.464		3.7054		0.0000		873.228		5.296		18.660		18.526848		44.441
7.464		3.7092		0.0000		873.224		5.300		18.660		18.546125		44.481
7.466		3.7131		0.0000		873.220		5.304		18.665		18.565403		44.521
7.472		3.7162		0.0000		873.217		5.307		18.680		18.581238		44.561
7.476		3.7196		0.0000		873.213		5.311		18.690		18.597763		44.601
7.474		3.7227		0.0000		873.210		5.314		18.685		18.613598		44.641
7.470		3.7259		0.0000		873.207		5.317		18.675		18.629435		44.681
7.466		3.7291		0.0000		873.204		5.320		18.665		18.645269		44.721
7.462		3.7322		0.0000		873.201		5.323		18.655		18.661102		44.761
7.458		3.7354		0.0000		873.198		5.326		18.645		18.676939		44.801
7.454		3.7387		0.0000		873.194		5.330		18.635		18.693464		44.841
7.452		3.7425		0.0000		873.190		5.334		18.630		18.712742		44.881
7.454		3.7463		0.0000		873.187		5.337		18.635		18.731331		44.921
7.462		3.7497		0.0000		873.183		5.341		18.655		18.748543		44.961
7.468		3.7529		0.0000		873.180		5.344		18.670		18.764380		45.001
7.468		3.7560		0.0000		873.177		5.347		18.670		18.780214		45.041
7.464		3.7592		0.0000		873.174		5.350		18.660		18.796051		45.081
7.460		3.7625		0.0000		873.170		5.354		18.650		18.812576		45.121
7.456		3.7657		0.0000		873.167		5.357		18.640		18.828409		45.161
7.452		3.7688		0.0000		873.164		5.360		18.630		18.844244		45.201
7.448		3.7720		0.0000		873.161		5.363		18.620		18.860081		45.241
7.446		3.7756		0.0000		873.157		5.367		18.615		18.877981		45.281
7.446		3.7795		0.0000		873.153		5.370		18.615		18.897259		45.321
7.450		3.7832		0.0000		873.150		5.374		18.625		18.915848		45.361
7.456		3.7863		0.0000		873.147		5.377		18.640		18.931684		45.401
7.458		3.7895		0.0000		873.143		5.380		18.645		18.947521		45.441
7.454		3.7928		0.0000		873.140		5.384		18.635		18.964045		45.481
7.450		3.7958		0.0000		873.137		5.387		18.625		18.979191		45.521
7.448		3.7990		0.0000		873.134		5.390		18.620		18.995028		45.561
7.444		3.8022		0.0000		873.131		5.393		18.610		19.010864		45.601
7.440		3.8053		0.0000		873.128		5.396		18.600		19.026697		45.641
7.436		3.8089		0.0000		873.124		5.400		18.590		19.044600		45.681
7.436		3.8126		0.0000		873.120		5.404		18.590		19.063189		45.721
7.438		3.8165		0.0000		873.116		5.407		18.595		19.082466		45.761
7.446		3.8197		0.0000		873.113		5.411		18.615		19.098301		45.801
7.448		3.8228		0.0000		873.110		5.414		18.620		19.114136		45.841
7.446		3.8261		0.0000		873.107		5.417		18.615		19.130661		45.881
7.442		3.8293		0.0000		873.104		5.420		18.605		19.146498		45.921
7.438		3.8325		0.0000		873.100		5.423		18.595		19.162333		45.961
7.434		3.8356		0.0000		873.097		5.427		18.585		19.178169		46.001
7.432		3.8388		0.0000		873.094		5.430		18.580		19.194002		46.041
7.428		3.8421		0.0000		873.091		5.433		18.570		19.210527		46.081
7.426		3.8458		0.0000		873.087		5.437		18.565		19.229116		46.121
7.428		3.8497		0.0000		873.083		5.441		18.570		19.248394		46.161
7.434		3.8531		0.0000		873.080		5.444		18.585		19.265606		46.201
7.438		3.8563		0.0000		873.077		5.447		18.595		19.281443		46.241
7.436		3.8595		0.0000		873.073		5.450		18.590		19.297277		46.281
7.432		3.8626		0.0000		873.070		5.454		18.580		19.313114		46.321
7.428		3.8659		0.0000		873.067		5.457		18.570		19.329639		46.361
7.424		3.8691		0.0000		873.064		5.460		18.560		19.345474		46.401
7.420		3.8723		0.0000		873.061		5.463		18.550		19.361307		46.441
7.416		3.8754		0.0000		873.057		5.466		18.540		19.377144		46.481
7.414		3.8790		0.0000		873.054		5.470		18.535		19.395046		46.521
7.414		3.8829		0.0000		873.050		5.474		18.535		19.414322		46.561
7.420		3.8866		0.0000		873.046		5.478		18.550		19.432911		46.601
7.426		3.8896		0.0000		873.043		5.481		18.565		19.448059		46.641
7.428		3.8929		0.0000		873.040		5.484		18.570		19.464584		46.681
7.424		3.8961		0.0000		873.037		5.487		18.560		19.480419		46.721
7.420		3.8993		0.0000		873.034		5.490		18.550		19.496254		46.761
7.418		3.9026		0.0000		873.030		5.494		18.545		19.512779		46.801
7.414		3.9056		0.0000		873.027		5.497		18.535		19.527927		46.841
7.412		3.9089		0.0000		873.024		5.500		18.530		19.544449		46.881
7.410		3.9123		0.0000		873.021		5.503		18.525		19.561663		46.921
7.408		3.9161		0.0000		873.017		5.507		18.520		19.580252		46.961
7.412		3.9199		0.0000		873.013		5.511		18.530		19.599531		47.001
7.418		3.9231		0.0000		873.010		5.514		18.545		19.615366		47.041
7.422		3.9262		0.0000		873.007		5.517		18.555		19.631199		47.081
7.420		3.9294		0.0000		873.003		5.520		18.550		19.647036		47.121
7.416		3.9327		0.0000		873.000		5.524		18.540		19.663561		47.161
7.412		3.9359		0.0000		872.997		5.527		18.530		19.679396		47.201
7.408		3.9390		0.0000		872.994		5.530		18.520		19.695232		47.241
7.406		3.9424		0.0000		872.991		5.533		18.515		19.711754		47.281
7.402		3.9457		0.0000		872.987		5.537		18.505		19.728279		47.321
7.398		3.9494		0.0000		872.984		5.540		18.495		19.746868		47.361
7.400		3.9532		0.0000		872.980		5.544		18.500		19.766148		47.401
7.404		3.9565		0.0000		872.976		5.548		18.510		19.782673		47.441
7.410		3.9596		0.0000		872.973		5.551		18.525		19.797819		47.481
7.408		3.9629		0.0000		872.970		5.554		18.520		19.814341		47.521
7.402		3.9662		0.0000		872.967		5.557		18.505		19.830866		47.561
7.398		3.9693		0.0000		872.964		5.560		18.495		19.846703		47.601
7.396		3.9725		0.0000		872.960		5.563		18.490		19.862537		47.641
7.392		3.9757		0.0000		872.957		5.567		18.480		19.878372		47.681
7.388		3.9790		0.0000		872.954		5.570		18.470		19.894896		47.721
7.386		3.9826		0.0000		872.950		5.574		18.465		19.912798		47.761
7.386		3.9864		0.0000		872.946		5.577		18.465		19.932076		47.801
7.390		3.9899		0.0000		872.943		5.581		18.475		19.949287		47.841
7.396		3.9932		0.0000		872.940		5.584		18.490		19.965811		47.881
7.398		3.9963		0.0000		872.937		5.587		18.495		19.981647		47.921
7.394		3.9995		0.0000		872.933		5.590		18.485		19.997482		47.961
7.388		4.0028		0.0000		872.930		5.594		18.470		20.014008		48.001
7.384		4.0060		0.0000		872.927		5.597		18.460		20.029842		48.041
7.380		4.0090		0.0000		872.924		5.600		18.450		20.044991		48.081
7.376		4.0123		0.0000		872.921		5.603		18.440		20.061514		48.121
7.374		4.0157		0.0000		872.917		5.607		18.435		20.078726		48.161
7.372		4.0196		0.0000		872.913		5.611		18.430		20.098003		48.201
7.376		4.0235		0.0000		872.909		5.614		18.440		20.117283		48.241
7.384		4.0265		0.0000		872.906		5.617		18.460		20.132429		48.281
7.386		4.0298		0.0000		872.903		5.621		18.465		20.148952		48.321
7.382		4.0328		0.0000		872.900		5.624		18.455		20.164099		48.361
7.376		4.0361		0.0000		872.897		5.627		18.440		20.180624		48.401
7.374		4.0393		0.0000		872.894		5.630		18.435		20.196459		48.441
7.370		4.0425		0.0000		872.890		5.633		18.425		20.212296		48.481
7.366		4.0456		0.0000		872.887		5.637		18.415		20.228130		48.521
7.362		4.0491		0.0000		872.884		5.640		18.405		20.245342		48.561
7.358		4.0526		0.0000		872.880		5.644		18.395		20.263243		48.601
7.360		4.0566		0.0000		872.876		5.648		18.400		20.283211		48.641
7.366		4.0599		0.0000		872.873		5.651		18.415		20.299736		48.681
7.370		4.0631		0.0000		872.870		5.654		18.425		20.315571		48.721
7.368		4.0663		0.0000		872.867		5.657		18.420		20.331404		48.761
7.364		4.0694		0.0000		872.863		5.660		18.410		20.347240		48.801
7.360		4.0728		0.0000		872.860		5.664		18.400		20.363766		48.841
7.356		4.0758		0.0000		872.857		5.667		18.390		20.378912		48.881
7.352		4.0791		0.0000		872.854		5.670		18.380		20.395435		48.921
7.348		4.0823		0.0000		872.851		5.673		18.370		20.411272		48.961
7.344		4.0860		0.0000		872.847		5.677		18.360		20.429861		49.001
7.344		4.0898		0.0000		872.843		5.681		18.360		20.449139		49.041
7.348		4.0934		0.0000		872.839		5.684		18.370		20.467041		49.081
7.354		4.0964		0.0000		872.836		5.687		18.385		20.482187		49.121
7.354		4.0997		0.0000		872.833		5.691		18.385		20.498711		49.161
7.350		4.1029		0.0000		872.830		5.694		18.375		20.514545		49.201
7.346		4.1061		0.0000		872.827		5.697		18.365		20.530380		49.241
7.342		4.1092		0.0000		872.824		5.700		18.355		20.546217		49.281
7.338		4.1124		0.0000		872.820		5.703		18.345		20.562054		49.321
7.334		4.1157		0.0000		872.817		5.707		18.335		20.578577		49.361
7.332		4.1192		0.0000		872.814		5.710		18.330		20.595789		49.401
7.330		4.1229		0.0000		872.810		5.714		18.325		20.614378		49.441
7.334		4.1267		0.0000		872.806		5.718		18.335		20.633657		49.481
7.340		4.1300		0.0000		872.803		5.721		18.350		20.650181		49.521
7.342		4.1331		0.0000		872.800		5.724		18.355		20.665329		49.561
7.338		4.1364		0.0000		872.797		5.727		18.345		20.681850		49.601
7.332		4.1395		0.0000		872.793		5.731		18.330		20.697687		49.641
7.328		4.1427		0.0000		872.790		5.734		18.320		20.713522		49.681
7.326		4.1459		0.0000		872.787		5.737		18.315		20.729359		49.721
7.322		4.1490		0.0000		872.784		5.740		18.305		20.745193		49.761
7.318		4.1523		0.0000		872.781		5.743		18.295		20.761719		49.801
7.316		4.1562		0.0000		872.777		5.747		18.290		20.780994		49.841
7.318		4.1601		0.0000		872.773		5.751		18.295		20.800274		49.881
7.326		4.1634		0.0000		872.770		5.754		18.315		20.816799		49.921
7.330		4.1665		0.0000		872.766		5.758		18.325		20.832634		49.961
7.328		4.1697		0.0000		872.763		5.761		18.320		20.848469		50.001
7.324		4.1730		0.0000		872.760		5.764		18.310		20.864992		50.041
7.318		4.1760		0.0000		872.757		5.767		18.295		20.880138		50.081
7.314		4.1793		0.0000		872.754		5.770		18.285		20.896664		50.121
7.312		4.1824		0.0000		872.750		5.773		18.280		20.911810		50.161
7.308		4.1857		0.0000		872.747		5.777		18.270		20.928335		50.201
7.306		4.1894		0.0000		872.743		5.780		18.265		20.946924		50.241
7.308		4.1932		0.0000		872.740		5.784		18.270		20.966204		50.281
7.314		4.1968		0.0000		872.736		5.788		18.285		20.984104		50.321
7.320		4.2000		0.0000		872.733		5.791		18.300		20.999939		50.361
7.320		4.2032		0.0000		872.730		5.794		18.300		21.015776		50.401
7.316		4.2063		0.0000		872.727		5.797		18.290		21.031610		50.441
7.312		4.2095		0.0000		872.723		5.800		18.280		21.047443		50.481
7.308		4.2127		0.0000		872.720		5.804		18.270		21.063280		50.521
7.304		4.2158		0.0000		872.717		5.807		18.260		21.079117		50.561
7.300		4.2190		0.0000		872.714		5.810		18.250		21.094952		50.601
7.296		4.2226		0.0000		872.710		5.814		18.240		21.112852		50.641
7.294		4.2264		0.0000		872.706		5.817		18.235		21.132130		50.681
7.300		4.2303		0.0000		872.703		5.821		18.250		21.151409		50.721
7.306		4.2333		0.0000		872.700		5.824		18.265		21.166555		50.761
7.308		4.2366		0.0000		872.696		5.828		18.270		21.183081		50.801
7.306		4.2398		0.0000		872.693		5.831		18.265		21.198917		50.841
7.300		4.2428		0.0000		872.690		5.834		18.250		21.214064		50.881
7.296		4.2461		0.0000		872.687		5.837		18.240		21.230585		50.921
7.294		4.2493		0.0000		872.684		5.840		18.235		21.246422		50.961
7.290		4.2525		0.0000		872.680		5.843		18.225		21.262257		51.001
7.286		4.2559		0.0000		872.677		5.847		18.215		21.279470		51.041
7.284		4.2596		0.0000		872.673		5.851		18.210		21.298061		51.081
7.286		4.2635		0.0000		872.669		5.854		18.215		21.317337		51.121
7.294		4.2668		0.0000		872.666		5.858		18.235		21.333862		51.161
7.298		4.2701		0.0000		872.663		5.861		18.245		21.350386		51.201
7.296		4.2731		0.0000		872.660		5.864		18.240		21.365532		51.241
7.290		4.2763		0.0000		872.657		5.867		18.225		21.381369		51.281
7.286		4.2796		0.0000		872.653		5.871		18.215		21.397892		51.321
7.284		4.2827		0.0000		872.650		5.874		18.210		21.413727		51.361
7.280		4.2858		0.0000		872.647		5.877		18.200		21.428873		51.401
7.276		4.2891		0.0000		872.644		5.880		18.190		21.445398		51.441
7.274		4.2928		0.0000		872.640		5.884		18.185		21.463987		51.481
7.276		4.2968		0.0000		872.636		5.888		18.190		21.483955		51.521
7.282		4.3002		0.0000		872.633		5.891		18.205		21.501167		51.561
7.288		4.3034		0.0000		872.629		5.894		18.220		21.517002		51.601
7.288		4.3066		0.0000		872.626		5.898		18.220		21.532839		51.641
7.282		4.3097		0.0000		872.623		5.901		18.205		21.548674		51.681
7.278		4.3129		0.0000		872.620		5.904		18.195		21.564510		51.721
7.274		4.3161		0.0000		872.617		5.907		18.185		21.580343		51.761
7.272		4.3192		0.0000		872.614		5.910		18.180		21.596180		51.801
7.268		4.3225		0.0000		872.610		5.914		18.170		21.612703		51.841
7.266		4.3261		0.0000		872.607		5.917		18.165		21.630604		51.881
7.266		4.3298		0.0000		872.603		5.921		18.165		21.649193		51.921
7.270		4.3336		0.0000		872.599		5.925		18.175		21.667784		51.961
7.276		4.3367		0.0000		872.596		5.928		18.190		21.683619		52.001
7.278		4.3399		0.0000		872.593		5.931		18.195		21.699455		52.041
7.276		4.3431		0.0000		872.590		5.934		18.190		21.715290		52.081
7.270		4.3464		0.0000		872.586		5.937		18.175		21.731815		52.121
7.266		4.3495		0.0000		872.583		5.941		18.165		21.747648		52.161
7.264		4.3527		0.0000		872.580		5.944		18.160		21.763485		52.201
7.260		4.3559		0.0000		872.577		5.947		18.150		21.779320		52.241
7.256		4.3593		0.0000		872.574		5.950		18.140		21.796534		52.281
7.254		4.3630		0.0000		872.570		5.954		18.135		21.815125		52.321
7.258		4.3669		0.0000		872.566		5.958		18.145		21.834400		52.361
7.264		4.3702		0.0000		872.563		5.961		18.160		21.850925		52.401
7.270		4.3734		0.0000		872.560		5.964		18.175		21.866760		52.441
7.268		4.3764		0.0000		872.557		5.967		18.170		21.881907		52.481
7.264		4.3797		0.0000		872.553		5.971		18.160		21.898432		52.521
7.260		4.3830		0.0000		872.550		5.974		18.150		21.914955		52.561
7.256		4.3862		0.0000		872.547		5.977		18.140		21.930790		52.601
7.254		4.3893		0.0000		872.544		5.980		18.135		21.946625		52.641
7.250		4.3925		0.0000		872.540		5.983		18.125		21.962461		52.681
7.248		4.3962		0.0000		872.537		5.987		18.120		21.981050		52.721
7.250		4.4001		0.0000		872.533		5.991		18.125		22.000330		52.761
7.256		4.4036		0.0000		872.529		5.995		18.140		22.018230		52.801
7.262		4.4068		0.0000		872.526		5.998		18.155		22.034065		52.841
7.262		4.4098		0.0000		872.523		6.001		18.155		22.049213		52.881
7.258		4.4130		0.0000		872.520		6.004		18.145		22.065048		52.921
7.254		4.4163		0.0000		872.517		6.007		18.135		22.081573		52.961
7.250		4.4195		0.0000		872.513		6.010		18.125		22.097408		53.001
7.246		4.4226		0.0000		872.510		6.014		18.115		22.113243		53.041
7.244		4.4258		0.0000		872.507		6.017		18.110		22.129078		53.081
7.240		4.4294		0.0000		872.503		6.020		18.100		22.146980		53.121
7.240		4.4334		0.0000		872.500		6.024		18.100		22.166946		53.161
7.246		4.4371		0.0000		872.496		6.028		18.115		22.185535		53.201
7.254		4.4401		0.0000		872.493		6.031		18.135		22.200682		53.241
7.256		4.4433		0.0000		872.490		6.034		18.140		22.216518		53.281
7.252		4.4466		0.0000		872.486		6.038		18.130		22.233044		53.321
7.248		4.4498		0.0000		872.483		6.041		18.120		22.248878		53.361
7.244		4.4529		0.0000		872.480		6.044		18.110		22.264713		53.401
7.240		4.4561		0.0000		872.477		6.047		18.100		22.280548		53.441
7.238		4.4593		0.0000		872.474		6.050		18.095		22.296383		53.481
7.236		4.4627		0.0000		872.470		6.054		18.090		22.313597		53.521
7.236		4.4664		0.0000		872.466		6.057		18.090		22.332188		53.561
7.240		4.4703		0.0000		872.463		6.061		18.100		22.351465		53.601
7.246		4.4736		0.0000		872.459		6.065		18.115		22.367989		53.641
7.252		4.4766		0.0000		872.456		6.068		18.130		22.383135		53.681
7.252		4.4799		0.0000		872.453		6.071		18.130		22.399658		53.721
7.248		4.4831		0.0000		872.450		6.074		18.120		22.415495		53.761
7.244		4.4863		0.0000		872.447		6.077		18.110		22.431332		53.801
7.242		4.4894		0.0000		872.443		6.080		18.105		22.447166		53.841
7.240		4.4926		0.0000		872.440		6.084		18.100		22.463001		53.881
7.236		4.4959		0.0000		872.437		6.087		18.090		22.479525		53.921
7.234		4.4996		0.0000		872.433		6.091		18.085		22.498114		53.961
7.238		4.5036		0.0000		872.429		6.095		18.095		22.518082		54.001
7.244		4.5071		0.0000		872.426		6.098		18.110		22.535294		54.041
7.252		4.5102		0.0000		872.423		6.101		18.130		22.551128		54.081
7.252		4.5134		0.0000		872.419		6.104		18.130		22.566965		54.121
7.248		4.5166		0.0000		872.416		6.108		18.120		22.582800		54.161
7.244		4.5197		0.0000		872.413		6.111		18.110		22.598637		54.201
7.240		4.5229		0.0000		872.410		6.114		18.100		22.614471		54.241
7.236		4.5261		0.0000		872.407		6.117		18.090		22.630308		54.281
7.232		4.5294		0.0000		872.404		6.120		18.080		22.646830		54.321
7.230		4.5328		0.0000		872.400		6.124		18.075		22.664043		54.361
7.230		4.5368		0.0000		872.396		6.128		18.075		22.684010		54.401
7.234		4.5404		0.0000		872.393		6.131		18.085		22.701912		54.441
7.240		4.5435		0.0000		872.389		6.135		18.100		22.717745		54.481
7.244		4.5467		0.0000		872.386		6.138		18.110		22.733582		54.521
7.240		4.5499		0.0000		872.383		6.141		18.100		22.749416		54.561
7.236		4.5532		0.0000		872.380		6.144		18.090		22.765942		54.601
7.232		4.5564		0.0000		872.377		6.147		18.080		22.781776		54.641
7.230		4.5594		0.0000		872.373		6.150		18.075		22.796925		54.681
7.226		4.5627		0.0000		872.370		6.154		18.065		22.813450		54.721
7.224		4.5661		0.0000		872.367		6.157		18.060		22.830660		54.761
7.222		4.5700		0.0000		872.363		6.161		18.055		22.849939		54.801
7.226		4.5738		0.0000		872.359		6.165		18.065		22.869217		54.841
7.234		4.5770		0.0000		872.356		6.168		18.085		22.885052		54.881
7.238		4.5802		0.0000		872.353		6.171		18.095		22.900887		54.921
7.234		4.5833		0.0000		872.350		6.174		18.085		22.916721		54.961
7.230		4.5865		0.0000		872.346		6.177		18.075		22.932558		55.001
7.226		4.5897		0.0000		872.343		6.181		18.065		22.948395		55.041
7.224		4.5928		0.0000		872.340		6.184		18.060		22.964230		55.081
7.220		4.5962		0.0000		872.337		6.187		18.050		22.980755		55.121
7.216		4.5995		0.0000		872.333		6.190		18.040		22.997276		55.161
7.214		4.6032		0.0000		872.330		6.194		18.035		23.015865		55.201
7.216		4.6069		0.0000		872.326		6.198		18.040		23.034456		55.241
7.222		4.6103		0.0000		872.323		6.201		18.055		23.051670		55.281
7.228		4.6136		0.0000		872.319		6.205		18.070		23.068192		55.321
7.226		4.6168		0.0000		872.316		6.208		18.065		23.084028		55.361
7.222		4.6200		0.0000		872.313		6.211		18.055		23.099863		55.401
7.218		4.6231		0.0000		872.310		6.214		18.045		23.115700		55.441
7.214		4.6263		0.0000		872.307		6.217		18.035		23.131535		55.481
7.210		4.6295		0.0000		872.303		6.220		18.025		23.147371		55.521
7.206		4.6326		0.0000		872.300		6.224		18.015		23.163206		55.561
7.202		4.6364		0.0000		872.297		6.227		18.005		23.181797		55.601
7.202		4.6402		0.0000		872.293		6.231		18.005		23.201073		55.641
7.206		4.6438		0.0000		872.289		6.235		18.015		23.218975		55.681
7.214		4.6470		0.0000		872.286		6.238		18.035		23.234810		55.721
7.216		4.6501		0.0000		872.283		6.241		18.040		23.250645		55.761
7.212		4.6533		0.0000		872.280		6.244		18.030		23.266479		55.801
7.206		4.6566		0.0000		872.276		6.248		18.015		23.283005		55.841
7.204		4.6596		0.0000		872.273		6.251		18.010		23.298151		55.881
7.202		4.6628		0.0000		872.270		6.254		18.005		23.313988		55.921
7.196		4.6661		0.0000		872.267		6.257		17.990		23.330513		55.961
7.192		4.6695		0.0000		872.263		6.261		17.980		23.347723		56.001
7.192		4.6734		0.0000		872.259		6.264		17.980		23.367002		56.041
7.194		4.6771		0.0000		872.256		6.268		17.985		23.385592		56.081
7.200		4.6804		0.0000		872.252		6.271		18.000		23.402117		56.121
7.202		4.6836		0.0000		872.249		6.275		18.005		23.417950		56.161
7.200		4.6868		0.0000		872.246		6.278		18.000		23.433784		56.201
7.196		4.6899		0.0000		872.243		6.281		17.990		23.449621		56.241
7.192		4.6931		0.0000		872.240		6.284		17.980		23.465458		56.281
7.188		4.6963		0.0000		872.237		6.287		17.970		23.481293		56.321
7.184		4.6994		0.0000		872.233		6.290		17.960		23.497128		56.361
7.180		4.7027		0.0000		872.230		6.294		17.950		23.513653		56.401
7.178		4.7066		0.0000		872.226		6.298		17.945		23.532928		56.441
7.178		4.7103		0.0000		872.223		6.301		17.945		23.551519		56.481
7.186		4.7139		0.0000		872.219		6.305		17.965		23.569422		56.521
7.190		4.7169		0.0000		872.216		6.308		17.975		23.584568		56.561
7.188		4.7201		0.0000		872.213		6.311		17.970		23.600405		56.601
7.182		4.7234		0.0000		872.209		6.314		17.955		23.616926		56.641
7.180		4.7264		0.0000		872.206		6.317		17.950		23.632072		56.681
7.176		4.7297		0.0000		872.203		6.321		17.940		23.648598		56.721
7.172		4.7329		0.0000		872.200		6.324		17.930		23.664434		56.761
7.170		4.7362		0.0000		872.197		6.327		17.925		23.680958		56.801
7.168		4.7398		0.0000		872.193		6.331		17.920		23.698860		56.841
7.166		4.7436		0.0000		872.189		6.335		17.915		23.718138		56.881
7.172		4.7472		0.0000		872.186		6.338		17.930		23.736038		56.921
7.178		4.7504		0.0000		872.182		6.341		17.945		23.751873		56.961
7.180		4.7535		0.0000		872.179		6.345		17.950		23.767710		57.001
7.176		4.7567		0.0000		872.176		6.348		17.940		23.783546		57.041
7.172		4.7599		0.0000		872.173		6.351		17.930		23.799379		57.081
7.168		4.7630		0.0000		872.170		6.354		17.920		23.815214		57.121
7.164		4.7663		0.0000		872.167		6.357		17.910		23.831739		57.161
7.162		4.7695		0.0000		872.163		6.361		17.905		23.847576		57.201
