数据量:1485
试验力		变形		扩展变形		位置		位移		应力		应变		时间
0.010		0.0012		0.0000		876.881		1.697		0.025		0.006196		0.040
0.010		0.0045		0.0000		876.878		1.700		0.025		0.022721		0.080
0.010		0.0081		0.0000		876.874		1.704		0.025		0.040622		0.120
0.012		0.0117		0.0000		876.871		1.708		0.030		0.058523		0.160
0.014		0.0153		0.0000		876.867		1.711		0.035		0.076423		0.200
0.014		0.0185		0.0000		876.864		1.714		0.035		0.092259		0.240
0.016		0.0216		0.0000		876.861		1.718		0.040		0.108095		0.280
0.018		0.0249		0.0000		876.857		1.721		0.045		0.124618		0.320
0.020		0.0281		0.0000		876.854		1.724		0.050		0.140454		0.360
0.022		0.0314		0.0000		876.851		1.727		0.055		0.156978		0.400
0.024		0.0346		0.0000		876.848		1.730		0.060		0.172814		0.440
0.026		0.0377		0.0000		876.845		1.734		0.065		0.188649		0.480
0.028		0.0414		0.0000		876.841		1.737		0.070		0.207239		0.520
0.032		0.0450		0.0000		876.837		1.741		0.080		0.225140		0.560
0.036		0.0487		0.0000		876.834		1.745		0.090		0.243729		0.600
0.040		0.0519		0.0000		876.830		1.748		0.100		0.259565		0.640
0.044		0.0551		0.0000		876.827		1.751		0.110		0.275400		0.680
0.048		0.0582		0.0000		876.824		1.754		0.120		0.291235		0.720
0.054		0.0616		0.0000		876.821		1.757		0.135		0.307760		0.760
0.058		0.0649		0.0000		876.818		1.761		0.145		0.324284		0.800
0.064		0.0680		0.0000		876.814		1.764		0.160		0.340119		0.840
0.070		0.0712		0.0000		876.811		1.767		0.175		0.355955		0.880
0.076		0.0746		0.0000		876.808		1.771		0.190		0.373167		0.920
0.082		0.0784		0.0000		876.804		1.774		0.205		0.391756		0.960
0.090		0.0819		0.0000		876.800		1.778		0.225		0.409657		1.000
0.098		0.0852		0.0000		876.797		1.781		0.245		0.426182		1.040
0.106		0.0884		0.0000		876.794		1.784		0.265		0.442017		1.080
0.114		0.0917		0.0000		876.791		1.788		0.285		0.458541		1.120
0.122		0.0949		0.0000		876.787		1.791		0.305		0.474377		1.160
0.130		0.0982		0.0000		876.784		1.794		0.325		0.490900		1.200
0.140		0.1015		0.0000		876.781		1.797		0.350		0.507424		1.240
0.150		0.1045		0.0000		876.778		1.800		0.375		0.522572		1.280
0.158		0.1080		0.0000		876.774		1.804		0.395		0.539784		1.320
0.170		0.1117		0.0000		876.771		1.808		0.425		0.558373		1.360
0.182		0.1153		0.0000		876.767		1.811		0.455		0.576274		1.400
0.194		0.1187		0.0000		876.764		1.815		0.485		0.593487		1.440
0.208		0.1219		0.0000		876.760		1.818		0.520		0.609323		1.480
0.220		0.1252		0.0000		876.757		1.821		0.550		0.625846		1.520
0.232		0.1283		0.0000		876.754		1.824		0.580		0.641682		1.560
0.244		0.1315		0.0000		876.751		1.827		0.610		0.657517		1.600
0.258		0.1348		0.0000		876.747		1.831		0.645		0.674042		1.640
0.270		0.1380		0.0000		876.744		1.834		0.675		0.689877		1.680
0.284		0.1413		0.0000		876.741		1.837		0.710		0.706401		1.720
0.296		0.1449		0.0000		876.737		1.841		0.740		0.724302		1.760
0.310		0.1484		0.0000		876.734		1.844		0.775		0.742203		1.800
0.324		0.1520		0.0000		876.730		1.848		0.810		0.760104		1.840
0.340		0.1552		0.0000		876.727		1.851		0.850		0.775940		1.880
0.354		0.1585		0.0000		876.724		1.854		0.885		0.792463		1.920
0.366		0.1618		0.0000		876.721		1.858		0.915		0.808988		1.960
0.380		0.1650		0.0000		876.717		1.861		0.950		0.824823		2.000
0.394		0.1683		0.0000		876.714		1.864		0.985		0.841347		2.040
0.412		0.1714		0.0000		876.711		1.867		1.030		0.857183		2.080
0.430		0.1746		0.0000		876.708		1.871		1.075		0.873018		2.120
0.450		0.1782		0.0000		876.704		1.874		1.125		0.890919		2.160
0.468		0.1818		0.0000		876.701		1.878		1.170		0.908820		2.200
0.488		0.1855		0.0000		876.697		1.881		1.220		0.927410		2.240
0.510		0.1886		0.0000		876.694		1.885		1.275		0.943245		2.280
0.530		0.1920		0.0000		876.690		1.888		1.325		0.959769		2.320
0.550		0.1951		0.0000		876.687		1.891		1.375		0.975605		2.360
0.568		0.1984		0.0000		876.684		1.894		1.420		0.992129		2.400
0.588		0.2016		0.0000		876.681		1.898		1.470		1.007964		2.440
0.606		0.2048		0.0000		876.678		1.901		1.515		1.023800		2.480
0.622		0.2081		0.0000		876.674		1.904		1.555		1.040323		2.520
0.638		0.2114		0.0000		876.671		1.907		1.595		1.056848		2.560
0.652		0.2149		0.0000		876.667		1.911		1.630		1.074749		2.600
0.668		0.2187		0.0000		876.664		1.915		1.670		1.093338		2.640
0.686		0.2220		0.0000		876.660		1.918		1.715		1.109862		2.680
0.706		0.2253		0.0000		876.657		1.921		1.765		1.126386		2.720
0.726		0.2286		0.0000		876.654		1.924		1.815		1.142910		2.760
0.744		0.2317		0.0000		876.651		1.928		1.860		1.158745		2.800
0.764		0.2351		0.0000		876.647		1.931		1.910		1.175269		2.840
0.782		0.2382		0.0000		876.644		1.934		1.955		1.191105		2.880
0.802		0.2414		0.0000		876.641		1.937		2.005		1.206940		2.920
0.822		0.2447		0.0000		876.638		1.941		2.055		1.223465		2.960
0.842		0.2483		0.0000		876.634		1.944		2.105		1.241366		3.000
0.864		0.2519		0.0000		876.630		1.948		2.160		1.259267		3.040
0.886		0.2556		0.0000		876.627		1.951		2.215		1.277856		3.080
0.910		0.2587		0.0000		876.624		1.955		2.275		1.293691		3.120
0.934		0.2619		0.0000		876.620		1.958		2.335		1.309527		3.160
0.954		0.2652		0.0000		876.617		1.961		2.385		1.326051		3.200
0.976		0.2684		0.0000		876.614		1.964		2.440		1.341887		3.240
0.998		0.2715		0.0000		876.611		1.967		2.495		1.357722		3.280
1.020		0.2748		0.0000		876.607		1.971		2.550		1.374246		3.320
1.042		0.2782		0.0000		876.604		1.974		2.605		1.390770		3.360
1.064		0.2815		0.0000		876.601		1.977		2.660		1.407294		3.400
1.088		0.2850		0.0000		876.597		1.981		2.720		1.425195		3.440
1.114		0.2886		0.0000		876.594		1.985		2.785		1.443096		3.480
1.140		0.2921		0.0000		876.590		1.988		2.850		1.460308		3.520
1.168		0.2954		0.0000		876.587		1.991		2.920		1.476833		3.560
1.194		0.2985		0.0000		876.584		1.994		2.985		1.492668		3.600
1.220		0.3018		0.0000		876.581		1.998		3.050		1.509192		3.640
1.248		0.3050		0.0000		876.577		2.001		3.120		1.525027		3.680
1.274		0.3082		0.0000		876.574		2.004		3.185		1.540863		3.720
1.302		0.3115		0.0000		876.571		2.007		3.255		1.557387		3.760
1.330		0.3148		0.0000		876.568		2.011		3.325		1.573911		3.800
1.358		0.3184		0.0000		876.564		2.014		3.395		1.591812		3.840
1.386		0.3221		0.0000		876.560		2.018		3.465		1.610401		3.880
1.418		0.3255		0.0000		876.557		2.021		3.545		1.627614		3.920
1.450		0.3287		0.0000		876.554		2.025		3.625		1.643450		3.960
1.480		0.3319		0.0000		876.550		2.028		3.700		1.659285		4.000
1.508		0.3352		0.0000		876.547		2.031		3.770		1.675809		4.040
1.536		0.3383		0.0000		876.544		2.034		3.840		1.691645		4.080
1.566		0.3416		0.0000		876.541		2.038		3.915		1.708168		4.120
1.594		0.3448		0.0000		876.538		2.041		3.985		1.724004		4.160
1.624		0.3481		0.0000		876.534		2.044		4.060		1.740528		4.200
1.652		0.3515		0.0000		876.531		2.047		4.130		1.757740		4.240
1.684		0.3554		0.0000		876.527		2.051		4.210		1.777019		4.280
1.716		0.3588		0.0000		876.523		2.055		4.290		1.794232		4.320
1.750		0.3620		0.0000		876.520		2.058		4.375		1.810066		4.360
1.782		0.3653		0.0000		876.517		2.061		4.455		1.826591		4.400
1.812		0.3686		0.0000		876.514		2.065		4.530		1.843114		4.440
1.840		0.3718		0.0000		876.511		2.068		4.600		1.858950		4.480
1.870		0.3750		0.0000		876.507		2.071		4.675		1.874786		4.520
1.900		0.3783		0.0000		876.504		2.074		4.750		1.891310		4.560
1.930		0.3814		0.0000		876.501		2.077		4.825		1.907145		4.600
1.960		0.3849		0.0000		876.497		2.081		4.900		1.924358		4.640
1.992		0.3885		0.0000		876.494		2.084		4.980		1.942258		4.680
2.026		0.3923		0.0000		876.490		2.088		5.065		1.961537		4.720
2.062		0.3956		0.0000		876.487		2.092		5.155		1.978061		4.760
2.096		0.3988		0.0000		876.484		2.095		5.240		1.993896		4.800
2.126		0.4019		0.0000		876.480		2.098		5.315		2.009732		4.840
2.156		0.4051		0.0000		876.477		2.101		5.390		2.025567		4.880
2.186		0.4084		0.0000		876.474		2.104		5.465		2.042091		4.920
2.218		0.4116		0.0000		876.471		2.107		5.545		2.057926		4.960
2.248		0.4149		0.0000		876.467		2.111		5.620		2.074451		5.000
2.278		0.4182		0.0000		876.464		2.114		5.695		2.090974		5.040
2.310		0.4218		0.0000		876.461		2.118		5.775		2.108876		5.080
2.344		0.4255		0.0000		876.457		2.121		5.860		2.127466		5.120
2.380		0.4289		0.0000		876.453		2.125		5.950		2.144677		5.160
2.416		0.4321		0.0000		876.450		2.128		6.040		2.160513		5.200
2.450		0.4354		0.0000		876.447		2.131		6.125		2.177038		5.240
2.480		0.4386		0.0000		876.444		2.134		6.200		2.192872		5.280
2.512		0.4419		0.0000		876.440		2.138		6.280		2.209397		5.320
2.544		0.4450		0.0000		876.437		2.141		6.360		2.225232		5.360
2.576		0.4482		0.0000		876.434		2.144		6.440		2.241067		5.400
2.606		0.4514		0.0000		876.431		2.147		6.515		2.256903		5.440
2.638		0.4550		0.0000		876.427		2.151		6.595		2.274804		5.480
2.672		0.4588		0.0000		876.424		2.155		6.680		2.294082		5.520
2.708		0.4624		0.0000		876.420		2.158		6.770		2.311983		5.560
2.746		0.4656		0.0000		876.417		2.161		6.865		2.327818		5.600
2.782		0.4687		0.0000		876.414		2.165		6.955		2.343654		5.640
2.812		0.4719		0.0000		876.410		2.168		7.030		2.359490		5.680
2.844		0.4752		0.0000		876.407		2.171		7.110		2.376013		5.720
2.876		0.4784		0.0000		876.404		2.174		7.190		2.391849		5.760
2.910		0.4815		0.0000		876.401		2.177		7.275		2.407685		5.800
2.942		0.4848		0.0000		876.398		2.181		7.355		2.424209		5.840
2.974		0.4883		0.0000		876.394		2.184		7.435		2.441421		5.880
3.008		0.4920		0.0000		876.390		2.188		7.520		2.460011		5.920
3.044		0.4957		0.0000		876.387		2.192		7.610		2.478600		5.960
3.082		0.4990		0.0000		876.383		2.195		7.705		2.495124		6.000
3.118		0.5022		0.0000		876.380		2.198		7.795		2.510960		6.040
3.150		0.5054		0.0000		876.377		2.201		7.875		2.526795		6.080
3.180		0.5087		0.0000		876.374		2.205		7.950		2.543319		6.120
3.212		0.5118		0.0000		876.370		2.208		8.030		2.559155		6.160
3.244		0.5150		0.0000		876.367		2.211		8.110		2.574990		6.200
3.276		0.5182		0.0000		876.364		2.214		8.190		2.590826		6.240
3.308		0.5215		0.0000		876.361		2.217		8.270		2.607350		6.280
3.342		0.5252		0.0000		876.357		2.221		8.355		2.625939		6.320
3.376		0.5290		0.0000		876.353		2.225		8.440		2.645216		6.360
3.416		0.5323		0.0000		876.350		2.228		8.540		2.661741		6.400
3.452		0.5355		0.0000		876.347		2.231		8.630		2.677577		6.440
3.486		0.5387		0.0000		876.344		2.235		8.715		2.693412		6.480
3.516		0.5420		0.0000		876.340		2.238		8.790		2.709937		6.520
3.546		0.5452		0.0000		876.337		2.241		8.865		2.725771		6.560
3.578		0.5485		0.0000		876.334		2.244		8.945		2.742296		6.600
3.610		0.5516		0.0000		876.331		2.248		9.025		2.758132		6.640
3.640		0.5548		0.0000		876.328		2.251		9.100		2.773966		6.680
3.672		0.5585		0.0000		876.324		2.254		9.180		2.792556		6.720
3.706		0.5622		0.0000		876.320		2.258		9.265		2.811145		6.760
3.742		0.5657		0.0000		876.317		2.262		9.355		2.828358		6.800
3.780		0.5690		0.0000		876.313		2.265		9.450		2.844882		6.840
3.812		0.5721		0.0000		876.310		2.268		9.530		2.860717		6.880
3.842		0.5753		0.0000		876.307		2.271		9.605		2.876553		6.920
3.872		0.5786		0.0000		876.304		2.275		9.680		2.893076		6.960
3.902		0.5818		0.0000		876.301		2.278		9.755		2.908912		7.000
3.932		0.5849		0.0000		876.297		2.281		9.830		2.924748		7.040
3.962		0.5883		0.0000		876.294		2.284		9.905		2.941272		7.080
3.992		0.5917		0.0000		876.291		2.288		9.980		2.958484		7.120
4.022		0.5954		0.0000		876.287		2.291		10.055		2.977074		7.160
4.056		0.5991		0.0000		876.283		2.295		10.140		2.995663		7.200
4.094		0.6024		0.0000		876.280		2.298		10.235		3.012188		7.240
4.128		0.6055		0.0000		876.277		2.301		10.320		3.027335		7.280
4.156		0.6088		0.0000		876.274		2.305		10.390		3.043859		7.320
4.184		0.6119		0.0000		876.270		2.308		10.460		3.059694		7.360
4.212		0.6152		0.0000		876.267		2.311		10.530		3.076218		7.400
4.242		0.6184		0.0000		876.264		2.314		10.605		3.092053		7.440
4.272		0.6216		0.0000		876.261		2.317		10.680		3.107889		7.480
4.300		0.6250		0.0000		876.257		2.321		10.750		3.125102		7.520
4.328		0.6286		0.0000		876.254		2.325		10.820		3.143003		7.560
4.362		0.6325		0.0000		876.250		2.328		10.905		3.162281		7.600
4.396		0.6358		0.0000		876.247		2.332		10.990		3.178804		7.640
4.430		0.6389		0.0000		876.243		2.335		11.075		3.194640		7.680
4.460		0.6421		0.0000		876.240		2.338		11.150		3.210476		7.720
4.486		0.6454		0.0000		876.237		2.341		11.215		3.227000		7.760
4.514		0.6486		0.0000		876.234		2.344		11.285		3.242836		7.800
4.542		0.6517		0.0000		876.231		2.348		11.355		3.258671		7.840
4.570		0.6550		0.0000		876.227		2.351		11.425		3.275195		7.880
4.598		0.6582		0.0000		876.224		2.354		11.495		3.291030		7.920
4.624		0.6619		0.0000		876.220		2.358		11.560		3.309620		7.960
4.654		0.6656		0.0000		876.217		2.362		11.635		3.328209		8.000
4.686		0.6692		0.0000		876.213		2.365		11.715		3.346110		8.040
4.720		0.6724		0.0000		876.210		2.368		11.800		3.361946		8.080
4.748		0.6756		0.0000		876.207		2.371		11.870		3.377781		8.120
4.772		0.6787		0.0000		876.204		2.375		11.930		3.393616		8.160
4.798		0.6820		0.0000		876.200		2.378		11.995		3.410141		8.200
4.822		0.6852		0.0000		876.197		2.381		12.055		3.425977		8.240
4.848		0.6884		0.0000		876.194		2.384		12.120		3.441811		8.280
4.872		0.6917		0.0000		876.191		2.388		12.180		3.458336		8.320
4.896		0.6951		0.0000		876.187		2.391		12.240		3.475549		8.360
4.922		0.6988		0.0000		876.184		2.395		12.305		3.494138		8.400
4.950		0.7025		0.0000		876.180		2.398		12.375		3.512728		8.440
4.982		0.7057		0.0000		876.177		2.402		12.455		3.528562		8.480
5.010		0.7090		0.0000		876.173		2.405		12.525		3.545087		8.520
5.034		0.7122		0.0000		876.170		2.408		12.585		3.560922		8.560
5.056		0.7154		0.0000		876.167		2.411		12.640		3.576757		8.600
5.078		0.7185		0.0000		876.164		2.414		12.695		3.592593		8.640
5.100		0.7218		0.0000		876.161		2.418		12.750		3.609117		8.680
5.122		0.7250		0.0000		876.157		2.421		12.805		3.624952		8.720
5.144		0.7283		0.0000		876.154		2.424		12.860		3.641476		8.760
5.166		0.7322		0.0000		876.150		2.428		12.915		3.660755		8.800
5.192		0.7359		0.0000		876.146		2.432		12.980		3.679344		8.840
5.220		0.7392		0.0000		876.143		2.435		13.050		3.695868		8.880
5.248		0.7423		0.0000		876.140		2.438		13.120		3.711703		8.920
5.270		0.7455		0.0000		876.137		2.441		13.175		3.727539		8.960
5.288		0.7488		0.0000		876.134		2.445		13.220		3.744063		9.000
5.308		0.7520		0.0000		876.130		2.448		13.270		3.759899		9.040
5.328		0.7551		0.0000		876.127		2.451		13.320		3.775734		9.080
5.348		0.7583		0.0000		876.124		2.454		13.370		3.791570		9.120
5.366		0.7616		0.0000		876.121		2.458		13.415		3.808094		9.160
5.386		0.7653		0.0000		876.117		2.461		13.465		3.826683		9.200
5.408		0.7691		0.0000		876.113		2.465		13.520		3.845273		9.240
5.432		0.7726		0.0000		876.110		2.469		13.580		3.863173		9.280
5.458		0.7758		0.0000		876.107		2.472		13.645		3.879009		9.320
5.478		0.7790		0.0000		876.103		2.475		13.695		3.894845		9.360
5.494		0.7821		0.0000		876.100		2.478		13.735		3.910680		9.400
5.510		0.7854		0.0000		876.097		2.481		13.775		3.927204		9.440
5.528		0.7886		0.0000		876.094		2.485		13.820		3.943040		9.480
5.544		0.7918		0.0000		876.091		2.488		13.860		3.958876		9.520
5.560		0.7949		0.0000		876.087		2.491		13.900		3.974710		9.560
5.576		0.7985		0.0000		876.084		2.494		13.940		3.992612		9.600
5.594		0.8022		0.0000		876.080		2.498		13.985		4.011201		9.640
5.616		0.8061		0.0000		876.076		2.502		14.040		4.030478		9.680
5.640		0.8093		0.0000		876.073		2.505		14.100		4.046314		9.720
5.660		0.8123		0.0000		876.070		2.508		14.150		4.061461		9.760
5.672		0.8156		0.0000		876.067		2.512		14.180		4.077986		9.800
5.686		0.8188		0.0000		876.064		2.515		14.215		4.093822		9.840
5.702		0.8219		0.0000		876.060		2.518		14.255		4.109656		9.880
5.716		0.8251		0.0000		876.057		2.521		14.290		4.125492		9.920
5.730		0.8284		0.0000		876.054		2.524		14.325		4.142015		9.960
5.744		0.8317		0.0000		876.051		2.528		14.360		4.158540		10.000
5.758		0.8354		0.0000		876.047		2.531		14.395		4.177130		10.040
5.776		0.8393		0.0000		876.043		2.535		14.440		4.196407		10.080
5.796		0.8426		0.0000		876.040		2.538		14.490		4.212932		10.120
5.816		0.8458		0.0000		876.037		2.542		14.540		4.228766		10.160
5.830		0.8489		0.0000		876.033		2.545		14.575		4.244602		10.200
5.842		0.8522		0.0000		876.030		2.548		14.605		4.261127		10.240
5.852		0.8554		0.0000		876.027		2.551		14.630		4.276962		10.280
5.864		0.8586		0.0000		876.024		2.554		14.660		4.292798		10.320
5.876		0.8617		0.0000		876.021		2.558		14.690		4.308633		10.360
5.886		0.8650		0.0000		876.017		2.561		14.715		4.325157		10.400
5.898		0.8687		0.0000		876.014		2.565		14.745		4.343746		10.440
5.912		0.8726		0.0000		876.010		2.569		14.780		4.363025		10.480
5.932		0.8760		0.0000		876.006		2.572		14.830		4.380238		10.520
5.950		0.8792		0.0000		876.003		2.575		14.875		4.396072		10.560
5.962		0.8824		0.0000		876.000		2.578		14.905		4.411908		10.600
5.970		0.8855		0.0000		875.997		2.581		14.925		4.427743		10.640
5.980		0.8889		0.0000		875.993		2.585		14.950		4.444267		10.680
5.990		0.8920		0.0000		875.990		2.588		14.975		4.460103		10.720
6.000		0.8952		0.0000		875.987		2.591		15.000		4.475939		10.760
6.008		0.8984		0.0000		875.984		2.594		15.020		4.491775		10.800
6.018		0.9019		0.0000		875.980		2.598		15.045		4.509675		10.840
6.028		0.9058		0.0000		875.977		2.602		15.070		4.528954		10.880
6.044		0.9094		0.0000		875.973		2.605		15.110		4.546854		10.920
6.062		0.9125		0.0000		875.970		2.608		15.155		4.562690		10.960
6.074		0.9158		0.0000		875.966		2.612		15.185		4.579213		11.000
6.082		0.9190		0.0000		875.963		2.615		15.205		4.595049		11.040
6.090		0.9222		0.0000		875.960		2.618		15.225		4.610885		11.080
6.098		0.9253		0.0000		875.957		2.621		15.245		4.626720		11.120
6.106		0.9285		0.0000		875.954		2.624		15.265		4.642555		11.160
6.114		0.9317		0.0000		875.951		2.628		15.285		4.658391		11.200
6.122		0.9351		0.0000		875.947		2.631		15.305		4.675603		11.240
6.130		0.9390		0.0000		875.943		2.635		15.325		4.694882		11.280
6.144		0.9427		0.0000		875.940		2.639		15.360		4.713471		11.320
6.160		0.9460		0.0000		875.936		2.642		15.400		4.729995		11.360
6.172		0.9492		0.0000		875.933		2.645		15.430		4.745831		11.400
6.180		0.9523		0.0000		875.930		2.648		15.450		4.761667		11.440
6.184		0.9556		0.0000		875.927		2.652		15.460		4.778190		11.480
6.190		0.9588		0.0000		875.924		2.655		15.475		4.794026		11.520
6.196		0.9620		0.0000		875.920		2.658		15.490		4.809861		11.560
6.202		0.9651		0.0000		875.917		2.661		15.505		4.825696		11.600
6.210		0.9684		0.0000		875.914		2.664		15.525		4.842221		11.640
6.216		0.9722		0.0000		875.910		2.668		15.540		4.860811		11.680
6.226		0.9760		0.0000		875.906		2.672		15.565		4.880088		11.720
6.240		0.9795		0.0000		875.903		2.675		15.600		4.897301		11.760
6.254		0.9826		0.0000		875.900		2.679		15.635		4.913136		11.800
6.262		0.9858		0.0000		875.897		2.682		15.655		4.928972		11.840
6.266		0.9890		0.0000		875.893		2.685		15.665		4.944807		11.880
6.270		0.9921		0.0000		875.890		2.688		15.675		4.960642		11.920
6.274		0.9954		0.0000		875.887		2.691		15.685		4.977166		11.960
6.280		0.9986		0.0000		875.884		2.695		15.700		4.993002		12.000
6.284		1.0018		0.0000		875.881		2.698		15.710		5.008838		12.040
6.288		1.0053		0.0000		875.877		2.701		15.720		5.026738		12.080
6.296		1.0092		0.0000		875.873		2.705		15.740		5.046017		12.120
6.308		1.0129		0.0000		875.869		2.709		15.770		5.064606		12.160
6.322		1.0160		0.0000		875.866		2.712		15.805		5.079753		12.200
6.332		1.0191		0.0000		875.863		2.715		15.830		5.095589		12.240
6.336		1.0224		0.0000		875.860		2.718		15.840		5.112112		12.280
6.340		1.0256		0.0000		875.857		2.722		15.850		5.127948		12.320
6.344		1.0288		0.0000		875.854		2.725		15.860		5.143784		12.360
6.348		1.0321		0.0000		875.850		2.728		15.870		5.160307		12.400
6.352		1.0352		0.0000		875.847		2.731		15.880		5.176143		12.440
6.356		1.0385		0.0000		875.844		2.734		15.890		5.192667		12.480
6.360		1.0424		0.0000		875.840		2.738		15.900		5.211945		12.520
6.370		1.0461		0.0000		875.836		2.742		15.925		5.230535		12.560
6.382		1.0494		0.0000		875.833		2.745		15.955		5.247058		12.600
6.392		1.0526		0.0000		875.830		2.748		15.980		5.262894		12.640
6.396		1.0557		0.0000		875.827		2.752		15.990		5.278730		12.680
6.400		1.0591		0.0000		875.823		2.755		16.000		5.295253		12.720
6.404		1.0622		0.0000		875.820		2.758		16.010		5.311089		12.760
6.406		1.0654		0.0000		875.817		2.761		16.015		5.326925		12.800
6.410		1.0686		0.0000		875.814		2.764		16.025		5.342761		12.840
6.412		1.0719		0.0000		875.810		2.768		16.030		5.359284		12.880
6.416		1.0756		0.0000		875.807		2.771		16.040		5.377874		12.920
6.422		1.0794		0.0000		875.803		2.775		16.055		5.397151		12.960
6.434		1.0829		0.0000		875.799		2.779		16.085		5.414364		13.000
6.446		1.0859		0.0000		875.796		2.782		16.115		5.429512		13.040
6.450		1.0892		0.0000		875.793		2.785		16.125		5.446035		13.080
6.452		1.0924		0.0000		875.790		2.788		16.130		5.461871		13.120
6.456		1.0955		0.0000		875.787		2.791		16.140		5.477705		13.160
6.458		1.0987		0.0000		875.784		2.795		16.145		5.493541		13.200
6.462		1.1019		0.0000		875.780		2.798		16.155		5.509377		13.240
6.466		1.1052		0.0000		875.777		2.801		16.165		5.525901		13.280
6.470		1.1088		0.0000		875.774		2.805		16.175		5.543802		13.320
6.476		1.1126		0.0000		875.770		2.809		16.190		5.563080		13.360
6.486		1.1162		0.0000		875.766		2.812		16.215		5.580981		13.400
6.498		1.1195		0.0000		875.763		2.815		16.245		5.597505		13.440
6.504		1.1227		0.0000		875.760		2.819		16.260		5.613341		13.480
6.508		1.1258		0.0000		875.756		2.822		16.270		5.629177		13.520
6.510		1.1290		0.0000		875.753		2.825		16.275		5.645011		13.560
6.512		1.1322		0.0000		875.750		2.828		16.280		5.660847		13.600
6.514		1.1353		0.0000		875.747		2.831		16.285		5.676682		13.640
6.518		1.1385		0.0000		875.744		2.834		16.295		5.692518		13.680
6.520		1.1419		0.0000		875.740		2.838		16.300		5.709731		13.720
6.524		1.1458		0.0000		875.737		2.842		16.310		5.729008		13.760
6.534		1.1497		0.0000		875.733		2.846		16.335		5.748287		13.800
6.546		1.1528		0.0000		875.729		2.849		16.365		5.764122		13.840
6.556		1.1560		0.0000		875.726		2.852		16.390		5.779957		13.880
6.558		1.1592		0.0000		875.723		2.855		16.395		5.795793		13.920
6.558		1.1623		0.0000		875.720		2.858		16.395		5.811629		13.960
6.560		1.1656		0.0000		875.717		2.862		16.400		5.828152		14.000
6.562		1.1688		0.0000		875.714		2.865		16.405		5.843988		14.040
6.566		1.1720		0.0000		875.710		2.868		16.415		5.859824		14.080
6.568		1.1753		0.0000		875.707		2.871		16.420		5.876348		14.120
6.570		1.1790		0.0000		875.703		2.875		16.425		5.894937		14.160
6.578		1.1828		0.0000		875.699		2.879		16.445		5.914216		14.200
6.588		1.1863		0.0000		875.696		2.882		16.470		5.931428		14.240
6.600		1.1895		0.0000		875.693		2.885		16.500		5.947263		14.280
6.604		1.1926		0.0000		875.690		2.889		16.510		5.963099		14.320
6.604		1.1958		0.0000		875.687		2.892		16.510		5.978934		14.360
6.606		1.1990		0.0000		875.683		2.895		16.515		5.994770		14.400
6.608		1.2021		0.0000		875.680		2.898		16.520		6.010606		14.440
6.610		1.2053		0.0000		875.677		2.901		16.525		6.026440		14.480
6.612		1.2085		0.0000		875.674		2.904		16.530		6.042276		14.520
6.614		1.2122		0.0000		875.670		2.908		16.535		6.060865		14.560
6.620		1.2160		0.0000		875.666		2.912		16.550		6.080144		14.600
6.630		1.2197		0.0000		875.663		2.916		16.575		6.098733		14.640
6.642		1.2228		0.0000		875.660		2.919		16.605		6.113880		14.680
6.648		1.2259		0.0000		875.656		2.922		16.620		6.129716		14.720
6.650		1.2292		0.0000		875.653		2.925		16.625		6.146240		14.760
6.652		1.2324		0.0000		875.650		2.928		16.630		6.162076		14.800
6.654		1.2356		0.0000		875.647		2.931		16.635		6.177911		14.840
6.656		1.2387		0.0000		875.644		2.935		16.640		6.193746		14.880
6.658		1.2419		0.0000		875.640		2.938		16.645		6.209581		14.920
6.660		1.2455		0.0000		875.637		2.941		16.650		6.227483		14.960
6.664		1.2492		0.0000		875.633		2.945		16.660		6.246073		15.000
6.672		1.2529		0.0000		875.629		2.949		16.680		6.264662		15.040
6.684		1.2562		0.0000		875.626		2.952		16.710		6.281186		15.080
6.690		1.2594		0.0000		875.623		2.955		16.725		6.297021		15.120
6.692		1.2626		0.0000		875.620		2.958		16.730		6.312856		15.160
6.692		1.2657		0.0000		875.617		2.962		16.730		6.328692		15.200
6.694		1.2690		0.0000		875.613		2.965		16.735		6.345217		15.240
6.696		1.2721		0.0000		875.610		2.968		16.740		6.360363		15.280
6.696		1.2752		0.0000		875.607		2.971		16.740		6.376199		15.320
6.698		1.2787		0.0000		875.604		2.975		16.745		6.393411		15.360
6.700		1.2824		0.0000		875.600		2.978		16.750		6.412000		15.400
6.706		1.2863		0.0000		875.596		2.982		16.765		6.431279		15.440
6.718		1.2897		0.0000		875.593		2.986		16.795		6.448491		15.480
6.728		1.2929		0.0000		875.589		2.989		16.820		6.464327		15.520
6.730		1.2960		0.0000		875.586		2.992		16.825		6.480162		15.560
6.730		1.2993		0.0000		875.583		2.995		16.825		6.496686		15.600
6.732		1.3024		0.0000		875.580		2.998		16.830		6.511833		15.640
6.732		1.3055		0.0000		875.577		3.001		16.830		6.527669		15.680
6.734		1.3087		0.0000		875.574		3.005		16.835		6.543505		15.720
6.736		1.3120		0.0000		875.570		3.008		16.840		6.560028		15.760
6.738		1.3156		0.0000		875.567		3.011		16.845		6.577929		15.800
6.742		1.3196		0.0000		875.563		3.015		16.855		6.597895		15.840
6.752		1.3232		0.0000		875.559		3.019		16.880		6.615797		15.880
6.762		1.3262		0.0000		875.556		3.022		16.905		6.630943		15.920
6.768		1.3294		0.0000		875.553		3.025		16.920		6.646779		15.960
6.768		1.3327		0.0000		875.550		3.029		16.920		6.663303		16.000
6.768		1.3358		0.0000		875.547		3.032		16.920		6.679139		16.040
6.770		1.3390		0.0000		875.543		3.035		16.925		6.694974		16.080
6.772		1.3422		0.0000		875.540		3.038		16.930		6.710810		16.120
6.772		1.3453		0.0000		875.537		3.041		16.930		6.726645		16.160
6.774		1.3488		0.0000		875.534		3.045		16.935		6.743857		16.200
6.778		1.3526		0.0000		875.530		3.049		16.945		6.763136		16.240
6.786		1.3565		0.0000		875.526		3.052		16.965		6.782413		16.280
6.796		1.3596		0.0000		875.523		3.056		16.990		6.798249		16.320
6.802		1.3628		0.0000		875.520		3.059		17.005		6.814085		16.360
6.804		1.3660		0.0000		875.516		3.062		17.010		6.829920		16.400
6.804		1.3692		0.0000		875.513		3.065		17.010		6.845756		16.440
6.804		1.3723		0.0000		875.510		3.068		17.010		6.861591		16.480
6.806		1.3756		0.0000		875.507		3.072		17.015		6.878116		16.520
6.806		1.3788		0.0000		875.504		3.075		17.015		6.893950		16.560
6.808		1.3821		0.0000		875.500		3.078		17.020		6.910475		16.600
6.810		1.3860		0.0000		875.496		3.082		17.025		6.929752		16.640
6.816		1.3897		0.0000		875.493		3.086		17.040		6.948342		16.680
6.828		1.3931		0.0000		875.489		3.089		17.070		6.965554		16.720
6.836		1.3963		0.0000		875.486		3.092		17.090		6.981390		16.760
6.840		1.3994		0.0000		875.483		3.095		17.100		6.997226		16.800
6.840		1.4026		0.0000		875.480		3.099		17.100		7.013062		16.840
6.840		1.4058		0.0000		875.477		3.102		17.100		7.028896		16.880
6.842		1.4089		0.0000		875.473		3.105		17.105		7.044732		16.920
6.844		1.4123		0.0000		875.470		3.108		17.110		7.061255		16.960
6.844		1.4153		0.0000		875.467		3.111		17.110		7.076404		17.000
6.846		1.4190		0.0000		875.463		3.115		17.115		7.094993		17.040
6.852		1.4230		0.0000		875.459		3.119		17.130		7.114959		17.080
6.862		1.4264		0.0000		875.456		3.122		17.155		7.132172		17.120
6.872		1.4297		0.0000		875.453		3.126		17.180		7.148695		17.160
6.876		1.4328		0.0000		875.450		3.129		17.190		7.163842		17.200
6.874		1.4359		0.0000		875.446		3.132		17.185		7.179678		17.240
6.876		1.4392		0.0000		875.443		3.135		17.190		7.196202		17.280
6.876		1.4424		0.0000		875.440		3.138		17.190		7.212038		17.320
6.878		1.4456		0.0000		875.437		3.141		17.195		7.227873		17.360
6.878		1.4487		0.0000		875.434		3.145		17.195		7.243709		17.400
6.878		1.4523		0.0000		875.430		3.148		17.195		7.261610		17.440
6.882		1.4560		0.0000		875.426		3.152		17.205		7.280199		17.480
6.890		1.4598		0.0000		875.423		3.156		17.225		7.298789		17.520
6.902		1.4632		0.0000		875.419		3.159		17.255		7.316001		17.560
6.908		1.4662		0.0000		875.416		3.162		17.270		7.331148		17.600
6.910		1.4694		0.0000		875.413		3.165		17.275		7.346983		17.640
6.910		1.4726		0.0000		875.410		3.168		17.275		7.362819		17.680
6.910		1.4757		0.0000		875.407		3.172		17.275		7.378655		17.720
6.912		1.4790		0.0000		875.403		3.175		17.280		7.395179		17.760
6.914		1.4822		0.0000		875.400		3.178		17.285		7.411015		17.800
6.914		1.4855		0.0000		875.397		3.181		17.285		7.427538		17.840
6.916		1.4892		0.0000		875.393		3.185		17.290		7.446127		17.880
6.922		1.4931		0.0000		875.389		3.189		17.305		7.465406		17.920
6.932		1.4965		0.0000		875.386		3.192		17.330		7.482619		17.960
6.940		1.4997		0.0000		875.383		3.196		17.350		7.498453		18.000
6.942		1.5027		0.0000		875.380		3.199		17.355		7.513601		18.040
6.942		1.5060		0.0000		875.376		3.202		17.355		7.530125		18.080
6.944		1.5093		0.0000		875.373		3.205		17.360		7.546649		18.120
6.946		1.5124		0.0000		875.370		3.208		17.365		7.561795		18.160
6.946		1.5155		0.0000		875.367		3.211		17.365		7.577631		18.200
6.948		1.5188		0.0000		875.364		3.215		17.370		7.594156		18.240
6.950		1.5224		0.0000		875.360		3.218		17.375		7.612056		18.280
6.956		1.5264		0.0000		875.356		3.222		17.390		7.632022		18.320
6.964		1.5300		0.0000		875.352		3.226		17.410		7.649924		18.360
6.976		1.5332		0.0000		875.349		3.229		17.440		7.665759		18.400
6.980		1.5362		0.0000		875.346		3.232		17.450		7.680907		18.440
6.978		1.5393		0.0000		875.343		3.235		17.445		7.696741		18.480
6.980		1.5427		0.0000		875.340		3.239		17.450		7.713266		18.520
6.982		1.5458		0.0000		875.336		3.242		17.455		7.729101		18.560
6.982		1.5488		0.0000		875.333		3.245		17.455		7.744248		18.600
6.984		1.5522		0.0000		875.330		3.248		17.460		7.760772		18.640
6.984		1.5557		0.0000		875.327		3.252		17.460		7.778673		18.680
6.988		1.5596		0.0000		875.323		3.256		17.470		7.797951		18.720
6.996		1.5633		0.0000		875.319		3.259		17.490		7.816541		18.760
7.006		1.5665		0.0000		875.316		3.262		17.515		7.832376		18.800
7.012		1.5696		0.0000		875.313		3.266		17.530		7.848212		18.840
7.012		1.5728		0.0000		875.310		3.269		17.530		7.864047		18.880
7.012		1.5761		0.0000		875.306		3.272		17.530		7.880571		18.920
7.012		1.5793		0.0000		875.303		3.275		17.530		7.896406		18.960
7.012		1.5824		0.0000		875.300		3.278		17.530		7.912242		19.000
7.012		1.5856		0.0000		875.297		3.282		17.530		7.928078		19.040
7.014		1.5889		0.0000		875.293		3.285		17.535		7.944601		19.080
7.016		1.5928		0.0000		875.290		3.289		17.540		7.963880		19.120
7.022		1.5966		0.0000		875.286		3.293		17.555		7.983157		19.160
7.032		1.5999		0.0000		875.282		3.296		17.580		7.999682		19.200
7.040		1.6031		0.0000		875.279		3.299		17.600		8.015517		19.240
7.042		1.6061		0.0000		875.276		3.302		17.605		8.030664		19.280
7.040		1.6094		0.0000		875.273		3.305		17.600		8.047188		19.320
7.040		1.6126		0.0000		875.270		3.309		17.600		8.063024		19.360
7.040		1.6158		0.0000		875.267		3.312		17.600		8.078859		19.400
7.040		1.6189		0.0000		875.263		3.315		17.600		8.094695		19.440
7.040		1.6222		0.0000		875.260		3.318		17.600		8.111218		19.480
7.042		1.6260		0.0000		875.256		3.322		17.605		8.129808		19.520
7.046		1.6298		0.0000		875.253		3.326		17.615		8.149086		19.560
7.056		1.6334		0.0000		875.249		3.329		17.640		8.166987		19.600
7.064		1.6364		0.0000		875.246		3.332		17.660		8.182134		19.640
7.068		1.6396		0.0000		875.243		3.336		17.670		8.197969		19.680
7.068		1.6429		0.0000		875.239		3.339		17.670		8.214494		19.720
7.068		1.6459		0.0000		875.236		3.342		17.670		8.229640		19.760
7.068		1.6492		0.0000		875.233		3.345		17.670		8.246165		19.800
7.070		1.6523		0.0000		875.230		3.348		17.675		8.261312		19.840
7.070		1.6556		0.0000		875.227		3.351		17.675		8.277835		19.880
7.070		1.6590		0.0000		875.223		3.355		17.675		8.295048		19.920
7.074		1.6629		0.0000		875.219		3.359		17.685		8.314326		19.960
7.082		1.6667		0.0000		875.216		3.363		17.705		8.333604		20.000
7.092		1.6699		0.0000		875.212		3.366		17.730		8.349440		20.040
7.098		1.6731		0.0000		875.209		3.369		17.745		8.365275		20.080
7.098		1.6762		0.0000		875.206		3.372		17.745		8.381111		20.120
7.098		1.6795		0.0000		875.203		3.375		17.745		8.397635		20.160
7.100		1.6827		0.0000		875.200		3.379		17.750		8.413470		20.200
7.100		1.6859		0.0000		875.196		3.382		17.750		8.429306		20.240
7.102		1.6889		0.0000		875.193		3.385		17.755		8.444453		20.280
7.102		1.6923		0.0000		875.190		3.388		17.755		8.461665		20.320
7.102		1.6962		0.0000		875.186		3.392		17.755		8.480943		20.360
7.108		1.7000		0.0000		875.182		3.396		17.770		8.500221		20.400
7.120		1.7033		0.0000		875.179		3.399		17.800		8.516745		20.440
7.128		1.7065		0.0000		875.176		3.402		17.820		8.532580		20.480
7.128		1.7097		0.0000		875.173		3.406		17.820		8.548416		20.520
7.126		1.7129		0.0000		875.169		3.409		17.815		8.564251		20.560
7.126		1.7160		0.0000		875.166		3.412		17.815		8.580087		20.600
7.128		1.7192		0.0000		875.163		3.415		17.820		8.595922		20.640
7.128		1.7224		0.0000		875.160		3.418		17.820		8.611758		20.680
7.128		1.7257		0.0000		875.157		3.422		17.820		8.628282		20.720
7.130		1.7294		0.0000		875.153		3.425		17.825		8.646872		20.760
7.134		1.7332		0.0000		875.149		3.429		17.835		8.666150		20.800
7.144		1.7367		0.0000		875.146		3.433		17.860		8.683363		20.840
7.154		1.7398		0.0000		875.143		3.436		17.885		8.699197		20.880
7.158		1.7431		0.0000		875.139		3.439		17.895		8.715722		20.920
7.158		1.7463		0.0000		875.136		3.442		17.895		8.731557		20.960
7.158		1.7495		0.0000		875.133		3.445		17.895		8.747393		21.000
7.158		1.7525		0.0000		875.130		3.448		17.895		8.762539		21.040
7.158		1.7557		0.0000		875.127		3.452		17.895		8.778375		21.080
7.158		1.7590		0.0000		875.123		3.455		17.895		8.794900		21.120
7.158		1.7626		0.0000		875.120		3.458		17.895		8.812800		21.160
7.162		1.7664		0.0000		875.116		3.462		17.905		8.832079		21.200
7.172		1.7701		0.0000		875.112		3.466		17.930		8.850668		21.240
7.182		1.7732		0.0000		875.109		3.469		17.955		8.865815		21.280
7.188		1.7765		0.0000		875.106		3.472		17.970		8.882339		21.320
7.188		1.7796		0.0000		875.103		3.476		17.970		8.898174		21.360
7.188		1.7828		0.0000		875.100		3.479		17.970		8.914010		21.400
7.188		1.7861		0.0000		875.096		3.482		17.970		8.930533		21.440
7.188		1.7891		0.0000		875.093		3.485		17.970		8.945681		21.480
7.188		1.7924		0.0000		875.090		3.488		17.970		8.962205		21.520
7.188		1.7959		0.0000		875.086		3.492		17.970		8.979418		21.560
7.190		1.7996		0.0000		875.083		3.496		17.975		8.998007		21.600
7.196		1.8035		0.0000		875.079		3.499		17.990		9.017284		21.640
7.206		1.8066		0.0000		875.076		3.503		18.015		9.033120		21.680
7.214		1.8099		0.0000		875.072		3.506		18.035		9.049644		21.720
7.216		1.8131		0.0000		875.069		3.509		18.040		9.065479		21.760
7.216		1.8163		0.0000		875.066		3.512		18.040		9.081315		21.800
7.216		1.8194		0.0000		875.063		3.515		18.040		9.097151		21.840
7.218		1.8225		0.0000		875.060		3.518		18.045		9.112298		21.880
7.218		1.8258		0.0000		875.057		3.522		18.045		9.128821		21.920
7.218		1.8291		0.0000		875.053		3.525		18.045		9.145345		21.960
7.220		1.8328		0.0000		875.050		3.529		18.050		9.163935		22.000
7.224		1.8368		0.0000		875.046		3.533		18.060		9.183902		22.040
7.234		1.8401		0.0000		875.042		3.536		18.085		9.200426		22.080
7.244		1.8433		0.0000		875.039		3.539		18.110		9.216262		22.120
7.246		1.8464		0.0000		875.036		3.542		18.115		9.232096		22.160
7.246		1.8497		0.0000		875.033		3.546		18.115		9.248621		22.200
7.246		1.8529		0.0000		875.029		3.549		18.115		9.264457		22.240
7.246		1.8559		0.0000		875.026		3.552		18.115		9.279603		22.280
7.246		1.8592		0.0000		875.023		3.555		18.115		9.296127		22.320
7.246		1.8624		0.0000		875.020		3.558		18.115		9.311963		22.360
7.248		1.8660		0.0000		875.016		3.562		18.120		9.329864		22.400
7.250		1.8698		0.0000		875.013		3.566		18.125		9.349142		22.440
7.258		1.8735		0.0000		875.009		3.569		18.145		9.367731		22.480
7.270		1.8767		0.0000		875.006		3.573		18.175		9.383567		22.520
7.274		1.8799		0.0000		875.002		3.576		18.185		9.399402		22.560
7.274		1.8830		0.0000		874.999		3.579		18.185		9.415237		22.600
7.272		1.8864		0.0000		874.996		3.582		18.180		9.431762		22.640
7.272		1.8894		0.0000		874.993		3.585		18.180		9.446909		22.680
7.272		1.8925		0.0000		874.990		3.588		18.180		9.462745		22.720
7.272		1.8957		0.0000		874.987		3.592		18.180		9.478580		22.760
7.272		1.8992		0.0000		874.983		3.595		18.180		9.495791		22.800
7.272		1.9030		0.0000		874.979		3.599		18.180		9.515070		22.840
7.280		1.9069		0.0000		874.975		3.603		18.200		9.534348		22.880
7.292		1.9102		0.0000		874.972		3.606		18.230		9.550873		22.920
7.298		1.9133		0.0000		874.969		3.609		18.245		9.566709		22.960
7.298		1.9165		0.0000		874.966		3.612		18.245		9.582542		23.000
7.298		1.9197		0.0000		874.963		3.616		18.245		9.598378		23.040
7.298		1.9228		0.0000		874.959		3.619		18.245		9.614214		23.080
7.298		1.9260		0.0000		874.956		3.622		18.245		9.630050		23.120
7.298		1.9292		0.0000		874.953		3.625		18.245		9.645885		23.160
7.298		1.9325		0.0000		874.950		3.628		18.245		9.662410		23.200
7.298		1.9362		0.0000		874.946		3.632		18.245		9.680999		23.240
7.302		1.9401		0.0000		874.942		3.636		18.255		9.700276		23.280
7.314		1.9436		0.0000		874.939		3.640		18.285		9.718178		23.320
7.322		1.9468		0.0000		874.936		3.643		18.305		9.734014		23.360
7.326		1.9498		0.0000		874.932		3.646		18.315		9.749161		23.400
7.326		1.9531		0.0000		874.929		3.649		18.315		9.765684		23.440
7.326		1.9562		0.0000		874.926		3.652		18.315		9.780830		23.480
7.326		1.9595		0.0000		874.923		3.655		18.315		9.797356		23.520
7.326		1.9626		0.0000		874.920		3.659		18.315		9.813190		23.560
7.326		1.9658		0.0000		874.917		3.662		18.315		9.829026		23.600
7.326		1.9694		0.0000		874.913		3.665		18.315		9.846928		23.640
7.330		1.9734		0.0000		874.909		3.669		18.325		9.866894		23.680
7.338		1.9771		0.0000		874.905		3.673		18.345		9.885484		23.720
7.350		1.9801		0.0000		874.902		3.676		18.375		9.900630		23.760
7.354		1.9833		0.0000		874.899		3.679		18.385		9.916466		23.800
7.352		1.9865		0.0000		874.896		3.682		18.380		9.932302		23.840
7.352		1.9896		0.0000		874.893		3.686		18.380		9.948136		23.880
7.352		1.9928		0.0000		874.890		3.689		18.380		9.963972		23.920
7.352		1.9960		0.0000		874.886		3.692		18.380		9.979808		23.960
7.352		1.9991		0.0000		874.883		3.695		18.380		9.995644		24.000
7.352		2.0026		0.0000		874.880		3.698		18.380		10.012856		24.040
7.354		2.0064		0.0000		874.876		3.702		18.385		10.032134		24.080
7.362		2.0104		0.0000		874.872		3.706		18.405		10.052099		24.120
7.372		2.0136		0.0000		874.869		3.710		18.430		10.067935		24.160
7.380		2.0168		0.0000		874.866		3.713		18.450		10.083771		24.200
7.380		2.0199		0.0000		874.862		3.716		18.450		10.099607		24.240
7.378		2.0231		0.0000		874.859		3.719		18.445		10.115442		24.280
7.376		2.0263		0.0000		874.856		3.722		18.440		10.131278		24.320
7.376		2.0294		0.0000		874.853		3.725		18.440		10.147114		24.360
7.376		2.0326		0.0000		874.850		3.729		18.440		10.162950		24.400
7.376		2.0358		0.0000		874.847		3.732		18.440		10.178783		24.440
7.376		2.0396		0.0000		874.843		3.736		18.440		10.198061		24.480
7.382		2.0436		0.0000		874.839		3.740		18.455		10.218029		24.520
7.394		2.0469		0.0000		874.835		3.743		18.485		10.234554		24.560
7.404		2.0501		0.0000		874.832		3.746		18.510		10.250387		24.600
7.406		2.0532		0.0000		874.829		3.749		18.515		10.266223		24.640
7.404		2.0564		0.0000		874.826		3.752		18.510		10.282059		24.680
7.404		2.0597		0.0000		874.823		3.756		18.510		10.298584		24.720
7.404		2.0629		0.0000		874.819		3.759		18.510		10.314419		24.760
7.404		2.0659		0.0000		874.816		3.762		18.510		10.329566		24.800
7.402		2.0692		0.0000		874.813		3.765		18.505		10.346090		24.840
7.402		2.0728		0.0000		874.810		3.769		18.505		10.363991		24.880
7.406		2.0768		0.0000		874.806		3.773		18.515		10.383957		24.920
7.414		2.0802		0.0000		874.802		3.776		18.535		10.401171		24.960
7.424		2.0835		0.0000		874.799		3.779		18.560		10.417692		25.000
7.428		2.0867		0.0000		874.796		3.783		18.570		10.433529		25.040
7.428		2.0899		0.0000		874.792		3.786		18.570		10.449364		25.080
7.428		2.0930		0.0000		874.789		3.789		18.570		10.465200		25.120
7.428		2.0962		0.0000		874.786		3.792		18.570		10.481035		25.160
7.428		2.0994		0.0000		874.783		3.795		18.570		10.496872		25.200
7.428		2.1025		0.0000		874.780		3.798		18.570		10.512707		25.240
7.428		2.1060		0.0000		874.776		3.802		18.570		10.529919		25.280
7.430		2.1100		0.0000		874.772		3.806		18.575		10.549887		25.320
7.438		2.1138		0.0000		874.768		3.810		18.595		10.569164		25.360
7.450		2.1170		0.0000		874.765		3.813		18.625		10.584998		25.400
7.458		2.1202		0.0000		874.762		3.816		18.645		10.600834		25.440
7.456		2.1232		0.0000		874.759		3.819		18.640		10.615980		25.480
7.456		2.1265		0.0000		874.756		3.822		18.640		10.632505		25.520
7.456		2.1297		0.0000		874.753		3.826		18.640		10.648341		25.560
7.456		2.1328		0.0000		874.750		3.829		18.640		10.664177		25.600
7.454		2.1360		0.0000		874.746		3.832		18.635		10.680013		25.640
7.454		2.1393		0.0000		874.743		3.835		18.635		10.696535		25.680
7.454		2.1430		0.0000		874.739		3.839		18.635		10.715124		25.720
7.460		2.1470		0.0000		874.735		3.843		18.650		10.735092		25.760
7.470		2.1505		0.0000		874.732		3.846		18.675		10.752304		25.800
7.480		2.1536		0.0000		874.729		3.850		18.700		10.768139		25.840
7.480		2.1567		0.0000		874.726		3.853		18.700		10.783286		25.880
7.478		2.1598		0.0000		874.723		3.856		18.695		10.799122		25.920
7.476		2.1631		0.0000		874.719		3.859		18.690		10.815647		25.960
7.476		2.1662		0.0000		874.716		3.862		18.690		10.830793		26.000
7.476		2.1693		0.0000		874.713		3.865		18.690		10.846629		26.040
7.474		2.1725		0.0000		874.710		3.868		18.685		10.862465		26.080
7.474		2.1762		0.0000		874.706		3.872		18.685		10.881054		26.120
7.478		2.1802		0.0000		874.702		3.876		18.695		10.901020		26.160
7.488		2.1838		0.0000		874.699		3.880		18.720		10.918922		26.200
7.498		2.1870		0.0000		874.695		3.883		18.745		10.934758		26.240
7.500		2.1900		0.0000		874.692		3.886		18.750		10.949905		26.280
7.498		2.1933		0.0000		874.689		3.889		18.745		10.966427		26.320
7.496		2.1965		0.0000		874.686		3.892		18.740		10.982264		26.360
7.496		2.1996		0.0000		874.683		3.896		18.740		10.998098		26.400
7.494		2.2028		0.0000		874.680		3.899		18.735		11.013935		26.440
7.494		2.2060		0.0000		874.676		3.902		18.735		11.029770		26.480
7.492		2.2095		0.0000		874.673		3.905		18.730		11.047670		26.520
7.494		2.2133		0.0000		874.669		3.909		18.735		11.066260		26.560
7.502		2.2171		0.0000		874.665		3.913		18.755		11.085539		26.600
7.514		2.2204		0.0000		874.662		3.916		18.785		11.102064		26.640
7.520		2.2234		0.0000		874.659		3.919		18.800		11.117210		26.680
7.520		2.2266		0.0000		874.656		3.923		18.800		11.133046		26.720
7.518		2.2299		0.0000		874.652		3.926		18.795		11.149569		26.760
7.516		2.2331		0.0000		874.649		3.929		18.790		11.165404		26.800
7.516		2.2361		0.0000		874.646		3.932		18.790		11.180552		26.840
7.516		2.2393		0.0000		874.643		3.935		18.790		11.196386		26.880
7.514		2.2426		0.0000		874.640		3.938		18.785		11.212912		26.920
7.514		2.2464		0.0000		874.636		3.942		18.785		11.232190		26.960
7.520		2.2506		0.0000		874.632		3.946		18.800		11.252844		27.000
7.532		2.2539		0.0000		874.628		3.950		18.830		11.269369		27.040
7.540		2.2569		0.0000		874.625		3.953		18.850		11.284515		27.080
7.542		2.2601		0.0000		874.622		3.956		18.855		11.300352		27.120
7.538		2.2632		0.0000		874.619		3.959		18.845		11.316185		27.160
7.538		2.2664		0.0000		874.616		3.962		18.845		11.332021		27.200
7.538		2.2696		0.0000		874.613		3.965		18.845		11.347857		27.240
7.538		2.2727		0.0000		874.610		3.969		18.845		11.363692		27.280
7.536		2.2760		0.0000		874.606		3.972		18.840		11.380217		27.320
7.536		2.2796		0.0000		874.603		3.976		18.840		11.398117		27.360
7.538		2.2836		0.0000		874.599		3.980		18.845		11.418085		27.400
7.548		2.2872		0.0000		874.595		3.983		18.870		11.435986		27.440
7.558		2.2904		0.0000		874.592		3.986		18.895		11.451821		27.480
7.560		2.2935		0.0000		874.589		3.989		18.900		11.467657		27.520
7.556		2.2967		0.0000		874.586		3.993		18.890		11.483490		27.560
7.554		2.2999		0.0000		874.582		3.996		18.885		11.499327		27.600
7.554		2.3030		0.0000		874.579		3.999		18.885		11.515162		27.640
7.554		2.3062		0.0000		874.576		4.002		18.885		11.530998		27.680
7.552		2.3094		0.0000		874.573		4.005		18.880		11.546833		27.720
7.552		2.3128		0.0000		874.570		4.009		18.880		11.564045		27.760
7.554		2.3168		0.0000		874.566		4.013		18.885		11.584013		27.800
7.562		2.3207		0.0000		874.562		4.017		18.905		11.603291		27.840
7.572		2.3237		0.0000		874.559		4.020		18.930		11.618438		27.880
7.578		2.3270		0.0000		874.555		4.023		18.945		11.634960		27.920
7.576		2.3300		0.0000		874.552		4.026		18.940		11.650106		27.960
7.574		2.3333		0.0000		874.549		4.029		18.935		11.666632		28.000
7.572		2.3365		0.0000		874.546		4.032		18.930		11.682467		28.040
7.572		2.3397		0.0000		874.543		4.036		18.930		11.698303		28.080
7.570		2.3428		0.0000		874.539		4.039		18.925		11.714139		28.120
7.568		2.3461		0.0000		874.536		4.042		18.920		11.730661		28.160
7.570		2.3500		0.0000		874.532		4.046		18.925		11.749940		28.200
7.574		2.3538		0.0000		874.529		4.050		18.935		11.769218		28.240
7.584		2.3571		0.0000		874.525		4.053		18.960		11.785744		28.280
7.592		2.3603		0.0000		874.522		4.056		18.980		11.801579		28.320
7.592		2.3635		0.0000		874.519		4.059		18.980		11.817412		28.360
7.588		2.3666		0.0000		874.516		4.063		18.970		11.833248		28.400
7.586		2.3698		0.0000		874.513		4.066		18.965		11.849084		28.440
7.584		2.3730		0.0000		874.509		4.069		18.960		11.864920		28.480
7.582		2.3762		0.0000		874.506		4.072		18.955		11.880755		28.520
7.580		2.3795		0.0000		874.503		4.075		18.950		11.897280		28.560
7.578		2.3832		0.0000		874.499		4.079		18.945		11.915870		28.600
7.582		2.3870		0.0000		874.495		4.083		18.955		11.935146		28.640
7.590		2.3906		0.0000		874.492		4.087		18.975		11.953049		28.680
7.600		2.3938		0.0000		874.489		4.090		19.000		11.968884		28.720
7.602		2.3968		0.0000		874.486		4.093		19.005		11.984032		28.760
7.600		2.4001		0.0000		874.482		4.096		19.000		12.000553		28.800
7.598		2.4033		0.0000		874.479		4.099		18.995		12.016390		28.840
7.596		2.4064		0.0000		874.476		4.102		18.990		12.032225		28.880
7.596		2.4096		0.0000		874.473		4.106		18.990		12.048061		28.920
7.594		2.4128		0.0000		874.470		4.109		18.985		12.063896		28.960
7.592		2.4162		0.0000		874.466		4.112		18.980		12.081108		29.000
7.592		2.4202		0.0000		874.462		4.116		18.980		12.101076		29.040
7.598		2.4241		0.0000		874.458		4.120		18.995		12.120354		29.080
7.608		2.4272		0.0000		874.455		4.123		19.020		12.136190		29.120
7.612		2.4303		0.0000		874.452		4.126		19.030		12.151337		29.160
7.610		2.4334		0.0000		874.449		4.129		19.025		12.167172		29.200
7.606		2.4367		0.0000		874.446		4.133		19.015		12.183695		29.240
7.606		2.4399		0.0000		874.442		4.136		19.015		12.199531		29.280
7.604		2.4429		0.0000		874.439		4.139		19.010		12.214678		29.320
7.602		2.4461		0.0000		874.436		4.142		19.005		12.230513		29.360
7.600		2.4495		0.0000		874.433		4.145		19.000		12.247726		29.400
7.600		2.4533		0.0000		874.429		4.149		19.000		12.266316		29.440
7.604		2.4574		0.0000		874.425		4.153		19.010		12.286970		29.480
7.616		2.4606		0.0000		874.422		4.156		19.040		12.302807		29.520
7.622		2.4637		0.0000		874.419		4.160		19.055		12.318642		29.560
7.620		2.4669		0.0000		874.415		4.163		19.050		12.334478		29.600
7.616		2.4701		0.0000		874.412		4.166		19.040		12.350313		29.640
7.614		2.4732		0.0000		874.409		4.169		19.035		12.366147		29.680
7.612		2.4764		0.0000		874.406		4.172		19.030		12.381983		29.720
7.610		2.4796		0.0000		874.403		4.175		19.025		12.397819		29.760
7.608		2.4829		0.0000		874.399		4.179		19.020		12.414343		29.800
7.606		2.4864		0.0000		874.396		4.182		19.015		12.432243		29.840
7.610		2.4904		0.0000		874.392		4.186		19.025		12.452211		29.880
7.618		2.4940		0.0000		874.388		4.190		19.045		12.470112		29.920
7.628		2.4972		0.0000		874.385		4.193		19.070		12.485948		29.960
7.628		2.5002		0.0000		874.382		4.196		19.070		12.501095		30.000
7.626		2.5035		0.0000		874.379		4.199		19.065		12.517619		30.040
7.624		2.5067		0.0000		874.376		4.203		19.060		12.533453		30.080
7.622		2.5099		0.0000		874.372		4.206		19.055		12.549288		30.120
7.620		2.5130		0.0000		874.369		4.209		19.050		12.565125		30.160
7.618		2.5162		0.0000		874.366		4.212		19.045		12.580959		30.200
7.614		2.5196		0.0000		874.363		4.216		19.035		12.598173		30.240
7.616		2.5236		0.0000		874.359		4.220		19.040		12.618139		30.280
7.622		2.5275		0.0000		874.355		4.223		19.055		12.637417		30.320
7.634		2.5305		0.0000		874.352		4.226		19.085		12.652564		30.360
7.638		2.5337		0.0000		874.349		4.230		19.095		12.668400		30.400
7.636		2.5368		0.0000		874.345		4.233		19.090		12.684236		30.440
7.632		2.5400		0.0000		874.342		4.236		19.080		12.700071		30.480
7.630		2.5432		0.0000		874.339		4.239		19.075		12.715907		30.520
7.630		2.5463		0.0000		874.336		4.242		19.075		12.731741		30.560
7.628		2.5495		0.0000		874.333		4.245		19.070		12.747576		30.600
7.626		2.5530		0.0000		874.329		4.249		19.065		12.764790		30.640
7.626		2.5568		0.0000		874.326		4.253		19.065		12.784069		30.680
7.630		2.5607		0.0000		874.322		4.257		19.075		12.803345		30.720
7.640		2.5640		0.0000		874.318		4.260		19.100		12.819870		30.760
7.648		2.5671		0.0000		874.315		4.263		19.120		12.835705		30.800
7.646		2.5703		0.0000		874.312		4.266		19.115		12.851542		30.840
7.642		2.5735		0.0000		874.309		4.269		19.105		12.867376		30.880
7.642		2.5766		0.0000		874.306		4.273		19.105		12.883213		30.920
7.640		2.5798		0.0000		874.303		4.276		19.100		12.899046		30.960
7.638		2.5828		0.0000		874.299		4.279		19.095		12.914195		31.000
7.636		2.5861		0.0000		874.296		4.282		19.090		12.930717		31.040
7.634		2.5900		0.0000		874.292		4.286		19.085		12.949996		31.080
7.638		2.5940		0.0000		874.288		4.290		19.095		12.969963		31.120
7.650		2.5974		0.0000		874.285		4.293		19.125		12.987175		31.160
7.658		2.6006		0.0000		874.282		4.297		19.145		13.003011		31.200
7.660		2.6036		0.0000		874.279		4.300		19.150		13.018158		31.240
7.656		2.6069		0.0000		874.275		4.303		19.140		13.034682		31.280
7.652		2.6101		0.0000		874.272		4.306		19.130		13.050518		31.320
7.652		2.6133		0.0000		874.269		4.309		19.130		13.066351		31.360
7.650		2.6163		0.0000		874.266		4.312		19.125		13.081501		31.400
7.648		2.6196		0.0000		874.263		4.316		19.120		13.098022		31.440
7.646		2.6232		0.0000		874.259		4.319		19.115		13.115923		31.480
7.648		2.6270		0.0000		874.255		4.323		19.120		13.135202		31.520
7.656		2.6308		0.0000		874.252		4.327		19.140		13.153791		31.560
7.666		2.6341		0.0000		874.248		4.330		19.165		13.170317		31.600
7.670		2.6371		0.0000		874.245		4.333		19.175		13.185463		31.640
7.666		2.6403		0.0000		874.242		4.336		19.165		13.201299		31.680
7.664		2.6434		0.0000		874.239		4.339		19.160		13.217134		31.720
7.662		2.6466		0.0000		874.236		4.343		19.155		13.232970		31.760
7.658		2.6498		0.0000		874.233		4.346		19.145		13.248806		31.800
7.656		2.6529		0.0000		874.229		4.349		19.140		13.264639		31.840
7.654		2.6564		0.0000		874.226		4.352		19.135		13.281853		31.880
7.654		2.6602		0.0000		874.222		4.356		19.135		13.301132		31.920
7.658		2.6642		0.0000		874.218		4.360		19.145		13.321096		31.960
7.670		2.6674		0.0000		874.215		4.363		19.175		13.336933		32.000
7.678		2.6706		0.0000		874.212		4.366		19.195		13.352768		32.040
7.676		2.6736		0.0000		874.209		4.369		19.190		13.367915		32.080
7.672		2.6769		0.0000		874.205		4.373		19.180		13.384439		32.120
7.670		2.6801		0.0000		874.202		4.376		19.175		13.400276		32.160
7.668		2.6832		0.0000		874.199		4.379		19.170		13.416111		32.200
7.666		2.6864		0.0000		874.196		4.382		19.165		13.431948		32.240
7.664		2.6897		0.0000		874.193		4.386		19.160		13.448469		32.280
7.664		2.6933		0.0000		874.189		4.389		19.160		13.466370		32.320
7.666		2.6973		0.0000		874.185		4.393		19.165		13.486338		32.360
7.676		2.7008		0.0000		874.181		4.397		19.190		13.504238		32.400
7.684		2.7039		0.0000		874.178		4.400		19.210		13.519384		32.440
7.684		2.7070		0.0000		874.175		4.403		19.210		13.535221		32.480
7.680		2.7103		0.0000		874.172		4.406		19.200		13.551745		32.520
7.678		2.7135		0.0000		874.169		4.409		19.195		13.567581		32.560
7.676		2.7165		0.0000		874.166		4.412		19.190		13.582727		32.600
7.674		2.7197		0.0000		874.163		4.416		19.185		13.598564		32.640
7.672		2.7229		0.0000		874.159		4.419		19.180		13.614399		32.680
7.670		2.7265		0.0000		874.156		4.422		19.175		13.632299		32.720
7.670		2.7306		0.0000		874.152		4.427		19.175		13.652954		32.760
7.678		2.7343		0.0000		874.148		4.430		19.195		13.671543		32.800
7.690		2.7373		0.0000		874.145		4.433		19.225		13.686690		32.840
7.692		2.7405		0.0000		874.142		4.436		19.230		13.702526		32.880
7.688		2.7437		0.0000		874.139		4.440		19.220		13.718362		32.920
7.684		2.7468		0.0000		874.135		4.443		19.210		13.734198		32.960
7.682		2.7500		0.0000		874.132		4.446		19.205		13.750033		33.000
7.680		2.7532		0.0000		874.129		4.449		19.200		13.765869		33.040
7.678		2.7563		0.0000		874.126		4.452		19.195		13.781705		33.080
7.676		2.7598		0.0000		874.123		4.456		19.190		13.798916		33.120
7.676		2.7636		0.0000		874.119		4.460		19.190		13.818195		33.160
7.680		2.7675		0.0000		874.115		4.463		19.200		13.837473		33.200
7.690		2.7708		0.0000		874.112		4.467		19.225		13.853996		33.240
7.696		2.7740		0.0000		874.108		4.470		19.240		13.869831		33.280
7.694		2.7771		0.0000		874.105		4.473		19.235		13.885668		33.320
7.690		2.7803		0.0000		874.102		4.476		19.225		13.901503		33.360
7.686		2.7835		0.0000		874.099		4.479		19.215		13.917339		33.400
7.684		2.7866		0.0000		874.096		4.483		19.210		13.933174		33.440
7.682		2.7898		0.0000		874.093		4.486		19.205		13.949011		33.480
7.680		2.7930		0.0000		874.089		4.489		19.200		13.964846		33.520
7.678		2.7968		0.0000		874.086		4.493		19.195		13.984122		33.560
7.684		2.8008		0.0000		874.082		4.497		19.210		14.004089		33.600
7.694		2.8041		0.0000		874.078		4.500		19.235		14.020615		33.640
7.702		2.8073		0.0000		874.075		4.503		19.255		14.036448		33.680
7.702		2.8105		0.0000		874.072		4.506		19.255		14.052284		33.720
7.700		2.8136		0.0000		874.069		4.510		19.250		14.068119		33.760
7.696		2.8169		0.0000		874.065		4.513		19.240		14.084644		33.800
7.694		2.8201		0.0000		874.062		4.516		19.235		14.100480		33.840
7.692		2.8231		0.0000		874.059		4.519		19.230		14.115627		33.880
7.690		2.8264		0.0000		874.056		4.522		19.225		14.132152		33.920
7.688		2.8300		0.0000		874.052		4.526		19.220		14.150052		33.960
7.690		2.8340		0.0000		874.048		4.530		19.225		14.170017		34.000
7.698		2.8376		0.0000		874.045		4.533		19.245		14.187920		34.040
7.708		2.8408		0.0000		874.042		4.537		19.270		14.203753		34.080
7.710		2.8439		0.0000		874.038		4.540		19.275		14.219589		34.120
7.708		2.8471		0.0000		874.035		4.543		19.270		14.235425		34.160
7.704		2.8503		0.0000		874.032		4.546		19.260		14.251261		34.200
7.702		2.8534		0.0000		874.029		4.549		19.255		14.267097		34.240
7.702		2.8566		0.0000		874.026		4.552		19.255		14.282932		34.280
7.698		2.8598		0.0000		874.023		4.556		19.245		14.298768		34.320
7.696		2.8632		0.0000		874.019		4.559		19.240		14.315979		34.360
7.696		2.8671		0.0000		874.015		4.563		19.240		14.335258		34.400
7.702		2.8709		0.0000		874.011		4.567		19.255		14.354536		34.440
7.712		2.8742		0.0000		874.008		4.570		19.280		14.371059		34.480
7.718		2.8774		0.0000		874.005		4.573		19.295		14.386894		34.520
7.716		2.8804		0.0000		874.002		4.576		19.290		14.402041		34.560
7.712		2.8837		0.0000		873.999		4.580		19.280		14.418566		34.600
7.710		2.8870		0.0000		873.995		4.583		19.275		14.435091		34.640
7.710		2.8900		0.0000		873.992		4.586		19.275		14.450237		34.680
7.706		2.8932		0.0000		873.989		4.589		19.265		14.466074		34.720
7.704		2.8965		0.0000		873.986		4.592		19.260		14.482595		34.760
7.704		2.9002		0.0000		873.982		4.596		19.260		14.501185		34.800
7.708		2.9042		0.0000		873.978		4.600		19.270		14.521152		34.840
7.716		2.9077		0.0000		873.975		4.604		19.290		14.538364		34.880
7.724		2.9107		0.0000		873.972		4.607		19.310		14.553514		34.920
7.724		2.9139		0.0000		873.968		4.610		19.310		14.569347		34.960
7.722		2.9170		0.0000		873.965		4.613		19.305		14.585182		35.000
7.718		2.9203		0.0000		873.962		4.616		19.295		14.601707		35.040
7.716		2.9234		0.0000		873.959		4.619		19.290		14.616854		35.080
7.714		2.9265		0.0000		873.956		4.622		19.285		14.632690		35.120
7.712		2.9298		0.0000		873.953		4.626		19.280		14.649215		35.160
7.710		2.9334		0.0000		873.949		4.629		19.275		14.667115		35.200
7.712		2.9374		0.0000		873.945		4.633		19.280		14.687080		35.240
7.720		2.9410		0.0000		873.941		4.637		19.300		14.704983		35.280
7.728		2.9442		0.0000		873.938		4.640		19.320		14.720819		35.320
7.730		2.9473		0.0000		873.935		4.643		19.325		14.736652		35.360
7.726		2.9505		0.0000		873.932		4.646		19.315		14.752488		35.400
7.722		2.9538		0.0000		873.929		4.650		19.305		14.769012		35.440
7.720		2.9568		0.0000		873.925		4.653		19.300		14.784160		35.480
7.718		2.9600		0.0000		873.922		4.656		19.295		14.799995		35.520
7.716		2.9632		0.0000		873.919		4.659		19.290		14.815831		35.560
7.714		2.9667		0.0000		873.916		4.663		19.285		14.833732		35.600
7.712		2.9705		0.0000		873.912		4.666		19.280		14.852322		35.640
7.718		2.9743		0.0000		873.908		4.670		19.295		14.871599		35.680
7.728		2.9775		0.0000		873.905		4.673		19.320		14.887436		35.720
7.732		2.9808		0.0000		873.902		4.677		19.330		14.903960		35.760
7.730		2.9840		0.0000		873.898		4.680		19.325		14.919794		35.800
7.726		2.9871		0.0000		873.895		4.683		19.315		14.935629		35.840
7.724		2.9903		0.0000		873.892		4.686		19.310		14.951466		35.880
7.722		2.9935		0.0000		873.889		4.689		19.305		14.967300		35.920
7.718		2.9966		0.0000		873.886		4.693		19.295		14.983137		35.960
7.716		2.9999		0.0000		873.882		4.696		19.290		14.999661		36.000
7.714		3.0038		0.0000		873.879		4.700		19.285		15.018938		36.040
7.718		3.0076		0.0000		873.875		4.704		19.295		15.038216		36.080
7.726		3.0109		0.0000		873.871		4.707		19.315		15.054741		36.120
7.732		3.0141		0.0000		873.868		4.710		19.330		15.070577		36.160
7.730		3.0173		0.0000		873.865		4.713		19.325		15.086412		36.200
7.726		3.0206		0.0000		873.862		4.717		19.315		15.102935		36.240
7.724		3.0236		0.0000		873.859		4.720		19.310		15.118082		36.280
7.720		3.0268		0.0000		873.856		4.723		19.300		15.133917		36.320
7.718		3.0301		0.0000		873.852		4.726		19.295		15.150442		36.360
7.716		3.0333		0.0000		873.849		4.729		19.290		15.166278		36.400
7.714		3.0368		0.0000		873.846		4.733		19.285		15.184178		36.440
7.714		3.0407		0.0000		873.842		4.737		19.285		15.203457		36.480
7.722		3.0444		0.0000		873.838		4.740		19.305		15.222046		36.520
7.730		3.0476		0.0000		873.835		4.743		19.325		15.237883		36.560
7.730		3.0507		0.0000		873.832		4.747		19.325		15.253717		36.600
7.726		3.0539		0.0000		873.828		4.750		19.315		15.269554		36.640
7.722		3.0571		0.0000		873.825		4.753		19.305		15.285387		36.680
7.720		3.0602		0.0000		873.822		4.756		19.300		15.301223		36.720
7.718		3.0634		0.0000		873.819		4.759		19.295		15.317059		36.760
7.716		3.0667		0.0000		873.816		4.763		19.290		15.333584		36.800
7.712		3.0702		0.0000		873.812		4.766		19.280		15.350795		36.840
7.712		3.0739		0.0000		873.808		4.770		19.280		15.369385		36.880
7.720		3.0777		0.0000		873.805		4.774		19.300		15.388662		36.920
7.728		3.0810		0.0000		873.801		4.777		19.320		15.405188		36.960
7.732		3.0841		0.0000		873.798		4.780		19.330		15.420334		37.000
7.730		3.0872		0.0000		873.795		4.783		19.325		15.436171		37.040
7.726		3.0905		0.0000		873.792		4.786		19.315		15.452692		37.080
7.724		3.0937		0.0000		873.789		4.790		19.310		15.468529		37.120
7.722		3.0969		0.0000		873.785		4.793		19.305		15.484364		37.160
7.718		3.1000		0.0000		873.782		4.796		19.295		15.500200		37.200
7.716		3.1033		0.0000		873.779		4.799		19.290		15.516725		37.240
7.714		3.1072		0.0000		873.775		4.803		19.285		15.536003		37.280
7.718		3.1111		0.0000		873.771		4.807		19.295		15.555279		37.320
7.728		3.1144		0.0000		873.768		4.810		19.320		15.571804		37.360
7.734		3.1175		0.0000		873.765		4.813		19.335		15.587640		37.400
7.732		3.1207		0.0000		873.762		4.817		19.330		15.603476		37.440
7.728		3.1239		0.0000		873.758		4.820		19.320		15.619311		37.480
7.726		3.1270		0.0000		873.755		4.823		19.315		15.635147		37.520
7.724		3.1303		0.0000		873.752		4.826		19.310		15.651670		37.560
7.722		3.1335		0.0000		873.749		4.829		19.305		15.667505		37.600
7.718		3.1367		0.0000		873.746		4.833		19.295		15.683341		37.640
7.716		3.1402		0.0000		873.742		4.836		19.290		15.701241		37.680
7.716		3.1442		0.0000		873.738		4.840		19.290		15.721209		37.720
7.726		3.1478		0.0000		873.734		4.844		19.315		15.739109		37.760
7.734		3.1510		0.0000		873.731		4.847		19.335		15.754946		37.800
7.734		3.1542		0.0000		873.728		4.850		19.335		15.770781		37.840
7.730		3.1573		0.0000		873.725		4.853		19.325		15.786617		37.880
7.728		3.1605		0.0000		873.722		4.856		19.320		15.802452		37.920
7.726		3.1637		0.0000		873.719		4.860		19.315		15.818286		37.960
7.724		3.1668		0.0000		873.716		4.863		19.310		15.834122		38.000
7.720		3.1701		0.0000		873.712		4.866		19.300		15.850647		38.040
7.718		3.1736		0.0000		873.709		4.869		19.295		15.867858		38.080
7.718		3.1774		0.0000		873.705		4.873		19.295		15.887136		38.120
7.724		3.1811		0.0000		873.701		4.877		19.310		15.905725		38.160
7.734		3.1845		0.0000		873.698		4.880		19.335		15.922251		38.200
7.736		3.1875		0.0000		873.695		4.883		19.340		15.937397		38.240
7.732		3.1906		0.0000		873.692		4.887		19.330		15.953234		38.280
7.728		3.1938		0.0000		873.689		4.890		19.320		15.969069		38.320
7.726		3.1971		0.0000		873.685		4.893		19.315		15.985592		38.360
7.724		3.2003		0.0000		873.682		4.896		19.310		16.001427		38.400
7.722		3.2035		0.0000		873.679		4.899		19.305		16.017263		38.440
7.720		3.2068		0.0000		873.676		4.903		19.300		16.033787		38.480
7.720		3.2106		0.0000		873.672		4.907		19.300		16.053066		38.521
7.724		3.2145		0.0000		873.668		4.910		19.310		16.072342		38.561
7.732		3.2179		0.0000		873.664		4.914		19.330		16.089556		38.601
7.738		3.2209		0.0000		873.661		4.917		19.345		16.104702		38.641
7.736		3.2241		0.0000		873.658		4.920		19.340		16.120539		38.681
7.732		3.2274		0.0000		873.655		4.923		19.330		16.137064		38.721
7.728		3.2306		0.0000		873.652		4.926		19.320		16.152897		38.761
7.726		3.2337		0.0000		873.649		4.930		19.315		16.168732		38.801
7.722		3.2369		0.0000		873.645		4.933		19.305		16.184568		38.841
7.720		3.2402		0.0000		873.642		4.936		19.300		16.201094		38.881
7.718		3.2438		0.0000		873.639		4.940		19.295		16.218994		38.921
7.720		3.2477		0.0000		873.635		4.944		19.300		16.238272		38.961
7.728		3.2512		0.0000		873.631		4.947		19.320		16.256172		39.001
7.736		3.2544		0.0000		873.628		4.950		19.340		16.272009		39.041
7.736		3.2574		0.0000		873.625		4.953		19.340		16.287155		39.081
7.732		3.2607		0.0000		873.622		4.957		19.330		16.303680		39.121
7.730		3.2639		0.0000		873.618		4.960		19.325		16.319515		39.161
7.728		3.2671		0.0000		873.615		4.963		19.320		16.335352		39.201
7.724		3.2702		0.0000		873.612		4.966		19.310		16.351187		39.241
7.722		3.2734		0.0000		873.609		4.969		19.305		16.367020		39.281
7.720		3.2770		0.0000		873.605		4.973		19.300		16.384924		39.321
7.718		3.2808		0.0000		873.602		4.977		19.295		16.404200		39.361
7.724		3.2847		0.0000		873.598		4.981		19.310		16.423477		39.401
7.734		3.2877		0.0000		873.595		4.984		19.335		16.438625		39.441
7.736		3.2909		0.0000		873.591		4.987		19.340		16.454460		39.481
7.732		3.2942		0.0000		873.588		4.990		19.330		16.470985		39.521
7.728		3.2974		0.0000		873.585		4.993		19.320		16.486820		39.561
7.726		3.3005		0.0000		873.582		4.996		19.315		16.502657		39.601
7.722		3.3037		0.0000		873.579		5.000		19.305		16.518494		39.641
7.720		3.3069		0.0000		873.575		5.003		19.300		16.534327		39.681
7.716		3.3103		0.0000		873.572		5.006		19.290		16.551540		39.721
7.716		3.3140		0.0000		873.568		5.010		19.290		16.570129		39.761
7.718		3.3179		0.0000		873.564		5.014		19.295		16.589409		39.801
7.726		3.3212		0.0000		873.561		5.017		19.315		16.605930		39.841
7.732		3.3244		0.0000		873.558		5.020		19.330		16.621765		39.881
7.730		3.3275		0.0000		873.555		5.023		19.325		16.637602		39.921
7.726		3.3307		0.0000		873.552		5.027		19.315		16.653439		39.961
7.722		3.3339		0.0000		873.548		5.030		19.305		16.669273		40.001
7.720		3.3372		0.0000		873.545		5.033		19.300		16.685799		40.041
7.716		3.3402		0.0000		873.542		5.036		19.290		16.700945		40.081
7.714		3.3435		0.0000		873.539		5.039		19.285		16.717468		40.121
7.712		3.3472		0.0000		873.535		5.043		19.280		16.736057		40.161
7.714		3.3512		0.0000		873.531		5.047		19.285		16.756023		40.201
7.722		3.3546		0.0000		873.528		5.051		19.305		16.773235		40.241
7.730		3.3577		0.0000		873.525		5.054		19.325		16.788383		40.281
7.730		3.3610		0.0000		873.521		5.057		19.325		16.804907		40.321
7.726		3.3641		0.0000		873.518		5.060		19.315		16.820744		40.361
7.722		3.3673		0.0000		873.515		5.063		19.305		16.836578		40.401
7.720		3.3705		0.0000		873.512		5.066		19.300		16.852415		40.441
7.716		3.3737		0.0000		873.509		5.070		19.290		16.868250		40.481
7.714		3.3770		0.0000		873.505		5.073		19.285		16.884773		40.521
7.712		3.3804		0.0000		873.502		5.076		19.280		16.901987		40.561
7.712		3.3843		0.0000		873.498		5.080		19.280		16.921265		40.601
7.720		3.3880		0.0000		873.494		5.084		19.300		16.939854		40.641
7.728		3.3911		0.0000		873.491		5.087		19.320		16.955688		40.681
7.732		3.3943		0.0000		873.488		5.090		19.330		16.971523		40.721
7.728		3.3976		0.0000		873.485		5.094		19.320		16.988049		40.761
7.726		3.4008		0.0000		873.482		5.097		19.315		17.003883		40.801
7.722		3.4039		0.0000		873.478		5.100		19.305		17.019720		40.841
7.720		3.4071		0.0000		873.475		5.103		19.300		17.035557		40.881
7.718		3.4103		0.0000		873.472		5.106		19.295		17.051392		40.921
7.714		3.4137		0.0000		873.469		5.110		19.285		17.068604		40.961
7.712		3.4174		0.0000		873.465		5.113		19.280		17.087193		41.001
7.718		3.4213		0.0000		873.461		5.117		19.295		17.106472		41.041
7.726		3.4245		0.0000		873.458		5.120		19.315		17.122307		41.081
7.730		3.4278		0.0000		873.455		5.124		19.325		17.138828		41.121
7.728		3.4309		0.0000		873.451		5.127		19.320		17.154665		41.161
7.724		3.4341		0.0000		873.448		5.130		19.310		17.170502		41.201
7.722		3.4373		0.0000		873.445		5.133		19.305		17.186337		41.241
7.720		3.4406		0.0000		873.442		5.136		19.300		17.202862		41.281
7.716		3.4437		0.0000		873.439		5.140		19.290		17.218697		41.321
7.714		3.4469		0.0000		873.435		5.143		19.285		17.234531		41.361
7.712		3.4506		0.0000		873.432		5.147		19.280		17.253120		41.401
7.716		3.4546		0.0000		873.428		5.151		19.290		17.273087		41.441
7.722		3.4579		0.0000		873.424		5.154		19.305		17.289612		41.481
7.728		3.4612		0.0000		873.421		5.157		19.320		17.306135		41.521
7.728		3.4644		0.0000		873.418		5.160		19.320		17.321970		41.561
7.724		3.4676		0.0000		873.415		5.163		19.310		17.337807		41.601
7.720		3.4707		0.0000		873.412		5.167		19.300		17.353642		41.641
7.718		3.4739		0.0000		873.408		5.170		19.295		17.369478		41.681
7.714		3.4771		0.0000		873.405		5.173		19.285		17.385313		41.721
7.712		3.4802		0.0000		873.402		5.176		19.280		17.401150		41.761
7.708		3.4838		0.0000		873.398		5.180		19.270		17.419050		41.801
7.708		3.4877		0.0000		873.395		5.184		19.270		17.438328		41.841
7.714		3.4915		0.0000		873.391		5.187		19.285		17.457603		41.881
7.722		3.4946		0.0000		873.388		5.190		19.305		17.472754		41.921
7.724		3.4977		0.0000		873.385		5.194		19.310		17.488586		41.961
7.720		3.5009		0.0000		873.381		5.197		19.300		17.504423		42.001
7.716		3.5042		0.0000		873.378		5.200		19.290		17.520947		42.041
7.714		3.5072		0.0000		873.375		5.203		19.285		17.536095		42.081
7.710		3.5105		0.0000		873.372		5.206		19.275		17.552620		42.121
7.708		3.5137		0.0000		873.369		5.210		19.270		17.568455		42.161
7.706		3.5171		0.0000		873.365		5.213		19.265		17.585667		42.201
7.704		3.5209		0.0000		873.362		5.217		19.260		17.604256		42.241
7.708		3.5246		0.0000		873.358		5.220		19.270		17.622845		42.281
7.716		3.5280		0.0000		873.354		5.224		19.290		17.640059		42.321
7.720		3.5312		0.0000		873.351		5.227		19.300		17.655895		42.361
7.718		3.5343		0.0000		873.348		5.230		19.295		17.671728		42.401
7.714		3.5375		0.0000		873.345		5.233		19.285		17.687565		42.441
7.712		3.5407		0.0000		873.342		5.237		19.280		17.703400		42.481
7.708		3.5438		0.0000		873.339		5.240		19.270		17.719234		42.521
7.704		3.5470		0.0000		873.335		5.243		19.260		17.735071		42.561
7.702		3.5503		0.0000		873.332		5.246		19.255		17.751596		42.601
7.698		3.5540		0.0000		873.328		5.250		19.245		17.770185		42.641
7.702		3.5579		0.0000		873.324		5.254		19.255		17.789461		42.681
7.710		3.5615		0.0000		873.321		5.257		19.275		17.807365		42.721
7.718		3.5645		0.0000		873.318		5.260		19.295		17.822512		42.761
7.716		3.5677		0.0000		873.315		5.264		19.290		17.838346		42.801
7.712		3.5708		0.0000		873.312		5.267		19.280		17.854183		42.841
7.710		3.5741		0.0000		873.308		5.270		19.275		17.870705		42.881
7.706		3.5773		0.0000		873.305		5.273		19.265		17.886541		42.921
7.702		3.5805		0.0000		873.302		5.276		19.255		17.902376		42.961
7.700		3.5838		0.0000		873.299		5.280		19.250		17.918901		43.001
7.696		3.5874		0.0000		873.295		5.283		19.240		17.936802		43.041
7.696		3.5911		0.0000		873.291		5.287		19.240		17.955391		43.081
7.700		3.5948		0.0000		873.288		5.291		19.250		17.973980		43.121
7.708		3.5980		0.0000		873.284		5.294		19.270		17.989817		43.161
7.708		3.6011		0.0000		873.281		5.297		19.270		18.005653		43.201
7.704		3.6043		0.0000		873.278		5.300		19.260		18.021488		43.241
7.700		3.6075		0.0000		873.275		5.303		19.250		18.037321		43.281
7.696		3.6108		0.0000		873.272		5.307		19.240		18.053846		43.321
7.694		3.6139		0.0000		873.268		5.310		19.235		18.069683		43.361
7.690		3.6171		0.0000		873.265		5.313		19.225		18.085518		43.401
7.686		3.6205		0.0000		873.262		5.316		19.215		18.102730		43.441
7.686		3.6243		0.0000		873.258		5.320		19.215		18.121319		43.481
7.690		3.6281		0.0000		873.254		5.324		19.225		18.140598		43.521
7.698		3.6314		0.0000		873.251		5.327		19.245		18.157122		43.561
7.700		3.6346		0.0000		873.248		5.331		19.250		18.172958		43.601
7.696		3.6378		0.0000		873.245		5.334		19.240		18.188793		43.641
7.692		3.6409		0.0000		873.241		5.337		19.230		18.204628		43.681
7.688		3.6441		0.0000		873.238		5.340		19.220		18.220463		43.721
7.684		3.6473		0.0000		873.235		5.343		19.210		18.236298		43.761
7.682		3.6506		0.0000		873.232		5.346		19.205		18.252823		43.801
7.678		3.6537		0.0000		873.229		5.350		19.195		18.268660		43.841
7.676		3.6574		0.0000		873.225		5.353		19.190		18.287249		43.881
7.678		3.6614		0.0000		873.221		5.357		19.195		18.307213		43.921
7.686		3.6647		0.0000		873.218		5.361		19.215		18.323738		43.961
7.692		3.6681		0.0000		873.214		5.364		19.230		18.340263		44.001
7.692		3.6712		0.0000		873.211		5.367		19.230		18.356098		44.041
7.686		3.6742		0.0000		873.208		5.370		19.215		18.371246		44.081
7.682		3.6776		0.0000		873.205		5.373		19.205		18.387768		44.121
7.680		3.6807		0.0000		873.202		5.377		19.200		18.403605		44.161
7.676		3.6839		0.0000		873.198		5.380		19.190		18.419439		44.201
7.672		3.6871		0.0000		873.195		5.383		19.180		18.435276		44.241
7.670		3.6908		0.0000		873.192		5.387		19.175		18.453865		44.281
7.670		3.6946		0.0000		873.188		5.391		19.175		18.473145		44.321
7.678		3.6982		0.0000		873.184		5.394		19.195		18.491043		44.361
7.684		3.7014		0.0000		873.181		5.397		19.210		18.506880		44.401
7.686		3.7045		0.0000		873.178		5.400		19.215		18.522717		44.441
7.680		3.7077		0.0000		873.175		5.404		19.200		18.538551		44.481
7.676		3.7110		0.0000		873.171		5.407		19.190		18.555073		44.521
7.674		3.7142		0.0000		873.168		5.410		19.185		18.570910		44.561
7.670		3.7173		0.0000		873.165		5.413		19.175		18.586746		44.601
7.666		3.7205		0.0000		873.162		5.416		19.165		18.602581		44.641
7.662		3.7240		0.0000		873.158		5.420		19.155		18.619793		44.681
7.662		3.7278		0.0000		873.155		5.424		19.155		18.639071		44.721
7.666		3.7315		0.0000		873.151		5.427		19.165		18.657661		44.761
7.674		3.7348		0.0000		873.148		5.431		19.185		18.674185		44.801
7.678		3.7380		0.0000		873.144		5.434		19.195		18.690022		44.841
7.674		3.7412		0.0000		873.141		5.437		19.185		18.705856		44.881
7.670		3.7443		0.0000		873.138		5.440		19.175		18.721693		44.921
7.666		3.7475		0.0000		873.135		5.443		19.165		18.737526		44.961
7.664		3.7507		0.0000		873.132		5.447		19.160		18.753361		45.001
7.660		3.7538		0.0000		873.128		5.450		19.150		18.769197		45.041
7.656		3.7571		0.0000		873.125		5.453		19.140		18.785723		45.081
7.654		3.7610		0.0000		873.121		5.457		19.135		18.805000		45.121
7.656		3.7649		0.0000		873.117		5.461		19.140		18.824276		45.161
7.662		3.7683		0.0000		873.114		5.464		19.155		18.841492		45.201
7.666		3.7713		0.0000		873.111		5.467		19.165		18.856638		45.241
7.664		3.7745		0.0000		873.108		5.470		19.160		18.872473		45.281
7.658		3.7778		0.0000		873.105		5.474		19.145		18.888998		45.321
7.656		3.7810		0.0000		873.101		5.477		19.140		18.904831		45.361
7.652		3.7841		0.0000		873.098		5.480		19.130		18.920668		45.401
7.650		3.7873		0.0000		873.095		5.483		19.125		18.936502		45.441
7.646		3.7905		0.0000		873.092		5.486		19.115		18.952339		45.481
7.644		3.7942		0.0000		873.088		5.490		19.110		18.970928		45.521
7.644		3.7980		0.0000		873.084		5.494		19.110		18.990208		45.561
7.650		3.8016		0.0000		873.081		5.498		19.125		19.008106		45.601
7.658		3.8048		0.0000		873.078		5.501		19.145		19.023943		45.641
7.658		3.8080		0.0000		873.074		5.504		19.145		19.039780		45.681
7.652		3.8111		0.0000		873.071		5.507		19.130		19.055614		45.721
7.648		3.8143		0.0000		873.068		5.510		19.120		19.071449		45.761
7.644		3.8175		0.0000		873.065		5.513		19.110		19.087286		45.801
7.640		3.8206		0.0000		873.062		5.517		19.100		19.103123		45.841
7.638		3.8239		0.0000		873.058		5.520		19.095		19.119644		45.881
7.634		3.8274		0.0000		873.055		5.523		19.085		19.136858		45.921
7.634		3.8312		0.0000		873.051		5.527		19.085		19.156134		45.961
7.638		3.8349		0.0000		873.047		5.531		19.095		19.174725		46.001
7.648		3.8382		0.0000		873.044		5.534		19.120		19.191248		46.041
7.650		3.8413		0.0000		873.041		5.537		19.125		19.206394		46.081
7.646		3.8446		0.0000		873.038		5.540		19.115		19.222919		46.121
7.642		3.8478		0.0000		873.035		5.544		19.105		19.238756		46.161
7.640		3.8509		0.0000		873.031		5.547		19.100		19.254591		46.201
7.636		3.8541		0.0000		873.028		5.550		19.090		19.270428		46.241
7.632		3.8574		0.0000		873.025		5.553		19.080		19.286949		46.281
7.630		3.8607		0.0000		873.022		5.557		19.075		19.303474		46.321
7.626		3.8644		0.0000		873.018		5.560		19.065		19.322063		46.361
7.630		3.8683		0.0000		873.014		5.564		19.075		19.341343		46.401
7.636		3.8716		0.0000		873.011		5.567		19.090		19.357864		46.441
7.642		3.8747		0.0000		873.008		5.571		19.105		19.373701		46.481
7.640		3.8779		0.0000		873.004		5.574		19.100		19.389536		46.521
7.636		3.8812		0.0000		873.001		5.577		19.090		19.406061		46.561
7.632		3.8844		0.0000		872.998		5.580		19.080		19.421898		46.601
7.628		3.8875		0.0000		872.995		5.583		19.070		19.437733		46.641
7.624		3.8907		0.0000		872.992		5.587		19.060		19.453566		46.681
7.622		3.8939		0.0000		872.988		5.590		19.055		19.469402		46.721
7.618		3.8976		0.0000		872.985		5.594		19.045		19.487991		46.761
7.620		3.9015		0.0000		872.981		5.597		19.050		19.507271		46.801
7.626		3.9050		0.0000		872.977		5.601		19.065		19.525169		46.841
7.634		3.9081		0.0000		872.974		5.604		19.085		19.540318		46.881
7.632		3.9114		0.0000		872.971		5.607		19.080		19.556843		46.921
7.628		3.9145		0.0000		872.968		5.610		19.070		19.572678		46.961
7.624		3.9177		0.0000		872.965		5.614		19.060		19.588512		47.001
7.622		3.9209		0.0000		872.961		5.617		19.055		19.604349		47.041
7.618		3.9242		0.0000		872.958		5.620		19.045		19.620872		47.081
7.614		3.9273		0.0000		872.955		5.623		19.035		19.636707		47.121
7.612		3.9308		0.0000		872.952		5.627		19.030		19.653921		47.161
7.610		3.9346		0.0000		872.948		5.631		19.025		19.673199		47.201
7.614		3.9384		0.0000		872.944		5.634		19.035		19.691790		47.241
7.622		3.9415		0.0000		872.941		5.637		19.055		19.707623		47.281
7.624		3.9448		0.0000		872.938		5.641		19.060		19.724148		47.321
7.622		3.9480		0.0000		872.934		5.644		19.055		19.739983		47.361
7.616		3.9512		0.0000		872.931		5.647		19.040		19.755819		47.401
7.614		3.9543		0.0000		872.928		5.650		19.035		19.771654		47.441
7.610		3.9575		0.0000		872.925		5.653		19.025		19.787491		47.481
7.608		3.9607		0.0000		872.922		5.657		19.020		19.803326		47.521
7.604		3.9640		0.0000		872.918		5.660		19.010		19.819849		47.561
7.604		3.9678		0.0000		872.914		5.664		19.010		19.839127		47.601
7.608		3.9717		0.0000		872.911		5.668		19.020		19.858406		47.641
7.616		3.9750		0.0000		872.907		5.671		19.040		19.874928		47.681
7.622		3.9782		0.0000		872.904		5.674		19.055		19.890764		47.721
7.618		3.9813		0.0000		872.901		5.677		19.045		19.906599		47.761
7.614		3.9845		0.0000		872.898		5.680		19.035		19.922436		47.801
7.610		3.9878		0.0000		872.895		5.684		19.025		19.938961		47.841
7.608		3.9910		0.0000		872.891		5.687		19.020		19.954796		47.881
7.604		3.9941		0.0000		872.888		5.690		19.010		19.970631		47.921
7.600		3.9974		0.0000		872.885		5.693		19.000		19.987154		47.961
7.598		4.0010		0.0000		872.881		5.697		18.995		20.005054		48.001
7.600		4.0049		0.0000		872.877		5.701		19.000		20.024334		48.041
7.606		4.0084		0.0000		872.874		5.704		19.015		20.042233		48.081
7.612		4.0116		0.0000		872.871		5.708		19.030		20.058069		48.121
7.614		4.0148		0.0000		872.868		5.711		19.035		20.073906		48.161
7.608		4.0179		0.0000		872.864		5.714		19.020		20.089741		48.201
7.606		4.0211		0.0000		872.861		5.717		19.015		20.105576		48.241
7.602		4.0243		0.0000		872.858		5.720		19.005		20.121412		48.281
7.598		4.0274		0.0000		872.855		5.723		18.995		20.137249		48.321
7.596		4.0306		0.0000		872.852		5.727		18.990		20.153084		48.361
7.592		4.0342		0.0000		872.848		5.730		18.980		20.170984		48.401
7.592		4.0381		0.0000		872.844		5.734		18.980		20.190262		48.441
7.596		4.0418		0.0000		872.841		5.738		18.990		20.208853		48.481
7.604		4.0449		0.0000		872.837		5.741		19.010		20.224688		48.521
7.606		4.0482		0.0000		872.834		5.744		19.015		20.241211		48.561
7.602		4.0513		0.0000		872.831		5.747		19.005		20.256357		48.601
7.598		4.0546		0.0000		872.828		5.750		18.995		20.272882		48.641
7.594		4.0577		0.0000		872.825		5.754		18.985		20.288717		48.681
7.592		4.0609		0.0000		872.821		5.757		18.980		20.304554		48.721
7.588		4.0641		0.0000		872.818		5.760		18.970		20.320389		48.761
7.586		4.0675		0.0000		872.815		5.763		18.965		20.337601		48.801
7.584		4.0711		0.0000		872.811		5.767		18.960		20.355501		48.841
7.586		4.0751		0.0000		872.807		5.771		18.965		20.375469		48.881
7.594		4.0784		0.0000		872.804		5.774		18.985		20.391994		48.921
7.600		4.0816		0.0000		872.801		5.777		19.000		20.407827		48.961
7.596		4.0847		0.0000		872.798		5.781		18.990		20.423662		49.001
7.592		4.0879		0.0000		872.794		5.784		18.980		20.439499		49.041
7.586		4.0912		0.0000		872.791		5.787		18.965		20.456024		49.081
7.584		4.0942		0.0000		872.788		5.790		18.960		20.471170		49.121
7.580		4.0974		0.0000		872.785		5.793		18.950		20.487005		49.161
7.576		4.1007		0.0000		872.782		5.797		18.940		20.503531		49.201
7.572		4.1044		0.0000		872.778		5.800		18.930		20.522120		49.241
7.574		4.1083		0.0000		872.774		5.804		18.935		20.541397		49.281
7.582		4.1119		0.0000		872.770		5.808		18.955		20.559299		49.321
7.588		4.1150		0.0000		872.767		5.811		18.970		20.575134		49.361
7.588		4.1182		0.0000		872.764		5.814		18.970		20.590969		49.401
7.582		4.1214		0.0000		872.761		5.817		18.955		20.606804		49.441
7.578		4.1245		0.0000		872.758		5.820		18.945		20.622639		49.481
7.574		4.1277		0.0000		872.755		5.824		18.935		20.638475		49.521
7.570		4.1309		0.0000		872.751		5.827		18.925		20.654312		49.561
7.568		4.1342		0.0000		872.748		5.830		18.920		20.670835		49.601
7.564		4.1376		0.0000		872.745		5.834		18.910		20.688047		49.641
7.564		4.1416		0.0000		872.741		5.838		18.910		20.708015		49.681
7.570		4.1452		0.0000		872.737		5.841		18.925		20.725916		49.721
7.578		4.1484		0.0000		872.734		5.844		18.945		20.741751		49.761
7.580		4.1517		0.0000		872.731		5.848		18.950		20.758274		49.801
7.576		4.1548		0.0000		872.728		5.851		18.940		20.774109		49.841
7.572		4.1580		0.0000		872.724		5.854		18.930		20.789946		49.881
7.568		4.1612		0.0000		872.721		5.857		18.920		20.805780		49.921
7.564		4.1643		0.0000		872.718		5.860		18.910		20.821617		49.961
7.560		4.1675		0.0000		872.715		5.863		18.900		20.837452		50.001
7.556		4.1708		0.0000		872.712		5.867		18.890		20.853977		50.041
7.554		4.1747		0.0000		872.708		5.871		18.885		20.873253		50.081
7.556		4.1785		0.0000		872.704		5.874		18.890		20.892532		50.121
7.566		4.1818		0.0000		872.701		5.878		18.915		20.909058		50.161
7.570		4.1850		0.0000		872.697		5.881		18.925		20.924892		50.201
7.568		4.1881		0.0000		872.694		5.884		18.920		20.940727		50.241
7.562		4.1913		0.0000		872.691		5.887		18.905		20.956562		50.281
7.558		4.1945		0.0000		872.688		5.890		18.895		20.972397		50.321
7.556		4.1978		0.0000		872.685		5.894		18.890		20.988922		50.361
7.552		4.2008		0.0000		872.682		5.897		18.880		21.004068		50.401
7.548		4.2041		0.0000		872.678		5.900		18.870		21.020594		50.441
7.546		4.2078		0.0000		872.674		5.904		18.865		21.039183		50.481
7.548		4.2118		0.0000		872.671		5.908		18.870		21.059149		50.521
7.556		4.2153		0.0000		872.667		5.911		18.890		21.076363		50.561
7.562		4.2184		0.0000		872.664		5.914		18.905		21.092197		50.601
7.562		4.2216		0.0000		872.661		5.918		18.905		21.108034		50.641
7.556		4.2248		0.0000		872.658		5.921		18.890		21.123867		50.681
7.552		4.2279		0.0000		872.654		5.924		18.880		21.139702		50.721
7.550		4.2311		0.0000		872.651		5.927		18.875		21.155539		50.761
7.546		4.2343		0.0000		872.648		5.930		18.865		21.171375		50.801
7.542		4.2374		0.0000		872.645		5.933		18.855		21.187210		50.841
7.540		4.2410		0.0000		872.641		5.937		18.850		21.205111		50.881
7.540		4.2449		0.0000		872.637		5.941		18.850		21.224388		50.921
7.546		4.2486		0.0000		872.634		5.945		18.865		21.242979		50.961
7.554		4.2518		0.0000		872.631		5.948		18.885		21.258814		51.001
7.556		4.2549		0.0000		872.627		5.951		18.890		21.274651		51.041
7.550		4.2581		0.0000		872.624		5.954		18.875		21.290485		51.081
7.546		4.2614		0.0000		872.621		5.957		18.865		21.307009		51.121
7.542		4.2646		0.0000		872.618		5.960		18.855		21.322844		51.161
7.538		4.2677		0.0000		872.615		5.964		18.845		21.338680		51.201
7.534		4.2709		0.0000		872.611		5.967		18.835		21.354515		51.241
7.532		4.2743		0.0000		872.608		5.970		18.830		21.371727		51.281
7.530		4.2781		0.0000		872.604		5.974		18.825		21.390316		51.321
7.534		4.2819		0.0000		872.600		5.978		18.835		21.409595		51.361
7.542		4.2852		0.0000		872.597		5.981		18.855		21.426121		51.401
7.546		4.2884		0.0000		872.594		5.984		18.865		21.441956		51.441
7.542		4.2916		0.0000		872.591		5.987		18.855		21.457790		51.481
7.538		4.2947		0.0000		872.588		5.991		18.845		21.473627		51.521
7.534		4.2979		0.0000		872.584		5.994		18.835		21.489460		51.561
7.530		4.3011		0.0000		872.581		5.997		18.825		21.505297		51.601
7.526		4.3042		0.0000		872.578		6.000		18.815		21.521132		51.641
7.522		4.3075		0.0000		872.575		6.003		18.805		21.537657		51.681
7.518		4.3112		0.0000		872.571		6.007		18.795		21.556246		51.721
7.520		4.3151		0.0000		872.567		6.011		18.800		21.575525		51.761
7.528		4.3187		0.0000		872.564		6.015		18.820		21.593426		51.801
7.534		4.3217		0.0000		872.561		6.018		18.835		21.608572		51.841
7.534		4.3249		0.0000		872.557		6.021		18.835		21.624409		51.881
7.528		4.3282		0.0000		872.554		6.024		18.820		21.640932		51.921
7.524		4.3314		0.0000		872.551		6.027		18.810		21.656765		51.961
7.520		4.3345		0.0000		872.548		6.030		18.800		21.672602		52.001
7.514		4.3377		0.0000		872.545		6.034		18.785		21.688438		52.041
7.510		4.3410		0.0000		872.541		6.037		18.775		21.704962		52.081
7.506		4.3444		0.0000		872.538		6.040		18.765		21.722174		52.121
7.506		4.3483		0.0000		872.534		6.044		18.765		21.741451		52.161
7.510		4.3520		0.0000		872.530		6.048		18.775		21.760042		52.201
7.518		4.3553		0.0000		872.527		6.051		18.795		21.776566		52.241
7.518		4.3583		0.0000		872.524		6.054		18.795		21.791714		52.281
7.512		4.3615		0.0000		872.521		6.057		18.780		21.807549		52.321
7.508		4.3648		0.0000		872.518		6.061		18.770		21.824072		52.361
7.504		4.3680		0.0000		872.514		6.064		18.760		21.839907		52.401
7.502		4.3710		0.0000		872.511		6.067		18.755		21.855057		52.441
7.498		4.3743		0.0000		872.508		6.070		18.745		21.871578		52.481
7.494		4.3778		0.0000		872.505		6.074		18.735		21.888792		52.521
7.492		4.3815		0.0000		872.501		6.077		18.730		21.907383		52.561
7.496		4.3855		0.0000		872.497		6.081		18.740		21.927347		52.601
7.504		4.3886		0.0000		872.494		6.085		18.760		21.943184		52.641
7.508		4.3918		0.0000		872.491		6.088		18.770		21.959019		52.681
7.504		4.3951		0.0000		872.487		6.091		18.760		21.975544		52.721
7.498		4.3983		0.0000		872.484		6.094		18.745		21.991379		52.761
7.494		4.4013		0.0000		872.481		6.097		18.735		22.006527		52.801
7.490		4.4046		0.0000		872.478		6.101		18.725		22.023048		52.841
7.488		4.4078		0.0000		872.475		6.104		18.720		22.038883		52.881
7.484		4.4109		0.0000		872.471		6.107		18.710		22.054720		52.921
7.482		4.4147		0.0000		872.468		6.111		18.705		22.073309		52.961
7.484		4.4185		0.0000		872.464		6.114		18.710		22.092588		53.001
7.492		4.4221		0.0000		872.460		6.118		18.730		22.110489		53.041
7.498		4.4253		0.0000		872.457		6.121		18.745		22.126324		53.081
7.496		4.4284		0.0000		872.454		6.124		18.740		22.142160		53.121
7.492		4.4316		0.0000		872.451		6.128		18.730		22.157995		53.161
7.488		4.4348		0.0000		872.448		6.131		18.720		22.173832		53.201
7.484		4.4379		0.0000		872.444		6.134		18.710		22.189667		53.241
7.480		4.4411		0.0000		872.441		6.137		18.700		22.205502		53.281
7.476		4.4443		0.0000		872.438		6.140		18.690		22.221336		53.321
7.474		4.4478		0.0000		872.435		6.144		18.685		22.239239		53.361
7.474		4.4517		0.0000		872.431		6.148		18.685		22.258514		53.401
7.480		4.4554		0.0000		872.427		6.151		18.700		22.277105		53.441
7.488		4.4586		0.0000		872.424		6.155		18.720		22.292940		53.481
7.490		4.4618		0.0000		872.421		6.158		18.725		22.308777		53.521
7.484		4.4651		0.0000		872.417		6.161		18.710		22.325302		53.561
7.480		4.4681		0.0000		872.414		6.164		18.700		22.340448		53.601
7.476		4.4714		0.0000		872.411		6.167		18.690		22.356972		53.641
7.472		4.4746		0.0000		872.408		6.170		18.680		22.372807		53.681
7.468		4.4777		0.0000		872.405		6.174		18.670		22.388641		53.721
7.466		4.4812		0.0000		872.401		6.177		18.665		22.405855		53.761
7.464		4.4850		0.0000		872.397		6.181		18.660		22.425135		53.801
7.468		4.4889		0.0000		872.393		6.185		18.670		22.444410		53.841
7.476		4.4920		0.0000		872.390		6.188		18.690		22.460247		53.881
7.480		4.4952		0.0000		872.387		6.191		18.700		22.476082		53.921
7.478		4.4984		0.0000		872.384		6.194		18.695		22.491917		53.961
7.472		4.5016		0.0000		872.381		6.197		18.680		22.507753		54.001
7.470		4.5049		0.0000		872.378		6.201		18.675		22.524279		54.041
7.466		4.5079		0.0000		872.374		6.204		18.665		22.539425		54.081
7.464		4.5111		0.0000		872.371		6.207		18.660		22.555260		54.121
7.460		4.5144		0.0000		872.368		6.210		18.650		22.571783		54.161
7.458		4.5181		0.0000		872.364		6.214		18.645		22.590372		54.201
7.460		4.5222		0.0000		872.360		6.218		18.650		22.611029		54.241
7.468		4.5255		0.0000		872.357		6.221		18.670		22.627552		54.281
7.476		4.5285		0.0000		872.354		6.224		18.690		22.642698		54.321
7.472		4.5317		0.0000		872.351		6.228		18.680		22.658535		54.361
7.468		4.5350		0.0000		872.347		6.231		18.670		22.675058		54.401
7.464		4.5382		0.0000		872.344		6.234		18.660		22.690895		54.441
7.462		4.5413		0.0000		872.341		6.237		18.655		22.706730		54.481
7.458		4.5445		0.0000		872.338		6.240		18.645		22.722567		54.521
7.456		4.5478		0.0000		872.335		6.244		18.640		22.739088		54.561
7.452		4.5513		0.0000		872.331		6.247		18.630		22.756302		54.601
7.454		4.5553		0.0000		872.327		6.251		18.635		22.776268		54.641
7.460		4.5588		0.0000		872.323		6.255		18.650		22.794168		54.681
7.468		4.5620		0.0000		872.320		6.258		18.670		22.810003		54.721
7.470		4.5652		0.0000		872.317		6.261		18.675		22.825840		54.761
7.466		4.5683		0.0000		872.314		6.264		18.665		22.841675		54.801
7.462		4.5715		0.0000		872.311		6.267		18.655		22.857512		54.841
7.458		4.5748		0.0000		872.308		6.271		18.645		22.874035		54.881
7.454		4.5780		0.0000		872.304		6.274		18.635		22.889872		54.921
7.450		4.5811		0.0000		872.301		6.277		18.625		22.905704		54.961
7.446		4.5846		0.0000		872.298		6.280		18.615		22.922918		55.001
7.446		4.5884		0.0000		872.294		6.284		18.615		22.942198		55.041
7.450		4.5922		0.0000		872.290		6.288		18.625		22.960787		55.081
7.458		4.5955		0.0000		872.287		6.291		18.645		22.977310		55.121
7.462		4.5986		0.0000		872.284		6.295		18.655		22.993145		55.161
7.458		4.6018		0.0000		872.281		6.298		18.645		23.008980		55.201
7.452		4.6050		0.0000		872.277		6.301		18.630		23.024817		55.241
7.450		4.6081		0.0000		872.274		6.304		18.625		23.040653		55.281
7.446		4.6114		0.0000		872.271		6.307		18.615		23.057177		55.321
7.442		4.6146		0.0000		872.268		6.311		18.605		23.073009		55.361
7.438		4.6179		0.0000		872.264		6.314		18.595		23.089535		55.401
7.436		4.6216		0.0000		872.261		6.318		18.590		23.108124		55.441
7.438		4.6255		0.0000		872.257		6.321		18.595		23.127403		55.481
7.444		4.6288		0.0000		872.254		6.325		18.610		23.143929		55.521
7.450		4.6321		0.0000		872.250		6.328		18.625		23.160450		55.561
7.448		4.6353		0.0000		872.247		6.331		18.620		23.176287		55.601
7.444		4.6384		0.0000		872.244		6.334		18.610		23.192122		55.641
7.440		4.6416		0.0000		872.241		6.338		18.600		23.207958		55.681
7.436		4.6448		0.0000		872.238		6.341		18.590		23.223793		55.721
7.432		4.6479		0.0000		872.234		6.344		18.580		23.239630		55.761
7.428		4.6512		0.0000		872.231		6.347		18.570		23.256151		55.801
7.424		4.6548		0.0000		872.228		6.351		18.560		23.274055		55.841
7.426		4.6587		0.0000		872.224		6.355		18.565		23.293331		55.881
7.432		4.6624		0.0000		872.220		6.358		18.580		23.311920		55.921
7.438		4.6653		0.0000		872.217		6.361		18.595		23.326380		55.961
7.438		4.6686		0.0000		872.214		6.364		18.595		23.342903		56.001
7.432		4.6719		0.0000		872.210		6.368		18.580		23.359428		56.041
7.430		4.6749		0.0000		872.207		6.371		18.575		23.374575		56.081
7.426		4.6782		0.0000		872.204		6.374		18.565		23.391098		56.121
7.422		4.6814		0.0000		872.201		6.377		18.555		23.406935		56.161
7.420		4.6846		0.0000		872.198		6.380		18.550		23.422771		56.201
7.416		4.6880		0.0000		872.194		6.384		18.540		23.439981		56.241
7.416		4.6917		0.0000		872.191		6.388		18.540		23.458572		56.281
7.420		4.6957		0.0000		872.187		6.392		18.550		23.478539		56.321
7.428		4.6989		0.0000		872.183		6.395		18.570		23.494375		56.361
7.430		4.7020		0.0000		872.180		6.398		18.575		23.510208		56.401
7.428		4.7052		0.0000		872.177		6.401		18.570		23.526043		56.441
7.422		4.7084		0.0000		872.174		6.404		18.555		23.541880		56.481
7.418		4.7115		0.0000		872.171		6.407		18.545		23.557716		56.521
7.416		4.7147		0.0000		872.168		6.411		18.540		23.573551		56.561
7.412		4.7180		0.0000		872.164		6.414		18.530		23.590076		56.601
7.408		4.7213		0.0000		872.161		6.417		18.520		23.606598		56.641
7.406		4.7249		0.0000		872.157		6.421		18.515		23.624500		56.681
7.410		4.7290		0.0000		872.153		6.425		18.525		23.645155		56.721
7.418		4.7323		0.0000		872.150		6.428		18.545		23.661680		56.761
7.424		4.7354		0.0000		872.147		6.431		18.560		23.676826		56.801
7.422		4.7387		0.0000		872.144		6.435		18.555		23.693350		56.841
7.416		4.7417		0.0000		872.141		6.438		18.540		23.708496		56.881
7.412		4.7450		0.0000		872.137		6.441		18.530		23.725021		56.921
7.408		4.7482		0.0000		872.134		6.444		18.520		23.740856		56.961
7.404		4.7513		0.0000		872.131		6.447		18.510		23.756693		57.001
7.400		4.7546		0.0000		872.128		6.451		18.500		23.773216		57.041
7.396		4.7581		0.0000		872.124		6.454		18.490		23.790428		57.081
7.396		4.7621		0.0000		872.120		6.458		18.490		23.810396		57.121
7.402		4.7657		0.0000		872.117		6.462		18.505		23.828297		57.161
7.408		4.7688		0.0000		872.114		6.465		18.520		23.844131		57.201
7.408		4.7720		0.0000		872.110		6.468		18.520		23.859968		57.241
7.404		4.7752		0.0000		872.107		6.471		18.510		23.875801		57.281
7.400		4.7785		0.0000		872.104		6.474		18.500		23.892326		57.321
7.396		4.7816		0.0000		872.101		6.478		18.490		23.908161		57.361
7.392		4.7848		0.0000		872.098		6.481		18.480		23.923998		57.401
7.388		4.7880		0.0000		872.094		6.484		18.470		23.939835		57.441
7.384		4.7914		0.0000		872.091		6.487		18.460		23.957045		57.481
7.382		4.7954		0.0000		872.087		6.491		18.455		23.977013		57.521
7.388		4.7991		0.0000		872.083		6.495		18.470		23.995602		57.561
7.396		4.8023		0.0000		872.080		6.498		18.490		24.011438		57.601
7.396		4.8055		0.0000		872.077		6.501		18.490		24.027273		57.641
7.392		4.8086		0.0000		872.074		6.505		18.480		24.043106		57.681
7.388		4.8118		0.0000		872.071		6.508		18.470		24.058943		57.721
7.386		4.8150		0.0000		872.067		6.511		18.465		24.074780		57.761
7.384		4.8183		0.0000		872.064		6.514		18.460		24.091303		57.801
7.380		4.8214		0.0000		872.061		6.517		18.450		24.107140		57.841
7.378		4.8246		0.0000		872.058		6.521		18.445		24.122974		57.881
7.376		4.8285		0.0000		872.054		6.524		18.440		24.142250		57.921
7.378		4.8323		0.0000		872.050		6.528		18.445		24.161530		57.961
7.386		4.8357		0.0000		872.047		6.532		18.465		24.178743		58.001
7.392		4.8389		0.0000		872.043		6.535		18.480		24.194580		58.041
7.388		4.8419		0.0000		872.040		6.538		18.470		24.209726		58.081
7.384		4.8452		0.0000		872.037		6.541		18.460		24.226248		58.121
7.380		4.8484		0.0000		872.034		6.544		18.450		24.242085		58.161
7.376		4.8516		0.0000		872.031		6.547		18.440		24.257919		58.201
7.372		4.8548		0.0000		872.028		6.551		18.430		24.273756		58.241
7.370		4.8579		0.0000		872.024		6.554		18.425		24.289591		58.281
7.368		4.8616		0.0000		872.021		6.558		18.420		24.308182		58.321
7.370		4.8656		0.0000		872.017		6.562		18.425		24.328146		58.361
7.378		4.8692		0.0000		872.013		6.565		18.445		24.346048		58.401
7.386		4.8722		0.0000		872.010		6.568		18.465		24.361195		58.441
7.386		4.8754		0.0000		872.007		6.571		18.465		24.377031		58.481
7.380		4.8786		0.0000		872.004		6.574		18.450		24.392868		58.521
7.378		4.8819		0.0000		872.000		6.578		18.445		24.409389		58.561
7.374		4.8850		0.0000		871.997		6.581		18.435		24.425224		58.601
7.370		4.8882		0.0000		871.994		6.584		18.425		24.441061		58.641
7.366		4.8912		0.0000		871.991		6.587		18.415		24.456207		58.681
7.362		4.8950		0.0000		871.987		6.591		18.405		24.474796		58.721
7.362		4.8987		0.0000		871.984		6.595		18.405		24.493387		58.761
7.368		4.9025		0.0000		871.980		6.598		18.420		24.512665		58.801
7.376		4.9057		0.0000		871.977		6.602		18.440		24.528502		58.841
7.376		4.9087		0.0000		871.974		6.605		18.440		24.543648		58.881
7.372		4.9120		0.0000		871.970		6.608		18.430		24.560173		58.921
7.368		4.9152		0.0000		871.967		6.611		18.420		24.576006		58.961
7.364		4.9184		0.0000		871.964		6.614		18.410		24.591843		59.001
7.360		4.9215		0.0000		871.961		6.617		18.400		24.607677		59.041
7.356		4.9247		0.0000		871.958		6.621		18.390		24.623512		59.081
7.352		4.9281		0.0000		871.954		6.624		18.380		24.640728		59.121
7.348		4.9320		0.0000		871.950		6.628		18.370		24.660004		59.161
7.352		4.9359		0.0000		871.946		6.632		18.380		24.679281		59.201
7.360		4.9392		0.0000		871.943		6.635		18.400		24.695807		59.241
7.362		4.9422		0.0000		871.940		6.638		18.405		24.710953		59.281
7.358		4.9454		0.0000		871.937		6.641		18.395		24.726789		59.321
7.354		4.9487		0.0000		871.934		6.645		18.385		24.743313		59.361
7.350		4.9518		0.0000		871.930		6.648		18.375		24.759148		59.401
