数据量:1410
试验力		变形		扩展变形		位置		位移		应力		应变		时间
0.010		0.0012		0.0000		876.982		1.557		0.025		0.006196		0.040
0.010		0.0048		0.0000		876.979		1.560		0.025		0.024098		0.080
0.010		0.0084		0.0000		876.975		1.564		0.025		0.041998		0.120
0.010		0.0121		0.0000		876.971		1.568		0.025		0.060588		0.160
0.010		0.0153		0.0000		876.968		1.571		0.025		0.076423		0.200
0.012		0.0185		0.0000		876.965		1.574		0.030		0.092259		0.240
0.012		0.0218		0.0000		876.962		1.577		0.030		0.108783		0.280
0.012		0.0251		0.0000		876.958		1.581		0.030		0.125307		0.320
0.012		0.0282		0.0000		876.955		1.584		0.030		0.141142		0.360
0.014		0.0314		0.0000		876.952		1.587		0.035		0.156978		0.400
0.014		0.0347		0.0000		876.949		1.590		0.035		0.173502		0.440
0.014		0.0380		0.0000		876.945		1.594		0.035		0.190026		0.480
0.016		0.0417		0.0000		876.942		1.597		0.040		0.208615		0.520
0.016		0.0453		0.0000		876.938		1.601		0.040		0.226516		0.560
0.016		0.0487		0.0000		876.935		1.604		0.040		0.243729		0.600
0.018		0.0519		0.0000		876.932		1.608		0.045		0.259565		0.640
0.018		0.0551		0.0000		876.928		1.611		0.045		0.275400		0.680
0.020		0.0584		0.0000		876.925		1.614		0.050		0.291924		0.720
0.020		0.0617		0.0000		876.922		1.617		0.050		0.308448		0.760
0.020		0.0649		0.0000		876.919		1.620		0.050		0.324283		0.800
0.022		0.0680		0.0000		876.916		1.624		0.055		0.340119		0.840
0.024		0.0713		0.0000		876.912		1.627		0.060		0.356643		0.880
0.024		0.0749		0.0000		876.909		1.631		0.060		0.374544		0.920
0.026		0.0786		0.0000		876.905		1.634		0.065		0.393133		0.960
0.028		0.0821		0.0000		876.901		1.638		0.070		0.410346		1.000
0.030		0.0854		0.0000		876.898		1.641		0.075		0.426870		1.040
0.032		0.0885		0.0000		876.895		1.644		0.080		0.442705		1.080
0.034		0.0918		0.0000		876.892		1.647		0.085		0.459229		1.120
0.036		0.0949		0.0000		876.889		1.650		0.090		0.474376		1.160
0.038		0.0982		0.0000		876.885		1.654		0.095		0.490900		1.200
0.040		0.1015		0.0000		876.882		1.657		0.100		0.507424		1.240
0.044		0.1048		0.0000		876.879		1.660		0.110		0.523948		1.280
0.046		0.1082		0.0000		876.875		1.664		0.115		0.541161		1.320
0.050		0.1118		0.0000		876.872		1.667		0.125		0.559062		1.360
0.054		0.1154		0.0000		876.868		1.671		0.135		0.576963		1.400
0.056		0.1187		0.0000		876.865		1.674		0.140		0.593487		1.440
0.060		0.1219		0.0000		876.862		1.677		0.150		0.609322		1.480
0.064		0.1252		0.0000		876.858		1.681		0.160		0.625846		1.520
0.068		0.1283		0.0000		876.855		1.684		0.170		0.641682		1.560
0.072		0.1316		0.0000		876.852		1.687		0.180		0.658206		1.600
0.076		0.1348		0.0000		876.849		1.690		0.190		0.674042		1.640
0.080		0.1381		0.0000		876.845		1.694		0.200		0.690565		1.680
0.084		0.1414		0.0000		876.842		1.697		0.210		0.707089		1.720
0.090		0.1451		0.0000		876.838		1.701		0.225		0.725679		1.760
0.096		0.1489		0.0000		876.835		1.704		0.240		0.744268		1.800
0.102		0.1522		0.0000		876.831		1.708		0.255		0.760792		1.840
0.108		0.1553		0.0000		876.828		1.711		0.270		0.776628		1.880
0.114		0.1585		0.0000		876.825		1.714		0.285		0.792463		1.920
0.120		0.1617		0.0000		876.822		1.717		0.300		0.808299		1.960
0.128		0.1650		0.0000		876.819		1.721		0.320		0.824823		2.000
0.136		0.1683		0.0000		876.815		1.724		0.340		0.841347		2.040
0.142		0.1714		0.0000		876.812		1.727		0.355		0.857182		2.080
0.152		0.1747		0.0000		876.809		1.730		0.380		0.873706		2.120
0.160		0.1783		0.0000		876.805		1.734		0.400		0.891607		2.160
0.170		0.1820		0.0000		876.802		1.738		0.425		0.910197		2.200
0.180		0.1855		0.0000		876.798		1.741		0.450		0.927410		2.240
0.192		0.1886		0.0000		876.795		1.744		0.480		0.943245		2.280
0.202		0.1920		0.0000		876.792		1.748		0.505		0.959769		2.320
0.212		0.1951		0.0000		876.788		1.751		0.530		0.975604		2.360
0.224		0.1984		0.0000		876.785		1.754		0.560		0.992128		2.400
0.234		0.2016		0.0000		876.782		1.757		0.585		1.007964		2.440
0.246		0.2049		0.0000		876.779		1.760		0.615		1.024488		2.480
0.256		0.2081		0.0000		876.775		1.764		0.640		1.040323		2.520
0.268		0.2115		0.0000		876.772		1.767		0.670		1.057536		2.560
0.282		0.2154		0.0000		876.768		1.771		0.705		1.076814		2.600
0.296		0.2189		0.0000		876.765		1.775		0.740		1.094715		2.640
0.310		0.2221		0.0000		876.761		1.778		0.775		1.110550		2.680
0.322		0.2253		0.0000		876.758		1.781		0.805		1.126386		2.720
0.334		0.2286		0.0000		876.755		1.784		0.835		1.142910		2.760
0.346		0.2317		0.0000		876.752		1.787		0.865		1.158745		2.800
0.358		0.2351		0.0000		876.748		1.791		0.895		1.175269		2.840
0.372		0.2382		0.0000		876.745		1.794		0.930		1.191105		2.880
0.384		0.2415		0.0000		876.742		1.797		0.960		1.207629		2.920
0.398		0.2448		0.0000		876.739		1.800		0.995		1.224153		2.960
0.414		0.2485		0.0000		876.735		1.804		1.035		1.242743		3.000
0.432		0.2521		0.0000		876.731		1.808		1.080		1.260644		3.040
0.450		0.2554		0.0000		876.728		1.811		1.125		1.277167		3.080
0.468		0.2587		0.0000		876.725		1.814		1.170		1.293691		3.120
0.482		0.2619		0.0000		876.722		1.818		1.205		1.309527		3.160
0.500		0.2652		0.0000		876.718		1.821		1.250		1.326051		3.200
0.516		0.2684		0.0000		876.715		1.824		1.290		1.341887		3.240
0.534		0.2717		0.0000		876.712		1.827		1.335		1.358410		3.280
0.552		0.2748		0.0000		876.709		1.830		1.380		1.374246		3.320
0.570		0.2782		0.0000		876.705		1.834		1.425		1.390770		3.360
0.588		0.2819		0.0000		876.702		1.837		1.470		1.409360		3.400
0.606		0.2855		0.0000		876.698		1.841		1.515		1.427260		3.440
0.626		0.2889		0.0000		876.695		1.844		1.565		1.444473		3.480
0.646		0.2921		0.0000		876.691		1.848		1.615		1.460308		3.520
0.662		0.2954		0.0000		876.688		1.851		1.655		1.476832		3.560
0.678		0.2985		0.0000		876.685		1.854		1.695		1.492668		3.600
0.694		0.3018		0.0000		876.682		1.857		1.735		1.509192		3.640
0.710		0.3050		0.0000		876.679		1.861		1.775		1.525027		3.680
0.728		0.3083		0.0000		876.675		1.864		1.820		1.541551		3.720
0.744		0.3115		0.0000		876.672		1.867		1.860		1.557387		3.760
0.764		0.3151		0.0000		876.668		1.871		1.910		1.575288		3.800
0.782		0.3186		0.0000		876.665		1.874		1.955		1.593189		3.840
0.804		0.3222		0.0000		876.661		1.878		2.010		1.611090		3.880
0.826		0.3255		0.0000		876.658		1.881		2.065		1.627614		3.920
0.846		0.3287		0.0000		876.655		1.884		2.115		1.643449		3.960
0.866		0.3320		0.0000		876.652		1.888		2.165		1.659973		4.000
0.886		0.3352		0.0000		876.648		1.891		2.215		1.675809		4.040
0.906		0.3385		0.0000		876.645		1.894		2.265		1.692333		4.080
0.928		0.3416		0.0000		876.642		1.897		2.320		1.708168		4.120
0.948		0.3448		0.0000		876.639		1.900		2.370		1.724004		4.160
0.970		0.3484		0.0000		876.635		1.904		2.425		1.741905		4.200
0.994		0.3520		0.0000		876.632		1.908		2.485		1.759806		4.240
1.018		0.3557		0.0000		876.628		1.911		2.545		1.778395		4.280
1.046		0.3588		0.0000		876.625		1.914		2.615		1.794231		4.320
1.070		0.3622		0.0000		876.621		1.918		2.675		1.810755		4.360
1.092		0.3653		0.0000		876.618		1.921		2.730		1.826590		4.400
1.116		0.3686		0.0000		876.615		1.924		2.790		1.843114		4.440
1.138		0.3718		0.0000		876.612		1.927		2.845		1.858950		4.480
1.162		0.3750		0.0000		876.609		1.931		2.905		1.874785		4.520
1.186		0.3783		0.0000		876.605		1.934		2.965		1.891309		4.560
1.208		0.3817		0.0000		876.602		1.937		3.020		1.908522		4.600
1.234		0.3851		0.0000		876.598		1.941		3.085		1.925734		4.640
1.262		0.3889		0.0000		876.595		1.944		3.155		1.944324		4.680
1.292		0.3923		0.0000		876.591		1.948		3.230		1.961536		4.720
1.322		0.3955		0.0000		876.588		1.951		3.305		1.977372		4.760
1.350		0.3988		0.0000		876.585		1.954		3.375		1.993896		4.800
1.376		0.4019		0.0000		876.582		1.958		3.440		2.009732		4.840
1.404		0.4053		0.0000		876.578		1.961		3.510		2.026255		4.880
1.432		0.4084		0.0000		876.575		1.964		3.580		2.042091		4.920
1.462		0.4116		0.0000		876.572		1.967		3.655		2.057926		4.960
1.490		0.4149		0.0000		876.569		1.970		3.725		2.074450		5.000
1.518		0.4185		0.0000		876.565		1.974		3.795		2.092351		5.040
1.550		0.4222		0.0000		876.561		1.978		3.875		2.110941		5.080
1.584		0.4258		0.0000		876.558		1.981		3.960		2.128842		5.120
1.618		0.4289		0.0000		876.555		1.985		4.045		2.144677		5.160
1.648		0.4321		0.0000		876.551		1.988		4.120		2.160513		5.200
1.678		0.4353		0.0000		876.548		1.991		4.195		2.176349		5.240
1.706		0.4386		0.0000		876.545		1.994		4.265		2.192872		5.280
1.736		0.4419		0.0000		876.542		1.997		4.340		2.209396		5.320
1.766		0.4450		0.0000		876.538		2.001		4.415		2.225232		5.360
1.796		0.4482		0.0000		876.535		2.004		4.490		2.241067		5.400
1.826		0.4517		0.0000		876.532		2.007		4.565		2.258280		5.440
1.858		0.4554		0.0000		876.528		2.011		4.645		2.276869		5.480
1.892		0.4591		0.0000		876.524		2.015		4.730		2.295459		5.520
1.926		0.4624		0.0000		876.521		2.018		4.815		2.311983		5.560
1.960		0.4656		0.0000		876.518		2.021		4.900		2.327818		5.600
1.990		0.4687		0.0000		876.515		2.024		4.975		2.343654		5.640
2.022		0.4720		0.0000		876.511		2.028		5.055		2.360178		5.680
2.052		0.4752		0.0000		876.508		2.031		5.130		2.376013		5.720
2.084		0.4784		0.0000		876.505		2.034		5.210		2.391849		5.760
2.116		0.4815		0.0000		876.502		2.037		5.290		2.407684		5.800
2.146		0.4850		0.0000		876.499		2.041		5.365		2.424896		5.840
2.178		0.4887		0.0000		876.495		2.044		5.445		2.443486		5.880
2.214		0.4924		0.0000		876.491		2.048		5.535		2.462075		5.920
2.252		0.4957		0.0000		876.488		2.051		5.630		2.478600		5.960
2.288		0.4989		0.0000		876.485		2.054		5.720		2.494436		6.000
2.320		0.5021		0.0000		876.481		2.058		5.800		2.510271		6.040
2.350		0.5054		0.0000		876.478		2.061		5.875		2.526795		6.080
2.382		0.5087		0.0000		876.475		2.064		5.955		2.543319		6.120
2.414		0.5118		0.0000		876.472		2.067		6.035		2.559155		6.160
2.446		0.5150		0.0000		876.469		2.071		6.115		2.574990		6.200
2.478		0.5183		0.0000		876.465		2.074		6.195		2.591514		6.240
2.510		0.5219		0.0000		876.462		2.077		6.275		2.609415		6.280
2.544		0.5256		0.0000		876.458		2.081		6.360		2.628004		6.320
2.582		0.5290		0.0000		876.454		2.085		6.455		2.645216		6.360
2.618		0.5325		0.0000		876.451		2.088		6.545		2.662429		6.400
2.654		0.5355		0.0000		876.448		2.091		6.635		2.677576		6.440
2.686		0.5388		0.0000		876.445		2.094		6.715		2.694101		6.480
2.718		0.5420		0.0000		876.442		2.098		6.795		2.709935		6.520
2.750		0.5452		0.0000		876.438		2.101		6.875		2.725771		6.560
2.782		0.5483		0.0000		876.435		2.104		6.955		2.741607		6.600
2.812		0.5516		0.0000		876.432		2.107		7.030		2.758131		6.640
2.844		0.5551		0.0000		876.428		2.111		7.110		2.775343		6.680
2.878		0.5588		0.0000		876.425		2.114		7.195		2.793932		6.720
2.914		0.5625		0.0000		876.421		2.118		7.285		2.812522		6.760
2.952		0.5658		0.0000		876.418		2.121		7.380		2.829047		6.800
2.988		0.5690		0.0000		876.415		2.125		7.470		2.844882		6.840
3.020		0.5721		0.0000		876.411		2.128		7.550		2.860717		6.880
3.050		0.5754		0.0000		876.408		2.131		7.625		2.877241		6.920
3.082		0.5786		0.0000		876.405		2.134		7.705		2.893076		6.960
3.114		0.5818		0.0000		876.402		2.137		7.785		2.908912		7.000
3.146		0.5849		0.0000		876.399		2.141		7.865		2.924748		7.040
3.178		0.5884		0.0000		876.395		2.144		7.945		2.941961		7.080
3.210		0.5921		0.0000		876.391		2.148		8.025		2.960550		7.120
3.246		0.5958		0.0000		876.388		2.151		8.115		2.979140		7.160
3.284		0.5991		0.0000		876.384		2.155		8.210		2.995663		7.200
3.320		0.6023		0.0000		876.381		2.158		8.300		3.011499		7.240
3.352		0.6056		0.0000		876.378		2.161		8.380		3.028023		7.280
3.382		0.6088		0.0000		876.375		2.164		8.455		3.043859		7.320
3.414		0.6121		0.0000		876.371		2.168		8.535		3.060382		7.360
3.446		0.6152		0.0000		876.368		2.171		8.615		3.076218		7.400
3.476		0.6184		0.0000		876.365		2.174		8.690		3.092053		7.440
3.508		0.6216		0.0000		876.362		2.177		8.770		3.107889		7.480
3.540		0.6253		0.0000		876.358		2.181		8.850		3.126479		7.520
3.574		0.6290		0.0000		876.354		2.185		8.935		3.145068		7.560
3.612		0.6326		0.0000		876.351		2.188		9.030		3.162969		7.600
3.650		0.6358		0.0000		876.348		2.191		9.125		3.178804		7.640
3.682		0.6389		0.0000		876.345		2.195		9.205		3.194640		7.680
3.712		0.6421		0.0000		876.341		2.198		9.280		3.210475		7.720
3.742		0.6454		0.0000		876.338		2.201		9.355		3.227000		7.760
3.772		0.6486		0.0000		876.335		2.204		9.430		3.242836		7.800
3.802		0.6517		0.0000		876.332		2.207		9.505		3.258670		7.840
3.832		0.6550		0.0000		876.328		2.211		9.580		3.275195		7.880
3.864		0.6585		0.0000		876.325		2.214		9.660		3.292408		7.920
3.896		0.6622		0.0000		876.321		2.218		9.740		3.310997		7.960
3.930		0.6659		0.0000		876.318		2.222		9.825		3.329587		8.000
3.966		0.6692		0.0000		876.314		2.225		9.915		3.346110		8.040
4.000		0.6724		0.0000		876.311		2.228		10.000		3.361946		8.080
4.030		0.6756		0.0000		876.308		2.231		10.075		3.377780		8.120
4.060		0.6789		0.0000		876.305		2.234		10.150		3.394305		8.160
4.090		0.6820		0.0000		876.302		2.238		10.225		3.410141		8.200
4.118		0.6852		0.0000		876.298		2.241		10.295		3.425975		8.240
4.148		0.6884		0.0000		876.295		2.244		10.370		3.441811		8.280
4.176		0.6917		0.0000		876.292		2.247		10.440		3.458335		8.320
4.206		0.6954		0.0000		876.288		2.251		10.515		3.476924		8.360
4.238		0.6992		0.0000		876.284		2.255		10.595		3.496203		8.400
4.274		0.7027		0.0000		876.281		2.258		10.685		3.513415		8.440
4.308		0.7057		0.0000		876.278		2.261		10.770		3.528562		8.480
4.336		0.7089		0.0000		876.275		2.264		10.840		3.544398		8.520
4.362		0.7122		0.0000		876.271		2.268		10.905		3.560922		8.560
4.390		0.7154		0.0000		876.268		2.271		10.975		3.576757		8.600
4.418		0.7187		0.0000		876.265		2.274		11.045		3.593281		8.640
4.446		0.7218		0.0000		876.262		2.277		11.115		3.609117		8.680
4.472		0.7251		0.0000		876.258		2.281		11.180		3.625640		8.720
4.500		0.7287		0.0000		876.255		2.284		11.250		3.643542		8.760
4.530		0.7324		0.0000		876.251		2.288		11.325		3.662131		8.800
4.562		0.7360		0.0000		876.247		2.292		11.405		3.680032		8.840
4.596		0.7392		0.0000		876.244		2.295		11.490		3.695868		8.880
4.622		0.7423		0.0000		876.241		2.298		11.555		3.711703		8.920
4.648		0.7456		0.0000		876.238		2.301		11.620		3.728227		8.960
4.674		0.7488		0.0000		876.235		2.304		11.685		3.744063		9.000
4.700		0.7520		0.0000		876.232		2.308		11.750		3.759899		9.040
4.724		0.7551		0.0000		876.228		2.311		11.810		3.775734		9.080
4.750		0.7583		0.0000		876.225		2.314		11.875		3.791569		9.120
4.774		0.7619		0.0000		876.222		2.317		11.935		3.809471		9.160
4.800		0.7656		0.0000		876.218		2.321		12.000		3.828060		9.200
4.832		0.7693		0.0000		876.214		2.325		12.080		3.846650		9.240
4.864		0.7726		0.0000		876.211		2.328		12.160		3.863173		9.280
4.892		0.7757		0.0000		876.208		2.331		12.230		3.878320		9.320
4.914		0.7790		0.0000		876.205		2.335		12.285		3.894845		9.360
4.936		0.7821		0.0000		876.201		2.338		12.340		3.910680		9.400
4.960		0.7854		0.0000		876.198		2.341		12.400		3.927204		9.440
4.984		0.7886		0.0000		876.195		2.344		12.460		3.943040		9.480
5.006		0.7918		0.0000		876.192		2.347		12.515		3.958874		9.520
5.030		0.7951		0.0000		876.188		2.351		12.575		3.975399		9.560
5.054		0.7988		0.0000		876.185		2.354		12.635		3.993989		9.600
5.080		0.8027		0.0000		876.181		2.358		12.700		4.013266		9.640
5.110		0.8060		0.0000		876.178		2.362		12.775		4.029791		9.680
5.136		0.8093		0.0000		876.174		2.365		12.840		4.046314		9.720
5.158		0.8124		0.0000		876.171		2.368		12.895		4.062150		9.760
5.178		0.8156		0.0000		876.168		2.371		12.945		4.077986		9.800
5.198		0.8188		0.0000		876.165		2.374		12.995		4.093821		9.840
5.218		0.8219		0.0000		876.162		2.378		13.045		4.109656		9.880
5.238		0.8251		0.0000		876.158		2.381		13.095		4.125492		9.920
5.258		0.8284		0.0000		876.155		2.384		13.145		4.142015		9.960
5.276		0.8321		0.0000		876.151		2.388		13.190		4.160605		10.000
5.300		0.8360		0.0000		876.148		2.392		13.250		4.179883		10.040
5.326		0.8394		0.0000		876.144		2.395		13.315		4.197096		10.080
5.350		0.8426		0.0000		876.141		2.398		13.375		4.212931		10.120
5.370		0.8458		0.0000		876.138		2.401		13.425		4.228766		10.160
5.388		0.8489		0.0000		876.135		2.405		13.470		4.244602		10.200
5.404		0.8522		0.0000		876.131		2.408		13.510		4.261126		10.240
5.424		0.8554		0.0000		876.128		2.411		13.560		4.276962		10.280
5.440		0.8586		0.0000		876.125		2.414		13.600		4.292798		10.320
5.458		0.8619		0.0000		876.122		2.417		13.645		4.309321		10.360
5.474		0.8653		0.0000		876.118		2.421		13.685		4.326534		10.400
5.494		0.8692		0.0000		876.114		2.425		13.735		4.345812		10.440
5.516		0.8727		0.0000		876.111		2.428		13.790		4.363713		10.480
5.538		0.8760		0.0000		876.107		2.432		13.845		4.380236		10.520
5.558		0.8792		0.0000		876.104		2.435		13.895		4.396072		10.560
5.572		0.8824		0.0000		876.101		2.438		13.930		4.411908		10.600
5.586		0.8855		0.0000		876.098		2.441		13.965		4.427743		10.640
5.600		0.8887		0.0000		876.095		2.444		14.000		4.443579		10.680
5.616		0.8919		0.0000		876.092		2.447		14.040		4.459414		10.720
5.630		0.8952		0.0000		876.088		2.451		14.075		4.475939		10.760
5.644		0.8985		0.0000		876.085		2.454		14.110		4.492462		10.800
5.658		0.9023		0.0000		876.081		2.458		14.145		4.511741		10.840
5.678		0.9061		0.0000		876.077		2.462		14.195		4.530330		10.880
5.700		0.9095		0.0000		876.074		2.465		14.250		4.547542		10.920
5.718		0.9125		0.0000		876.071		2.468		14.295		4.562690		10.960
5.730		0.9157		0.0000		876.068		2.471		14.325		4.578526		11.000
5.742		0.9190		0.0000		876.065		2.475		14.355		4.595049		11.040
5.754		0.9222		0.0000		876.061		2.478		14.385		4.610885		11.080
5.766		0.9253		0.0000		876.058		2.481		14.415		4.626719		11.120
5.776		0.9285		0.0000		876.055		2.484		14.440		4.642555		11.160
5.788		0.9318		0.0000		876.052		2.487		14.470		4.659080		11.200
5.800		0.9355		0.0000		876.048		2.491		14.500		4.677670		11.240
5.816		0.9394		0.0000		876.044		2.495		14.540		4.696947		11.280
5.834		0.9428		0.0000		876.041		2.498		14.585		4.714159		11.320
5.850		0.9460		0.0000		876.038		2.502		14.625		4.729995		11.360
5.862		0.9493		0.0000		876.034		2.505		14.655		4.746519		11.400
5.872		0.9523		0.0000		876.031		2.508		14.680		4.761665		11.440
5.880		0.9556		0.0000		876.028		2.511		14.700		4.778190		11.480
5.890		0.9588		0.0000		876.025		2.514		14.725		4.794025		11.520
5.900		0.9620		0.0000		876.022		2.518		14.750		4.809861		11.560
5.908		0.9653		0.0000		876.018		2.521		14.770		4.826385		11.600
5.918		0.9687		0.0000		876.015		2.524		14.795		4.843597		11.640
5.930		0.9726		0.0000		876.011		2.528		14.825		4.862875		11.680
5.946		0.9763		0.0000		876.007		2.532		14.865		4.881465		11.720
5.964		0.9795		0.0000		876.004		2.535		14.910		4.897301		11.760
5.976		0.9825		0.0000		876.001		2.538		14.940		4.912447		11.800
5.984		0.9858		0.0000		875.998		2.541		14.960		4.928971		11.840
5.990		0.9890		0.0000		875.995		2.545		14.975		4.944807		11.880
6.000		0.9921		0.0000		875.991		2.548		15.000		4.960642		11.920
6.008		0.9953		0.0000		875.988		2.551		15.020		4.976478		11.960
6.014		0.9986		0.0000		875.985		2.554		15.035		4.993002		12.000
6.022		1.0019		0.0000		875.982		2.558		15.055		5.009525		12.040
6.030		1.0058		0.0000		875.978		2.561		15.075		5.028804		12.080
6.044		1.0096		0.0000		875.974		2.565		15.110		5.048081		12.120
6.058		1.0128		0.0000		875.971		2.568		15.145		5.063917		12.160
6.070		1.0161		0.0000		875.967		2.572		15.175		5.080442		12.200
6.078		1.0191		0.0000		875.964		2.575		15.195		5.095589		12.240
6.084		1.0224		0.0000		875.961		2.578		15.210		5.112112		12.280
6.090		1.0256		0.0000		875.958		2.581		15.225		5.127948		12.320
6.096		1.0288		0.0000		875.955		2.584		15.240		5.143784		12.360
6.102		1.0319		0.0000		875.952		2.588		15.255		5.159618		12.400
6.108		1.0352		0.0000		875.948		2.591		15.270		5.176143		12.440
6.114		1.0389		0.0000		875.945		2.595		15.285		5.194733		12.480
6.124		1.0429		0.0000		875.941		2.599		15.310		5.214699		12.520
6.140		1.0462		0.0000		875.937		2.602		15.350		5.231223		12.560
6.152		1.0494		0.0000		875.934		2.605		15.380		5.247058		12.600
6.158		1.0526		0.0000		875.931		2.608		15.395		5.262894		12.640
6.162		1.0557		0.0000		875.928		2.611		15.405		5.278730		12.680
6.168		1.0591		0.0000		875.924		2.615		15.420		5.295253		12.720
6.174		1.0622		0.0000		875.921		2.618		15.435		5.311089		12.760
6.178		1.0654		0.0000		875.918		2.621		15.445		5.326925		12.800
6.184		1.0687		0.0000		875.915		2.624		15.460		5.343449		12.840
6.188		1.0723		0.0000		875.911		2.628		15.470		5.361349		12.880
6.196		1.0760		0.0000		875.908		2.632		15.490		5.379939		12.920
6.208		1.0796		0.0000		875.904		2.635		15.520		5.397840		12.960
6.222		1.0829		0.0000		875.901		2.638		15.555		5.414364		13.000
6.230		1.0860		0.0000		875.897		2.642		15.575		5.430200		13.040
6.232		1.0892		0.0000		875.894		2.645		15.580		5.446035		13.080
6.236		1.0924		0.0000		875.891		2.648		15.590		5.461870		13.120
6.240		1.0955		0.0000		875.888		2.651		15.600		5.477705		13.160
6.244		1.0988		0.0000		875.885		2.654		15.610		5.494230		13.200
6.248		1.1019		0.0000		875.882		2.657		15.620		5.509377		13.240
6.252		1.1055		0.0000		875.878		2.661		15.630		5.527277		13.280
6.258		1.1092		0.0000		875.874		2.665		15.645		5.545867		13.320
6.268		1.1130		0.0000		875.870		2.669		15.670		5.565145		13.360
6.282		1.1163		0.0000		875.867		2.672		15.705		5.581669		13.400
6.290		1.1194		0.0000		875.864		2.675		15.725		5.596816		13.440
6.292		1.1227		0.0000		875.861		2.678		15.730		5.613341		13.480
6.294		1.1258		0.0000		875.858		2.681		15.735		5.629175		13.520
6.298		1.1290		0.0000		875.855		2.685		15.745		5.645011		13.560
6.302		1.1322		0.0000		875.851		2.688		15.755		5.660847		13.600
6.304		1.1353		0.0000		875.848		2.691		15.760		5.676682		13.640
6.308		1.1388		0.0000		875.845		2.694		15.770		5.693895		13.680
6.310		1.1424		0.0000		875.841		2.698		15.775		5.711796		13.720
6.318		1.1462		0.0000		875.837		2.702		15.795		5.731074		13.760
6.330		1.1497		0.0000		875.834		2.705		15.825		5.748287		13.800
6.340		1.1528		0.0000		875.831		2.708		15.850		5.764122		13.840
6.344		1.1560		0.0000		875.828		2.712		15.860		5.779957		13.880
6.346		1.1593		0.0000		875.824		2.715		15.865		5.796481		13.920
6.348		1.1623		0.0000		875.821		2.718		15.870		5.811629		13.960
6.352		1.1656		0.0000		875.818		2.721		15.880		5.828152		14.000
6.354		1.1688		0.0000		875.815		2.724		15.885		5.843988		14.040
6.356		1.1720		0.0000		875.812		2.728		15.890		5.859824		14.080
6.360		1.1757		0.0000		875.808		2.731		15.900		5.878413		14.120
6.366		1.1795		0.0000		875.804		2.735		15.915		5.897691		14.160
6.376		1.1833		0.0000		875.800		2.739		15.940		5.916280		14.200
6.388		1.1861		0.0000		875.797		2.742		15.970		5.930739		14.240
6.394		1.1893		0.0000		875.794		2.745		15.985		5.946575		14.280
6.396		1.1926		0.0000		875.791		2.748		15.990		5.963099		14.320
6.398		1.1959		0.0000		875.788		2.752		15.995		5.979622		14.360
6.402		1.1991		0.0000		875.784		2.755		16.005		5.995458		14.400
6.404		1.2023		0.0000		875.781		2.758		16.010		6.011293		14.440
6.406		1.2054		0.0000		875.778		2.761		16.015		6.027129		14.480
6.410		1.2089		0.0000		875.775		2.764		16.025		6.044342		14.520
6.414		1.2126		0.0000		875.771		2.768		16.035		6.062932		14.560
6.424		1.2164		0.0000		875.767		2.772		16.060		6.082209		14.600
6.434		1.2196		0.0000		875.764		2.775		16.085		6.098044		14.640
6.442		1.2229		0.0000		875.761		2.779		16.105		6.114568		14.680
6.444		1.2259		0.0000		875.758		2.782		16.110		6.129715		14.720
6.446		1.2292		0.0000		875.754		2.785		16.115		6.146240		14.760
6.446		1.2324		0.0000		875.751		2.788		16.115		6.162076		14.800
6.448		1.2356		0.0000		875.748		2.791		16.120		6.177910		14.840
6.450		1.2387		0.0000		875.745		2.794		16.125		6.193746		14.880
6.452		1.2421		0.0000		875.741		2.798		16.130		6.210269		14.920
6.456		1.2458		0.0000		875.738		2.801		16.140		6.228859		14.960
6.462		1.2498		0.0000		875.734		2.805		16.155		6.248827		15.000
6.474		1.2531		0.0000		875.730		2.809		16.185		6.265350		15.040
6.484		1.2562		0.0000		875.727		2.812		16.210		6.281186		15.080
6.486		1.2594		0.0000		875.724		2.815		16.215		6.297020		15.120
6.486		1.2626		0.0000		875.721		2.818		16.215		6.312856		15.160
6.488		1.2659		0.0000		875.718		2.821		16.220		6.329381		15.200
6.490		1.2689		0.0000		875.715		2.825		16.225		6.344528		15.240
6.494		1.2722		0.0000		875.711		2.828		16.235		6.361051		15.280
6.494		1.2754		0.0000		875.708		2.831		16.235		6.376887		15.320
6.498		1.2790		0.0000		875.705		2.835		16.245		6.394787		15.360
6.504		1.2830		0.0000		875.701		2.839		16.260		6.414754		15.400
6.514		1.2865		0.0000		875.697		2.842		16.285		6.432655		15.440
6.524		1.2897		0.0000		875.694		2.845		16.310		6.448491		15.480
6.530		1.2929		0.0000		875.691		2.848		16.325		6.464326		15.520
6.530		1.2960		0.0000		875.688		2.852		16.325		6.480162		15.560
6.532		1.2992		0.0000		875.684		2.855		16.330		6.495997		15.600
6.534		1.3025		0.0000		875.681		2.858		16.335		6.512521		15.640
6.536		1.3055		0.0000		875.678		2.861		16.340		6.527669		15.680
6.536		1.3087		0.0000		875.675		2.864		16.340		6.543503		15.720
6.538		1.3123		0.0000		875.671		2.868		16.345		6.561405		15.760
6.542		1.3161		0.0000		875.667		2.872		16.355		6.580682		15.800
6.550		1.3199		0.0000		875.664		2.875		16.375		6.599272		15.840
6.562		1.3232		0.0000		875.660		2.879		16.405		6.615797		15.880
6.568		1.3263		0.0000		875.657		2.882		16.420		6.631631		15.920
6.568		1.3295		0.0000		875.654		2.885		16.420		6.647467		15.960
6.570		1.3327		0.0000		875.651		2.888		16.425		6.663303		16.000
6.572		1.3358		0.0000		875.648		2.891		16.430		6.679139		16.040
6.574		1.3390		0.0000		875.645		2.895		16.435		6.694974		16.080
6.574		1.3422		0.0000		875.641		2.898		16.435		6.710809		16.120
6.576		1.3455		0.0000		875.638		2.901		16.440		6.727334		16.160
6.580		1.3493		0.0000		875.634		2.905		16.450		6.746611		16.200
6.586		1.3532		0.0000		875.630		2.909		16.465		6.765890		16.240
6.598		1.3565		0.0000		875.627		2.912		16.495		6.782413		16.280
6.606		1.3598		0.0000		875.624		2.915		16.515		6.798938		16.320
6.608		1.3628		0.0000		875.621		2.918		16.520		6.814085		16.360
6.610		1.3661		0.0000		875.617		2.922		16.525		6.830608		16.400
6.610		1.3693		0.0000		875.614		2.925		16.525		6.846444		16.440
6.612		1.3725		0.0000		875.611		2.928		16.530		6.862280		16.480
6.614		1.3756		0.0000		875.608		2.931		16.535		6.878114		16.520
6.614		1.3787		0.0000		875.605		2.934		16.535		6.893262		16.560
6.616		1.3825		0.0000		875.601		2.938		16.540		6.912539		16.600
6.622		1.3864		0.0000		875.597		2.942		16.555		6.931818		16.640
6.630		1.3901		0.0000		875.593		2.946		16.575		6.950408		16.680
6.640		1.3931		0.0000		875.590		2.949		16.600		6.965554		16.720
6.644		1.3963		0.0000		875.587		2.952		16.610		6.981390		16.760
6.644		1.3994		0.0000		875.584		2.955		16.610		6.997226		16.800
6.644		1.4027		0.0000		875.581		2.958		16.610		7.013750		16.840
6.644		1.4058		0.0000		875.578		2.961		16.610		7.028896		16.880
6.646		1.4089		0.0000		875.575		2.965		16.615		7.044732		16.920
6.646		1.4123		0.0000		875.571		2.968		16.615		7.061255		16.960
6.648		1.4157		0.0000		875.568		2.971		16.620		7.078468		17.000
6.652		1.4194		0.0000		875.564		2.975		16.630		7.097058		17.040
6.660		1.4234		0.0000		875.560		2.979		16.650		7.117024		17.080
6.670		1.4266		0.0000		875.557		2.982		16.675		7.132860		17.120
6.676		1.4296		0.0000		875.554		2.985		16.690		7.148006		17.160
6.676		1.4329		0.0000		875.551		2.989		16.690		7.164531		17.200
6.678		1.4361		0.0000		875.547		2.992		16.695		7.180366		17.240
6.678		1.4392		0.0000		875.544		2.995		16.695		7.196202		17.280
6.680		1.4424		0.0000		875.541		2.998		16.700		7.212038		17.320
6.680		1.4456		0.0000		875.538		3.001		16.700		7.227873		17.360
6.682		1.4489		0.0000		875.535		3.004		16.705		7.244397		17.400
6.684		1.4527		0.0000		875.531		3.008		16.710		7.263675		17.440
6.690		1.4566		0.0000		875.527		3.012		16.725		7.282953		17.480
6.702		1.4599		0.0000		875.524		3.015		16.755		7.299476		17.520
6.708		1.4629		0.0000		875.521		3.019		16.770		7.314624		17.560
6.710		1.4662		0.0000		875.517		3.022		16.775		7.331148		17.600
6.710		1.4695		0.0000		875.514		3.025		16.775		7.347672		17.640
6.712		1.4727		0.0000		875.511		3.028		16.780		7.363507		17.680
6.714		1.4759		0.0000		875.508		3.031		16.785		7.379343		17.720
6.714		1.4790		0.0000		875.505		3.035		16.785		7.395179		17.760
6.716		1.4822		0.0000		875.501		3.038		16.790		7.411015		17.800
6.718		1.4859		0.0000		875.498		3.042		16.795		7.429604		17.840
6.724		1.4898		0.0000		875.494		3.045		16.810		7.448881		17.880
6.734		1.4934		0.0000		875.490		3.049		16.835		7.466783		17.920
6.742		1.4965		0.0000		875.487		3.052		16.855		7.482617		17.960
6.746		1.4997		0.0000		875.484		3.055		16.865		7.498453		18.000
6.746		1.5029		0.0000		875.481		3.058		16.865		7.514289		18.040
6.748		1.5060		0.0000		875.477		3.062		16.870		7.530125		18.080
6.748		1.5092		0.0000		875.474		3.065		16.870		7.545959		18.120
6.750		1.5124		0.0000		875.471		3.068		16.875		7.561795		18.160
6.752		1.5155		0.0000		875.468		3.071		16.880		7.577631		18.200
6.752		1.5191		0.0000		875.464		3.075		16.880		7.595531		18.240
6.756		1.5230		0.0000		875.461		3.079		16.890		7.614810		18.280
6.766		1.5267		0.0000		875.457		3.082		16.915		7.633399		18.320
6.776		1.5298		0.0000		875.454		3.085		16.940		7.649235		18.360
6.782		1.5330		0.0000		875.451		3.089		16.955		7.665071		18.400
6.782		1.5363		0.0000		875.447		3.092		16.955		7.681594		18.440
6.782		1.5395		0.0000		875.444		3.095		16.955		7.697430		18.480
6.782		1.5427		0.0000		875.441		3.098		16.955		7.713265		18.520
6.784		1.5458		0.0000		875.438		3.101		16.960		7.729101		18.560
6.786		1.5490		0.0000		875.435		3.105		16.965		7.744936		18.600
6.786		1.5523		0.0000		875.431		3.108		16.965		7.761460		18.640
6.790		1.5561		0.0000		875.427		3.112		16.975		7.780738		18.680
6.796		1.5600		0.0000		875.424		3.116		16.990		7.800016		18.720
6.808		1.5633		0.0000		875.420		3.119		17.020		7.816541		18.760
6.816		1.5665		0.0000		875.417		3.122		17.040		7.832376		18.800
6.818		1.5696		0.0000		875.414		3.125		17.045		7.848211		18.840
6.818		1.5728		0.0000		875.411		3.128		17.045		7.864047		18.880
6.818		1.5761		0.0000		875.407		3.132		17.045		7.880570		18.920
6.820		1.5793		0.0000		875.404		3.135		17.050		7.896406		18.960
6.820		1.5823		0.0000		875.401		3.138		17.050		7.911553		19.000
6.822		1.5856		0.0000		875.398		3.141		17.055		7.928078		19.040
6.822		1.5893		0.0000		875.394		3.145		17.055		7.946667		19.080
6.828		1.5932		0.0000		875.390		3.149		17.070		7.965944		19.120
6.838		1.5966		0.0000		875.387		3.152		17.095		7.983157		19.160
6.848		1.5999		0.0000		875.384		3.156		17.120		7.999682		19.200
6.850		1.6031		0.0000		875.380		3.159		17.125		8.015516		19.240
6.850		1.6063		0.0000		875.377		3.162		17.125		8.031352		19.280
6.850		1.6094		0.0000		875.374		3.165		17.125		8.047188		19.320
6.852		1.6126		0.0000		875.371		3.168		17.130		8.063024		19.360
6.852		1.6158		0.0000		875.368		3.171		17.130		8.078858		19.400
6.852		1.6191		0.0000		875.364		3.175		17.130		8.095383		19.440
6.854		1.6227		0.0000		875.361		3.178		17.135		8.113283		19.480
6.858		1.6264		0.0000		875.357		3.182		17.145		8.131873		19.520
6.866		1.6301		0.0000		875.353		3.186		17.165		8.150462		19.560
6.876		1.6334		0.0000		875.350		3.189		17.190		8.166987		19.600
6.880		1.6364		0.0000		875.347		3.192		17.200		8.182134		19.640
6.880		1.6396		0.0000		875.344		3.195		17.200		8.197969		19.680
6.880		1.6429		0.0000		875.341		3.198		17.200		8.214494		19.720
6.882		1.6459		0.0000		875.338		3.202		17.205		8.229640		19.760
6.882		1.6492		0.0000		875.334		3.205		17.205		8.246165		19.800
6.884		1.6524		0.0000		875.331		3.208		17.210		8.261999		19.840
6.884		1.6558		0.0000		875.328		3.211		17.210		8.279212		19.880
6.888		1.6596		0.0000		875.324		3.215		17.220		8.297802		19.920
6.894		1.6634		0.0000		875.320		3.219		17.235		8.317080		19.960
6.904		1.6667		0.0000		875.317		3.222		17.260		8.333604		20.000
6.912		1.6699		0.0000		875.314		3.225		17.280		8.349440		20.040
6.912		1.6731		0.0000		875.310		3.229		17.280		8.365275		20.080
6.910		1.6764		0.0000		875.307		3.232		17.275		8.381799		20.120
6.910		1.6794		0.0000		875.304		3.235		17.275		8.396946		20.160
6.910		1.6826		0.0000		875.301		3.238		17.275		8.412782		20.200
6.910		1.6859		0.0000		875.298		3.241		17.275		8.429305		20.240
6.912		1.6890		0.0000		875.294		3.245		17.280		8.445141		20.280
6.912		1.6926		0.0000		875.291		3.248		17.280		8.463042		20.320
6.918		1.6965		0.0000		875.287		3.252		17.295		8.482320		20.360
6.926		1.7002		0.0000		875.283		3.256		17.315		8.500909		20.400
6.936		1.7033		0.0000		875.280		3.259		17.340		8.516745		20.440
6.938		1.7065		0.0000		875.277		3.262		17.345		8.532580		20.480
6.938		1.7097		0.0000		875.274		3.265		17.345		8.548415		20.520
6.936		1.7129		0.0000		875.271		3.268		17.340		8.564251		20.560
6.936		1.7160		0.0000		875.268		3.272		17.340		8.580087		20.600
6.938		1.7192		0.0000		875.264		3.275		17.345		8.595922		20.640
6.938		1.7225		0.0000		875.261		3.278		17.345		8.612446		20.680
6.938		1.7259		0.0000		875.258		3.282		17.345		8.629659		20.720
6.940		1.7298		0.0000		875.254		3.285		17.350		8.648937		20.760
6.948		1.7335		0.0000		875.250		3.289		17.370		8.667527		20.800
6.960		1.7367		0.0000		875.247		3.292		17.400		8.683361		20.840
6.964		1.7398		0.0000		875.244		3.295		17.410		8.699197		20.880
6.964		1.7430		0.0000		875.241		3.299		17.410		8.715033		20.920
6.964		1.7463		0.0000		875.237		3.302		17.410		8.731557		20.960
6.964		1.7495		0.0000		875.234		3.305		17.410		8.747393		21.000
6.966		1.7526		0.0000		875.231		3.308		17.415		8.763228		21.040
6.966		1.7558		0.0000		875.228		3.311		17.415		8.779064		21.080
6.966		1.7593		0.0000		875.224		3.315		17.415		8.796276		21.120
6.968		1.7628		0.0000		875.221		3.318		17.420		8.814177		21.160
6.976		1.7668		0.0000		875.217		3.322		17.440		8.834144		21.200
6.986		1.7701		0.0000		875.213		3.326		17.465		8.850667		21.240
6.992		1.7733		0.0000		875.210		3.329		17.480		8.866503		21.280
6.994		1.7765		0.0000		875.207		3.332		17.485		8.882339		21.320
6.994		1.7796		0.0000		875.204		3.335		17.485		8.898174		21.360
6.994		1.7828		0.0000		875.201		3.338		17.485		8.914010		21.400
6.994		1.7860		0.0000		875.198		3.342		17.485		8.929845		21.440
6.996		1.7891		0.0000		875.194		3.345		17.490		8.945681		21.480
6.996		1.7924		0.0000		875.191		3.348		17.490		8.962204		21.520
6.998		1.7962		0.0000		875.187		3.352		17.495		8.980793		21.560
7.002		1.8002		0.0000		875.183		3.356		17.505		9.000761		21.600
7.014		1.8036		0.0000		875.180		3.359		17.535		9.017972		21.640
7.024		1.8068		0.0000		875.177		3.362		17.560		9.033808		21.680
7.026		1.8099		0.0000		875.174		3.366		17.565		9.049644		21.720
7.024		1.8130		0.0000		875.171		3.369		17.560		9.064791		21.760
7.024		1.8163		0.0000		875.167		3.372		17.560		9.081315		21.800
7.024		1.8194		0.0000		875.164		3.375		17.560		9.097150		21.840
7.026		1.8226		0.0000		875.161		3.378		17.565		9.112986		21.880
7.026		1.8258		0.0000		875.158		3.381		17.565		9.128821		21.920
7.028		1.8293		0.0000		875.154		3.385		17.570		9.146722		21.960
7.032		1.8332		0.0000		875.150		3.389		17.580		9.166000		22.000
7.040		1.8369		0.0000		875.147		3.393		17.600		9.184590		22.040
7.052		1.8401		0.0000		875.143		3.396		17.630		9.200426		22.080
7.056		1.8433		0.0000		875.140		3.399		17.640		9.216260		22.120
7.056		1.8464		0.0000		875.137		3.402		17.640		9.232096		22.160
7.056		1.8497		0.0000		875.134		3.405		17.640		9.248621		22.200
7.058		1.8529		0.0000		875.131		3.408		17.645		9.264456		22.240
7.058		1.8561		0.0000		875.127		3.412		17.645		9.280292		22.280
7.058		1.8592		0.0000		875.124		3.415		17.645		9.296127		22.320
7.058		1.8625		0.0000		875.121		3.418		17.645		9.312651		22.360
7.062		1.8664		0.0000		875.117		3.422		17.655		9.331929		22.400
7.068		1.8702		0.0000		875.113		3.426		17.670		9.351207		22.440
7.080		1.8735		0.0000		875.110		3.429		17.700		9.367731		22.480
7.088		1.8767		0.0000		875.107		3.432		17.720		9.383566		22.520
7.088		1.8799		0.0000		875.104		3.435		17.720		9.399402		22.560
7.088		1.8830		0.0000		875.100		3.439		17.720		9.415237		22.600
7.088		1.8862		0.0000		875.097		3.442		17.720		9.431073		22.640
7.090		1.8894		0.0000		875.094		3.445		17.725		9.446909		22.680
7.090		1.8925		0.0000		875.091		3.448		17.725		9.462744		22.720
7.090		1.8959		0.0000		875.088		3.451		17.725		9.479268		22.760
7.092		1.8996		0.0000		875.084		3.455		17.730		9.497858		22.800
7.096		1.9034		0.0000		875.080		3.459		17.740		9.517135		22.840
7.106		1.9070		0.0000		875.077		3.463		17.765		9.535037		22.880
7.116		1.9102		0.0000		875.073		3.466		17.790		9.550873		22.920
7.118		1.9132		0.0000		875.070		3.469		17.795		9.566019		22.960
7.116		1.9165		0.0000		875.067		3.472		17.790		9.582542		23.000
7.116		1.9197		0.0000		875.064		3.475		17.790		9.598378		23.040
7.118		1.9228		0.0000		875.061		3.478		17.795		9.614214		23.080
7.118		1.9260		0.0000		875.057		3.482		17.795		9.630049		23.120
7.118		1.9292		0.0000		875.054		3.485		17.795		9.645885		23.160
7.118		1.9328		0.0000		875.051		3.488		17.795		9.663786		23.200
7.122		1.9366		0.0000		875.047		3.492		17.805		9.683064		23.240
7.132		1.9405		0.0000		875.043		3.496		17.830		9.702342		23.280
7.142		1.9435		0.0000		875.040		3.499		17.855		9.717489		23.320
7.144		1.9467		0.0000		875.037		3.502		17.860		9.733325		23.360
7.144		1.9498		0.0000		875.034		3.505		17.860		9.749161		23.400
7.144		1.9531		0.0000		875.030		3.509		17.860		9.765684		23.440
7.144		1.9563		0.0000		875.027		3.512		17.860		9.781520		23.480
7.144		1.9595		0.0000		875.024		3.515		17.860		9.797355		23.520
7.144		1.9626		0.0000		875.021		3.518		17.860		9.813190		23.560
7.146		1.9659		0.0000		875.018		3.522		17.865		9.829715		23.600
7.146		1.9698		0.0000		875.014		3.525		17.865		9.848992		23.640
7.154		1.9737		0.0000		875.010		3.529		17.885		9.868271		23.680
7.164		1.9770		0.0000		875.007		3.533		17.910		9.884794		23.720
7.168		1.9801		0.0000		875.003		3.536		17.920		9.900630		23.760
7.168		1.9833		0.0000		875.000		3.539		17.920		9.916466		23.800
7.166		1.9865		0.0000		874.997		3.542		17.915		9.932301		23.840
7.166		1.9896		0.0000		874.994		3.545		17.915		9.948136		23.880
7.166		1.9928		0.0000		874.991		3.548		17.915		9.963972		23.920
7.166		1.9960		0.0000		874.988		3.552		17.915		9.979808		23.960
7.166		1.9993		0.0000		874.984		3.555		17.915		9.996331		24.000
7.166		2.0030		0.0000		874.981		3.559		17.915		10.014920		24.040
7.172		2.0070		0.0000		874.977		3.563		17.930		10.034887		24.080
7.182		2.0104		0.0000		874.973		3.566		17.955		10.052099		24.120
7.190		2.0134		0.0000		874.970		3.569		17.975		10.067245		24.160
7.190		2.0166		0.0000		874.967		3.572		17.975		10.083082		24.200
7.190		2.0199		0.0000		874.964		3.576		17.975		10.099607		24.240
7.190		2.0231		0.0000		874.960		3.579		17.975		10.115442		24.280
7.190		2.0263		0.0000		874.957		3.582		17.975		10.131278		24.320
7.190		2.0294		0.0000		874.954		3.585		17.975		10.147114		24.360
7.188		2.0326		0.0000		874.951		3.588		17.970		10.162947		24.400
7.190		2.0362		0.0000		874.947		3.592		17.975		10.180850		24.440
7.192		2.0400		0.0000		874.943		3.596		17.980		10.200129		24.480
7.202		2.0437		0.0000		874.940		3.599		18.005		10.218718		24.520
7.212		2.0469		0.0000		874.937		3.603		18.030		10.234551		24.560
7.216		2.0501		0.0000		874.933		3.606		18.040		10.250387		24.600
7.216		2.0532		0.0000		874.930		3.609		18.040		10.266223		24.640
7.216		2.0564		0.0000		874.927		3.612		18.040		10.282059		24.680
7.216		2.0596		0.0000		874.924		3.615		18.040		10.297894		24.720
7.216		2.0627		0.0000		874.921		3.618		18.040		10.313730		24.760
7.216		2.0659		0.0000		874.918		3.622		18.040		10.329566		24.800
7.216		2.0694		0.0000		874.914		3.625		18.040		10.346777		24.840
7.220		2.0732		0.0000		874.910		3.629		18.050		10.366056		24.880
7.228		2.0772		0.0000		874.906		3.633		18.070		10.386024		24.920
7.240		2.0804		0.0000		874.903		3.636		18.100		10.401857		24.960
7.244		2.0835		0.0000		874.900		3.639		18.110		10.417692		25.000
7.244		2.0867		0.0000		874.897		3.642		18.110		10.433529		25.040
7.244		2.0899		0.0000		874.894		3.645		18.110		10.449364		25.080
7.244		2.0930		0.0000		874.891		3.649		18.110		10.465200		25.120
7.246		2.0962		0.0000		874.887		3.652		18.115		10.481035		25.160
7.246		2.0994		0.0000		874.884		3.655		18.115		10.496872		25.200
7.246		2.1027		0.0000		874.881		3.658		18.115		10.513393		25.240
7.246		2.1064		0.0000		874.877		3.662		18.115		10.531983		25.280
7.252		2.1104		0.0000		874.873		3.666		18.130		10.551950		25.320
7.264		2.1138		0.0000		874.870		3.669		18.160		10.569162		25.360
7.272		2.1169		0.0000		874.867		3.672		18.180		10.584311		25.400
7.272		2.1200		0.0000		874.864		3.676		18.180		10.600145		25.440
7.270		2.1233		0.0000		874.860		3.679		18.175		10.616670		25.480
7.270		2.1265		0.0000		874.857		3.682		18.175		10.632505		25.520
7.270		2.1297		0.0000		874.854		3.685		18.175		10.648341		25.560
7.270		2.1327		0.0000		874.851		3.688		18.175		10.663488		25.600
7.268		2.1359		0.0000		874.848		3.691		18.170		10.679323		25.640
7.270		2.1396		0.0000		874.844		3.695		18.175		10.697913		25.680
7.274		2.1436		0.0000		874.840		3.699		18.185		10.717878		25.720
7.286		2.1472		0.0000		874.836		3.703		18.215		10.735781		25.760
7.296		2.1503		0.0000		874.833		3.706		18.240		10.751617		25.800
7.298		2.1535		0.0000		874.830		3.709		18.245		10.767450		25.840
7.298		2.1567		0.0000		874.827		3.712		18.245		10.783286		25.880
7.298		2.1598		0.0000		874.824		3.715		18.245		10.799122		25.920
7.298		2.1630		0.0000		874.821		3.719		18.245		10.814958		25.960
7.298		2.1662		0.0000		874.817		3.722		18.245		10.830793		26.000
7.298		2.1693		0.0000		874.814		3.725		18.245		10.846629		26.040
7.298		2.1729		0.0000		874.811		3.729		18.245		10.864530		26.080
7.300		2.1766		0.0000		874.807		3.732		18.250		10.883120		26.120
7.310		2.1805		0.0000		874.803		3.736		18.275		10.902397		26.160
7.320		2.1838		0.0000		874.800		3.739		18.300		10.918922		26.200
7.328		2.1870		0.0000		874.797		3.743		18.320		10.934755		26.240
7.328		2.1901		0.0000		874.793		3.746		18.320		10.950592		26.280
7.326		2.1933		0.0000		874.790		3.749		18.315		10.966427		26.320
7.326		2.1965		0.0000		874.787		3.752		18.315		10.982264		26.360
7.326		2.1996		0.0000		874.784		3.755		18.315		10.998098		26.400
7.326		2.2028		0.0000		874.781		3.758		18.315		11.013935		26.440
7.326		2.2061		0.0000		874.777		3.762		18.315		11.030459		26.480
7.326		2.2099		0.0000		874.774		3.766		18.315		11.049736		26.520
7.332		2.2138		0.0000		874.770		3.769		18.330		11.069014		26.560
7.344		2.2172		0.0000		874.766		3.773		18.360		11.086227		26.600
7.352		2.2203		0.0000		874.763		3.776		18.380		11.101375		26.640
7.352		2.2234		0.0000		874.760		3.779		18.380		11.117210		26.680
7.350		2.2266		0.0000		874.757		3.782		18.375		11.133043		26.720
7.348		2.2299		0.0000		874.754		3.786		18.370		11.149569		26.760
7.348		2.2331		0.0000		874.750		3.789		18.370		11.165404		26.800
7.348		2.2361		0.0000		874.747		3.792		18.370		11.180552		26.840
7.348		2.2394		0.0000		874.744		3.795		18.370		11.197076		26.880
7.348		2.2430		0.0000		874.741		3.799		18.370		11.214976		26.920
7.352		2.2470		0.0000		874.737		3.803		18.380		11.234943		26.960
7.362		2.2506		0.0000		874.733		3.806		18.405		11.252844		27.000
7.372		2.2537		0.0000		874.730		3.809		18.430		11.268681		27.040
7.374		2.2569		0.0000		874.727		3.812		18.435		11.284515		27.080
7.372		2.2601		0.0000		874.723		3.816		18.430		11.300349		27.120
7.370		2.2632		0.0000		874.720		3.819		18.425		11.316185		27.160
7.370		2.2664		0.0000		874.717		3.822		18.425		11.332021		27.200
7.368		2.2696		0.0000		874.714		3.825		18.420		11.347857		27.240
7.368		2.2727		0.0000		874.711		3.828		18.420		11.363692		27.280
7.368		2.2762		0.0000		874.707		3.832		18.420		11.380903		27.320
7.370		2.2802		0.0000		874.703		3.836		18.425		11.400871		27.360
7.378		2.2840		0.0000		874.700		3.840		18.445		11.420150		27.400
7.388		2.2872		0.0000		874.696		3.843		18.470		11.435986		27.440
7.394		2.2904		0.0000		874.693		3.846		18.485		11.451821		27.480
7.392		2.2934		0.0000		874.690		3.849		18.480		11.466969		27.520
7.390		2.2967		0.0000		874.687		3.852		18.475		11.483490		27.560
7.388		2.2999		0.0000		874.684		3.855		18.470		11.499327		27.600
7.388		2.3030		0.0000		874.680		3.859		18.470		11.515162		27.640
7.386		2.3062		0.0000		874.677		3.862		18.465		11.530998		27.680
7.386		2.3095		0.0000		874.674		3.865		18.465		11.547523		27.720
7.388		2.3134		0.0000		874.670		3.869		18.470		11.566799		27.760
7.394		2.3172		0.0000		874.666		3.873		18.485		11.586077		27.800
7.404		2.3207		0.0000		874.663		3.876		18.510		11.603291		27.840
7.412		2.3237		0.0000		874.660		3.879		18.530		11.618438		27.880
7.412		2.3269		0.0000		874.657		3.882		18.530		11.634274		27.920
7.410		2.3300		0.0000		874.654		3.886		18.525		11.650109		27.960
7.410		2.3332		0.0000		874.650		3.889		18.525		11.665945		28.000
7.410		2.3364		0.0000		874.647		3.892		18.525		11.681778		28.040
7.408		2.3395		0.0000		874.644		3.895		18.520		11.697615		28.080
7.408		2.3427		0.0000		874.641		3.898		18.520		11.713449		28.120
7.408		2.3464		0.0000		874.637		3.902		18.520		11.732039		28.160
7.412		2.3505		0.0000		874.633		3.906		18.530		11.752696		28.200
7.422		2.3541		0.0000		874.629		3.910		18.555		11.770597		28.240
7.432		2.3571		0.0000		874.626		3.913		18.580		11.785744		28.280
7.434		2.3603		0.0000		874.623		3.916		18.585		11.801579		28.320
7.432		2.3635		0.0000		874.620		3.919		18.580		11.817415		28.360
7.432		2.3667		0.0000		874.617		3.922		18.580		11.833250		28.400
7.432		2.3698		0.0000		874.614		3.925		18.580		11.849084		28.440
7.432		2.3730		0.0000		874.611		3.929		18.580		11.864920		28.480
7.430		2.3762		0.0000		874.607		3.932		18.575		11.880755		28.520
7.430		2.3796		0.0000		874.604		3.935		18.575		11.897969		28.560
7.432		2.3836		0.0000		874.600		3.939		18.580		11.917934		28.600
7.442		2.3874		0.0000		874.596		3.943		18.605		11.937213		28.640
7.452		2.3906		0.0000		874.593		3.946		18.630		11.953049		28.680
7.456		2.3938		0.0000		874.590		3.949		18.640		11.968884		28.720
7.454		2.3968		0.0000		874.587		3.952		18.635		11.984032		28.760
7.452		2.4001		0.0000		874.583		3.956		18.630		12.000556		28.800
7.452		2.4033		0.0000		874.580		3.959		18.630		12.016390		28.840
7.452		2.4063		0.0000		874.577		3.962		18.630		12.031538		28.880
7.450		2.4095		0.0000		874.574		3.965		18.625		12.047372		28.920
7.450		2.4129		0.0000		874.571		3.969		18.625		12.064586		28.960
7.450		2.4168		0.0000		874.567		3.972		18.625		12.083864		29.000
7.456		2.4208		0.0000		874.563		3.976		18.640		12.103829		29.040
7.468		2.4239		0.0000		874.560		3.980		18.670		12.119665		29.080
7.476		2.4271		0.0000		874.556		3.983		18.690		12.135501		29.120
7.474		2.4303		0.0000		874.553		3.986		18.685		12.151337		29.160
7.472		2.4334		0.0000		874.550		3.989		18.680		12.167172		29.200
7.472		2.4367		0.0000		874.547		3.992		18.680		12.183695		29.240
7.472		2.4399		0.0000		874.544		3.996		18.680		12.199531		29.280
7.470		2.4431		0.0000		874.540		3.999		18.675		12.215366		29.320
7.470		2.4462		0.0000		874.537		4.002		18.675		12.231202		29.360
7.470		2.4500		0.0000		874.534		4.006		18.675		12.249792		29.400
7.474		2.4538		0.0000		874.530		4.009		18.685		12.269070		29.440
7.484		2.4574		0.0000		874.526		4.013		18.710		12.286970		29.480
7.494		2.4607		0.0000		874.523		4.016		18.735		12.303495		29.520
7.496		2.4637		0.0000		874.520		4.019		18.740		12.318642		29.560
7.494		2.4669		0.0000		874.517		4.022		18.735		12.334478		29.600
7.494		2.4702		0.0000		874.513		4.026		18.735		12.351003		29.640
7.492		2.4734		0.0000		874.510		4.029		18.730		12.366838		29.680
7.492		2.4764		0.0000		874.507		4.032		18.730		12.381985		29.720
7.490		2.4796		0.0000		874.504		4.035		18.725		12.397821		29.760
7.488		2.4831		0.0000		874.500		4.039		18.720		12.415722		29.800
7.490		2.4871		0.0000		874.496		4.043		18.725		12.435686		29.840
7.500		2.4909		0.0000		874.493		4.046		18.750		12.454276		29.880
7.510		2.4940		0.0000		874.490		4.050		18.775		12.470112		29.920
7.514		2.4971		0.0000		874.486		4.053		18.785		12.485258		29.960
7.512		2.5002		0.0000		874.483		4.056		18.780		12.501095		30.000
7.512		2.5035		0.0000		874.480		4.059		18.780		12.517619		30.040
7.510		2.5067		0.0000		874.477		4.062		18.775		12.533455		30.080
7.510		2.5097		0.0000		874.474		4.065		18.775		12.548601		30.120
7.508		2.5130		0.0000		874.471		4.069		18.770		12.565126		30.160
7.506		2.5165		0.0000		874.467		4.072		18.765		12.582338		30.200
7.506		2.5202		0.0000		874.463		4.076		18.765		12.600927		30.240
7.512		2.5242		0.0000		874.459		4.080		18.780		12.620895		30.280
7.522		2.5275		0.0000		874.456		4.083		18.805		12.637417		30.320
7.528		2.5305		0.0000		874.453		4.086		18.820		12.652564		30.360
7.526		2.5337		0.0000		874.450		4.089		18.815		12.668400		30.400
7.524		2.5368		0.0000		874.447		4.092		18.810		12.684236		30.440
7.522		2.5402		0.0000		874.443		4.096		18.805		12.700760		30.480
7.522		2.5432		0.0000		874.440		4.099		18.805		12.715907		30.520
7.520		2.5463		0.0000		874.437		4.102		18.800		12.731743		30.560
7.518		2.5495		0.0000		874.434		4.105		18.795		12.747579		30.600
7.516		2.5532		0.0000		874.430		4.109		18.790		12.766169		30.640
7.520		2.5574		0.0000		874.426		4.113		18.800		12.786822		30.680
7.530		2.5608		0.0000		874.423		4.116		18.825		12.804036		30.720
7.536		2.5640		0.0000		874.420		4.120		18.840		12.819870		30.760
7.536		2.5671		0.0000		874.416		4.123		18.840		12.835705		30.800
7.532		2.5703		0.0000		874.413		4.126		18.830		12.851542		30.840
7.528		2.5735		0.0000		874.410		4.129		18.820		12.867376		30.880
7.526		2.5766		0.0000		874.407		4.132		18.815		12.883213		30.920
7.524		2.5798		0.0000		874.404		4.135		18.810		12.899048		30.960
7.520		2.5831		0.0000		874.400		4.139		18.800		12.915573		31.000
7.518		2.5866		0.0000		874.397		4.142		18.795		12.932785		31.040
7.520		2.5906		0.0000		874.393		4.146		18.800		12.952752		31.080
7.528		2.5943		0.0000		874.389		4.150		18.820		12.971342		31.120
7.536		2.5974		0.0000		874.386		4.153		18.840		12.987175		31.160
7.538		2.6006		0.0000		874.383		4.156		18.845		13.003011		31.200
7.534		2.6036		0.0000		874.380		4.159		18.835		13.018158		31.240
7.532		2.6069		0.0000		874.377		4.163		18.830		13.034682		31.280
7.528		2.6100		0.0000		874.374		4.166		18.820		13.049829		31.320
7.528		2.6131		0.0000		874.370		4.169		18.820		13.065664		31.360
7.524		2.6164		0.0000		874.367		4.172		18.810		13.082190		31.400
7.522		2.6197		0.0000		874.364		4.175		18.805		13.098712		31.440
7.522		2.6236		0.0000		874.360		4.179		18.805		13.117990		31.480
7.528		2.6276		0.0000		874.356		4.183		18.820		13.137959		31.520
7.538		2.6308		0.0000		874.353		4.186		18.845		13.153793		31.560
7.544		2.6341		0.0000		874.349		4.190		18.860		13.170317		31.600
7.542		2.6371		0.0000		874.346		4.193		18.855		13.185463		31.640
7.540		2.6404		0.0000		874.343		4.196		18.850		13.201988		31.680
7.538		2.6434		0.0000		874.340		4.199		18.845		13.217134		31.720
7.538		2.6466		0.0000		874.337		4.202		18.845		13.232970		31.760
7.536		2.6499		0.0000		874.334		4.205		18.840		13.249495		31.800
7.534		2.6531		0.0000		874.330		4.209		18.835		13.265331		31.840
7.532		2.6568		0.0000		874.327		4.212		18.830		13.283920		31.880
7.536		2.6606		0.0000		874.323		4.216		18.840		13.303196		31.920
7.546		2.6642		0.0000		874.319		4.220		18.865		13.321099		31.960
7.552		2.6674		0.0000		874.316		4.223		18.880		13.336935		32.000
7.552		2.6706		0.0000		874.313		4.226		18.880		13.352768		32.040
7.550		2.6737		0.0000		874.310		4.229		18.875		13.368605		32.080
7.548		2.6769		0.0000		874.307		4.232		18.870		13.384439		32.120
7.546		2.6801		0.0000		874.303		4.236		18.865		13.400276		32.160
7.544		2.6832		0.0000		874.300		4.239		18.860		13.416111		32.200
7.542		2.6863		0.0000		874.297		4.242		18.855		13.431258		32.240
7.540		2.6900		0.0000		874.294		4.246		18.850		13.449848		32.280
7.540		2.6940		0.0000		874.290		4.250		18.850		13.469815		32.320
7.550		2.6977		0.0000		874.286		4.253		18.875		13.488405		32.360
7.558		2.7008		0.0000		874.283		4.256		18.895		13.504240		32.400
7.560		2.7040		0.0000		874.280		4.260		18.900		13.520074		32.440
7.556		2.7072		0.0000		874.276		4.263		18.890		13.535910		32.480
7.554		2.7103		0.0000		874.273		4.266		18.885		13.551745		32.520
7.552		2.7134		0.0000		874.270		4.269		18.880		13.566893		32.560
7.550		2.7165		0.0000		874.267		4.272		18.875		13.582727		32.600
7.548		2.7197		0.0000		874.264		4.275		18.870		13.598564		32.640
7.548		2.7232		0.0000		874.260		4.279		18.870		13.615778		32.680
7.548		2.7270		0.0000		874.257		4.283		18.870		13.635054		32.720
7.554		2.7309		0.0000		874.253		4.286		18.885		13.654332		32.760
7.564		2.7343		0.0000		874.249		4.290		18.910		13.671546		32.800
7.570		2.7375		0.0000		874.246		4.293		18.925		13.687380		32.840
7.568		2.7405		0.0000		874.243		4.296		18.920		13.702528		32.880
7.564		2.7438		0.0000		874.240		4.299		18.910		13.719051		32.920
7.562		2.7468		0.0000		874.237		4.302		18.905		13.734198		32.960
7.560		2.7500		0.0000		874.234		4.306		18.900		13.750033		33.000
7.556		2.7532		0.0000		874.230		4.309		18.890		13.765869		33.040
7.554		2.7565		0.0000		874.227		4.312		18.885		13.782394		33.080
7.554		2.7602		0.0000		874.223		4.316		18.885		13.800983		33.120
7.560		2.7642		0.0000		874.219		4.320		18.900		13.820949		33.160
7.570		2.7678		0.0000		874.216		4.323		18.925		13.838852		33.200
7.578		2.7708		0.0000		874.213		4.326		18.945		13.853998		33.240
7.578		2.7740		0.0000		874.210		4.330		18.945		13.869834		33.280
7.574		2.7771		0.0000		874.206		4.333		18.935		13.885668		33.320
7.570		2.7803		0.0000		874.203		4.336		18.925		13.901503		33.360
7.568		2.7835		0.0000		874.200		4.339		18.920		13.917339		33.400
7.566		2.7866		0.0000		874.197		4.342		18.915		13.933174		33.440
7.564		2.7899		0.0000		874.194		4.346		18.910		13.949699		33.480
7.562		2.7934		0.0000		874.190		4.349		18.905		13.966911		33.520
7.564		2.7974		0.0000		874.186		4.353		18.910		13.986878		33.560
7.570		2.8011		0.0000		874.182		4.357		18.925		14.005468		33.600
7.580		2.8043		0.0000		874.179		4.360		18.950		14.021303		33.640
7.582		2.8073		0.0000		874.176		4.363		18.955		14.036450		33.680
7.578		2.8106		0.0000		874.173		4.366		18.945		14.052973		33.720
7.576		2.8136		0.0000		874.170		4.369		18.940		14.068122		33.760
7.574		2.8169		0.0000		874.167		4.373		18.935		14.084644		33.800
7.572		2.8201		0.0000		874.163		4.376		18.930		14.100480		33.840
7.570		2.8233		0.0000		874.160		4.379		18.925		14.116316		33.880
7.568		2.8266		0.0000		874.157		4.382		18.920		14.132841		33.920
7.568		2.8304		0.0000		874.153		4.386		18.920		14.152119		33.960
7.576		2.8346		0.0000		874.149		4.390		18.940		14.172773		34.000
7.586		2.8376		0.0000		874.146		4.393		18.965		14.187920		34.040
7.590		2.8408		0.0000		874.143		4.396		18.975		14.203756		34.080
7.588		2.8439		0.0000		874.140		4.400		18.970		14.219591		34.120
7.584		2.8471		0.0000		874.136		4.403		18.960		14.235428		34.160
7.582		2.8504		0.0000		874.133		4.406		18.955		14.251949		34.200
7.580		2.8534		0.0000		874.130		4.409		18.950		14.267097		34.240
7.578		2.8566		0.0000		874.127		4.412		18.945		14.282932		34.280
7.576		2.8599		0.0000		874.124		4.415		18.940		14.299458		34.320
7.576		2.8637		0.0000		874.120		4.419		18.940		14.318735		34.360
7.580		2.8677		0.0000		874.116		4.423		18.950		14.338701		34.400
7.588		2.8710		0.0000		874.112		4.427		18.970		14.355226		34.440
7.596		2.8742		0.0000		874.109		4.430		18.990		14.371061		34.480
7.594		2.8774		0.0000		874.106		4.433		18.985		14.386897		34.520
7.590		2.8804		0.0000		874.103		4.436		18.975		14.402044		34.560
7.588		2.8837		0.0000		874.100		4.439		18.970		14.418569		34.600
7.586		2.8869		0.0000		874.097		4.442		18.965		14.434402		34.640
7.582		2.8900		0.0000		874.094		4.446		18.955		14.450237		34.680
7.580		2.8932		0.0000		874.090		4.449		18.950		14.466074		34.720
7.578		2.8968		0.0000		874.087		4.452		18.945		14.483974		34.760
7.580		2.9008		0.0000		874.083		4.456		18.950		14.503942		34.800
7.590		2.9045		0.0000		874.079		4.460		18.975		14.522532		34.840
7.600		2.9077		0.0000		874.076		4.463		19.000		14.538366		34.880
7.602		2.9108		0.0000		874.073		4.466		19.005		14.554203		34.920
7.598		2.9139		0.0000		874.070		4.469		18.995		14.569349		34.960
7.596		2.9172		0.0000		874.066		4.473		18.990		14.585875		35.000
7.594		2.9203		0.0000		874.063		4.476		18.985		14.601707		35.040
7.592		2.9235		0.0000		874.060		4.479		18.980		14.617543		35.080
7.590		2.9267		0.0000		874.057		4.482		18.975		14.633379		35.120
7.588		2.9301		0.0000		874.053		4.486		18.970		14.650593		35.160
7.588		2.9340		0.0000		874.050		4.490		18.970		14.669868		35.200
7.596		2.9378		0.0000		874.046		4.493		18.990		14.689148		35.240
7.606		2.9411		0.0000		874.042		4.497		19.015		14.705672		35.280
7.612		2.9442		0.0000		874.039		4.500		19.030		14.720819		35.320
7.608		2.9472		0.0000		874.036		4.503		19.020		14.735966		35.360
7.606		2.9505		0.0000		874.033		4.506		19.015		14.752491		35.400
7.604		2.9538		0.0000		874.030		4.509		19.010		14.769012		35.440
7.602		2.9568		0.0000		874.027		4.512		19.005		14.784163		35.480
7.598		2.9600		0.0000		874.023		4.516		18.995		14.799995		35.520
7.596		2.9632		0.0000		874.020		4.519		18.990		14.815831		35.560
7.596		2.9672		0.0000		874.016		4.523		18.990		14.835798		35.600
7.600		2.9712		0.0000		874.012		4.527		19.000		14.855764		35.640
7.610		2.9745		0.0000		874.009		4.530		19.025		14.872289		35.680
7.616		2.9776		0.0000		874.006		4.533		19.040		14.888124		35.720
7.614		2.9808		0.0000		874.003		4.536		19.035		14.903960		35.760
7.610		2.9840		0.0000		874.000		4.540		19.025		14.919796		35.800
7.608		2.9871		0.0000		873.996		4.543		19.020		14.935632		35.840
7.606		2.9903		0.0000		873.993		4.546		19.015		14.951468		35.880
7.604		2.9935		0.0000		873.990		4.549		19.010		14.967300		35.920
7.600		2.9966		0.0000		873.987		4.552		19.000		14.983137		35.960
7.600		3.0003		0.0000		873.983		4.556		19.000		15.001726		36.000
7.602		3.0042		0.0000		873.979		4.560		19.005		15.021005		36.040
7.610		3.0079		0.0000		873.976		4.564		19.025		15.039595		36.080
7.618		3.0111		0.0000		873.972		4.567		19.045		15.055429		36.120
7.620		3.0141		0.0000		873.969		4.570		19.050		15.070577		36.160
7.616		3.0174		0.0000		873.966		4.573		19.040		15.087101		36.200
7.614		3.0206		0.0000		873.963		4.576		19.035		15.102938		36.240
7.610		3.0238		0.0000		873.960		4.579		19.025		15.118773		36.280
7.608		3.0268		0.0000		873.957		4.582		19.020		15.133920		36.320
7.606		3.0301		0.0000		873.953		4.586		19.015		15.150442		36.360
7.604		3.0335		0.0000		873.950		4.589		19.010		15.167656		36.400
7.606		3.0374		0.0000		873.946		4.593		19.015		15.186934		36.440
7.614		3.0412		0.0000		873.942		4.597		19.035		15.206211		36.480
7.624		3.0444		0.0000		873.939		4.600		19.060		15.222046		36.520
7.628		3.0474		0.0000		873.936		4.603		19.070		15.237193		36.560
7.624		3.0507		0.0000		873.933		4.606		19.060		15.253717		36.600
7.622		3.0539		0.0000		873.930		4.610		19.055		15.269554		36.640
7.620		3.0571		0.0000		873.926		4.613		19.050		15.285389		36.680
7.618		3.0602		0.0000		873.923		4.616		19.045		15.301226		36.720
7.616		3.0634		0.0000		873.920		4.619		19.040		15.317060		36.760
7.614		3.0667		0.0000		873.917		4.622		19.035		15.333584		36.800
7.612		3.0706		0.0000		873.913		4.626		19.030		15.352861		36.840
7.616		3.0744		0.0000		873.909		4.630		19.040		15.372141		36.880
7.626		3.0779		0.0000		873.906		4.633		19.065		15.389352		36.920
7.632		3.0810		0.0000		873.902		4.637		19.080		15.405188		36.960
7.630		3.0841		0.0000		873.899		4.640		19.075		15.420334		37.000
7.626		3.0874		0.0000		873.896		4.643		19.065		15.436859		37.040
7.624		3.0905		0.0000		873.893		4.646		19.060		15.452695		37.080
7.622		3.0937		0.0000		873.890		4.649		19.055		15.468531		37.120
7.620		3.0969		0.0000		873.887		4.652		19.050		15.484366		37.160
7.618		3.1000		0.0000		873.883		4.656		19.045		15.500202		37.200
7.616		3.1038		0.0000		873.880		4.659		19.040		15.518791		37.240
7.620		3.1078		0.0000		873.876		4.663		19.050		15.538757		37.280
7.630		3.1113		0.0000		873.872		4.667		19.075		15.556658		37.320
7.638		3.1142		0.0000		873.869		4.670		19.095		15.571117		37.360
7.638		3.1175		0.0000		873.866		4.673		19.095		15.587640		37.400
7.634		3.1208		0.0000		873.863		4.676		19.085		15.604164		37.440
7.632		3.1240		0.0000		873.859		4.680		19.080		15.620001		37.480
7.630		3.1272		0.0000		873.856		4.683		19.075		15.635836		37.520
7.628		3.1303		0.0000		873.853		4.686		19.070		15.651672		37.560
7.626		3.1335		0.0000		873.850		4.689		19.065		15.667507		37.600
7.624		3.1369		0.0000		873.847		4.693		19.060		15.684719		37.640
7.626		3.1408		0.0000		873.843		4.696		19.065		15.703998		37.680
7.632		3.1447		0.0000		873.839		4.700		19.080		15.723276		37.720
7.640		3.1478		0.0000		873.836		4.703		19.100		15.739109		37.760
7.642		3.1510		0.0000		873.833		4.707		19.105		15.754946		37.800
7.640		3.1542		0.0000		873.829		4.710		19.100		15.770781		37.840
7.636		3.1573		0.0000		873.826		4.713		19.090		15.786617		37.880
7.632		3.1605		0.0000		873.823		4.716		19.080		15.802452		37.920
7.630		3.1637		0.0000		873.820		4.719		19.075		15.818289		37.960
7.628		3.1668		0.0000		873.817		4.722		19.070		15.834124		38.000
7.626		3.1701		0.0000		873.813		4.726		19.065		15.850647		38.040
7.624		3.1740		0.0000		873.810		4.730		19.060		15.869925		38.080
7.630		3.1780		0.0000		873.806		4.734		19.075		15.889893		38.120
7.640		3.1811		0.0000		873.802		4.737		19.100		15.905728		38.160
7.644		3.1843		0.0000		873.799		4.740		19.110		15.921564		38.200
7.642		3.1876		0.0000		873.796		4.743		19.105		15.938087		38.240
7.640		3.1908		0.0000		873.793		4.746		19.100		15.953922		38.280
7.638		3.1940		0.0000		873.790		4.750		19.095		15.969758		38.320
7.636		3.1970		0.0000		873.787		4.753		19.090		15.984905		38.360
7.634		3.2003		0.0000		873.783		4.756		19.085		16.001431		38.400
7.630		3.2035		0.0000		873.780		4.759		19.075		16.017265		38.440
7.630		3.2072		0.0000		873.776		4.763		19.075		16.035854		38.480
7.632		3.2110		0.0000		873.773		4.767		19.080		16.055130		38.521
7.640		3.2146		0.0000		873.769		4.770		19.100		16.073034		38.561
7.648		3.2178		0.0000		873.766		4.773		19.120		16.088869		38.601
7.650		3.2209		0.0000		873.763		4.777		19.125		16.104702		38.641
7.646		3.2241		0.0000		873.759		4.780		19.115		16.120539		38.681
7.644		3.2274		0.0000		873.756		4.783		19.110		16.137064		38.721
7.642		3.2306		0.0000		873.753		4.786		19.105		16.152899		38.761
7.640		3.2336		0.0000		873.750		4.789		19.100		16.168045		38.801
7.638		3.2368		0.0000		873.747		4.792		19.095		16.183882		38.841
7.634		3.2404		0.0000		873.743		4.796		19.085		16.201782		38.881
7.636		3.2443		0.0000		873.739		4.800		19.090		16.221750		38.921
7.642		3.2481		0.0000		873.735		4.804		19.105		16.240339		38.961
7.652		3.2512		0.0000		873.732		4.807		19.130		16.256176		39.001
7.654		3.2544		0.0000		873.729		4.810		19.135		16.272009		39.041
7.652		3.2576		0.0000		873.726		4.813		19.130		16.287844		39.081
7.650		3.2607		0.0000		873.723		4.816		19.125		16.303680		39.121
7.648		3.2639		0.0000		873.720		4.819		19.120		16.319515		39.161
7.646		3.2671		0.0000		873.716		4.823		19.115		16.335352		39.201
7.644		3.2702		0.0000		873.713		4.826		19.110		16.351187		39.241
7.640		3.2737		0.0000		873.710		4.829		19.100		16.368399		39.281
7.640		3.2774		0.0000		873.706		4.833		19.100		16.386988		39.321
7.644		3.2813		0.0000		873.702		4.837		19.110		16.406267		39.361
7.652		3.2847		0.0000		873.699		4.840		19.130		16.423481		39.401
7.656		3.2879		0.0000		873.696		4.843		19.140		16.439314		39.441
7.654		3.2909		0.0000		873.693		4.846		19.135		16.454464		39.481
7.652		3.2942		0.0000		873.689		4.850		19.130		16.470985		39.521
7.648		3.2974		0.0000		873.686		4.853		19.120		16.486820		39.561
7.648		3.3005		0.0000		873.683		4.856		19.120		16.502657		39.601
7.644		3.3037		0.0000		873.680		4.859		19.110		16.518494		39.641
7.642		3.3069		0.0000		873.677		4.862		19.105		16.534328		39.681
7.642		3.3106		0.0000		873.673		4.866		19.105		16.552917		39.721
7.644		3.3146		0.0000		873.669		4.870		19.110		16.572884		39.761
7.654		3.3182		0.0000		873.665		4.874		19.135		16.590786		39.801
7.660		3.3212		0.0000		873.662		4.877		19.150		16.605932		39.841
7.660		3.3244		0.0000		873.659		4.880		19.150		16.621769		39.881
7.654		3.3275		0.0000		873.656		4.883		19.135		16.637602		39.921
7.652		3.3308		0.0000		873.653		4.886		19.130		16.654127		39.961
7.650		3.3339		0.0000		873.650		4.889		19.125		16.669273		40.001
7.646		3.3370		0.0000		873.646		4.893		19.115		16.685108		40.041
7.644		3.3403		0.0000		873.643		4.896		19.110		16.701633		40.081
7.642		3.3438		0.0000		873.640		4.899		19.105		16.718845		40.121
7.644		3.3476		0.0000		873.636		4.903		19.110		16.738125		40.161
7.650		3.3515		0.0000		873.632		4.907		19.125		16.757402		40.201
7.660		3.3546		0.0000		873.629		4.910		19.150		16.773239		40.241
7.662		3.3578		0.0000		873.626		4.913		19.155		16.789074		40.281
7.658		3.3610		0.0000		873.623		4.917		19.145		16.804907		40.321
7.656		3.3641		0.0000		873.619		4.920		19.140		16.820744		40.361
7.652		3.3673		0.0000		873.616		4.923		19.130		16.836578		40.401
7.650		3.3705		0.0000		873.613		4.926		19.125		16.852415		40.441
7.648		3.3737		0.0000		873.610		4.929		19.120		16.868250		40.481
7.644		3.3771		0.0000		873.606		4.933		19.110		16.885462		40.521
7.644		3.3808		0.0000		873.603		4.936		19.110		16.904053		40.561
7.650		3.3848		0.0000		873.599		4.940		19.125		16.924019		40.601
7.658		3.3880		0.0000		873.596		4.944		19.145		16.939854		40.641
7.664		3.3911		0.0000		873.592		4.947		19.160		16.955690		40.681
7.662		3.3943		0.0000		873.589		4.950		19.155		16.971527		40.721
7.660		3.3976		0.0000		873.586		4.953		19.150		16.988049		40.761
7.656		3.4008		0.0000		873.583		4.956		19.140		17.003883		40.801
7.654		3.4039		0.0000		873.580		4.960		19.135		17.019720		40.841
7.652		3.4071		0.0000		873.576		4.963		19.130		17.035557		40.881
7.650		3.4103		0.0000		873.573		4.966		19.125		17.051392		40.921
7.650		3.4140		0.0000		873.570		4.970		19.125		17.069981		40.961
7.652		3.4179		0.0000		873.566		4.973		19.130		17.089260		41.001
7.662		3.4214		0.0000		873.562		4.977		19.155		17.107161		41.041
7.668		3.4246		0.0000		873.559		4.980		19.170		17.122995		41.081
7.668		3.4278		0.0000		873.556		4.983		19.170		17.138832		41.121
7.664		3.4309		0.0000		873.553		4.987		19.160		17.154667		41.161
7.662		3.4341		0.0000		873.549		4.990		19.155		17.170504		41.201
7.660		3.4373		0.0000		873.546		4.993		19.150		17.186337		41.241
7.658		3.4404		0.0000		873.543		4.996		19.145		17.202171		41.281
7.656		3.4436		0.0000		873.540		4.999		19.140		17.218008		41.321
7.652		3.4472		0.0000		873.536		5.003		19.130		17.235909		41.361
7.654		3.4512		0.0000		873.532		5.007		19.135		17.255877		41.401
7.662		3.4549		0.0000		873.529		5.010		19.155		17.274466		41.441
7.670		3.4579		0.0000		873.526		5.014		19.175		17.289612		41.481
7.670		3.4611		0.0000		873.522		5.017		19.175		17.305449		41.521
7.666		3.4644		0.0000		873.519		5.020		19.165		17.321972		41.561
7.662		3.4676		0.0000		873.516		5.023		19.155		17.337809		41.601
7.660		3.4707		0.0000		873.513		5.026		19.150		17.353642		41.641
7.658		3.4739		0.0000		873.510		5.029		19.145		17.369478		41.681
7.656		3.4771		0.0000		873.506		5.033		19.140		17.385313		41.721
7.654		3.4805		0.0000		873.503		5.036		19.135		17.402527		41.761
7.654		3.4842		0.0000		873.499		5.040		19.135		17.421116		41.801
7.660		3.4882		0.0000		873.495		5.044		19.150		17.441082		41.841
7.670		3.4914		0.0000		873.492		5.047		19.175		17.456917		41.881
7.674		3.4946		0.0000		873.489		5.050		19.185		17.472754		41.921
7.672		3.4977		0.0000		873.486		5.053		19.180		17.488590		41.961
7.670		3.5010		0.0000		873.482		5.057		19.175		17.505114		42.001
7.666		3.5042		0.0000		873.479		5.060		19.165		17.520947		42.041
7.666		3.5074		0.0000		873.476		5.063		19.165		17.536783		42.081
7.662		3.5105		0.0000		873.473		5.066		19.155		17.552620		42.121
7.660		3.5137		0.0000		873.470		5.069		19.150		17.568455		42.161
7.658		3.5174		0.0000		873.466		5.073		19.145		17.587044		42.201
7.662		3.5214		0.0000		873.462		5.077		19.155		17.607012		42.241
7.672		3.5248		0.0000		873.459		5.080		19.180		17.624224		42.281
7.678		3.5280		0.0000		873.456		5.084		19.195		17.640059		42.321
7.678		3.5312		0.0000		873.452		5.087		19.195		17.655895		42.361
7.674		3.5343		0.0000		873.449		5.090		19.185		17.671730		42.401
7.670		3.5375		0.0000		873.446		5.093		19.175		17.687567		42.441
7.668		3.5407		0.0000		873.443		5.096		19.170		17.703402		42.481
7.664		3.5438		0.0000		873.440		5.099		19.160		17.719234		42.521
7.662		3.5470		0.0000		873.437		5.103		19.155		17.735071		42.561
7.658		3.5507		0.0000		873.433		5.106		19.145		17.753660		42.601
7.660		3.5546		0.0000		873.429		5.110		19.150		17.772940		42.641
7.668		3.5582		0.0000		873.425		5.114		19.170		17.790840		42.681
7.674		3.5613		0.0000		873.422		5.117		19.185		17.806675		42.721
7.676		3.5646		0.0000		873.419		5.120		19.190		17.823200		42.761
7.672		3.5677		0.0000		873.416		5.123		19.180		17.838346		42.801
7.668		3.5710		0.0000		873.413		5.127		19.170		17.854872		42.841
7.666		3.5741		0.0000		873.409		5.130		19.165		17.870708		42.881
7.664		3.5773		0.0000		873.406		5.133		19.160		17.886541		42.921
7.660		3.5805		0.0000		873.403		5.136		19.150		17.902376		42.961
7.658		3.5839		0.0000		873.400		5.140		19.145		17.919590		43.001
7.658		3.5876		0.0000		873.396		5.143		19.145		17.938179		43.041
7.662		3.5916		0.0000		873.392		5.147		19.155		17.958145		43.081
7.672		3.5948		0.0000		873.389		5.150		19.180		17.973980		43.121
7.674		3.5980		0.0000		873.386		5.154		19.185		17.989817		43.161
7.670		3.6011		0.0000		873.382		5.157		19.175		18.005653		43.201
7.666		3.6043		0.0000		873.379		5.160		19.165		18.021488		43.241
7.662		3.6076		0.0000		873.376		5.163		19.155		18.038013		43.281
7.660		3.6106		0.0000		873.373		5.166		19.150		18.053160		43.321
7.656		3.6139		0.0000		873.370		5.170		19.140		18.069683		43.361
7.654		3.6171		0.0000		873.366		5.173		19.135		18.085518		43.401
7.652		3.6208		0.0000		873.363		5.176		19.130		18.104107		43.441
7.654		3.6248		0.0000		873.359		5.180		19.135		18.124075		43.481
7.664		3.6283		0.0000		873.355		5.184		19.160		18.141287		43.521
7.670		3.6314		0.0000		873.352		5.187		19.175		18.157122		43.561
7.668		3.6346		0.0000		873.349		5.190		19.170		18.172958		43.601
7.664		3.6378		0.0000		873.346		5.193		19.160		18.188793		43.641
7.662		3.6409		0.0000		873.343		5.197		19.155		18.204630		43.681
7.658		3.6441		0.0000		873.339		5.200		19.145		18.220465		43.721
7.654		3.6473		0.0000		873.336		5.203		19.135		18.236301		43.761
7.650		3.6504		0.0000		873.333		5.206		19.125		18.252134		43.801
7.648		3.6540		0.0000		873.330		5.210		19.120		18.270037		43.841
7.648		3.6580		0.0000		873.326		5.214		19.120		18.290003		43.881
7.656		3.6617		0.0000		873.322		5.217		19.140		18.308592		43.921
7.664		3.6647		0.0000		873.319		5.220		19.160		18.323738		43.961
7.664		3.6679		0.0000		873.316		5.224		19.160		18.339575		44.001
7.660		3.6712		0.0000		873.312		5.227		19.150		18.356098		44.041
7.658		3.6744		0.0000		873.309		5.230		19.145		18.371935		44.081
7.654		3.6776		0.0000		873.306		5.233		19.135		18.387772		44.121
7.652		3.6807		0.0000		873.303		5.236		19.130		18.403606		44.161
7.648		3.6839		0.0000		873.300		5.239		19.120		18.419441		44.201
7.646		3.6873		0.0000		873.296		5.243		19.115		18.436653		44.241
7.646		3.6910		0.0000		873.292		5.247		19.115		18.455242		44.281
7.650		3.6949		0.0000		873.289		5.251		19.125		18.474522		44.321
7.660		3.6982		0.0000		873.285		5.254		19.150		18.491043		44.361
7.662		3.7014		0.0000		873.282		5.257		19.155		18.506880		44.401
7.660		3.7045		0.0000		873.279		5.260		19.150		18.522717		44.441
7.658		3.7077		0.0000		873.276		5.263		19.145		18.538551		44.481
7.654		3.7109		0.0000		873.273		5.266		19.135		18.554386		44.521
7.652		3.7140		0.0000		873.269		5.270		19.130		18.570223		44.561
7.650		3.7172		0.0000		873.266		5.273		19.125		18.586060		44.601
7.648		3.7205		0.0000		873.263		5.276		19.120		18.602581		44.641
7.646		3.7244		0.0000		873.259		5.280		19.115		18.621861		44.681
7.650		3.7282		0.0000		873.255		5.284		19.125		18.641138		44.721
7.660		3.7317		0.0000		873.252		5.287		19.150		18.658350		44.761
7.664		3.7348		0.0000		873.249		5.290		19.160		18.674185		44.801
7.662		3.7380		0.0000		873.246		5.294		19.155		18.690022		44.841
7.656		3.7412		0.0000		873.242		5.297		19.140		18.705856		44.881
7.654		3.7443		0.0000		873.239		5.300		19.135		18.721693		44.921
7.650		3.7475		0.0000		873.236		5.303		19.125		18.737528		44.961
7.648		3.7507		0.0000		873.233		5.306		19.120		18.753365		45.001
7.644		3.7538		0.0000		873.230		5.309		19.110		18.769199		45.041
7.642		3.7574		0.0000		873.226		5.313		19.105		18.787100		45.081
7.642		3.7614		0.0000		873.222		5.317		19.105		18.807066		45.121
7.650		3.7650		0.0000		873.219		5.321		19.125		18.824968		45.161
7.656		3.7682		0.0000		873.215		5.324		19.140		18.840805		45.201
7.656		3.7713		0.0000		873.212		5.327		19.140		18.856638		45.241
7.652		3.7745		0.0000		873.209		5.330		19.130		18.872473		45.281
7.646		3.7778		0.0000		873.206		5.333		19.115		18.888998		45.321
7.644		3.7810		0.0000		873.203		5.337		19.110		18.904835		45.361
7.640		3.7841		0.0000		873.199		5.340		19.100		18.920670		45.401
7.638		3.7873		0.0000		873.196		5.343		19.095		18.936504		45.441
7.634		3.7907		0.0000		873.193		5.346		19.085		18.953716		45.481
7.634		3.7946		0.0000		873.189		5.350		19.085		18.972996		45.521
7.642		3.7985		0.0000		873.185		5.354		19.105		18.992273		45.561
7.650		3.8016		0.0000		873.182		5.357		19.125		19.008110		45.601
7.654		3.8048		0.0000		873.179		5.360		19.135		19.023943		45.641
7.650		3.8080		0.0000		873.176		5.364		19.125		19.039780		45.681
7.646		3.8111		0.0000		873.172		5.367		19.115		19.055614		45.721
7.644		3.8143		0.0000		873.169		5.370		19.110		19.071449		45.761
7.640		3.8175		0.0000		873.166		5.373		19.100		19.087286		45.801
7.636		3.8206		0.0000		873.163		5.376		19.090		19.103123		45.841
7.632		3.8239		0.0000		873.160		5.380		19.080		19.119646		45.881
7.630		3.8278		0.0000		873.156		5.383		19.075		19.138924		45.921
7.634		3.8316		0.0000		873.152		5.387		19.085		19.158201		45.961
7.642		3.8351		0.0000		873.148		5.391		19.105		19.175415		46.001
7.646		3.8382		0.0000		873.145		5.394		19.115		19.191248		46.041
7.644		3.8414		0.0000		873.142		5.397		19.110		19.207085		46.081
7.640		3.8446		0.0000		873.139		5.400		19.100		19.222919		46.121
7.636		3.8478		0.0000		873.136		5.403		19.090		19.238756		46.161
7.634		3.8509		0.0000		873.133		5.407		19.085		19.254591		46.201
7.630		3.8541		0.0000		873.129		5.410		19.075		19.270428		46.241
7.626		3.8573		0.0000		873.126		5.413		19.065		19.286263		46.281
7.622		3.8610		0.0000		873.123		5.417		19.055		19.304852		46.321
7.624		3.8648		0.0000		873.119		5.420		19.060		19.324131		46.361
7.630		3.8685		0.0000		873.115		5.424		19.075		19.342720		46.401
7.636		3.8716		0.0000		873.112		5.427		19.090		19.357868		46.441
7.636		3.8747		0.0000		873.109		5.430		19.090		19.373703		46.481
7.630		3.8780		0.0000		873.105		5.434		19.075		19.390224		46.521
7.626		3.8812		0.0000		873.102		5.437		19.065		19.406061		46.561
7.622		3.8844		0.0000		873.099		5.440		19.055		19.421898		46.601
7.620		3.8874		0.0000		873.096		5.443		19.050		19.437044		46.641
7.616		3.8907		0.0000		873.093		5.446		19.040		19.453568		46.681
7.614		3.8942		0.0000		873.089		5.450		19.035		19.470779		46.721
7.612		3.8980		0.0000		873.086		5.454		19.030		19.490059		46.761
7.618		3.9019		0.0000		873.082		5.457		19.045		19.509336		46.801
7.628		3.9050		0.0000		873.078		5.461		19.070		19.525173		46.841
7.630		3.9082		0.0000		873.075		5.464		19.075		19.541008		46.881
7.624		3.9114		0.0000		873.072		5.467		19.060		19.556843		46.921
7.620		3.9145		0.0000		873.069		5.470		19.050		19.572678		46.961
7.616		3.9177		0.0000		873.066		5.473		19.040		19.588512		47.001
7.612		3.9209		0.0000		873.063		5.476		19.030		19.604349		47.041
7.608		3.9240		0.0000		873.060		5.480		19.020		19.620186		47.081
7.606		3.9273		0.0000		873.056		5.483		19.015		19.636709		47.121
7.604		3.9312		0.0000		873.052		5.487		19.010		19.655987		47.161
7.608		3.9351		0.0000		873.048		5.491		19.020		19.675264		47.201
7.616		3.9385		0.0000		873.045		5.494		19.040		19.692478		47.241
7.620		3.9417		0.0000		873.042		5.497		19.050		19.708313		47.281
7.616		3.9447		0.0000		873.039		5.500		19.040		19.723461		47.321
7.610		3.9480		0.0000		873.036		5.504		19.025		19.739983		47.361
7.606		3.9512		0.0000		873.032		5.507		19.015		19.755819		47.401
7.602		3.9543		0.0000		873.029		5.510		19.005		19.771654		47.441
7.598		3.9576		0.0000		873.026		5.513		18.995		19.788179		47.481
7.594		3.9608		0.0000		873.023		5.516		18.985		19.804016		47.521
7.590		3.9644		0.0000		873.019		5.520		18.975		19.821915		47.561
7.592		3.9682		0.0000		873.015		5.524		18.980		19.841194		47.601
7.598		3.9720		0.0000		873.012		5.528		18.995		19.859783		47.641
7.606		3.9750		0.0000		873.009		5.531		19.015		19.874931		47.681
7.604		3.9782		0.0000		873.005		5.534		19.010		19.890766		47.721
7.600		3.9813		0.0000		873.002		5.537		19.000		19.906601		47.761
7.596		3.9845		0.0000		872.999		5.540		18.990		19.922438		47.801
7.594		3.9877		0.0000		872.996		5.543		18.985		19.938271		47.841
7.590		3.9908		0.0000		872.993		5.546		18.975		19.954107		47.881
7.586		3.9941		0.0000		872.989		5.550		18.965		19.970631		47.921
7.582		3.9976		0.0000		872.986		5.553		18.955		19.987843		47.961
7.582		4.0016		0.0000		872.982		5.557		18.955		20.007811		48.001
7.588		4.0053		0.0000		872.978		5.561		18.970		20.026400		48.041
7.596		4.0083		0.0000		872.975		5.564		18.990		20.041546		48.081
7.596		4.0116		0.0000		872.972		5.567		18.990		20.058071		48.121
7.592		4.0148		0.0000		872.969		5.570		18.980		20.073908		48.161
7.588		4.0179		0.0000		872.966		5.574		18.970		20.089743		48.201
7.584		4.0213		0.0000		872.962		5.577		18.960		20.106266		48.241
7.582		4.0244		0.0000		872.959		5.580		18.955		20.122101		48.281
7.578		4.0274		0.0000		872.956		5.583		18.945		20.137249		48.321
7.574		4.0308		0.0000		872.953		5.586		18.935		20.153772		48.361
7.572		4.0346		0.0000		872.949		5.590		18.930		20.173052		48.401
7.574		4.0385		0.0000		872.945		5.594		18.935		20.192327		48.441
7.582		4.0419		0.0000		872.942		5.598		18.955		20.209541		48.481
7.584		4.0449		0.0000		872.939		5.601		18.960		20.224688		48.521
7.580		4.0481		0.0000		872.935		5.604		18.950		20.240524		48.561
7.574		4.0514		0.0000		872.932		5.607		18.935		20.257050		48.601
7.570		4.0546		0.0000		872.929		5.610		18.925		20.272882		48.641
7.566		4.0577		0.0000		872.926		5.613		18.915		20.288717		48.681
7.562		4.0608		0.0000		872.923		5.616		18.905		20.303864		48.721
7.558		4.0641		0.0000		872.919		5.620		18.895		20.320389		48.761
7.556		4.0678		0.0000		872.916		5.623		18.890		20.338978		48.801
7.558		4.0718		0.0000		872.912		5.627		18.895		20.358946		48.841
7.566		4.0754		0.0000		872.908		5.631		18.915		20.376846		48.881
7.572		4.0784		0.0000		872.905		5.634		18.930		20.391994		48.921
7.570		4.0816		0.0000		872.902		5.637		18.925		20.407829		48.961
7.564		4.0847		0.0000		872.899		5.640		18.910		20.423664		49.001
7.560		4.0880		0.0000		872.896		5.644		18.900		20.440187		49.041
7.556		4.0911		0.0000		872.892		5.647		18.890		20.455338		49.081
7.552		4.0942		0.0000		872.889		5.650		18.880		20.471170		49.121
7.548		4.0975		0.0000		872.886		5.653		18.870		20.487694		49.161
7.544		4.1010		0.0000		872.883		5.657		18.860		20.504910		49.201
7.544		4.1048		0.0000		872.879		5.660		18.860		20.524185		49.241
7.548		4.1086		0.0000		872.875		5.664		18.870		20.542774		49.281
7.556		4.1119		0.0000		872.872		5.667		18.890		20.559299		49.321
7.556		4.1150		0.0000		872.869		5.671		18.890		20.575134		49.361
7.552		4.1182		0.0000		872.865		5.674		18.880		20.590971		49.401
7.546		4.1215		0.0000		872.862		5.677		18.865		20.607492		49.441
7.544		4.1247		0.0000		872.859		5.680		18.860		20.623329		49.481
7.540		4.1277		0.0000		872.856		5.683		18.850		20.638475		49.521
7.536		4.1309		0.0000		872.853		5.686		18.840		20.654312		49.561
7.534		4.1343		0.0000		872.849		5.690		18.835		20.671524		49.601
7.532		4.1380		0.0000		872.846		5.694		18.830		20.690115		49.641
7.534		4.1419		0.0000		872.842		5.697		18.835		20.709393		49.681
7.542		4.1453		0.0000		872.838		5.701		18.855		20.726604		49.721
7.544		4.1484		0.0000		872.835		5.704		18.860		20.741751		49.761
7.540		4.1517		0.0000		872.832		5.707		18.850		20.758276		49.801
7.534		4.1547		0.0000		872.829		5.710		18.835		20.773422		49.841
7.530		4.1580		0.0000		872.826		5.714		18.825		20.789948		49.881
7.526		4.1612		0.0000		872.822		5.717		18.815		20.805780		49.921
7.522		4.1642		0.0000		872.819		5.720		18.805		20.820930		49.961
7.518		4.1676		0.0000		872.816		5.723		18.795		20.838142		50.001
7.516		4.1712		0.0000		872.812		5.727		18.790		20.856041		50.041
7.516		4.1752		0.0000		872.808		5.731		18.790		20.876009		50.081
7.524		4.1788		0.0000		872.805		5.734		18.810		20.893909		50.121
7.530		4.1818		0.0000		872.802		5.737		18.825		20.909058		50.161
7.528		4.1850		0.0000		872.799		5.741		18.820		20.924892		50.201
7.524		4.1883		0.0000		872.795		5.744		18.810		20.941418		50.241
7.520		4.1913		0.0000		872.792		5.747		18.800		20.956564		50.281
7.516		4.1945		0.0000		872.789		5.750		18.790		20.972401		50.321
7.514		4.1976		0.0000		872.786		5.753		18.785		20.988235		50.361
7.510		4.2010		0.0000		872.783		5.757		18.775		21.004757		50.401
7.504		4.2044		0.0000		872.779		5.760		18.760		21.021973		50.441
7.504		4.2084		0.0000		872.775		5.764		18.760		21.041937		50.481
7.510		4.2122		0.0000		872.771		5.768		18.775		21.061214		50.521
7.518		4.2153		0.0000		872.768		5.771		18.795		21.076363		50.561
7.518		4.2184		0.0000		872.765		5.774		18.795		21.092197		50.601
7.512		4.2216		0.0000		872.762		5.777		18.780		21.108034		50.641
7.506		4.2248		0.0000		872.759		5.780		18.765		21.123869		50.681
7.502		4.2279		0.0000		872.756		5.784		18.755		21.139706		50.721
7.498		4.2311		0.0000		872.752		5.787		18.745		21.155540		50.761
7.494		4.2344		0.0000		872.749		5.790		18.735		21.172064		50.801
7.488		4.2376		0.0000		872.746		5.793		18.720		21.187899		50.841
7.488		4.2416		0.0000		872.742		5.797		18.720		21.207867		50.881
7.492		4.2454		0.0000		872.738		5.801		18.730		21.227146		50.921
7.500		4.2486		0.0000		872.735		5.804		18.750		21.242979		50.961
7.502		4.2518		0.0000		872.732		5.807		18.755		21.258814		51.001
7.498		4.2551		0.0000		872.728		5.811		18.745		21.275339		51.041
7.492		4.2582		0.0000		872.725		5.814		18.730		21.291176		51.081
7.486		4.2614		0.0000		872.722		5.817		18.715		21.307011		51.121
7.482		4.2644		0.0000		872.719		5.820		18.705		21.322157		51.161
7.478		4.2677		0.0000		872.716		5.823		18.695		21.338682		51.201
7.474		4.2709		0.0000		872.713		5.826		18.685		21.354515		51.241
7.470		4.2746		0.0000		872.709		5.830		18.675		21.373104		51.281
7.472		4.2788		0.0000		872.705		5.834		18.680		21.393761		51.321
7.482		4.2821		0.0000		872.701		5.838		18.705		21.410284		51.361
7.488		4.2854		0.0000		872.698		5.841		18.720		21.426809		51.401
7.486		4.2884		0.0000		872.695		5.844		18.715		21.441956		51.441
7.480		4.2916		0.0000		872.692		5.847		18.700		21.457790		51.481
7.476		4.2949		0.0000		872.689		5.850		18.690		21.474316		51.521
7.472		4.2979		0.0000		872.686		5.853		18.680		21.489464		51.561
7.468		4.3012		0.0000		872.682		5.857		18.670		21.505987		51.601
7.464		4.3044		0.0000		872.679		5.860		18.660		21.521820		51.641
7.460		4.3078		0.0000		872.676		5.863		18.650		21.539036		51.681
7.460		4.3118		0.0000		872.672		5.867		18.650		21.559000		51.721
7.466		4.3155		0.0000		872.668		5.871		18.665		21.577589		51.761
7.474		4.3187		0.0000		872.665		5.874		18.685		21.593426		51.801
7.474		4.3219		0.0000		872.662		5.877		18.685		21.609261		51.841
7.468		4.3250		0.0000		872.659		5.881		18.670		21.625097		51.881
7.462		4.3282		0.0000		872.655		5.884		18.655		21.640932		51.921
7.458		4.3314		0.0000		872.652		5.887		18.645		21.656769		51.961
7.454		4.3345		0.0000		872.649		5.890		18.635		21.672604		52.001
7.448		4.3377		0.0000		872.646		5.893		18.620		21.688440		52.041
7.444		4.3411		0.0000		872.642		5.897		18.610		21.705650		52.081
7.444		4.3450		0.0000		872.639		5.901		18.610		21.724930		52.121
7.448		4.3488		0.0000		872.635		5.904		18.620		21.744209		52.161
7.456		4.3521		0.0000		872.631		5.908		18.640		21.760731		52.201
7.456		4.3553		0.0000		872.628		5.911		18.640		21.776566		52.241
7.452		4.3585		0.0000		872.625		5.914		18.630		21.792402		52.281
7.446		4.3616		0.0000		872.622		5.917		18.615		21.808239		52.321
7.440		4.3648		0.0000		872.619		5.920		18.600		21.824074		52.361
7.436		4.3680		0.0000		872.616		5.924		18.590		21.839909		52.401
7.432		4.3711		0.0000		872.612		5.927		18.580		21.855745		52.441
7.428		4.3745		0.0000		872.609		5.930		18.570		21.872269		52.481
7.424		4.3780		0.0000		872.605		5.934		18.560		21.890171		52.521
7.428		4.3819		0.0000		872.602		5.937		18.570		21.909447		52.561
7.434		4.3856		0.0000		872.598		5.941		18.585		21.928036		52.601
7.438		4.3888		0.0000		872.595		5.944		18.595		21.943872		52.641
7.436		4.3918		0.0000		872.592		5.947		18.590		21.959019		52.681
7.430		4.3950		0.0000		872.589		5.951		18.575		21.974854		52.721
7.426		4.3981		0.0000		872.585		5.954		18.565		21.990690		52.761
7.422		4.4013		0.0000		872.582		5.957		18.555		22.006527		52.801
7.416		4.4045		0.0000		872.579		5.960		18.540		22.022362		52.841
7.412		4.4078		0.0000		872.576		5.963		18.530		22.038887		52.881
7.408		4.4112		0.0000		872.572		5.967		18.520		22.056099		52.921
7.408		4.4151		0.0000		872.568		5.971		18.520		22.075377		52.961
7.414		4.4189		0.0000		872.565		5.975		18.535		22.094654		53.001
7.422		4.4221		0.0000		872.561		5.978		18.555		22.110489		53.041
7.422		4.4253		0.0000		872.558		5.981		18.555		22.126324		53.081
7.416		4.4284		0.0000		872.555		5.984		18.540		22.142160		53.121
7.410		4.4316		0.0000		872.552		5.987		18.525		22.157995		53.161
7.406		4.4348		0.0000		872.549		5.990		18.515		22.173832		53.201
7.402		4.4379		0.0000		872.546		5.994		18.505		22.189667		53.241
7.396		4.4411		0.0000		872.542		5.997		18.490		22.205503		53.281
7.392		4.4445		0.0000		872.539		6.000		18.480		22.222713		53.321
7.392		4.4484		0.0000		872.535		6.004		18.480		22.241993		53.361
7.396		4.4523		0.0000		872.531		6.008		18.490		22.261272		53.401
7.404		4.4556		0.0000		872.528		6.011		18.510		22.277794		53.441
7.406		4.4587		0.0000		872.525		6.014		18.515		22.293629		53.481
7.400		4.4618		0.0000		872.522		6.017		18.500		22.308777		53.521
7.396		4.4651		0.0000		872.518		6.021		18.490		22.325302		53.561
7.390		4.4682		0.0000		872.515		6.024		18.475		22.341137		53.601
7.386		4.4714		0.0000		872.512		6.027		18.465		22.356972		53.641
7.382		4.4746		0.0000		872.509		6.030		18.455		22.372808		53.681
7.378		4.4777		0.0000		872.506		6.033		18.445		22.388645		53.721
7.374		4.4814		0.0000		872.502		6.037		18.435		22.407234		53.761
7.376		4.4856		0.0000		872.498		6.041		18.440		22.427887		53.801
7.386		4.4890		0.0000		872.495		6.045		18.465		22.445099		53.841
7.390		4.4920		0.0000		872.491		6.048		18.475		22.460249		53.881
7.388		4.4952		0.0000		872.488		6.051		18.470		22.476082		53.921
7.382		4.4984		0.0000		872.485		6.054		18.455		22.491917		53.961
7.376		4.5016		0.0000		872.482		6.057		18.440		22.507753		54.001
7.372		4.5047		0.0000		872.479		6.060		18.430		22.523590		54.041
7.368		4.5079		0.0000		872.476		6.063		18.420		22.539425		54.081
7.364		4.5112		0.0000		872.472		6.067		18.410		22.555950		54.121
7.360		4.5148		0.0000		872.469		6.070		18.400		22.573851		54.161
7.360		4.5186		0.0000		872.465		6.074		18.400		22.593128		54.201
7.366		4.5223		0.0000		872.461		6.078		18.415		22.611717		54.241
7.374		4.5255		0.0000		872.458		6.081		18.435		22.627554		54.281
7.372		4.5287		0.0000		872.455		6.084		18.430		22.643391		54.321
7.366		4.5317		0.0000		872.452		6.087		18.415		22.658537		54.361
7.360		4.5350		0.0000		872.448		6.091		18.400		22.675058		54.401
7.356		4.5382		0.0000		872.445		6.094		18.390		22.690895		54.441
7.352		4.5413		0.0000		872.442		6.097		18.380		22.706730		54.481
7.346		4.5445		0.0000		872.439		6.100		18.365		22.722567		54.521
7.342		4.5480		0.0000		872.436		6.104		18.355		22.739777		54.561
7.342		4.5518		0.0000		872.432		6.107		18.355		22.759056		54.601
7.346		4.5558		0.0000		872.428		6.111		18.365		22.779024		54.641
7.356		4.5590		0.0000		872.425		6.115		18.390		22.794859		54.681
7.358		4.5621		0.0000		872.421		6.118		18.395		22.810696		54.721
7.354		4.5652		0.0000		872.418		6.121		18.385		22.825842		54.761
7.348		4.5685		0.0000		872.415		6.124		18.370		22.842365		54.801
7.344		4.5716		0.0000		872.412		6.127		18.360		22.858200		54.841
7.340		4.5748		0.0000		872.409		6.130		18.350		22.874035		54.881
7.336		4.5780		0.0000		872.406		6.134		18.340		22.889872		54.921
7.332		4.5811		0.0000		872.402		6.137		18.330		22.905708		54.961
7.330		4.5850		0.0000		872.399		6.141		18.325		22.924986		55.001
7.332		4.5890		0.0000		872.395		6.145		18.330		22.944950		55.041
7.342		4.5923		0.0000		872.391		6.148		18.355		22.961475		55.081
7.346		4.5955		0.0000		872.388		6.151		18.365		22.977312		55.121
7.344		4.5985		0.0000		872.385		6.154		18.360		22.992458		55.161
7.338		4.6018		0.0000		872.382		6.157		18.345		23.008984		55.201
7.334		4.6050		0.0000		872.379		6.161		18.335		23.024817		55.241
7.332		4.6081		0.0000		872.375		6.164		18.330		23.040653		55.281
7.328		4.6113		0.0000		872.372		6.167		18.320		23.056488		55.321
7.324		4.6145		0.0000		872.369		6.170		18.310		23.072323		55.361
7.320		4.6182		0.0000		872.365		6.174		18.300		23.090914		55.401
7.322		4.6222		0.0000		872.361		6.178		18.305		23.110882		55.441
7.330		4.6258		0.0000		872.358		6.181		18.325		23.128780		55.481
7.336		4.6289		0.0000		872.355		6.185		18.340		23.144617		55.521
7.334		4.6321		0.0000		872.351		6.188		18.335		23.160454		55.561
7.328		4.6353		0.0000		872.348		6.191		18.320		23.176289		55.601
7.324		4.6384		0.0000		872.345		6.194		18.310		23.192122		55.641
7.320		4.6416		0.0000		872.342		6.197		18.300		23.207958		55.681
7.316		4.6448		0.0000		872.339		6.200		18.290		23.223793		55.721
7.310		4.6479		0.0000		872.336		6.204		18.275		23.239630		55.761
7.306		4.6514		0.0000		872.332		6.207		18.265		23.256844		55.801
7.306		4.6552		0.0000		872.328		6.211		18.265		23.276119		55.841
7.310		4.6591		0.0000		872.324		6.215		18.275		23.295399		55.881
7.318		4.6624		0.0000		872.321		6.218		18.295		23.311922		55.921
7.322		4.6654		0.0000		872.318		6.221		18.305		23.327068		55.961
7.316		4.6686		0.0000		872.315		6.224		18.290		23.342905		56.001
7.312		4.6719		0.0000		872.312		6.227		18.280		23.359428		56.041
7.306		4.6751		0.0000		872.308		6.231		18.265		23.375263		56.081
7.302		4.6782		0.0000		872.305		6.234		18.255		23.391098		56.121
7.298		4.6812		0.0000		872.302		6.237		18.245		23.406246		56.161
7.294		4.6847		0.0000		872.299		6.240		18.235		23.423460		56.201
7.292		4.6884		0.0000		872.295		6.244		18.230		23.442049		56.241
7.296		4.6923		0.0000		872.291		6.248		18.240		23.461327		56.281
7.306		4.6957		0.0000		872.288		6.251		18.265		23.478539		56.321
7.310		4.6987		0.0000		872.285		6.254		18.275		23.493687		56.361
7.306		4.7020		0.0000		872.281		6.258		18.265		23.510210		56.401
