数据量:1417
试验力		变形		扩展变形		位置		位移		应力		应变		时间
0.010		0.0019		0.0000		876.920		1.797		0.025		0.009639		0.040
0.010		0.0051		0.0000		876.917		1.800		0.025		0.025475		0.080
0.012		0.0083		0.0000		876.914		1.804		0.030		0.041310		0.120
0.014		0.0118		0.0000		876.910		1.807		0.035		0.059211		0.160
0.016		0.0154		0.0000		876.907		1.811		0.040		0.077112		0.200
0.018		0.0191		0.0000		876.903		1.814		0.045		0.095702		0.240
0.020		0.0223		0.0000		876.900		1.818		0.050		0.111538		0.280
0.022		0.0255		0.0000		876.897		1.821		0.055		0.127373		0.320
0.026		0.0288		0.0000		876.893		1.824		0.065		0.143897		0.360
0.028		0.0321		0.0000		876.890		1.827		0.070		0.160421		0.400
0.032		0.0353		0.0000		876.887		1.831		0.080		0.176256		0.440
0.034		0.0384		0.0000		876.884		1.834		0.085		0.192092		0.480
0.038		0.0417		0.0000		876.880		1.837		0.095		0.208616		0.520
0.042		0.0450		0.0000		876.877		1.840		0.105		0.225140		0.560
0.048		0.0487		0.0000		876.873		1.844		0.120		0.243729		0.600
0.052		0.0523		0.0000		876.870		1.848		0.130		0.261630		0.640
0.058		0.0558		0.0000		876.866		1.851		0.145		0.278843		0.680
0.064		0.0589		0.0000		876.863		1.854		0.160		0.294678		0.720
0.070		0.0621		0.0000		876.860		1.857		0.175		0.310514		0.760
0.076		0.0654		0.0000		876.857		1.861		0.190		0.327038		0.800
0.082		0.0687		0.0000		876.853		1.864		0.205		0.343562		0.840
0.088		0.0719		0.0000		876.850		1.867		0.220		0.359398		0.880
0.096		0.0750		0.0000		876.847		1.870		0.240		0.375233		0.920
0.104		0.0784		0.0000		876.844		1.874		0.260		0.391757		0.960
0.112		0.0819		0.0000		876.840		1.877		0.280		0.409658		1.000
0.122		0.0856		0.0000		876.836		1.881		0.305		0.428247		1.040
0.132		0.0892		0.0000		876.833		1.885		0.330		0.446149		1.080
0.144		0.0923		0.0000		876.830		1.888		0.360		0.461295		1.120
0.156		0.0956		0.0000		876.827		1.891		0.390		0.477819		1.160
0.166		0.0989		0.0000		876.823		1.894		0.415		0.494343		1.200
0.176		0.1020		0.0000		876.820		1.897		0.440		0.510179		1.240
0.188		0.1052		0.0000		876.817		1.901		0.470		0.526015		1.280
0.198		0.1084		0.0000		876.814		1.904		0.495		0.541850		1.320
0.210		0.1118		0.0000		876.810		1.907		0.525		0.559062		1.360
0.222		0.1151		0.0000		876.807		1.910		0.555		0.575587		1.400
0.234		0.1188		0.0000		876.803		1.914		0.585		0.594176		1.440
0.248		0.1224		0.0000		876.800		1.918		0.620		0.612077		1.480
0.262		0.1257		0.0000		876.796		1.921		0.655		0.628601		1.520
0.276		0.1290		0.0000		876.793		1.924		0.690		0.645125		1.560
0.288		0.1322		0.0000		876.790		1.928		0.720		0.660960		1.600
0.300		0.1355		0.0000		876.787		1.931		0.750		0.677484		1.640
0.314		0.1387		0.0000		876.783		1.934		0.785		0.693320		1.680
0.326		0.1418		0.0000		876.780		1.937		0.815		0.709155		1.720
0.336		0.1451		0.0000		876.777		1.940		0.840		0.725679		1.760
0.350		0.1484		0.0000		876.774		1.944		0.875		0.742204		1.800
0.362		0.1522		0.0000		876.770		1.947		0.905		0.760793		1.840
0.376		0.1559		0.0000		876.766		1.951		0.940		0.779383		1.880
0.392		0.1592		0.0000		876.763		1.955		0.980		0.795906		1.920
0.410		0.1623		0.0000		876.760		1.958		1.025		0.811742		1.960
0.428		0.1655		0.0000		876.757		1.961		1.070		0.827577		2.000
0.446		0.1688		0.0000		876.753		1.964		1.115		0.844101		2.040
0.464		0.1720		0.0000		876.750		1.967		1.160		0.859937		2.080
0.482		0.1752		0.0000		876.747		1.970		1.205		0.875772		2.120
0.500		0.1785		0.0000		876.744		1.974		1.250		0.892296		2.160
0.518		0.1818		0.0000		876.740		1.977		1.295		0.908820		2.200
0.536		0.1853		0.0000		876.737		1.981		1.340		0.926721		2.240
0.556		0.1891		0.0000		876.733		1.984		1.390		0.945311		2.280
0.578		0.1924		0.0000		876.730		1.988		1.445		0.961835		2.320
0.598		0.1958		0.0000		876.726		1.991		1.495		0.979047		2.360
0.618		0.1990		0.0000		876.723		1.994		1.545		0.994883		2.400
0.634		0.2021		0.0000		876.720		1.997		1.585		1.010718		2.440
0.650		0.2054		0.0000		876.717		2.001		1.625		1.027243		2.480
0.664		0.2086		0.0000		876.714		2.004		1.660		1.043078		2.520
0.680		0.2119		0.0000		876.710		2.007		1.700		1.059602		2.560
0.696		0.2151		0.0000		876.707		2.010		1.740		1.075438		2.600
0.714		0.2187		0.0000		876.703		2.014		1.785		1.093338		2.640
0.734		0.2222		0.0000		876.700		2.018		1.835		1.111240		2.680
0.754		0.2258		0.0000		876.696		2.021		1.885		1.129140		2.720
0.776		0.2291		0.0000		876.693		2.024		1.940		1.145664		2.760
0.798		0.2323		0.0000		876.690		2.028		1.995		1.161500		2.800
0.816		0.2356		0.0000		876.687		2.031		2.040		1.178023		2.840
0.836		0.2388		0.0000		876.683		2.034		2.090		1.193859		2.880
0.856		0.2419		0.0000		876.680		2.037		2.140		1.209695		2.920
0.876		0.2452		0.0000		876.677		2.041		2.190		1.226218		2.960
0.896		0.2485		0.0000		876.674		2.044		2.240		1.242743		3.000
0.918		0.2519		0.0000		876.670		2.047		2.295		1.259267		3.040
0.938		0.2556		0.0000		876.667		2.051		2.345		1.277856		3.080
0.962		0.2592		0.0000		876.663		2.054		2.405		1.295758		3.120
0.988		0.2626		0.0000		876.660		2.058		2.470		1.312969		3.160
1.012		0.2658		0.0000		876.656		2.061		2.530		1.328805		3.200
1.034		0.2689		0.0000		876.653		2.064		2.585		1.344641		3.240
1.056		0.2722		0.0000		876.650		2.068		2.640		1.361164		3.280
1.078		0.2755		0.0000		876.647		2.071		2.695		1.377689		3.320
1.100		0.2786		0.0000		876.644		2.074		2.750		1.392836		3.360
1.122		0.2819		0.0000		876.640		2.077		2.805		1.409360		3.400
1.146		0.2852		0.0000		876.637		2.081		2.865		1.425884		3.440
1.170		0.2888		0.0000		876.633		2.084		2.925		1.443785		3.480
1.196		0.2923		0.0000		876.630		2.088		2.990		1.461685		3.520
1.226		0.2959		0.0000		876.626		2.091		3.065		1.479587		3.560
1.256		0.2991		0.0000		876.623		2.094		3.140		1.495423		3.600
1.286		0.3024		0.0000		876.620		2.098		3.215		1.511946		3.640
1.312		0.3056		0.0000		876.617		2.101		3.280		1.527782		3.680
1.338		0.3087		0.0000		876.613		2.104		3.345		1.543618		3.720
1.366		0.3120		0.0000		876.610		2.107		3.415		1.560141		3.760
1.392		0.3153		0.0000		876.607		2.111		3.480		1.576665		3.800
1.420		0.3186		0.0000		876.604		2.114		3.550		1.593190		3.840
1.448		0.3221		0.0000		876.600		2.117		3.620		1.610401		3.880
1.478		0.3255		0.0000		876.597		2.121		3.695		1.627614		3.920
1.510		0.3292		0.0000		876.593		2.125		3.775		1.646203		3.960
1.542		0.3325		0.0000		876.590		2.128		3.855		1.662728		4.000
1.574		0.3357		0.0000		876.586		2.131		3.935		1.678563		4.040
1.604		0.3390		0.0000		876.583		2.134		4.010		1.695088		4.080
1.632		0.3422		0.0000		876.580		2.138		4.080		1.710923		4.120
1.662		0.3455		0.0000		876.577		2.141		4.155		1.727447		4.160
1.692		0.3487		0.0000		876.573		2.144		4.230		1.743283		4.200
1.722		0.3518		0.0000		876.570		2.147		4.305		1.759117		4.240
1.750		0.3553		0.0000		876.567		2.151		4.375		1.776330		4.280
1.780		0.3588		0.0000		876.563		2.154		4.450		1.794232		4.320
1.814		0.3627		0.0000		876.559		2.158		4.535		1.813509		4.360
1.848		0.3660		0.0000		876.556		2.161		4.620		1.830034		4.400
1.882		0.3692		0.0000		876.553		2.165		4.705		1.845868		4.440
1.912		0.3723		0.0000		876.550		2.168		4.780		1.861704		4.480
1.942		0.3755		0.0000		876.547		2.171		4.855		1.877540		4.520
1.972		0.3788		0.0000		876.543		2.174		4.930		1.894063		4.560
2.002		0.3821		0.0000		876.540		2.177		5.005		1.910588		4.600
2.034		0.3853		0.0000		876.537		2.181		5.085		1.926423		4.640
2.064		0.3886		0.0000		876.534		2.184		5.160		1.942948		4.680
2.096		0.3922		0.0000		876.530		2.188		5.240		1.960848		4.720
2.128		0.3959		0.0000		876.526		2.191		5.320		1.979437		4.760
2.164		0.3993		0.0000		876.523		2.195		5.410		1.996650		4.800
2.200		0.4026		0.0000		876.520		2.198		5.500		2.013175		4.840
2.234		0.4058		0.0000		876.516		2.201		5.585		2.029009		4.880
2.264		0.4090		0.0000		876.513		2.204		5.660		2.044845		4.920
2.296		0.4123		0.0000		876.510		2.208		5.740		2.061369		4.960
2.328		0.4154		0.0000		876.507		2.211		5.820		2.077205		5.000
2.360		0.4186		0.0000		876.504		2.214		5.900		2.093040		5.040
2.392		0.4218		0.0000		876.500		2.217		5.980		2.108876		5.080
2.422		0.4254		0.0000		876.497		2.221		6.055		2.126777		5.120
2.456		0.4292		0.0000		876.493		2.225		6.140		2.146055		5.160
2.494		0.4328		0.0000		876.489		2.228		6.235		2.163956		5.200
2.532		0.4360		0.0000		876.486		2.231		6.330		2.179791		5.240
2.566		0.4391		0.0000		876.483		2.234		6.415		2.195627		5.280
2.598		0.4424		0.0000		876.480		2.238		6.495		2.212151		5.320
2.628		0.4456		0.0000		876.477		2.241		6.570		2.227986		5.360
2.662		0.4489		0.0000		876.473		2.244		6.655		2.244510		5.400
2.694		0.4521		0.0000		876.470		2.247		6.735		2.260346		5.440
2.726		0.4552		0.0000		876.467		2.251		6.815		2.276182		5.480
2.758		0.4585		0.0000		876.464		2.254		6.895		2.292705		5.520
2.792		0.4624		0.0000		876.460		2.258		6.980		2.311984		5.560
2.828		0.4661		0.0000		876.456		2.261		7.070		2.330573		5.600
2.866		0.4694		0.0000		876.453		2.265		7.165		2.347097		5.640
2.902		0.4726		0.0000		876.450		2.268		7.255		2.362933		5.680
2.936		0.4758		0.0000		876.446		2.271		7.340		2.378768		5.720
2.966		0.4791		0.0000		876.443		2.274		7.415		2.395292		5.760
2.998		0.4822		0.0000		876.440		2.278		7.495		2.411128		5.800
3.032		0.4854		0.0000		876.437		2.281		7.580		2.426962		5.840
3.064		0.4886		0.0000		876.434		2.284		7.660		2.442798		5.880
3.094		0.4919		0.0000		876.430		2.287		7.735		2.459323		5.920
3.128		0.4956		0.0000		876.427		2.291		7.820		2.477912		5.960
3.162		0.4994		0.0000		876.423		2.295		7.905		2.497190		6.000
3.200		0.5029		0.0000		876.419		2.298		8.000		2.514402		6.040
3.238		0.5060		0.0000		876.416		2.301		8.095		2.530238		6.080
3.272		0.5091		0.0000		876.413		2.304		8.180		2.545385		6.120
3.302		0.5124		0.0000		876.410		2.308		8.255		2.561908		6.160
3.334		0.5157		0.0000		876.406		2.311		8.335		2.578433		6.200
3.366		0.5189		0.0000		876.403		2.314		8.415		2.594268		6.240
3.398		0.5220		0.0000		876.400		2.317		8.495		2.610104		6.280
3.428		0.5253		0.0000		876.397		2.321		8.570		2.626628		6.320
3.460		0.5289		0.0000		876.393		2.324		8.650		2.644529		6.360
3.494		0.5326		0.0000		876.390		2.328		8.735		2.663118		6.400
3.530		0.5362		0.0000		876.386		2.332		8.825		2.681020		6.440
3.568		0.5394		0.0000		876.383		2.335		8.920		2.696855		6.480
3.602		0.5425		0.0000		876.380		2.338		9.005		2.712690		6.520
3.632		0.5458		0.0000		876.376		2.341		9.080		2.729214		6.560
3.662		0.5490		0.0000		876.373		2.344		9.155		2.745049		6.600
3.694		0.5523		0.0000		876.370		2.348		9.235		2.761574		6.640
3.724		0.5555		0.0000		876.367		2.351		9.310		2.777409		6.680
3.754		0.5586		0.0000		876.363		2.354		9.385		2.793245		6.720
3.786		0.5621		0.0000		876.360		2.357		9.465		2.810457		6.760
3.816		0.5658		0.0000		876.356		2.361		9.540		2.829047		6.800
3.852		0.5695		0.0000		876.353		2.365		9.630		2.847636		6.840
3.890		0.5728		0.0000		876.349		2.368		9.725		2.864160		6.880
3.926		0.5760		0.0000		876.346		2.371		9.815		2.879996		6.920
3.956		0.5792		0.0000		876.343		2.374		9.890		2.895832		6.960
3.984		0.5825		0.0000		876.340		2.378		9.960		2.912355		7.000
4.014		0.5856		0.0000		876.336		2.381		10.035		2.928191		7.040
4.044		0.5888		0.0000		876.333		2.384		10.110		2.944026		7.080
4.074		0.5920		0.0000		876.330		2.387		10.185		2.959862		7.120
4.104		0.5954		0.0000		876.327		2.391		10.260		2.977074		7.160
4.134		0.5990		0.0000		876.323		2.394		10.335		2.994976		7.200
4.166		0.6027		0.0000		876.319		2.398		10.415		3.013565		7.240
4.202		0.6062		0.0000		876.316		2.401		10.505		3.030777		7.280
4.236		0.6093		0.0000		876.313		2.405		10.590		3.046613		7.320
4.266		0.6126		0.0000		876.310		2.408		10.665		3.063137		7.360
4.294		0.6158		0.0000		876.306		2.411		10.735		3.078973		7.400
4.324		0.6191		0.0000		876.303		2.414		10.810		3.095496		7.440
4.352		0.6223		0.0000		876.300		2.418		10.880		3.111332		7.480
4.380		0.6254		0.0000		876.297		2.421		10.950		3.127168		7.520
4.408		0.6286		0.0000		876.294		2.424		11.020		3.143003		7.560
4.436		0.6322		0.0000		876.290		2.428		11.090		3.160904		7.600
4.466		0.6360		0.0000		876.286		2.431		11.165		3.180182		7.640
4.500		0.6396		0.0000		876.283		2.435		11.250		3.198083		7.680
4.534		0.6428		0.0000		876.279		2.438		11.335		3.213919		7.720
4.564		0.6460		0.0000		876.276		2.441		11.410		3.229753		7.760
4.590		0.6493		0.0000		876.273		2.445		11.475		3.246278		7.800
4.616		0.6524		0.0000		876.270		2.448		11.540		3.262113		7.840
4.644		0.6556		0.0000		876.267		2.451		11.610		3.277948		7.880
4.670		0.6589		0.0000		876.263		2.454		11.675		3.294473		7.920
4.696		0.6621		0.0000		876.260		2.457		11.740		3.310308		7.960
4.722		0.6655		0.0000		876.257		2.461		11.805		3.327520		8.000
4.750		0.6692		0.0000		876.253		2.465		11.875		3.346110		8.040
4.780		0.6729		0.0000		876.249		2.468		11.950		3.364699		8.080
4.814		0.6761		0.0000		876.246		2.471		12.035		3.380535		8.120
4.844		0.6794		0.0000		876.243		2.475		12.110		3.397059		8.160
4.870		0.6826		0.0000		876.240		2.478		12.175		3.412895		8.200
4.894		0.6859		0.0000		876.236		2.481		12.235		3.429420		8.240
4.918		0.6891		0.0000		876.233		2.484		12.295		3.445254		8.280
4.942		0.6922		0.0000		876.230		2.488		12.355		3.461090		8.320
4.966		0.6954		0.0000		876.227		2.491		12.415		3.476925		8.360
4.990		0.6987		0.0000		876.223		2.494		12.475		3.493449		8.400
5.014		0.7024		0.0000		876.220		2.498		12.535		3.512039		8.440
5.042		0.7063		0.0000		876.216		2.502		12.605		3.531317		8.480
5.072		0.7097		0.0000		876.212		2.505		12.680		3.548530		8.520
5.100		0.7127		0.0000		876.209		2.508		12.750		3.563676		8.560
5.126		0.7159		0.0000		876.206		2.511		12.815		3.579512		8.600
5.146		0.7192		0.0000		876.203		2.515		12.865		3.596036		8.640
5.168		0.7225		0.0000		876.200		2.518		12.920		3.612559		8.680
5.190		0.7257		0.0000		876.196		2.521		12.975		3.628395		8.720
5.212		0.7288		0.0000		876.193		2.524		13.030		3.644231		8.760
5.232		0.7320		0.0000		876.190		2.527		13.080		3.660067		8.800
5.254		0.7356		0.0000		876.187		2.531		13.135		3.677967		8.840
5.276		0.7394		0.0000		876.183		2.535		13.190		3.697246		8.880
5.304		0.7430		0.0000		876.179		2.538		13.260		3.715146		8.920
5.332		0.7462		0.0000		876.176		2.542		13.330		3.730982		8.960
5.356		0.7494		0.0000		876.173		2.545		13.390		3.746818		9.000
5.374		0.7527		0.0000		876.169		2.548		13.435		3.763341		9.040
5.392		0.7558		0.0000		876.166		2.551		13.480		3.779177		9.080
5.412		0.7590		0.0000		876.163		2.554		13.530		3.795013		9.120
5.430		0.7622		0.0000		876.160		2.558		13.575		3.810847		9.160
5.448		0.7655		0.0000		876.157		2.561		13.620		3.827372		9.200
5.466		0.7689		0.0000		876.153		2.564		13.665		3.844585		9.240
5.484		0.7726		0.0000		876.149		2.568		13.710		3.863174		9.280
5.508		0.7764		0.0000		876.146		2.572		13.770		3.881764		9.320
5.534		0.7797		0.0000		876.142		2.575		13.835		3.898287		9.360
5.556		0.7828		0.0000		876.139		2.578		13.890		3.914123		9.400
5.572		0.7860		0.0000		876.136		2.581		13.930		3.929958		9.440
5.586		0.7893		0.0000		876.133		2.585		13.965		3.946483		9.480
5.604		0.7925		0.0000		876.130		2.588		14.010		3.962318		9.520
5.620		0.7956		0.0000		876.127		2.591		14.050		3.978153		9.560
5.634		0.7988		0.0000		876.123		2.594		14.085		3.993989		9.600
5.650		0.8021		0.0000		876.120		2.597		14.125		4.010512		9.640
5.666		0.8058		0.0000		876.116		2.601		14.165		4.029102		9.680
5.684		0.8097		0.0000		876.112		2.605		14.210		4.048380		9.720
5.706		0.8131		0.0000		876.109		2.608		14.265		4.065593		9.760
5.726		0.8163		0.0000		876.106		2.612		14.315		4.081429		9.800
5.742		0.8195		0.0000		876.103		2.615		14.355		4.097264		9.840
5.754		0.8226		0.0000		876.099		2.618		14.385		4.113099		9.880
5.768		0.8258		0.0000		876.096		2.621		14.420		4.128935		9.920
5.780		0.8290		0.0000		876.093		2.624		14.450		4.144771		9.960
5.794		0.8321		0.0000		876.090		2.627		14.485		4.160606		10.000
5.806		0.8354		0.0000		876.087		2.631		14.515		4.177130		10.040
5.818		0.8390		0.0000		876.083		2.634		14.545		4.195030		10.080
5.834		0.8429		0.0000		876.079		2.638		14.585		4.214309		10.120
5.852		0.8464		0.0000		876.076		2.642		14.630		4.232209		10.160
5.872		0.8496		0.0000		876.073		2.645		14.680		4.248045		10.200
5.886		0.8528		0.0000		876.069		2.648		14.715		4.263881		10.240
5.896		0.8561		0.0000		876.066		2.651		14.740		4.280405		10.280
5.908		0.8592		0.0000		876.063		2.655		14.770		4.296240		10.320
5.918		0.8624		0.0000		876.060		2.658		14.795		4.312076		10.360
5.930		0.8656		0.0000		876.057		2.661		14.825		4.327912		10.400
5.940		0.8689		0.0000		876.053		2.664		14.850		4.344435		10.440
5.952		0.8723		0.0000		876.050		2.668		14.880		4.361648		10.480
5.964		0.8760		0.0000		876.046		2.671		14.910		4.380238		10.520
5.978		0.8798		0.0000		876.042		2.675		14.945		4.398827		10.560
5.996		0.8831		0.0000		876.039		2.678		14.990		4.415350		10.600
6.010		0.8862		0.0000		876.036		2.682		15.025		4.431186		10.640
6.020		0.8894		0.0000		876.033		2.685		15.050		4.447022		10.680
6.028		0.8927		0.0000		876.029		2.688		15.070		4.463546		10.720
6.036		0.8957		0.0000		876.026		2.691		15.090		4.478693		10.760
6.044		0.8990		0.0000		876.023		2.694		15.110		4.495217		10.800
6.052		0.9022		0.0000		876.020		2.698		15.130		4.511052		10.840
6.060		0.9055		0.0000		876.017		2.701		15.150		4.527576		10.880
6.068		0.9092		0.0000		876.013		2.705		15.170		4.546166		10.920
6.080		0.9131		0.0000		876.009		2.708		15.200		4.565444		10.960
6.098		0.9165		0.0000		876.006		2.712		15.245		4.582656		11.000
6.112		0.9196		0.0000		876.003		2.715		15.280		4.597803		11.040
6.122		0.9229		0.0000		875.999		2.718		15.305		4.614327		11.080
6.128		0.9260		0.0000		875.996		2.721		15.320		4.630163		11.120
6.134		0.9292		0.0000		875.993		2.725		15.335		4.645998		11.160
6.142		0.9324		0.0000		875.990		2.728		15.355		4.661834		11.200
6.150		0.9357		0.0000		875.986		2.731		15.375		4.678357		11.240
6.156		0.9388		0.0000		875.983		2.734		15.390		4.694193		11.280
6.164		0.9424		0.0000		875.980		2.738		15.410		4.712095		11.320
6.172		0.9463		0.0000		875.976		2.742		15.430		4.731372		11.360
6.186		0.9499		0.0000		875.972		2.745		15.465		4.749274		11.400
6.200		0.9530		0.0000		875.969		2.748		15.500		4.765108		11.440
6.210		0.9562		0.0000		875.966		2.752		15.525		4.780944		11.480
6.216		0.9595		0.0000		875.963		2.755		15.540		4.797469		11.520
6.222		0.9627		0.0000		875.959		2.758		15.555		4.813303		11.560
6.228		0.9658		0.0000		875.956		2.761		15.570		4.829139		11.600
6.234		0.9690		0.0000		875.953		2.764		15.585		4.844975		11.640
6.238		0.9722		0.0000		875.950		2.767		15.595		4.860811		11.680
6.244		0.9756		0.0000		875.947		2.771		15.610		4.878023		11.720
6.252		0.9796		0.0000		875.943		2.775		15.630		4.897990		11.760
6.264		0.9833		0.0000		875.939		2.779		15.660		4.916579		11.800
6.278		0.9865		0.0000		875.936		2.782		15.695		4.932415		11.840
6.288		0.9896		0.0000		875.932		2.785		15.720		4.948249		11.880
6.292		0.9928		0.0000		875.929		2.788		15.730		4.964085		11.920
6.296		0.9960		0.0000		875.926		2.791		15.740		4.979921		11.960
6.300		0.9992		0.0000		875.923		2.794		15.750		4.995757		12.000
6.304		1.0023		0.0000		875.920		2.798		15.760		5.011591		12.040
6.308		1.0056		0.0000		875.917		2.801		15.770		5.028116		12.080
6.312		1.0089		0.0000		875.913		2.804		15.780		5.044640		12.120
6.316		1.0126		0.0000		875.909		2.808		15.790		5.063229		12.160
6.326		1.0165		0.0000		875.906		2.812		15.815		5.082508		12.200
6.338		1.0199		0.0000		875.902		2.815		15.845		5.099720		12.240
6.348		1.0231		0.0000		875.899		2.818		15.870		5.115555		12.280
6.352		1.0263		0.0000		875.896		2.822		15.880		5.131391		12.320
6.356		1.0294		0.0000		875.893		2.825		15.890		5.147226		12.360
6.358		1.0326		0.0000		875.890		2.828		15.895		5.163062		12.400
6.362		1.0358		0.0000		875.886		2.831		15.905		5.178897		12.440
6.366		1.0389		0.0000		875.883		2.834		15.915		5.194733		12.480
6.368		1.0423		0.0000		875.880		2.838		15.920		5.211257		12.520
6.374		1.0458		0.0000		875.876		2.841		15.935		5.229158		12.560
6.380		1.0497		0.0000		875.872		2.845		15.950		5.248436		12.600
6.392		1.0534		0.0000		875.869		2.849		15.980		5.267026		12.640
6.404		1.0564		0.0000		875.866		2.852		16.010		5.282173		12.680
6.410		1.0596		0.0000		875.863		2.855		16.025		5.298008		12.720
6.412		1.0628		0.0000		875.859		2.858		16.030		5.313843		12.760
6.416		1.0661		0.0000		875.856		2.861		16.040		5.330368		12.800
6.418		1.0692		0.0000		875.853		2.865		16.045		5.346202		12.840
6.422		1.0724		0.0000		875.850		2.868		16.055		5.362038		12.880
6.424		1.0756		0.0000		875.847		2.871		16.060		5.377874		12.920
6.426		1.0792		0.0000		875.843		2.874		16.065		5.395774		12.960
6.432		1.0829		0.0000		875.839		2.878		16.080		5.414364		13.000
6.440		1.0866		0.0000		875.836		2.882		16.100		5.432953		13.040
6.452		1.0899		0.0000		875.832		2.885		16.130		5.449478		13.080
6.460		1.0931		0.0000		875.829		2.888		16.150		5.465314		13.120
6.462		1.0962		0.0000		875.826		2.892		16.155		5.481148		13.160
6.464		1.0994		0.0000		875.823		2.895		16.160		5.496984		13.200
6.468		1.1026		0.0000		875.820		2.898		16.170		5.512820		13.240
6.470		1.1057		0.0000		875.816		2.901		16.175		5.528656		13.280
6.472		1.1090		0.0000		875.813		2.904		16.180		5.545179		13.320
6.476		1.1123		0.0000		875.810		2.908		16.190		5.561703		13.360
6.478		1.1161		0.0000		875.806		2.911		16.195		5.580292		13.400
6.486		1.1201		0.0000		875.802		2.915		16.215		5.600260		13.440
6.498		1.1234		0.0000		875.799		2.919		16.245		5.616784		13.480
6.506		1.1264		0.0000		875.796		2.922		16.265		5.631930		13.520
6.510		1.1296		0.0000		875.793		2.925		16.275		5.647766		13.560
6.510		1.1329		0.0000		875.789		2.928		16.275		5.664289		13.600
6.512		1.1360		0.0000		875.786		2.931		16.280		5.680125		13.640
6.514		1.1392		0.0000		875.783		2.935		16.285		5.695961		13.680
6.516		1.1424		0.0000		875.780		2.938		16.290		5.711797		13.720
6.518		1.1457		0.0000		875.776		2.941		16.295		5.728321		13.760
6.522		1.1492		0.0000		875.773		2.945		16.305		5.746221		13.800
6.528		1.1532		0.0000		875.769		2.949		16.320		5.766187		13.840
6.540		1.1567		0.0000		875.765		2.952		16.350		5.783400		13.880
6.550		1.1598		0.0000		875.762		2.955		16.375		5.799236		13.920
6.556		1.1630		0.0000		875.759		2.958		16.390		5.815072		13.960
6.556		1.1662		0.0000		875.756		2.962		16.390		5.830907		14.000
6.558		1.1693		0.0000		875.753		2.965		16.395		5.846742		14.040
6.558		1.1727		0.0000		875.750		2.968		16.395		5.863266		14.080
6.562		1.1758		0.0000		875.746		2.971		16.405		5.879102		14.120
6.564		1.1790		0.0000		875.743		2.974		16.410		5.894937		14.160
6.566		1.1824		0.0000		875.740		2.978		16.415		5.912149		14.200
6.570		1.1864		0.0000		875.736		2.982		16.425		5.932116		14.240
6.578		1.1901		0.0000		875.732		2.985		16.445		5.950706		14.280
6.590		1.1932		0.0000		875.729		2.989		16.475		5.965853		14.320
6.596		1.1965		0.0000		875.726		2.992		16.490		5.982377		14.360
6.598		1.1996		0.0000		875.722		2.995		16.495		5.998213		14.400
6.598		1.2028		0.0000		875.719		2.998		16.495		6.014047		14.440
6.600		1.2060		0.0000		875.716		3.001		16.500		6.029883		14.480
6.602		1.2091		0.0000		875.713		3.004		16.505		6.045719		14.520
6.604		1.2123		0.0000		875.710		3.008		16.510		6.061554		14.560
6.606		1.2158		0.0000		875.706		3.011		16.515		6.078767		14.600
6.608		1.2196		0.0000		875.703		3.015		16.520		6.098044		14.640
6.616		1.2235		0.0000		875.699		3.019		16.540		6.117323		14.680
6.628		1.2268		0.0000		875.695		3.022		16.570		6.133847		14.720
6.636		1.2299		0.0000		875.692		3.025		16.590		6.149683		14.760
6.640		1.2330		0.0000		875.689		3.028		16.600		6.164829		14.800
6.640		1.2363		0.0000		875.686		3.032		16.600		6.181354		14.840
6.642		1.2394		0.0000		875.683		3.035		16.605		6.197188		14.880
6.644		1.2426		0.0000		875.680		3.038		16.610		6.213024		14.920
6.646		1.2458		0.0000		875.676		3.041		16.615		6.228860		14.960
6.648		1.2489		0.0000		875.673		3.044		16.620		6.244696		15.000
6.650		1.2529		0.0000		875.669		3.048		16.625		6.264662		15.040
6.658		1.2568		0.0000		875.665		3.052		16.645		6.283939		15.080
6.668		1.2601		0.0000		875.662		3.055		16.670		6.300464		15.120
6.678		1.2633		0.0000		875.659		3.059		16.695		6.316299		15.160
6.682		1.2664		0.0000		875.656		3.062		16.705		6.332135		15.200
6.682		1.2696		0.0000		875.653		3.065		16.705		6.347970		15.240
6.684		1.2729		0.0000		875.649		3.068		16.710		6.364494		15.280
6.688		1.2761		0.0000		875.646		3.071		16.720		6.380330		15.320
6.688		1.2791		0.0000		875.643		3.074		16.720		6.395476		15.360
6.690		1.2824		0.0000		875.640		3.078		16.725		6.412001		15.400
6.692		1.2861		0.0000		875.636		3.081		16.730		6.430591		15.440
6.696		1.2898		0.0000		875.632		3.085		16.740		6.449180		15.480
6.704		1.2934		0.0000		875.629		3.089		16.760		6.467081		15.520
6.714		1.2967		0.0000		875.625		3.092		16.785		6.483604		15.560
6.720		1.2999		0.0000		875.622		3.095		16.800		6.499440		15.600
6.720		1.3031		0.0000		875.619		3.098		16.800		6.515276		15.640
6.720		1.3064		0.0000		875.616		3.102		16.800		6.531799		15.680
6.720		1.3094		0.0000		875.613		3.105		16.800		6.546947		15.720
6.722		1.3126		0.0000		875.610		3.108		16.805		6.562782		15.760
6.722		1.3157		0.0000		875.606		3.111		16.805		6.578618		15.800
6.724		1.3192		0.0000		875.603		3.114		16.810		6.595830		15.840
6.726		1.3229		0.0000		875.599		3.118		16.815		6.614420		15.880
6.732		1.3269		0.0000		875.595		3.122		16.830		6.634386		15.920
6.744		1.3302		0.0000		875.592		3.126		16.860		6.650910		15.960
6.752		1.3332		0.0000		875.589		3.129		16.880		6.666058		16.000
6.754		1.3365		0.0000		875.586		3.132		16.885		6.682581		16.040
6.754		1.3397		0.0000		875.582		3.135		16.885		6.698417		16.080
6.754		1.3429		0.0000		875.579		3.138		16.885		6.714253		16.120
6.756		1.3460		0.0000		875.576		3.141		16.890		6.730087		16.160
6.756		1.3492		0.0000		875.573		3.145		16.890		6.745923		16.200
6.758		1.3525		0.0000		875.570		3.148		16.895		6.762447		16.240
6.758		1.3562		0.0000		875.566		3.152		16.895		6.781036		16.280
6.764		1.3601		0.0000		875.562		3.155		16.910		6.800315		16.320
6.774		1.3636		0.0000		875.558		3.159		16.935		6.818215		16.360
6.784		1.3668		0.0000		875.555		3.162		16.960		6.834051		16.400
6.788		1.3698		0.0000		875.552		3.165		16.970		6.849198		16.440
6.788		1.3731		0.0000		875.549		3.168		16.970		6.865723		16.480
6.788		1.3762		0.0000		875.546		3.172		16.970		6.880869		16.520
6.788		1.3793		0.0000		875.543		3.175		16.970		6.896705		16.560
6.790		1.3825		0.0000		875.540		3.178		16.975		6.912541		16.600
6.790		1.3858		0.0000		875.536		3.181		16.975		6.929064		16.640
6.792		1.3894		0.0000		875.533		3.185		16.980		6.946965		16.680
6.796		1.3932		0.0000		875.529		3.189		16.990		6.966243		16.720
6.804		1.3970		0.0000		875.525		3.192		17.010		6.984833		16.760
6.816		1.4000		0.0000		875.522		3.195		17.040		6.999979		16.800
6.820		1.4033		0.0000		875.519		3.199		17.050		7.016504		16.840
6.820		1.4065		0.0000		875.516		3.202		17.050		7.032339		16.880
6.820		1.4096		0.0000		875.513		3.205		17.050		7.048175		16.920
6.822		1.4129		0.0000		875.509		3.208		17.055		7.064698		16.960
6.822		1.4160		0.0000		875.506		3.211		17.055		7.079846		17.000
6.824		1.4193		0.0000		875.503		3.215		17.060		7.096370		17.040
6.824		1.4227		0.0000		875.499		3.218		17.060		7.113583		17.080
6.826		1.4263		0.0000		875.496		3.222		17.065		7.131483		17.120
6.834		1.4303		0.0000		875.492		3.226		17.085		7.151449		17.160
6.844		1.4335		0.0000		875.489		3.229		17.110		7.167285		17.200
6.850		1.4366		0.0000		875.486		3.232		17.125		7.183121		17.240
6.852		1.4399		0.0000		875.482		3.235		17.130		7.199645		17.280
6.854		1.4430		0.0000		875.479		3.238		17.135		7.214792		17.320
6.854		1.4463		0.0000		875.476		3.242		17.135		7.231316		17.360
6.854		1.4494		0.0000		875.473		3.245		17.135		7.247152		17.400
6.856		1.4526		0.0000		875.470		3.248		17.140		7.262986		17.440
6.858		1.4559		0.0000		875.466		3.251		17.145		7.279511		17.480
6.860		1.4596		0.0000		875.463		3.255		17.150		7.298100		17.520
6.866		1.4636		0.0000		875.458		3.259		17.165		7.318067		17.560
6.876		1.4671		0.0000		875.455		3.262		17.190		7.335279		17.600
6.884		1.4701		0.0000		875.452		3.265		17.210		7.350426		17.640
6.886		1.4733		0.0000		875.449		3.269		17.215		7.366262		17.680
6.886		1.4764		0.0000		875.446		3.272		17.215		7.382098		17.720
6.886		1.4797		0.0000		875.442		3.275		17.215		7.398622		17.760
6.888		1.4829		0.0000		875.439		3.278		17.220		7.414457		17.800
6.888		1.4861		0.0000		875.436		3.281		17.220		7.430292		17.840
6.888		1.4892		0.0000		875.433		3.285		17.220		7.446127		17.880
6.890		1.4928		0.0000		875.429		3.288		17.225		7.464029		17.920
6.894		1.4967		0.0000		875.425		3.292		17.235		7.483306		17.960
6.904		1.5002		0.0000		875.422		3.296		17.260		7.501208		18.000
6.914		1.5035		0.0000		875.419		3.299		17.285		7.517732		18.040
6.920		1.5067		0.0000		875.415		3.302		17.300		7.533567		18.080
6.920		1.5099		0.0000		875.412		3.305		17.300		7.549403		18.120
6.920		1.5132		0.0000		875.409		3.309		17.300		7.565927		18.160
6.922		1.5164		0.0000		875.406		3.312		17.305		7.581763		18.200
6.922		1.5194		0.0000		875.403		3.315		17.305		7.596910		18.240
6.922		1.5225		0.0000		875.400		3.318		17.305		7.612745		18.280
6.924		1.5261		0.0000		875.396		3.321		17.310		7.630646		18.320
6.926		1.5300		0.0000		875.392		3.325		17.315		7.649924		18.360
6.934		1.5336		0.0000		875.389		3.329		17.335		7.667825		18.400
6.944		1.5370		0.0000		875.385		3.332		17.360		7.685037		18.440
6.952		1.5402		0.0000		875.382		3.336		17.380		7.700873		18.480
6.954		1.5433		0.0000		875.379		3.339		17.385		7.716709		18.520
6.954		1.5465		0.0000		875.376		3.342		17.385		7.732543		18.560
6.954		1.5497		0.0000		875.372		3.345		17.385		7.748379		18.600
6.956		1.5528		0.0000		875.369		3.348		17.390		7.764215		18.640
6.956		1.5560		0.0000		875.366		3.351		17.390		7.780051		18.680
6.956		1.5595		0.0000		875.363		3.355		17.390		7.797263		18.720
6.958		1.5632		0.0000		875.359		3.359		17.395		7.815853		18.760
6.964		1.5669		0.0000		875.355		3.362		17.410		7.834442		18.800
6.974		1.5705		0.0000		875.352		3.366		17.435		7.852343		18.840
6.982		1.5736		0.0000		875.349		3.369		17.455		7.868178		18.880
6.984		1.5767		0.0000		875.345		3.372		17.460		7.883325		18.920
6.984		1.5800		0.0000		875.342		3.375		17.460		7.899849		18.960
6.984		1.5831		0.0000		875.339		3.378		17.460		7.915685		19.000
6.984		1.5863		0.0000		875.336		3.382		17.460		7.931520		19.040
6.984		1.5895		0.0000		875.333		3.385		17.460		7.947356		19.080
6.986		1.5926		0.0000		875.329		3.388		17.465		7.963192		19.120
6.986		1.5964		0.0000		875.326		3.392		17.465		7.981781		19.160
6.990		1.6002		0.0000		875.322		3.396		17.475		8.001059		19.200
6.998		1.6038		0.0000		875.318		3.399		17.495		8.018960		19.240
7.008		1.6070		0.0000		875.315		3.402		17.520		8.034795		19.280
7.012		1.6101		0.0000		875.312		3.405		17.530		8.050631		19.320
7.010		1.6133		0.0000		875.309		3.409		17.525		8.066466		19.360
7.010		1.6166		0.0000		875.306		3.412		17.525		8.082990		19.400
7.010		1.6196		0.0000		875.302		3.415		17.525		8.098137		19.440
7.010		1.6228		0.0000		875.299		3.418		17.525		8.113973		19.480
7.010		1.6260		0.0000		875.296		3.421		17.525		8.129808		19.520
7.012		1.6295		0.0000		875.293		3.425		17.530		8.147709		19.560
7.014		1.6333		0.0000		875.289		3.429		17.535		8.166298		19.600
7.020		1.6371		0.0000		875.285		3.432		17.550		8.185576		19.640
7.032		1.6404		0.0000		875.282		3.436		17.580		8.202101		19.680
7.038		1.6436		0.0000		875.279		3.439		17.595		8.217937		19.720
7.038		1.6466		0.0000		875.276		3.442		17.595		8.233083		19.760
7.038		1.6498		0.0000		875.272		3.445		17.595		8.248919		19.800
7.038		1.6531		0.0000		875.269		3.448		17.595		8.265442		19.840
7.038		1.6563		0.0000		875.266		3.452		17.595		8.281278		19.880
7.038		1.6594		0.0000		875.263		3.455		17.595		8.297113		19.920
7.038		1.6627		0.0000		875.259		3.458		17.595		8.313638		19.960
7.040		1.6666		0.0000		875.256		3.462		17.600		8.332916		20.000
7.044		1.6704		0.0000		875.252		3.466		17.610		8.352195		20.040
7.056		1.6739		0.0000		875.248		3.469		17.640		8.369406		20.080
7.064		1.6768		0.0000		875.245		3.472		17.660		8.383864		20.120
7.066		1.6801		0.0000		875.242		3.475		17.665		8.400389		20.160
7.064		1.6834		0.0000		875.239		3.479		17.660		8.416913		20.200
7.066		1.6865		0.0000		875.236		3.482		17.665		8.432749		20.240
7.066		1.6897		0.0000		875.232		3.485		17.665		8.448584		20.280
7.066		1.6927		0.0000		875.229		3.488		17.665		8.463732		20.320
7.066		1.6961		0.0000		875.226		3.491		17.665		8.480255		20.360
7.066		1.6998		0.0000		875.222		3.495		17.665		8.498844		20.400
7.070		1.7036		0.0000		875.219		3.499		17.675		8.518122		20.440
7.078		1.7072		0.0000		875.215		3.503		17.695		8.536023		20.480
7.088		1.7104		0.0000		875.212		3.506		17.720		8.551859		20.520
7.090		1.7135		0.0000		875.209		3.509		17.725		8.567694		20.560
7.090		1.7167		0.0000		875.205		3.512		17.725		8.583529		20.600
7.090		1.7199		0.0000		875.202		3.515		17.725		8.599365		20.640
7.090		1.7230		0.0000		875.199		3.518		17.725		8.615201		20.680
7.090		1.7262		0.0000		875.196		3.522		17.725		8.631037		20.720
7.092		1.7294		0.0000		875.193		3.525		17.730		8.646872		20.760
7.092		1.7330		0.0000		875.189		3.528		17.730		8.664773		20.800
7.096		1.7368		0.0000		875.185		3.532		17.740		8.684051		20.840
7.104		1.7407		0.0000		875.181		3.536		17.760		8.703329		20.880
7.114		1.7437		0.0000		875.178		3.539		17.785		8.718475		20.920
7.120		1.7469		0.0000		875.175		3.542		17.800		8.734311		20.960
7.120		1.7502		0.0000		875.172		3.545		17.800		8.750835		21.000
7.118		1.7533		0.0000		875.169		3.549		17.795		8.766671		21.040
7.118		1.7565		0.0000		875.166		3.552		17.795		8.782507		21.080
7.120		1.7597		0.0000		875.162		3.555		17.800		8.798343		21.120
7.120		1.7628		0.0000		875.159		3.558		17.800		8.814177		21.160
7.120		1.7661		0.0000		875.156		3.561		17.800		8.830702		21.200
7.122		1.7700		0.0000		875.152		3.565		17.805		8.849979		21.240
7.128		1.7739		0.0000		875.148		3.569		17.820		8.869258		21.280
7.138		1.7772		0.0000		875.145		3.572		17.845		8.885781		21.320
7.146		1.7803		0.0000		875.142		3.576		17.865		8.901617		21.360
7.148		1.7835		0.0000		875.139		3.579		17.870		8.917453		21.400
7.146		1.7867		0.0000		875.135		3.582		17.865		8.933288		21.440
7.146		1.7900		0.0000		875.132		3.585		17.865		8.949812		21.480
7.146		1.7930		0.0000		875.129		3.588		17.865		8.964959		21.520
7.146		1.7962		0.0000		875.126		3.591		17.865		8.980795		21.560
7.144		1.7995		0.0000		875.123		3.595		17.860		8.997318		21.600
7.144		1.8032		0.0000		875.119		3.599		17.860		9.015907		21.640
7.148		1.8070		0.0000		875.115		3.602		17.870		9.035186		21.680
7.156		1.8105		0.0000		875.112		3.606		17.890		9.052399		21.720
7.166		1.8138		0.0000		875.108		3.609		17.915		9.068922		21.760
7.168		1.8170		0.0000		875.105		3.612		17.920		9.084758		21.800
7.166		1.8201		0.0000		875.102		3.615		17.915		9.100594		21.840
7.166		1.8233		0.0000		875.099		3.619		17.915		9.116428		21.880
7.166		1.8265		0.0000		875.096		3.622		17.915		9.132264		21.920
7.166		1.8296		0.0000		875.093		3.625		17.915		9.148100		21.960
7.166		1.8328		0.0000		875.089		3.628		17.915		9.163936		22.000
7.166		1.8364		0.0000		875.086		3.632		17.915		9.181836		22.040
7.168		1.8402		0.0000		875.082		3.636		17.920		9.201115		22.080
7.176		1.8439		0.0000		875.078		3.639		17.940		9.219705		22.120
7.186		1.8472		0.0000		875.075		3.643		17.965		9.236228		22.160
7.190		1.8504		0.0000		875.072		3.646		17.975		9.252064		22.200
7.190		1.8534		0.0000		875.069		3.649		17.975		9.267210		22.240
7.188		1.8567		0.0000		875.065		3.652		17.970		9.283734		22.280
7.186		1.8598		0.0000		875.062		3.655		17.965		9.298882		22.320
7.186		1.8631		0.0000		875.059		3.658		17.965		9.315406		22.360
7.186		1.8662		0.0000		875.056		3.662		17.965		9.331242		22.400
7.184		1.8696		0.0000		875.053		3.665		17.960		9.347765		22.440
7.184		1.8734		0.0000		875.049		3.669		17.960		9.367043		22.480
7.188		1.8773		0.0000		875.045		3.673		17.970		9.386321		22.520
7.198		1.8806		0.0000		875.042		3.676		17.995		9.402844		22.560
7.204		1.8837		0.0000		875.038		3.679		18.010		9.418680		22.600
7.204		1.8869		0.0000		875.035		3.682		18.010		9.434516		22.640
7.200		1.8901		0.0000		875.032		3.685		18.000		9.450352		22.680
7.200		1.8932		0.0000		875.029		3.689		18.000		9.466187		22.720
7.198		1.8964		0.0000		875.026		3.692		17.995		9.482022		22.760
7.198		1.8996		0.0000		875.023		3.695		17.995		9.497858		22.800
7.196		1.9029		0.0000		875.019		3.698		17.990		9.514381		22.840
7.196		1.9066		0.0000		875.016		3.702		17.990		9.532970		22.880
7.198		1.9103		0.0000		875.012		3.706		17.995		9.551560		22.920
7.206		1.9140		0.0000		875.008		3.709		18.015		9.570149		22.960
7.214		1.9172		0.0000		875.005		3.713		18.035		9.585985		23.000
7.216		1.9204		0.0000		875.002		3.716		18.040		9.601821		23.040
7.214		1.9235		0.0000		874.999		3.719		18.035		9.617657		23.080
7.212		1.9267		0.0000		874.995		3.722		18.030		9.633492		23.120
7.212		1.9299		0.0000		874.992		3.725		18.030		9.649327		23.160
7.210		1.9330		0.0000		874.989		3.728		18.025		9.665163		23.200
7.210		1.9362		0.0000		874.986		3.732		18.025		9.680999		23.240
7.208		1.9398		0.0000		874.982		3.735		18.020		9.698899		23.280
7.210		1.9435		0.0000		874.979		3.739		18.025		9.717489		23.320
7.218		1.9475		0.0000		874.975		3.743		18.045		9.737456		23.360
7.228		1.9505		0.0000		874.972		3.746		18.070		9.752604		23.400
7.232		1.9537		0.0000		874.968		3.749		18.080		9.768439		23.440
7.230		1.9569		0.0000		874.965		3.752		18.075		9.784273		23.480
7.230		1.9600		0.0000		874.962		3.755		18.075		9.800109		23.520
7.228		1.9633		0.0000		874.959		3.759		18.070		9.816633		23.560
7.228		1.9665		0.0000		874.956		3.762		18.070		9.832469		23.600
7.226		1.9697		0.0000		874.952		3.765		18.065		9.848305		23.640
7.226		1.9730		0.0000		874.949		3.768		18.065		9.864828		23.680
7.226		1.9767		0.0000		874.945		3.772		18.065		9.883417		23.720
7.230		1.9807		0.0000		874.941		3.776		18.075		9.903384		23.760
7.240		1.9840		0.0000		874.938		3.779		18.100		9.919909		23.800
7.248		1.9871		0.0000		874.935		3.782		18.120		9.935744		23.840
7.248		1.9903		0.0000		874.932		3.786		18.120		9.951579		23.880
7.246		1.9935		0.0000		874.929		3.789		18.115		9.967415		23.920
7.244		1.9967		0.0000		874.925		3.792		18.110		9.983251		23.960
7.244		1.9998		0.0000		874.922		3.795		18.110		9.999086		24.000
7.242		2.0030		0.0000		874.919		3.798		18.105		10.014920		24.040
7.242		2.0063		0.0000		874.916		3.802		18.105		10.031445		24.080
7.240		2.0100		0.0000		874.912		3.805		18.100		10.050035		24.120
7.244		2.0140		0.0000		874.908		3.809		18.110		10.070002		24.160
7.254		2.0174		0.0000		874.905		3.813		18.135		10.087214		24.200
7.264		2.0206		0.0000		874.902		3.816		18.160		10.103049		24.240
7.266		2.0238		0.0000		874.898		3.819		18.165		10.118885		24.280
7.264		2.0269		0.0000		874.895		3.822		18.160		10.134721		24.320
7.262		2.0301		0.0000		874.892		3.825		18.155		10.150557		24.360
7.262		2.0333		0.0000		874.889		3.829		18.155		10.166392		24.400
7.262		2.0364		0.0000		874.886		3.832		18.155		10.182226		24.440
7.262		2.0396		0.0000		874.883		3.835		18.155		10.198061		24.480
7.260		2.0431		0.0000		874.879		3.838		18.150		10.215275		24.520
7.262		2.0470		0.0000		874.875		3.842		18.155		10.235241		24.560
7.270		2.0509		0.0000		874.871		3.846		18.175		10.254519		24.600
7.280		2.0539		0.0000		874.868		3.849		18.200		10.269666		24.640
7.284		2.0571		0.0000		874.865		3.852		18.210		10.285501		24.680
7.282		2.0603		0.0000		874.862		3.856		18.205		10.301337		24.720
7.280		2.0636		0.0000		874.859		3.859		18.200		10.317862		24.760
7.280		2.0667		0.0000		874.855		3.862		18.200		10.333698		24.800
7.278		2.0698		0.0000		874.852		3.865		18.195		10.348845		24.840
7.278		2.0729		0.0000		874.849		3.868		18.195		10.364680		24.880
7.276		2.0764		0.0000		874.846		3.872		18.190		10.381891		24.920
7.278		2.0802		0.0000		874.842		3.876		18.195		10.401171		24.960
7.284		2.0842		0.0000		874.838		3.880		18.210		10.421135		25.000
7.294		2.0874		0.0000		874.835		3.883		18.235		10.436972		25.040
7.300		2.0906		0.0000		874.832		3.886		18.250		10.452806		25.080
7.300		2.0937		0.0000		874.828		3.889		18.250		10.468643		25.120
7.298		2.0969		0.0000		874.825		3.892		18.245		10.484478		25.160
7.296		2.1001		0.0000		874.822		3.895		18.240		10.500315		25.200
7.296		2.1032		0.0000		874.819		3.899		18.240		10.516150		25.240
7.294		2.1064		0.0000		874.816		3.902		18.235		10.531986		25.280
7.292		2.1097		0.0000		874.812		3.905		18.230		10.548508		25.320
7.292		2.1134		0.0000		874.809		3.909		18.230		10.567098		25.360
7.296		2.1173		0.0000		874.805		3.913		18.240		10.586376		25.400
7.306		2.1209		0.0000		874.801		3.916		18.265		10.604277		25.440
7.316		2.1240		0.0000		874.798		3.919		18.290		10.620112		25.480
7.318		2.1271		0.0000		874.795		3.922		18.295		10.635260		25.520
7.316		2.1304		0.0000		874.792		3.926		18.290		10.651784		25.560
7.314		2.1335		0.0000		874.789		3.929		18.285		10.667620		25.600
7.314		2.1367		0.0000		874.785		3.932		18.285		10.683455		25.640
7.312		2.1399		0.0000		874.782		3.935		18.280		10.699291		25.680
7.310		2.1430		0.0000		874.779		3.938		18.275		10.715127		25.720
7.310		2.1466		0.0000		874.776		3.942		18.275		10.733027		25.760
7.310		2.1505		0.0000		874.772		3.946		18.275		10.752306		25.800
7.318		2.1543		0.0000		874.768		3.950		18.295		10.771582		25.840
7.328		2.1573		0.0000		874.765		3.953		18.320		10.786729		25.880
7.332		2.1605		0.0000		874.762		3.956		18.330		10.802565		25.920
7.330		2.1637		0.0000		874.758		3.959		18.325		10.818400		25.960
7.328		2.1668		0.0000		874.755		3.962		18.320		10.834236		26.000
7.326		2.1702		0.0000		874.752		3.965		18.315		10.850761		26.040
7.326		2.1732		0.0000		874.749		3.969		18.315		10.865908		26.080
7.324		2.1763		0.0000		874.746		3.972		18.310		10.881743		26.120
7.324		2.1798		0.0000		874.742		3.975		18.310		10.898954		26.160
7.324		2.1836		0.0000		874.738		3.979		18.310		10.918234		26.200
7.328		2.1876		0.0000		874.734		3.983		18.320		10.938201		26.240
7.338		2.1908		0.0000		874.731		3.986		18.345		10.954035		26.280
7.344		2.1940		0.0000		874.728		3.989		18.360		10.969870		26.320
7.342		2.1971		0.0000		874.725		3.992		18.355		10.985706		26.360
7.340		2.2003		0.0000		874.722		3.996		18.350		11.001541		26.400
7.338		2.2035		0.0000		874.719		3.999		18.345		11.017378		26.440
7.336		2.2066		0.0000		874.716		4.002		18.340		11.033213		26.480
7.334		2.2098		0.0000		874.712		4.005		18.335		11.049049		26.520
7.334		2.2130		0.0000		874.709		4.008		18.335		11.064884		26.560
7.332		2.2168		0.0000		874.705		4.012		18.330		11.084164		26.600
7.336		2.2208		0.0000		874.701		4.016		18.340		11.104128		26.640
7.346		2.2243		0.0000		874.698		4.020		18.365		11.121342		26.680
7.354		2.2274		0.0000		874.695		4.023		18.385		11.137178		26.720
7.354		2.2305		0.0000		874.692		4.026		18.385		11.152325		26.760
7.352		2.2338		0.0000		874.688		4.029		18.380		11.168847		26.800
7.350		2.2369		0.0000		874.685		4.032		18.375		11.184683		26.840
7.348		2.2401		0.0000		874.682		4.035		18.370		11.200519		26.880
7.348		2.2433		0.0000		874.679		4.039		18.370		11.216354		26.920
7.346		2.2464		0.0000		874.676		4.042		18.365		11.232190		26.960
7.346		2.2500		0.0000		874.672		4.045		18.365		11.250091		27.000
7.348		2.2539		0.0000		874.668		4.049		18.370		11.269369		27.040
7.356		2.2576		0.0000		874.665		4.053		18.390		11.287958		27.080
7.366		2.2609		0.0000		874.661		4.056		18.415		11.304483		27.120
7.370		2.2639		0.0000		874.658		4.059		18.425		11.319630		27.160
7.368		2.2671		0.0000		874.655		4.062		18.420		11.335466		27.200
7.366		2.2703		0.0000		874.652		4.066		18.415		11.351299		27.240
7.364		2.2734		0.0000		874.649		4.069		18.410		11.367135		27.280
7.362		2.2766		0.0000		874.646		4.072		18.405		11.382971		27.320
7.362		2.2798		0.0000		874.642		4.075		18.405		11.398807		27.360
7.360		2.2832		0.0000		874.639		4.079		18.400		11.416020		27.400
7.360		2.2871		0.0000		874.635		4.082		18.400		11.435297		27.440
7.366		2.2911		0.0000		874.631		4.086		18.415		11.455264		27.480
7.376		2.2942		0.0000		874.628		4.090		18.440		11.471100		27.520
7.384		2.2974		0.0000		874.625		4.093		18.460		11.486936		27.560
7.382		2.3006		0.0000		874.622		4.096		18.455		11.502771		27.600
7.380		2.3037		0.0000		874.618		4.099		18.450		11.518607		27.640
7.378		2.3069		0.0000		874.615		4.102		18.445		11.534441		27.680
7.378		2.3101		0.0000		874.612		4.105		18.445		11.550276		27.720
7.378		2.3132		0.0000		874.609		4.109		18.445		11.566113		27.760
7.376		2.3165		0.0000		874.606		4.112		18.440		11.582637		27.800
7.376		2.3202		0.0000		874.602		4.116		18.440		11.601227		27.840
7.380		2.3242		0.0000		874.598		4.120		18.450		11.621191		27.880
7.390		2.3277		0.0000		874.594		4.123		18.475		11.638405		27.920
7.400		2.3308		0.0000		874.591		4.126		18.500		11.654242		27.960
7.400		2.3339		0.0000		874.588		4.129		18.500		11.669388		28.000
7.396		2.3372		0.0000		874.585		4.133		18.490		11.685913		28.040
7.394		2.3403		0.0000		874.582		4.136		18.485		11.701746		28.080
7.394		2.3434		0.0000		874.579		4.139		18.485		11.716895		28.120
7.392		2.3465		0.0000		874.576		4.142		18.480		11.732729		28.160
7.392		2.3497		0.0000		874.572		4.145		18.480		11.748564		28.200
7.390		2.3534		0.0000		874.569		4.149		18.475		11.767154		28.240
7.394		2.3574		0.0000		874.565		4.153		18.485		11.787121		28.280
7.402		2.3610		0.0000		874.561		4.156		18.505		11.805021		28.320
7.412		2.3642		0.0000		874.558		4.160		18.530		11.820858		28.360
7.416		2.3673		0.0000		874.555		4.163		18.540		11.836693		28.400
7.412		2.3705		0.0000		874.552		4.166		18.530		11.852530		28.440
7.410		2.3737		0.0000		874.548		4.169		18.525		11.868364		28.480
7.408		2.3768		0.0000		874.545		4.172		18.520		11.884201		28.520
7.408		2.3800		0.0000		874.542		4.175		18.520		11.900034		28.560
7.406		2.3832		0.0000		874.539		4.179		18.515		11.915870		28.600
7.404		2.3866		0.0000		874.536		4.182		18.510		11.933084		28.640
7.406		2.3905		0.0000		874.532		4.186		18.515		11.952362		28.680
7.412		2.3943		0.0000		874.528		4.190		18.530		11.971638		28.720
7.422		2.3976		0.0000		874.524		4.193		18.555		11.988163		28.760
7.428		2.4008		0.0000		874.521		4.196		18.570		12.003999		28.800
7.428		2.4040		0.0000		874.518		4.199		18.570		12.019835		28.840
7.426		2.4071		0.0000		874.515		4.202		18.565		12.035670		28.880
7.424		2.4103		0.0000		874.512		4.206		18.560		12.051506		28.920
7.422		2.4135		0.0000		874.509		4.209		18.555		12.067339		28.960
7.422		2.4166		0.0000		874.505		4.212		18.555		12.083176		29.000
7.420		2.4199		0.0000		874.502		4.215		18.550		12.099700		29.040
7.420		2.4237		0.0000		874.498		4.219		18.550		12.118290		29.080
7.424		2.4277		0.0000		874.495		4.223		18.560		12.138257		29.120
7.434		2.4311		0.0000		874.491		4.226		18.585		12.155468		29.160
7.442		2.4341		0.0000		874.488		4.229		18.605		12.170615		29.200
7.442		2.4373		0.0000		874.485		4.233		18.605		12.186451		29.240
7.440		2.4405		0.0000		874.482		4.236		18.600		12.202287		29.280
7.438		2.4438		0.0000		874.478		4.239		18.595		12.218811		29.320
7.436		2.4468		0.0000		874.475		4.242		18.590		12.233958		29.360
7.434		2.4500		0.0000		874.472		4.245		18.585		12.249794		29.400
7.432		2.4533		0.0000		874.469		4.249		18.580		12.266316		29.440
7.430		2.4568		0.0000		874.465		4.252		18.575		12.284217		29.480
7.432		2.4608		0.0000		874.461		4.256		18.580		12.304184		29.520
7.440		2.4646		0.0000		874.458		4.260		18.600		12.322774		29.560
7.450		2.4676		0.0000		874.455		4.263		18.625		12.337921		29.600
7.452		2.4708		0.0000		874.451		4.266		18.630		12.353756		29.640
7.448		2.4739		0.0000		874.448		4.269		18.620		12.369593		29.680
7.446		2.4771		0.0000		874.445		4.272		18.615		12.385427		29.720
7.444		2.4803		0.0000		874.442		4.276		18.610		12.401264		29.760
7.442		2.4834		0.0000		874.439		4.279		18.605		12.417099		29.800
7.442		2.4866		0.0000		874.436		4.282		18.605		12.432933		29.840
7.440		2.4900		0.0000		874.432		4.285		18.600		12.450147		29.880
7.440		2.4939		0.0000		874.428		4.289		18.600		12.469425		29.920
7.446		2.4979		0.0000		874.424		4.293		18.615		12.489390		29.960
7.458		2.5010		0.0000		874.421		4.296		18.645		12.505226		30.000
7.462		2.5042		0.0000		874.418		4.300		18.655		12.521062		30.040
7.460		2.5072		0.0000		874.415		4.303		18.650		12.536209		30.080
7.458		2.5105		0.0000		874.412		4.306		18.645		12.552733		30.120
7.456		2.5137		0.0000		874.408		4.309		18.640		12.568569		30.160
7.454		2.5169		0.0000		874.405		4.312		18.635		12.584405		30.200
7.454		2.5200		0.0000		874.402		4.315		18.635		12.600239		30.240
7.452		2.5234		0.0000		874.399		4.319		18.630		12.616763		30.280
7.452		2.5271		0.0000		874.395		4.322		18.630		12.635353		30.320
7.456		2.5311		0.0000		874.391		4.326		18.640		12.655320		30.360
7.466		2.5345		0.0000		874.388		4.330		18.665		12.672531		30.400
7.474		2.5375		0.0000		874.385		4.333		18.685		12.687678		30.440
7.474		2.5407		0.0000		874.381		4.336		18.685		12.703514		30.480
7.472		2.5439		0.0000		874.378		4.339		18.680		12.719350		30.520
7.470		2.5470		0.0000		874.375		4.342		18.675		12.735186		30.560
7.470		2.5502		0.0000		874.372		4.346		18.675		12.751021		30.600
7.468		2.5534		0.0000		874.369		4.349		18.670		12.766857		30.640
7.466		2.5565		0.0000		874.366		4.352		18.665		12.782693		30.680
7.464		2.5603		0.0000		874.362		4.356		18.660		12.801283		30.720
7.466		2.5642		0.0000		874.358		4.360		18.665		12.821247		30.760
7.476		2.5678		0.0000		874.354		4.363		18.690		12.839148		30.800
7.486		2.5710		0.0000		874.351		4.366		18.715		12.854984		30.840
7.490		2.5742		0.0000		874.348		4.369		18.725		12.870819		30.880
7.486		2.5773		0.0000		874.345		4.373		18.715		12.886656		30.920
7.484		2.5805		0.0000		874.342		4.376		18.710		12.902491		30.960
7.484		2.5837		0.0000		874.339		4.379		18.710		12.918327		31.000
7.484		2.5868		0.0000		874.335		4.382		18.710		12.934162		31.040
7.482		2.5900		0.0000		874.332		4.385		18.705		12.949999		31.080
7.482		2.5934		0.0000		874.329		4.389		18.705		12.967210		31.120
7.482		2.5974		0.0000		874.325		4.393		18.705		12.987177		31.160
7.490		2.6012		0.0000		874.321		4.396		18.725		13.005767		31.200
7.500		2.6045		0.0000		874.318		4.400		18.750		13.022289		31.240
7.506		2.6075		0.0000		874.315		4.403		18.765		13.037436		31.280
7.504		2.6107		0.0000		874.311		4.406		18.760		13.053272		31.320
7.502		2.6140		0.0000		874.308		4.409		18.755		13.069797		31.360
7.502		2.6171		0.0000		874.305		4.412		18.755		13.085632		31.400
7.500		2.6202		0.0000		874.302		4.415		18.750		13.100779		31.440
7.500		2.6233		0.0000		874.299		4.419		18.750		13.116615		31.480
7.498		2.6266		0.0000		874.296		4.422		18.745		13.133140		31.520
7.498		2.6306		0.0000		874.292		4.426		18.745		13.153105		31.560
7.502		2.6345		0.0000		874.288		4.430		18.755		13.172383		31.600
7.514		2.6379		0.0000		874.284		4.433		18.785		13.189594		31.640
7.522		2.6411		0.0000		874.281		4.436		18.805		13.205431		31.680
7.522		2.6441		0.0000		874.278		4.439		18.805		13.220577		31.720
7.518		2.6473		0.0000		874.275		4.443		18.795		13.236413		31.760
7.516		2.6504		0.0000		874.272		4.446		18.790		13.252249		31.800
7.514		2.6536		0.0000		874.268		4.449		18.785		13.268085		31.840
7.514		2.6568		0.0000		874.265		4.452		18.785		13.283920		31.880
7.512		2.6601		0.0000		874.262		4.455		18.780		13.300446		31.920
7.510		2.6637		0.0000		874.258		4.459		18.775		13.318346		31.960
7.514		2.6677		0.0000		874.254		4.463		18.785		13.338310		32.000
7.522		2.6712		0.0000		874.251		4.467		18.805		13.356214		32.040
7.532		2.6744		0.0000		874.248		4.470		18.830		13.372047		32.080
7.534		2.6776		0.0000		874.245		4.473		18.835		13.387882		32.120
7.530		2.6807		0.0000		874.241		4.476		18.825		13.403719		32.160
7.528		2.6839		0.0000		874.238		4.479		18.820		13.419554		32.200
7.526		2.6871		0.0000		874.235		4.482		18.815		13.435390		32.240
7.524		2.6901		0.0000		874.232		4.485		18.810		13.450537		32.280
7.520		2.6934		0.0000		874.229		4.489		18.800		13.467062		32.320
7.520		2.6969		0.0000		874.225		4.492		18.800		13.484273		32.360
7.520		2.7007		0.0000		874.221		4.496		18.800		13.503551		32.400
7.528		2.7047		0.0000		874.217		4.500		18.820		13.523520		32.440
7.540		2.7079		0.0000		874.214		4.503		18.850		13.539352		32.480
7.546		2.7109		0.0000		874.211		4.506		18.865		13.554502		32.520
7.544		2.7141		0.0000		874.208		4.509		18.860		13.570335		32.560
7.540		2.7174		0.0000		874.205		4.513		18.850		13.586860		32.600
7.538		2.7205		0.0000		874.202		4.516		18.845		13.602695		32.640
7.536		2.7236		0.0000		874.199		4.519		18.840		13.617842		32.680
7.534		2.7269		0.0000		874.195		4.522		18.835		13.634367		32.720
7.532		2.7303		0.0000		874.192		4.526		18.830		13.651579		32.760
7.532		2.7340		0.0000		874.188		4.529		18.830		13.670168		32.800
7.536		2.7379		0.0000		874.184		4.533		18.840		13.689446		32.840
7.544		2.7413		0.0000		874.181		4.537		18.860		13.706657		32.880
7.550		2.7444		0.0000		874.178		4.540		18.875		13.721807		32.920
7.550		2.7475		0.0000		874.175		4.543		18.875		13.737640		32.960
7.546		2.7507		0.0000		874.171		4.546		18.865		13.753476		33.000
7.544		2.7539		0.0000		874.168		4.549		18.860		13.769312		33.040
7.542		2.7570		0.0000		874.165		4.552		18.855		13.785148		33.080
7.540		2.7602		0.0000		874.162		4.556		18.850		13.800983		33.120
7.536		2.7634		0.0000		874.159		4.559		18.840		13.816819		33.160
7.534		2.7671		0.0000		874.155		4.562		18.835		13.835409		33.200
7.536		2.7711		0.0000		874.151		4.566		18.840		13.855373		33.240
7.544		2.7747		0.0000		874.147		4.570		18.860		13.873277		33.280
7.552		2.7778		0.0000		874.144		4.573		18.880		13.889112		33.320
7.552		2.7809		0.0000		874.141		4.576		18.880		13.904259		33.360
7.548		2.7842		0.0000		874.138		4.579		18.870		13.920782		33.400
7.546		2.7873		0.0000		874.135		4.583		18.865		13.936617		33.440
7.544		2.7905		0.0000		874.132		4.586		18.860		13.952454		33.480
7.542		2.7937		0.0000		874.128		4.589		18.855		13.968288		33.520
7.540		2.7968		0.0000		874.125		4.592		18.850		13.984125		33.560
7.538		2.8003		0.0000		874.122		4.596		18.845		14.001336		33.600
7.540		2.8043		0.0000		874.118		4.600		18.850		14.021303		33.640
7.548		2.8081		0.0000		874.114		4.603		18.870		14.040583		33.680
7.558		2.8111		0.0000		874.111		4.606		18.895		14.055729		33.720
7.562		2.8143		0.0000		874.108		4.610		18.905		14.071565		33.760
7.558		2.8175		0.0000		874.105		4.613		18.895		14.087400		33.800
7.556		2.8208		0.0000		874.101		4.616		18.890		14.103923		33.840
7.554		2.8238		0.0000		874.098		4.619		18.885		14.119070		33.880
7.552		2.8270		0.0000		874.095		4.622		18.880		14.134905		33.920
7.550		2.8301		0.0000		874.092		4.625		18.875		14.150742		33.960
7.548		2.8335		0.0000		874.089		4.629		18.870		14.167266		34.000
7.548		2.8374		0.0000		874.085		4.633		18.870		14.187231		34.040
7.554		2.8413		0.0000		874.081		4.637		18.885		14.206510		34.080
7.564		2.8446		0.0000		874.078		4.640		18.910		14.223034		34.120
7.570		2.8478		0.0000		874.074		4.643		18.925		14.238871		34.160
7.570		2.8509		0.0000		874.071		4.646		18.925		14.254705		34.200
7.566		2.8542		0.0000		874.068		4.650		18.915		14.271229		34.240
7.562		2.8573		0.0000		874.065		4.653		18.905		14.286375		34.280
7.560		2.8604		0.0000		874.062		4.656		18.900		14.302211		34.320
7.558		2.8636		0.0000		874.059		4.659		18.895		14.318047		34.360
7.556		2.8668		0.0000		874.055		4.662		18.890		14.333882		34.400
7.554		2.8706		0.0000		874.052		4.666		18.885		14.353161		34.440
7.558		2.8746		0.0000		874.047		4.670		18.895		14.373126		34.480
7.566		2.8781		0.0000		874.044		4.673		18.915		14.390340		34.520
7.576		2.8812		0.0000		874.041		4.677		18.940		14.406176		34.560
7.576		2.8843		0.0000		874.038		4.680		18.940		14.421322		34.600
7.574		2.8876		0.0000		874.035		4.683		18.935		14.437847		34.640
7.572		2.8907		0.0000		874.031		4.686		18.930		14.453680		34.680
7.570		2.8939		0.0000		874.028		4.689		18.925		14.469517		34.720
7.568		2.8971		0.0000		874.025		4.692		18.920		14.485352		34.760
7.566		2.9002		0.0000		874.022		4.696		18.915		14.501188		34.800
7.564		2.9038		0.0000		874.018		4.699		18.910		14.519089		34.840
7.566		2.9078		0.0000		874.014		4.703		18.915		14.539056		34.880
7.574		2.9114		0.0000		874.011		4.707		18.935		14.556956		34.920
7.584		2.9146		0.0000		874.008		4.710		18.960		14.572792		34.960
7.588		2.9177		0.0000		874.004		4.713		18.970		14.588628		35.000
7.584		2.9210		0.0000		874.001		4.716		18.960		14.605152		35.040
7.582		2.9242		0.0000		873.998		4.720		18.955		14.620986		35.080
7.580		2.9274		0.0000		873.995		4.723		18.950		14.636822		35.120
7.580		2.9304		0.0000		873.992		4.726		18.950		14.651968		35.160
7.578		2.9336		0.0000		873.989		4.729		18.945		14.667805		35.200
7.576		2.9371		0.0000		873.985		4.732		18.940		14.685707		35.240
7.574		2.9407		0.0000		873.981		4.736		18.935		14.703608		35.280
7.580		2.9449		0.0000		873.977		4.740		18.950		14.724262		35.320
7.590		2.9482		0.0000		873.974		4.743		18.975		14.740787		35.360
7.596		2.9512		0.0000		873.971		4.747		18.990		14.755934		35.400
7.594		2.9544		0.0000		873.968		4.750		18.985		14.771769		35.440
7.592		2.9577		0.0000		873.964		4.753		18.980		14.788292		35.480
7.588		2.9607		0.0000		873.961		4.756		18.970		14.803440		35.520
7.586		2.9639		0.0000		873.958		4.759		18.965		14.819274		35.560
7.584		2.9670		0.0000		873.955		4.762		18.960		14.835110		35.600
7.582		2.9703		0.0000		873.952		4.766		18.955		14.851635		35.640
7.582		2.9740		0.0000		873.948		4.769		18.955		14.870224		35.680
7.584		2.9779		0.0000		873.944		4.773		18.960		14.889503		35.720
7.594		2.9816		0.0000		873.940		4.777		18.985		14.908092		35.760
7.602		2.9846		0.0000		873.938		4.780		19.005		14.923239		35.800
7.602		2.9878		0.0000		873.934		4.783		19.005		14.939075		35.840
7.598		2.9910		0.0000		873.931		4.786		18.995		14.954910		35.880
7.596		2.9941		0.0000		873.928		4.789		18.990		14.970746		35.920
7.594		2.9973		0.0000		873.925		4.793		18.985		14.986580		35.960
7.592		3.0005		0.0000		873.922		4.796		18.980		15.002415		36.000
7.590		3.0038		0.0000		873.918		4.799		18.975		15.018940		36.040
7.588		3.0072		0.0000		873.915		4.803		18.970		15.036152		36.080
7.588		3.0111		0.0000		873.911		4.806		18.970		15.055429		36.120
7.594		3.0149		0.0000		873.907		4.810		18.985		15.074709		36.160
7.604		3.0181		0.0000		873.904		4.813		19.010		15.090544		36.200
7.606		3.0211		0.0000		873.901		4.816		19.015		15.105691		36.240
7.602		3.0243		0.0000		873.898		4.820		19.005		15.121527		36.280
7.598		3.0275		0.0000		873.895		4.823		18.995		15.137362		36.320
7.596		3.0306		0.0000		873.891		4.826		18.990		15.153198		36.360
7.594		3.0338		0.0000		873.888		4.829		18.985		15.169034		36.400
7.592		3.0371		0.0000		873.885		4.832		18.980		15.185556		36.440
7.588		3.0406		0.0000		873.882		4.836		18.970		15.202770		36.480
7.588		3.0443		0.0000		873.878		4.840		18.970		15.221359		36.520
7.594		3.0483		0.0000		873.874		4.844		18.985		15.241325		36.560
7.602		3.0514		0.0000		873.871		4.847		19.005		15.257160		36.600
7.606		3.0546		0.0000		873.868		4.850		19.015		15.272997		36.640
7.604		3.0578		0.0000		873.864		4.853		19.010		15.288832		36.680
7.600		3.0609		0.0000		873.861		4.856		19.000		15.304668		36.720
7.598		3.0641		0.0000		873.858		4.859		18.995		15.320503		36.760
7.596		3.0673		0.0000		873.855		4.863		18.990		15.336340		36.800
7.594		3.0706		0.0000		873.852		4.866		18.985		15.352861		36.840
7.592		3.0737		0.0000		873.848		4.869		18.980		15.368698		36.880
7.590		3.0775		0.0000		873.845		4.873		18.975		15.387287		36.920
7.594		3.0813		0.0000		873.841		4.877		18.985		15.406566		36.960
7.602		3.0849		0.0000		873.837		4.880		19.005		15.424466		37.000
7.610		3.0881		0.0000		873.834		4.883		19.025		15.440302		37.040
7.610		3.0912		0.0000		873.831		4.887		19.025		15.456138		37.080
7.606		3.0944		0.0000		873.828		4.890		19.015		15.471973		37.120
7.602		3.0976		0.0000		873.825		4.893		19.005		15.487809		37.160
7.600		3.1007		0.0000		873.821		4.896		19.000		15.503645		37.200
7.598		3.1039		0.0000		873.818		4.899		18.995		15.519478		37.240
7.596		3.1071		0.0000		873.815		4.902		18.990		15.535315		37.280
7.594		3.1106		0.0000		873.811		4.906		18.985		15.553217		37.320
7.596		3.1146		0.0000		873.807		4.910		18.990		15.573182		37.360
7.604		3.1184		0.0000		873.804		4.914		19.010		15.591772		37.400
7.612		3.1214		0.0000		873.801		4.917		19.030		15.606918		37.440
7.616		3.1246		0.0000		873.798		4.920		19.040		15.622754		37.480
7.612		3.1277		0.0000		873.794		4.923		19.030		15.638590		37.520
7.610		3.1310		0.0000		873.791		4.926		19.025		15.655115		37.560
7.608		3.1342		0.0000		873.788		4.930		19.020		15.670950		37.600
7.606		3.1374		0.0000		873.785		4.933		19.015		15.686784		37.640
7.602		3.1405		0.0000		873.782		4.936		19.005		15.702620		37.680
7.600		3.1438		0.0000		873.778		4.939		19.000		15.719145		37.720
7.600		3.1478		0.0000		873.774		4.943		19.000		15.739112		37.760
7.604		3.1517		0.0000		873.770		4.947		19.010		15.758389		37.800
7.612		3.1548		0.0000		873.767		4.950		19.030		15.774223		37.840
7.618		3.1580		0.0000		873.764		4.953		19.045		15.790060		37.880
7.616		3.1610		0.0000		873.761		4.956		19.040		15.805206		37.920
7.612		3.1643		0.0000		873.758		4.960		19.030		15.821732		37.960
7.610		3.1675		0.0000		873.755		4.963		19.025		15.837566		38.000
7.608		3.1707		0.0000		873.751		4.966		19.020		15.853403		38.040
7.604		3.1738		0.0000		873.748		4.969		19.010		15.869238		38.080
7.602		3.1772		0.0000		873.745		4.972		19.005		15.885761		38.120
7.600		3.1810		0.0000		873.741		4.976		19.000		15.905039		38.160
7.604		3.1849		0.0000		873.737		4.980		19.010		15.924318		38.200
7.612		3.1883		0.0000		873.734		4.984		19.030		15.941529		38.240
7.620		3.1915		0.0000		873.731		4.987		19.050		15.957365		38.280
7.618		3.1946		0.0000		873.727		4.990		19.045		15.973201		38.320
7.616		3.1978		0.0000		873.724		4.993		19.040		15.989037		38.360
7.614		3.2010		0.0000		873.721		4.996		19.035		16.004871		38.400
7.612		3.2041		0.0000		873.718		4.999		19.030		16.020708		38.440
7.610		3.2073		0.0000		873.715		5.003		19.025		16.036545		38.480
7.608		3.2105		0.0000		873.712		5.006		19.020		16.052380		38.521
7.606		3.2142		0.0000		873.708		5.010		19.015		16.070969		38.561
7.608		3.2180		0.0000		873.704		5.013		19.020		16.090244		38.601
7.616		3.2216		0.0000		873.701		5.017		19.040		16.108149		38.641
7.624		3.2249		0.0000		873.697		5.020		19.060		16.124670		38.681
7.626		3.2280		0.0000		873.694		5.023		19.065		16.139816		38.721
7.622		3.2311		0.0000		873.691		5.026		19.055		16.155653		38.761
7.620		3.2344		0.0000		873.688		5.030		19.050		16.172178		38.801
7.618		3.2376		0.0000		873.685		5.033		19.045		16.188013		38.841
7.614		3.2408		0.0000		873.681		5.036		19.035		16.203850		38.881
7.612		3.2439		0.0000		873.678		5.039		19.030		16.219685		38.921
7.610		3.2474		0.0000		873.675		5.043		19.025		16.236897		38.961
7.610		3.2512		0.0000		873.671		5.047		19.025		16.256176		39.001
7.614		3.2551		0.0000		873.667		5.050		19.035		16.275454		39.041
7.624		3.2583		0.0000		873.664		5.054		19.060		16.291286		39.081
7.628		3.2613		0.0000		873.661		5.057		19.070		16.306437		39.121
7.626		3.2646		0.0000		873.658		5.060		19.065		16.322958		39.161
7.622		3.2678		0.0000		873.654		5.063		19.055		16.338795		39.201
7.618		3.2709		0.0000		873.651		5.066		19.045		16.354630		39.241
7.616		3.2741		0.0000		873.648		5.069		19.040		16.370466		39.281
7.614		3.2773		0.0000		873.645		5.073		19.035		16.386301		39.321
7.612		3.2807		0.0000		873.641		5.076		19.030		16.403513		39.361
7.610		3.2843		0.0000		873.638		5.080		19.025		16.421413		39.401
7.614		3.2883		0.0000		873.634		5.084		19.035		16.441381		39.441
7.622		3.2917		0.0000		873.630		5.087		19.055		16.458591		39.481
7.628		3.2947		0.0000		873.627		5.090		19.070		16.473742		39.521
7.628		3.2979		0.0000		873.624		5.093		19.070		16.489574		39.561
7.624		3.3012		0.0000		873.621		5.097		19.060		16.506100		39.601
7.620		3.3044		0.0000		873.618		5.100		19.050		16.521935		39.641
7.618		3.3076		0.0000		873.615		5.103		19.045		16.537771		39.681
7.616		3.3107		0.0000		873.611		5.106		19.040		16.553608		39.721
7.612		3.3139		0.0000		873.608		5.109		19.030		16.569443		39.761
7.608		3.3176		0.0000		873.605		5.113		19.020		16.588032		39.801
7.610		3.3215		0.0000		873.601		5.117		19.025		16.607307		39.841
7.616		3.3252		0.0000		873.597		5.121		19.040		16.625898		39.881
7.624		3.3282		0.0000		873.594		5.124		19.060		16.641047		39.921
7.626		3.3314		0.0000		873.591		5.127		19.065		16.656879		39.961
7.622		3.3345		0.0000		873.588		5.130		19.055		16.672716		40.001
7.620		3.3378		0.0000		873.584		5.133		19.050		16.689241		40.041
7.616		3.3410		0.0000		873.581		5.136		19.040		16.705076		40.081
7.614		3.3442		0.0000		873.578		5.140		19.035		16.720913		40.121
7.612		3.3473		0.0000		873.575		5.143		19.030		16.736748		40.161
7.608		3.3508		0.0000		873.571		5.146		19.020		16.753960		40.201
7.608		3.3546		0.0000		873.568		5.150		19.020		16.773239		40.241
7.614		3.3585		0.0000		873.564		5.154		19.035		16.792517		40.281
7.622		3.3617		0.0000		873.560		5.157		19.055		16.808353		40.321
7.624		3.3648		0.0000		873.557		5.160		19.060		16.824186		40.361
7.622		3.3680		0.0000		873.554		5.163		19.055		16.840021		40.401
7.618		3.3712		0.0000		873.551		5.167		19.045		16.855858		40.441
7.616		3.3743		0.0000		873.548		5.170		19.040		16.871693		40.481
7.614		3.3775		0.0000		873.545		5.173		19.035		16.887529		40.521
7.612		3.3807		0.0000		873.541		5.176		19.030		16.903364		40.561
7.610		3.3840		0.0000		873.538		5.179		19.025		16.919889		40.601
7.610		3.3878		0.0000		873.534		5.183		19.025		16.939165		40.641
7.614		3.3917		0.0000		873.530		5.187		19.035		16.958445		40.681
7.624		3.3951		0.0000		873.527		5.190		19.060		16.975658		40.721
7.630		3.3982		0.0000		873.524		5.193		19.075		16.990805		40.761
7.628		3.4013		0.0000		873.521		5.197		19.070		17.006641		40.801
7.624		3.4046		0.0000		873.518		5.200		19.060		17.023163		40.841
7.620		3.4078		0.0000		873.514		5.203		19.050		17.038998		40.881
7.618		3.4108		0.0000		873.511		5.206		19.045		17.054146		40.921
7.616		3.4141		0.0000		873.508		5.209		19.040		17.070671		40.961
7.614		3.4173		0.0000		873.505		5.213		19.035		17.086506		41.001
7.612		3.4210		0.0000		873.501		5.216		19.030		17.105095		41.041
7.614		3.4249		0.0000		873.497		5.220		19.035		17.124374		41.081
7.620		3.4285		0.0000		873.494		5.224		19.050		17.142275		41.121
7.628		3.4316		0.0000		873.491		5.227		19.070		17.158110		41.161
7.630		3.4348		0.0000		873.487		5.230		19.075		17.173946		41.201
7.624		3.4380		0.0000		873.484		5.233		19.060		17.189781		41.241
7.622		3.4413		0.0000		873.481		5.237		19.055		17.206305		41.281
7.618		3.4443		0.0000		873.478		5.240		19.045		17.221451		41.321
7.616		3.4476		0.0000		873.475		5.243		19.040		17.237976		41.361
7.612		3.4508		0.0000		873.471		5.246		19.030		17.253811		41.401
7.610		3.4542		0.0000		873.468		5.250		19.025		17.271023		41.441
7.610		3.4581		0.0000		873.464		5.253		19.025		17.290302		41.481
7.616		3.4618		0.0000		873.460		5.257		19.040		17.308891		41.521
7.624		3.4649		0.0000		873.457		5.260		19.060		17.324726		41.561
7.628		3.4683		0.0000		873.454		5.264		19.070		17.341251		41.601
7.626		3.4714		0.0000		873.451		5.267		19.065		17.357086		41.641
7.622		3.4746		0.0000		873.448		5.270		19.055		17.372921		41.681
7.620		3.4778		0.0000		873.444		5.273		19.050		17.388756		41.721
7.618		3.4809		0.0000		873.441		5.276		19.045		17.404593		41.761
7.614		3.4841		0.0000		873.438		5.279		19.035		17.420427		41.801
7.612		3.4875		0.0000		873.435		5.283		19.030		17.437641		41.841
7.610		3.4912		0.0000		873.431		5.287		19.025		17.456230		41.881
7.614		3.4951		0.0000		873.427		5.290		19.035		17.475508		41.921
7.622		3.4984		0.0000		873.424		5.294		19.055		17.492031		41.961
7.628		3.5017		0.0000		873.420		5.297		19.070		17.508556		42.001
7.626		3.5047		0.0000		873.417		5.300		19.065		17.523705		42.041
7.624		3.5080		0.0000		873.414		5.303		19.060		17.540226		42.081
7.620		3.5111		0.0000		873.411		5.306		19.050		17.555374		42.121
7.618		3.5144		0.0000		873.408		5.310		19.045		17.571898		42.161
7.616		3.5175		0.0000		873.405		5.313		19.040		17.587734		42.201
7.614		3.5207		0.0000		873.401		5.316		19.035		17.603569		42.241
7.612		3.5244		0.0000		873.398		5.320		19.030		17.622158		42.281
7.614		3.5283		0.0000		873.394		5.324		19.035		17.641438		42.321
7.620		3.5319		0.0000		873.390		5.327		19.050		17.659338		42.361
7.628		3.5350		0.0000		873.387		5.330		19.070		17.675173		42.401
7.628		3.5382		0.0000		873.384		5.334		19.070		17.691010		42.441
7.624		3.5414		0.0000		873.381		5.337		19.060		17.706844		42.481
7.620		3.5445		0.0000		873.378		5.340		19.050		17.722681		42.521
7.618		3.5477		0.0000		873.374		5.343		19.045		17.738514		42.561
7.616		3.5509		0.0000		873.371		5.346		19.040		17.754349		42.601
7.614		3.5542		0.0000		873.368		5.350		19.035		17.770874		42.641
7.614		3.5576		0.0000		873.365		5.353		19.035		17.788086		42.681
7.614		3.5613		0.0000		873.361		5.357		19.035		17.806675		42.721
7.620		3.5652		0.0000		873.357		5.361		19.050		17.825954		42.761
7.628		3.5685		0.0000		873.354		5.364		19.070		17.842480		42.801
7.632		3.5717		0.0000		873.350		5.367		19.080		17.858315		42.841
7.628		3.5748		0.0000		873.347		5.370		19.070		17.874149		42.881
7.624		3.5780		0.0000		873.344		5.373		19.060		17.889986		42.921
7.620		3.5812		0.0000		873.341		5.376		19.050		17.905819		42.961
7.618		3.5843		0.0000		873.338		5.380		19.045		17.921656		43.001
7.614		3.5875		0.0000		873.335		5.383		19.035		17.937490		43.041
7.610		3.5908		0.0000		873.331		5.386		19.025		17.954016		43.081
7.608		3.5947		0.0000		873.327		5.390		19.020		17.973293		43.121
7.612		3.5987		0.0000		873.323		5.394		19.030		17.993259		43.161
7.622		3.6020		0.0000		873.320		5.397		19.055		18.009785		43.201
7.628		3.6050		0.0000		873.317		5.400		19.070		18.024931		43.241
7.624		3.6082		0.0000		873.314		5.403		19.060		18.040768		43.281
7.620		3.6113		0.0000		873.311		5.407		19.050		18.056602		43.321
7.616		3.6146		0.0000		873.307		5.410		19.040		18.073124		43.361
7.612		3.6178		0.0000		873.304		5.413		19.030		18.088961		43.401
7.610		3.6210		0.0000		873.301		5.416		19.025		18.104797		43.441
7.606		3.6243		0.0000		873.298		5.420		19.015		18.121321		43.481
7.604		3.6278		0.0000		873.294		5.423		19.010		18.139221		43.521
7.604		3.6317		0.0000		873.290		5.427		19.010		18.158501		43.561
7.610		3.6353		0.0000		873.287		5.431		19.025		18.176401		43.601
7.616		3.6384		0.0000		873.284		5.434		19.040		18.192236		43.641
7.616		3.6416		0.0000		873.281		5.437		19.040		18.208073		43.681
7.614		3.6448		0.0000		873.277		5.440		19.035		18.223907		43.721
7.610		3.6479		0.0000		873.274		5.443		19.025		18.239744		43.761
7.606		3.6511		0.0000		873.271		5.446		19.015		18.255579		43.801
7.604		3.6543		0.0000		873.268		5.450		19.010		18.271412		43.841
7.602		3.6574		0.0000		873.265		5.453		19.005		18.287249		43.881
7.598		3.6610		0.0000		873.261		5.456		18.995		18.305151		43.921
7.598		3.6649		0.0000		873.257		5.460		18.995		18.324429		43.961
7.604		3.6687		0.0000		873.253		5.464		19.010		18.343706		44.001
7.612		3.6718		0.0000		873.250		5.467		19.030		18.358852		44.041
7.614		3.6749		0.0000		873.247		5.470		19.035		18.374689		44.081
7.610		3.6782		0.0000		873.244		5.474		19.025		18.391212		44.121
7.606		3.6814		0.0000		873.241		5.477		19.015		18.407049		44.161
7.604		3.6846		0.0000		873.238		5.480		19.010		18.422886		44.201
7.602		3.6877		0.0000		873.234		5.483		19.005		18.438719		44.241
7.598		3.6909		0.0000		873.231		5.486		18.995		18.454554		44.281
7.596		3.6942		0.0000		873.228		5.490		18.990		18.471079		44.321
7.594		3.6981		0.0000		873.224		5.493		18.985		18.490356		44.361
7.598		3.7019		0.0000		873.220		5.497		18.995		18.509636		44.401
7.606		3.7052		0.0000		873.217		5.501		19.015		18.526157		44.441
7.610		3.7084		0.0000		873.214		5.504		19.025		18.541994		44.481
7.608		3.7116		0.0000		873.211		5.507		19.020		18.557831		44.521
7.604		3.7147		0.0000		873.207		5.510		19.010		18.573666		44.561
7.600		3.7180		0.0000		873.204		5.513		19.000		18.590191		44.601
7.596		3.7212		0.0000		873.201		5.517		18.990		18.606026		44.641
7.594		3.7242		0.0000		873.198		5.520		18.985		18.621174		44.681
7.590		3.7275		0.0000		873.195		5.523		18.975		18.637695		44.721
7.586		3.7313		0.0000		873.191		5.527		18.965		18.656284		44.761
7.588		3.7353		0.0000		873.187		5.531		18.970		18.676252		44.801
7.596		3.7387		0.0000		873.183		5.534		18.990		18.693464		44.841
7.604		3.7419		0.0000		873.180		5.537		19.010		18.709299		44.881
7.602		3.7450		0.0000		873.177		5.540		19.005		18.725136		44.921
7.598		3.7482		0.0000		873.174		5.544		18.995		18.740971		44.961
7.594		3.7514		0.0000		873.171		5.547		18.985		18.756807		45.001
7.590		3.7545		0.0000		873.168		5.550		18.975		18.772642		45.041
7.586		3.7577		0.0000		873.164		5.553		18.965		18.788479		45.081
7.582		3.7609		0.0000		873.161		5.556		18.955		18.804314		45.121
7.578		3.7644		0.0000		873.158		5.560		18.945		18.822214		45.161
7.578		3.7683		0.0000		873.154		5.564		18.945		18.841494		45.201
7.584		3.7720		0.0000		873.150		5.567		18.960		18.860083		45.241
7.592		3.7753		0.0000		873.147		5.571		18.980		18.876606		45.281
7.594		3.7785		0.0000		873.144		5.574		18.985		18.892441		45.321
7.590		3.7815		0.0000		873.141		5.577		18.975		18.907587		45.361
7.586		3.7848		0.0000		873.137		5.580		18.965		18.924112		45.401
7.582		3.7880		0.0000		873.134		5.583		18.955		18.939949		45.441
7.580		3.7912		0.0000		873.131		5.586		18.950		18.955784		45.481
7.576		3.7943		0.0000		873.128		5.590		18.940		18.971619		45.521
7.572		3.7978		0.0000		873.124		5.593		18.930		18.988831		45.561
7.570		3.8015		0.0000		873.121		5.597		18.925		19.007420		45.601
7.574		3.8053		0.0000		873.117		5.601		18.935		19.026699		45.641
7.582		3.8086		0.0000		873.113		5.604		18.955		19.043221		45.681
7.586		3.8118		0.0000		873.110		5.607		18.965		19.059057		45.721
7.582		3.8150		0.0000		873.107		5.610		18.955		19.074894		45.761
7.576		3.8181		0.0000		873.104		5.613		18.940		19.090729		45.801
7.574		3.8215		0.0000		873.101		5.617		18.935		19.107254		45.841
7.570		3.8246		0.0000		873.098		5.620		18.925		19.123089		45.881
7.566		3.8276		0.0000		873.094		5.623		18.915		19.138237		45.921
7.564		3.8310		0.0000		873.091		5.626		18.910		19.154758		45.961
7.562		3.8347		0.0000		873.087		5.630		18.905		19.173347		46.001
7.564		3.8387		0.0000		873.083		5.634		18.910		19.193316		46.041
7.570		3.8421		0.0000		873.080		5.637		18.925		19.210527		46.081
7.578		3.8453		0.0000		873.077		5.641		18.945		19.226362		46.121
7.576		3.8484		0.0000		873.074		5.644		18.940		19.242199		46.161
7.570		3.8516		0.0000		873.071		5.647		18.925		19.258034		46.201
7.566		3.8548		0.0000		873.067		5.650		18.915		19.273870		46.241
7.562		3.8579		0.0000		873.064		5.653		18.905		19.289705		46.281
7.558		3.8611		0.0000		873.061		5.656		18.895		19.305542		46.321
7.554		3.8643		0.0000		873.058		5.660		18.885		19.321377		46.361
7.552		3.8679		0.0000		873.054		5.663		18.880		19.339277		46.401
7.552		3.8717		0.0000		873.050		5.667		18.880		19.358557		46.441
7.558		3.8756		0.0000		873.047		5.671		18.895		19.377832		46.481
7.568		3.8786		0.0000		873.044		5.674		18.920		19.392982		46.521
7.568		3.8818		0.0000		873.040		5.677		18.920		19.408815		46.561
7.564		3.8851		0.0000		873.037		5.680		18.910		19.425339		46.601
7.560		3.8882		0.0000		873.034		5.684		18.900		19.441175		46.641
7.556		3.8914		0.0000		873.031		5.687		18.890		19.457012		46.681
7.552		3.8946		0.0000		873.028		5.690		18.880		19.472847		46.721
7.548		3.8977		0.0000		873.024		5.693		18.870		19.488682		46.761
7.544		3.9012		0.0000		873.021		5.697		18.860		19.505894		46.801
7.540		3.9049		0.0000		873.017		5.700		18.850		19.524483		46.841
7.544		3.9088		0.0000		873.013		5.704		18.860		19.543762		46.881
7.550		3.9121		0.0000		873.010		5.707		18.875		19.560287		46.921
7.554		3.9152		0.0000		873.007		5.711		18.885		19.576120		46.961
7.550		3.9184		0.0000		873.004		5.714		18.875		19.591957		47.001
7.546		3.9216		0.0000		873.001		5.717		18.865		19.607792		47.041
7.542		3.9247		0.0000		872.997		5.720		18.855		19.623627		47.081
7.538		3.9279		0.0000		872.994		5.723		18.845		19.639463		47.121
7.536		3.9311		0.0000		872.991		5.726		18.840		19.655300		47.161
7.532		3.9344		0.0000		872.988		5.730		18.830		19.671824		47.201
7.530		3.9381		0.0000		872.984		5.733		18.825		19.690414		47.241
7.532		3.9421		0.0000		872.980		5.737		18.830		19.710379		47.281
7.540		3.9455		0.0000		872.977		5.741		18.850		19.727592		47.321
7.544		3.9485		0.0000		872.974		5.744		18.860		19.742739		47.361
7.542		3.9517		0.0000		872.970		5.747		18.855		19.758575		47.401
7.538		3.9550		0.0000		872.967		5.750		18.845		19.775097		47.441
7.534		3.9582		0.0000		872.964		5.754		18.835		19.790934		47.481
7.530		3.9614		0.0000		872.961		5.757		18.825		19.806768		47.521
7.526		3.9645		0.0000		872.958		5.760		18.815		19.822605		47.561
7.524		3.9677		0.0000		872.954		5.763		18.810		19.838440		47.601
7.520		3.9713		0.0000		872.951		5.767		18.800		19.856340		47.641
7.520		3.9753		0.0000		872.947		5.771		18.800		19.876308		47.681
7.526		3.9788		0.0000		872.943		5.774		18.815		19.894209		47.721
7.532		3.9820		0.0000		872.940		5.777		18.830		19.910046		47.761
7.534		3.9852		0.0000		872.937		5.781		18.835		19.925880		47.801
7.528		3.9883		0.0000		872.934		5.784		18.820		19.941715		47.841
7.524		3.9916		0.0000		872.930		5.787		18.810		19.958239		47.881
7.520		3.9948		0.0000		872.927		5.790		18.800		19.974075		47.921
7.516		3.9978		0.0000		872.924		5.793		18.790		19.989222		47.961
7.512		4.0010		0.0000		872.921		5.796		18.780		20.005056		48.001
7.508		4.0045		0.0000		872.918		5.800		18.770		20.022270		48.041
7.508		4.0084		0.0000		872.914		5.804		18.770		20.042236		48.081
7.512		4.0123		0.0000		872.910		5.808		18.780		20.061514		48.121
7.522		4.0155		0.0000		872.907		5.811		18.805		20.077351		48.161
7.524		4.0186		0.0000		872.904		5.814		18.810		20.093185		48.201
7.520		4.0218		0.0000		872.900		5.817		18.800		20.109022		48.241
7.516		4.0250		0.0000		872.897		5.820		18.790		20.124855		48.281
7.512		4.0283		0.0000		872.894		5.824		18.780		20.141380		48.321
7.508		4.0313		0.0000		872.891		5.827		18.770		20.156527		48.361
7.504		4.0345		0.0000		872.888		5.830		18.760		20.172363		48.401
7.500		4.0378		0.0000		872.884		5.833		18.750		20.188887		48.441
7.498		4.0415		0.0000		872.881		5.837		18.745		20.207478		48.481
7.500		4.0455		0.0000		872.877		5.841		18.750		20.227442		48.521
7.506		4.0489		0.0000		872.873		5.844		18.765		20.244656		48.561
7.512		4.0521		0.0000		872.870		5.847		18.780		20.260490		48.601
7.510		4.0551		0.0000		872.867		5.850		18.775		20.275639		48.641
7.506		4.0584		0.0000		872.864		5.854		18.765		20.292160		48.681
7.500		4.0616		0.0000		872.861		5.857		18.750		20.307997		48.721
7.498		4.0648		0.0000		872.857		5.860		18.745		20.323832		48.761
7.492		4.0679		0.0000		872.854		5.863		18.730		20.339668		48.801
7.488		4.0711		0.0000		872.851		5.866		18.720		20.355503		48.841
7.486		4.0748		0.0000		872.847		5.870		18.715		20.374092		48.881
7.486		4.0787		0.0000		872.843		5.874		18.715		20.393372		48.921
7.492		4.0824		0.0000		872.840		5.878		18.730		20.411961		48.961
7.498		4.0854		0.0000		872.837		5.881		18.745		20.427109		49.001
7.498		4.0886		0.0000		872.834		5.884		18.745		20.442944		49.041
7.494		4.0918		0.0000		872.830		5.887		18.735		20.458778		49.081
7.490		4.0949		0.0000		872.827		5.890		18.725		20.474615		49.121
7.486		4.0981		0.0000		872.824		5.893		18.715		20.490448		49.161
7.482		4.1013		0.0000		872.821		5.897		18.705		20.506285		49.201
7.478		4.1046		0.0000		872.818		5.900		18.695		20.522808		49.241
7.476		4.1080		0.0000		872.814		5.903		18.690		20.540020		49.281
7.474		4.1117		0.0000		872.810		5.907		18.685		20.558609		49.321
7.478		4.1157		0.0000		872.806		5.911		18.695		20.578577		49.361
7.486		4.1189		0.0000		872.803		5.914		18.715		20.594414		49.401
7.488		4.1220		0.0000		872.800		5.917		18.720		20.610249		49.441
7.484		4.1252		0.0000		872.797		5.921		18.710		20.626085		49.481
7.480		4.1284		0.0000		872.794		5.924		18.700		20.641920		49.521
7.476		4.1316		0.0000		872.791		5.927		18.690		20.657753		49.561
7.474		4.1347		0.0000		872.787		5.930		18.685		20.673590		49.601
7.470		4.1379		0.0000		872.784		5.933		18.675		20.689426		49.641
7.466		4.1412		0.0000		872.781		5.937		18.665		20.705950		49.681
7.464		4.1449		0.0000		872.777		5.940		18.660		20.724541		49.721
7.466		4.1489		0.0000		872.773		5.944		18.665		20.744505		49.761
7.476		4.1523		0.0000		872.770		5.948		18.690		20.761719		49.801
7.482		4.1554		0.0000		872.767		5.951		18.705		20.776865		49.841
7.478		4.1585		0.0000		872.764		5.954		18.695		20.792702		49.881
7.474		4.1618		0.0000		872.760		5.957		18.685		20.809227		49.921
7.470		4.1650		0.0000		872.757		5.960		18.675		20.825060		49.961
7.466		4.1682		0.0000		872.754		5.964		18.665		20.840895		50.001
7.462		4.1713		0.0000		872.751		5.967		18.655		20.856731		50.041
7.458		4.1745		0.0000		872.748		5.970		18.645		20.872566		50.081
7.454		4.1782		0.0000		872.744		5.974		18.635		20.891155		50.121
7.456		4.1821		0.0000		872.740		5.977		18.640		20.910435		50.161
7.462		4.1857		0.0000		872.736		5.981		18.655		20.928335		50.201
7.470		4.1888		0.0000		872.733		5.984		18.675		20.944172		50.241
7.470		4.1920		0.0000		872.730		5.987		18.675		20.960007		50.281
7.464		4.1952		0.0000		872.727		5.991		18.660		20.975842		50.321
7.458		4.1983		0.0000		872.724		5.994		18.645		20.991678		50.361
7.454		4.2015		0.0000		872.721		5.997		18.635		21.007515		50.401
7.450		4.2047		0.0000		872.717		6.000		18.625		21.023348		50.441
7.446		4.2078		0.0000		872.714		6.003		18.615		21.039183		50.481
7.442		4.2113		0.0000		872.711		6.007		18.605		21.056396		50.521
7.440		4.2153		0.0000		872.707		6.011		18.600		21.076363		50.561
7.444		4.2191		0.0000		872.703		6.014		18.610		21.095640		50.601
7.454		4.2223		0.0000		872.700		6.018		18.635		21.111477		50.641
7.458		4.2255		0.0000		872.697		6.021		18.645		21.127312		50.681
7.452		4.2286		0.0000		872.693		6.024		18.630		21.143148		50.721
7.448		4.2318		0.0000		872.690		6.027		18.620		21.158983		50.761
7.444		4.2350		0.0000		872.687		6.030		18.610		21.174820		50.801
7.442		4.2381		0.0000		872.684		6.033		18.605		21.190653		50.841
7.438		4.2413		0.0000		872.681		6.037		18.595		21.206490		50.881
7.434		4.2446		0.0000		872.678		6.040		18.585		21.223013		50.921
7.432		4.2485		0.0000		872.674		6.044		18.580		21.242292		50.961
7.434		4.2523		0.0000		872.670		6.048		18.585		21.261570		51.001
7.442		4.2558		0.0000		872.666		6.051		18.605		21.278782		51.041
7.446		4.2589		0.0000		872.663		6.054		18.615		21.294617		51.081
7.444		4.2621		0.0000		872.660		6.057		18.610		21.310453		51.121
7.438		4.2651		0.0000		872.657		6.060		18.595		21.325600		51.161
7.434		4.2684		0.0000		872.654		6.064		18.585		21.342125		51.201
7.430		4.2716		0.0000		872.651		6.067		18.575		21.357960		51.241
7.426		4.2746		0.0000		872.648		6.070		18.565		21.373108		51.281
7.422		4.2779		0.0000		872.644		6.073		18.555		21.389629		51.321
7.418		4.2816		0.0000		872.641		6.077		18.545		21.408218		51.361
7.420		4.2856		0.0000		872.636		6.081		18.550		21.428186		51.401
7.426		4.2892		0.0000		872.633		6.085		18.565		21.446087		51.441
7.434		4.2922		0.0000		872.630		6.088		18.585		21.461235		51.481
7.432		4.2954		0.0000		872.627		6.091		18.580		21.477070		51.521
7.426		4.2987		0.0000		872.623		6.094		18.565		21.493595		51.561
7.422		4.3017		0.0000		872.620		6.097		18.555		21.508741		51.601
7.418		4.3051		0.0000		872.617		6.100		18.545		21.525267		51.641
7.414		4.3081		0.0000		872.614		6.103		18.535		21.540413		51.681
7.410		4.3114		0.0000		872.611		6.107		18.525		21.556934		51.721
7.406		4.3148		0.0000		872.607		6.110		18.515		21.574150		51.761
7.406		4.3187		0.0000		872.603		6.114		18.515		21.593428		51.801
7.410		4.3224		0.0000		872.600		6.118		18.525		21.612017		51.841
7.418		4.3257		0.0000		872.596		6.121		18.545		21.628540		51.881
7.418		4.3289		0.0000		872.593		6.124		18.545		21.644375		51.921
7.414		4.3319		0.0000		872.590		6.127		18.535		21.659523		51.961
7.408		4.3353		0.0000		872.587		6.131		18.520		21.676735		52.001
7.404		4.3384		0.0000		872.584		6.134		18.510		21.691883		52.041
7.398		4.3415		0.0000		872.581		6.137		18.495		21.707718		52.081
7.394		4.3447		0.0000		872.577		6.140		18.485		21.723555		52.121
7.390		4.3480		0.0000		872.574		6.143		18.475		21.740076		52.161
7.386		4.3519		0.0000		872.570		6.147		18.465		21.759356		52.201
7.388		4.3557		0.0000		872.566		6.151		18.470		21.778633		52.241
7.396		4.3592		0.0000		872.563		6.155		18.490		21.795845		52.281
7.400		4.3622		0.0000		872.560		6.158		18.500		21.810991		52.321
7.398		4.3654		0.0000		872.557		6.161		18.495		21.826828		52.361
7.392		4.3687		0.0000		872.553		6.164		18.480		21.843353		52.401
7.388		4.3718		0.0000		872.550		6.167		18.470		21.859188		52.441
7.384		4.3750		0.0000		872.547		6.170		18.460		21.875023		52.481
7.380		4.3780		0.0000		872.544		6.173		18.450		21.890171		52.521
7.374		4.3815		0.0000		872.541		6.177		18.435		21.907383		52.561
7.372		4.3851		0.0000		872.537		6.180		18.430		21.925282		52.601
7.372		4.3891		0.0000		872.533		6.184		18.430		21.945250		52.641
7.378		4.3925		0.0000		872.530		6.188		18.445		21.962461		52.681
7.382		4.3957		0.0000		872.526		6.191		18.455		21.978298		52.721
7.382		4.3988		0.0000		872.523		6.194		18.455		21.994133		52.761
7.376		4.4020		0.0000		872.520		6.197		18.440		22.009968		52.801
7.372		4.4053		0.0000		872.517		6.201		18.430		22.026493		52.841
7.368		4.4083		0.0000		872.514		6.204		18.420		22.041641		52.881
7.364		4.4115		0.0000		872.511		6.207		18.410		22.057476		52.921
7.360		4.4147		0.0000		872.507		6.210		18.400		22.073311		52.961
7.356		4.4182		0.0000		872.504		6.214		18.390		22.091213		53.001
7.356		4.4222		0.0000		872.500		6.218		18.390		22.111177		53.041
7.362		4.4260		0.0000		872.496		6.221		18.405		22.129766		53.081
7.370		4.4290		0.0000		872.493		6.224		18.425		22.144917		53.121
7.370		4.4323		0.0000		872.490		6.228		18.425		22.161438		53.161
7.366		4.4355		0.0000		872.487		6.231		18.415		22.177275		53.201
7.362		4.4386		0.0000		872.484		6.234		18.405		22.193110		53.241
7.358		4.4418		0.0000		872.480		6.237		18.395		22.208946		53.281
7.354		4.4450		0.0000		872.477		6.240		18.385		22.224781		53.321
7.350		4.4483		0.0000		872.474		6.244		18.375		22.241304		53.361
7.348		4.4516		0.0000		872.471		6.247		18.370		22.257828		53.401
7.346		4.4553		0.0000		872.467		6.251		18.365		22.276419		53.441
7.350		4.4591		0.0000		872.463		6.254		18.375		22.295696		53.481
7.356		4.4624		0.0000		872.460		6.258		18.390		22.312222		53.521
7.360		4.4657		0.0000		872.456		6.261		18.400		22.328743		53.561
7.358		4.4689		0.0000		872.453		6.264		18.395		22.344580		53.601
7.352		4.4721		0.0000		872.450		6.267		18.380		22.360416		53.641
7.348		4.4751		0.0000		872.447		6.270		18.370		22.375563		53.681
7.344		4.4783		0.0000		872.444		6.274		18.360		22.391397		53.721
7.340		4.4816		0.0000		872.441		6.277		18.350		22.407923		53.761
7.336		4.4848		0.0000		872.437		6.280		18.340		22.423759		53.801
7.332		4.4885		0.0000		872.434		6.284		18.330		22.442348		53.841
7.332		4.4925		0.0000		872.430		6.288		18.330		22.462313		53.881
7.340		4.4960		0.0000		872.426		6.291		18.350		22.480213		53.921
7.346		4.4991		0.0000		872.423		6.294		18.365		22.495361		53.961
7.346		4.5022		0.0000		872.420		6.298		18.365		22.511196		54.001
7.340		4.5054		0.0000		872.417		6.301		18.350		22.527031		54.041
7.334		4.5087		0.0000		872.413		6.304		18.335		22.543556		54.081
7.332		4.5117		0.0000		872.410		6.307		18.330		22.558704		54.121
7.328		4.5150		0.0000		872.407		6.310		18.320		22.575228		54.161
7.324		4.5182		0.0000		872.404		6.314		18.310		22.591064		54.201
7.320		4.5217		0.0000		872.400		6.317		18.300		22.608276		54.241
7.320		4.5256		0.0000		872.396		6.321		18.300		22.628242		54.281
7.326		4.5292		0.0000		872.393		6.325		18.315		22.646143		54.321
7.334		4.5325		0.0000		872.390		6.328		18.335		22.662666		54.361
7.336		4.5357		0.0000		872.386		6.331		18.340		22.678501		54.401
7.330		4.5387		0.0000		872.383		6.334		18.325		22.693649		54.441
7.326		4.5420		0.0000		872.380		6.337		18.315		22.710173		54.481
7.322		4.5452		0.0000		872.377		6.341		18.305		22.726009		54.521
7.318		4.5484		0.0000		872.374		6.344		18.295		22.741844		54.561
7.314		4.5515		0.0000		872.371		6.347		18.285		22.757681		54.601
7.310		4.5550		0.0000		872.367		6.350		18.275		22.774891		54.641
7.308		4.5588		0.0000		872.363		6.354		18.270		22.794170		54.681
7.312		4.5627		0.0000		872.359		6.358		18.280		22.813450		54.721
7.320		4.5660		0.0000		872.356		6.361		18.300		22.829973		54.761
7.324		4.5692		0.0000		872.353		6.364		18.310		22.845806		54.801
7.320		4.5723		0.0000		872.350		6.368		18.300		22.861643		54.841
7.314		4.5754		0.0000		872.347		6.371		18.285		22.876789		54.881
7.310		4.5785		0.0000		872.344		6.374		18.275		22.892626		54.921
7.308		4.5817		0.0000		872.340		6.377		18.270		22.908461		54.961
7.304		4.5849		0.0000		872.337		6.380		18.260		22.924297		55.001
7.302		4.5883		0.0000		872.334		6.384		18.255		22.941511		55.041
7.298		4.5920		0.0000		872.330		6.387		18.245		22.960100		55.081
7.300		4.5957		0.0000		872.326		6.391		18.250		22.978689		55.121
7.308		4.5993		0.0000		872.323		6.395		18.270		22.996590		55.161
7.314		4.6025		0.0000		872.320		6.398		18.285		23.012426		55.201
7.312		4.6057		0.0000		872.316		6.401		18.280		23.028261		55.241
7.308		4.6088		0.0000		872.313		6.404		18.270		23.044094		55.281
7.302		4.6121		0.0000		872.310		6.407		18.255		23.060619		55.321
7.298		4.6153		0.0000		872.307		6.411		18.245		23.076456		55.361
7.294		4.6183		0.0000		872.304		6.414		18.235		23.091602		55.401
7.290		4.6216		0.0000		872.301		6.417		18.225		23.108128		55.441
7.286		4.6252		0.0000		872.297		6.421		18.215		23.126028		55.481
7.286		4.6289		0.0000		872.293		6.424		18.215		23.144617		55.521
7.292		4.6328		0.0000		872.289		6.428		18.230		23.163895		55.561
7.300		4.6359		0.0000		872.286		6.431		18.250		23.179731		55.601
7.300		4.6390		0.0000		872.283		6.434		18.250		23.194878		55.641
7.294		4.6421		0.0000		872.280		6.437		18.235		23.210714		55.681
7.290		4.6454		0.0000		872.277		6.441		18.225		23.227236		55.721
7.286		4.6486		0.0000		872.273		6.444		18.215		23.243073		55.761
7.280		4.6518		0.0000		872.270		6.447		18.200		23.258907		55.801
7.276		4.6551		0.0000		872.267		6.450		18.190		23.275433		55.841
7.272		4.6584		0.0000		872.264		6.454		18.180		23.291954		55.881
7.270		4.6621		0.0000		872.260		6.457		18.175		23.310545		55.921
7.272		4.6661		0.0000		872.256		6.461		18.180		23.330513		55.961
7.280		4.6693		0.0000		872.253		6.465		18.200		23.346348		56.001
7.282		4.6726		0.0000		872.250		6.468		18.205		23.362873		56.041
7.280		4.6756		0.0000		872.247		6.471		18.200		23.378019		56.081
7.276		4.6788		0.0000		872.243		6.474		18.190		23.393856		56.121
7.272		4.6821		0.0000		872.240		6.477		18.180		23.410378		56.161
7.268		4.6851		0.0000		872.237		6.480		18.170		23.425524		56.201
7.264		4.6883		0.0000		872.234		6.484		18.160		23.441360		56.241
7.260		4.6916		0.0000		872.231		6.487		18.150		23.457886		56.281
7.256		4.6954		0.0000		872.227		6.491		18.140		23.477163		56.321
7.256		4.6993		0.0000		872.223		6.495		18.140		23.496439		56.361
7.264		4.7029		0.0000		872.219		6.498		18.160		23.514343		56.401
7.270		4.7059		0.0000		872.216		6.501		18.175		23.529490		56.441
7.266		4.7091		0.0000		872.213		6.504		18.165		23.545324		56.481
7.262		4.7122		0.0000		872.210		6.508		18.155		23.561161		56.521
7.258		4.7154		0.0000		872.207		6.511		18.145		23.576994		56.561
7.254		4.7186		0.0000		872.204		6.514		18.135		23.592831		56.601
7.250		4.7217		0.0000		872.200		6.517		18.125		23.608665		56.641
7.248		4.7250		0.0000		872.197		6.520		18.120		23.625191		56.681
