数据量:829
试验力		变形		扩展变形		位置		位移		应力		应变		时间
0.010		0.0007		0.0000		876.956		2.048		0.025		0.003443		0.040
0.010		0.0039		0.0000		876.953		2.051		0.025		0.019279		0.080
0.012		0.0070		0.0000		876.950		2.054		0.030		0.035113		0.120
0.012		0.0103		0.0000		876.947		2.057		0.030		0.051638		0.160
0.014		0.0139		0.0000		876.943		2.061		0.035		0.069538		0.200
0.014		0.0176		0.0000		876.940		2.065		0.035		0.088128		0.240
0.016		0.0211		0.0000		876.936		2.068		0.040		0.105340		0.280
0.016		0.0244		0.0000		876.933		2.071		0.040		0.121864		0.320
0.018		0.0274		0.0000		876.930		2.074		0.045		0.137012		0.360
0.018		0.0308		0.0000		876.926		2.078		0.045		0.154223		0.400
0.020		0.0340		0.0000		876.923		2.081		0.050		0.170059		0.440
0.022		0.0373		0.0000		876.920		2.084		0.055		0.186584		0.480
0.022		0.0403		0.0000		876.917		2.087		0.055		0.201731		0.520
0.024		0.0437		0.0000		876.913		2.091		0.060		0.218254		0.560
0.026		0.0472		0.0000		876.910		2.094		0.065		0.236156		0.600
0.028		0.0509		0.0000		876.906		2.098		0.070		0.254745		0.640
0.030		0.0545		0.0000		876.903		2.101		0.075		0.272646		0.680
0.032		0.0577		0.0000		876.899		2.105		0.080		0.288482		0.720
0.034		0.0609		0.0000		876.896		2.108		0.085		0.304317		0.760
0.036		0.0642		0.0000		876.893		2.111		0.090		0.320841		0.800
0.038		0.0675		0.0000		876.890		2.114		0.095		0.337365		0.840
0.040		0.0706		0.0000		876.886		2.118		0.100		0.353200		0.880
0.044		0.0739		0.0000		876.883		2.121		0.110		0.369724		0.920
0.046		0.0771		0.0000		876.880		2.124		0.115		0.385560		0.960
0.050		0.0806		0.0000		876.877		2.127		0.125		0.402772		1.000
0.054		0.0841		0.0000		876.873		2.131		0.135		0.420673		1.040
0.058		0.0879		0.0000		876.869		2.135		0.145		0.439262		1.080
0.064		0.0912		0.0000		876.866		2.138		0.160		0.455787		1.120
0.068		0.0943		0.0000		876.863		2.141		0.170		0.471623		1.160
0.072		0.0975		0.0000		876.860		2.144		0.180		0.487458		1.200
0.078		0.1008		0.0000		876.856		2.148		0.195		0.503982		1.240
0.082		0.1041		0.0000		876.853		2.151		0.205		0.520506		1.280
0.088		0.1073		0.0000		876.850		2.154		0.220		0.536342		1.320
0.094		0.1104		0.0000		876.847		2.157		0.235		0.552177		1.360
0.100		0.1137		0.0000		876.843		2.161		0.250		0.568701		1.400
0.106		0.1173		0.0000		876.840		2.164		0.265		0.586601		1.440
0.112		0.1212		0.0000		876.836		2.168		0.280		0.605880		1.480
0.120		0.1246		0.0000		876.833		2.172		0.300		0.623093		1.520
0.128		0.1276		0.0000		876.829		2.175		0.320		0.638239		1.560
0.136		0.1310		0.0000		876.826		2.178		0.340		0.654763		1.600
0.142		0.1343		0.0000		876.823		2.181		0.355		0.671288		1.640
0.150		0.1374		0.0000		876.820		2.184		0.375		0.687122		1.680
0.158		0.1406		0.0000		876.817		2.188		0.395		0.702958		1.720
0.166		0.1438		0.0000		876.813		2.191		0.415		0.718794		1.760
0.174		0.1472		0.0000		876.810		2.194		0.435		0.736006		1.800
0.182		0.1506		0.0000		876.806		2.198		0.455		0.753219		1.840
0.192		0.1544		0.0000		876.803		2.201		0.480		0.771809		1.880
0.202		0.1578		0.0000		876.799		2.205		0.505		0.789021		1.920
0.212		0.1611		0.0000		876.796		2.208		0.530		0.805545		1.960
0.222		0.1644		0.0000		876.793		2.211		0.555		0.822068		2.000
0.232		0.1676		0.0000		876.790		2.214		0.580		0.837904		2.040
0.240		0.1709		0.0000		876.786		2.218		0.600		0.854429		2.080
0.250		0.1741		0.0000		876.783		2.221		0.625		0.870264		2.120
0.260		0.1772		0.0000		876.780		2.224		0.650		0.886099		2.160
0.270		0.1805		0.0000		876.777		2.227		0.675		0.902623		2.200
0.280		0.1840		0.0000		876.773		2.231		0.700		0.919836		2.240
0.292		0.1875		0.0000		876.770		2.234		0.730		0.937737		2.280
0.302		0.1913		0.0000		876.766		2.238		0.755		0.956327		2.320
0.314		0.1944		0.0000		876.763		2.241		0.785		0.972162		2.360
0.326		0.1977		0.0000		876.759		2.245		0.815		0.988686		2.400
0.336		0.2009		0.0000		876.756		2.248		0.840		1.004522		2.440
0.346		0.2042		0.0000		876.753		2.251		0.865		1.021045		2.480
0.358		0.2075		0.0000		876.750		2.254		0.895		1.037569		2.520
0.368		0.2105		0.0000		876.747		2.257		0.920		1.052717		2.560
0.380		0.2138		0.0000		876.743		2.261		0.950		1.069241		2.600
0.390		0.2172		0.0000		876.740		2.264		0.975		1.085764		2.640
0.402		0.2209		0.0000		876.736		2.268		1.005		1.104354		2.680
0.418		0.2245		0.0000		876.733		2.271		1.045		1.122255		2.720
0.434		0.2278		0.0000		876.729		2.275		1.085		1.138779		2.760
0.450		0.2312		0.0000		876.726		2.278		1.125		1.155992		2.800
0.464		0.2344		0.0000		876.723		2.281		1.160		1.171827		2.840
0.478		0.2375		0.0000		876.720		2.284		1.195		1.187662		2.880
0.494		0.2408		0.0000		876.716		2.288		1.235		1.204187		2.920
0.508		0.2441		0.0000		876.713		2.291		1.270		1.220710		2.960
0.522		0.2473		0.0000		876.710		2.294		1.305		1.236546		3.000
0.538		0.2505		0.0000		876.707		2.297		1.345		1.252382		3.040
0.552		0.2541		0.0000		876.703		2.301		1.380		1.270282		3.080
0.570		0.2578		0.0000		876.699		2.305		1.425		1.288872		3.120
0.586		0.2612		0.0000		876.696		2.308		1.465		1.306084		3.160
0.602		0.2645		0.0000		876.693		2.311		1.505		1.322608		3.200
0.618		0.2677		0.0000		876.689		2.315		1.545		1.338444		3.240
0.630		0.2710		0.0000		876.686		2.318		1.575		1.354967		3.280
0.644		0.2743		0.0000		876.683		2.321		1.610		1.371492		3.320
0.656		0.2773		0.0000		876.680		2.324		1.640		1.386639		3.360
0.670		0.2806		0.0000		876.677		2.328		1.675		1.403162		3.400
0.682		0.2839		0.0000		876.673		2.331		1.705		1.419687		3.440
0.696		0.2874		0.0000		876.670		2.334		1.740		1.436900		3.480
0.710		0.2910		0.0000		876.666		2.338		1.775		1.454800		3.520
0.728		0.2945		0.0000		876.663		2.341		1.820		1.472702		3.560
0.746		0.2980		0.0000		876.659		2.345		1.865		1.489913		3.600
0.762		0.3011		0.0000		876.656		2.348		1.905		1.505749		3.640
0.778		0.3043		0.0000		876.653		2.351		1.945		1.521585		3.680
0.796		0.3076		0.0000		876.649		2.355		1.990		1.538109		3.720
0.812		0.3108		0.0000		876.646		2.358		2.030		1.553944		3.760
0.830		0.3140		0.0000		876.643		2.361		2.075		1.569780		3.800
0.846		0.3173		0.0000		876.640		2.364		2.115		1.586304		3.840
0.864		0.3206		0.0000		876.637		2.367		2.160		1.602829		3.880
0.882		0.3243		0.0000		876.633		2.371		2.205		1.621418		3.920
0.900		0.3279		0.0000		876.629		2.375		2.250		1.639318		3.960
0.922		0.3313		0.0000		876.626		2.378		2.305		1.656531		4.000
0.940		0.3345		0.0000		876.623		2.381		2.350		1.672367		4.040
0.958		0.3378		0.0000		876.619		2.385		2.395		1.688890		4.080
0.976		0.3409		0.0000		876.616		2.388		2.440		1.704726		4.120
0.994		0.3442		0.0000		876.613		2.391		2.485		1.721250		4.160
1.014		0.3474		0.0000		876.610		2.394		2.535		1.737086		4.200
1.032		0.3507		0.0000		876.606		2.398		2.580		1.753609		4.240
1.052		0.3540		0.0000		876.603		2.401		2.630		1.770134		4.280
1.072		0.3575		0.0000		876.600		2.404		2.680		1.787345		4.320
1.092		0.3610		0.0000		876.596		2.408		2.730		1.805247		4.360
1.116		0.3646		0.0000		876.592		2.412		2.790		1.823148		4.400
1.138		0.3679		0.0000		876.589		2.415		2.845		1.839672		4.440
1.158		0.3711		0.0000		876.586		2.418		2.895		1.855507		4.480
1.180		0.3744		0.0000		876.583		2.421		2.950		1.872032		4.520
1.202		0.3776		0.0000		876.580		2.424		3.005		1.887867		4.560
1.222		0.3809		0.0000		876.576		2.428		3.055		1.904391		4.600
1.244		0.3840		0.0000		876.573		2.431		3.110		1.920227		4.640
1.266		0.3872		0.0000		876.570		2.434		3.165		1.936061		4.680
1.288		0.3907		0.0000		876.566		2.438		3.220		1.953274		4.720
1.312		0.3944		0.0000		876.563		2.441		3.280		1.971864		4.760
1.338		0.3981		0.0000		876.559		2.445		3.345		1.990453		4.800
1.364		0.4014		0.0000		876.556		2.448		3.410		2.006978		4.840
1.388		0.4046		0.0000		876.553		2.451		3.470		2.022812		4.880
1.412		0.4077		0.0000		876.549		2.455		3.530		2.038648		4.920
1.434		0.4109		0.0000		876.546		2.458		3.585		2.054484		4.960
1.458		0.4142		0.0000		876.543		2.461		3.645		2.071007		5.000
1.482		0.4175		0.0000		876.540		2.464		3.705		2.087532		5.040
1.506		0.4207		0.0000		876.536		2.468		3.765		2.103368		5.080
1.530		0.4240		0.0000		876.533		2.471		3.825		2.119892		5.120
1.554		0.4276		0.0000		876.530		2.474		3.885		2.137792		5.160
1.580		0.4314		0.0000		876.526		2.478		3.950		2.157071		5.200
1.608		0.4347		0.0000		876.522		2.482		4.020		2.173594		5.240
1.636		0.4380		0.0000		876.519		2.485		4.090		2.190119		5.280
1.660		0.4412		0.0000		876.516		2.488		4.150		2.205954		5.320
1.684		0.4444		0.0000		876.513		2.491		4.210		2.221789		5.360
1.708		0.4477		0.0000		876.509		2.495		4.270		2.238313		5.400
1.732		0.4508		0.0000		876.506		2.498		4.330		2.254149		5.440
1.758		0.4540		0.0000		876.503		2.501		4.395		2.269984		5.480
1.782		0.4573		0.0000		876.500		2.504		4.455		2.286508		5.520
1.806		0.4607		0.0000		876.496		2.508		4.515		2.303721		5.560
1.832		0.4646		0.0000		876.492		2.512		4.580		2.322999		5.600
1.860		0.4682		0.0000		876.489		2.515		4.650		2.340900		5.640
1.888		0.4713		0.0000		876.486		2.518		4.720		2.356735		5.680
1.914		0.4745		0.0000		876.483		2.521		4.785		2.372571		5.720
1.938		0.4778		0.0000		876.479		2.525		4.845		2.389095		5.760
1.962		0.4810		0.0000		876.476		2.528		4.905		2.404931		5.800
1.986		0.4843		0.0000		876.473		2.531		4.965		2.421454		5.840
2.010		0.4875		0.0000		876.470		2.534		5.025		2.437290		5.880
2.034		0.4906		0.0000		876.466		2.538		5.085		2.453126		5.920
2.060		0.4942		0.0000		876.463		2.541		5.150		2.471026		5.960
2.086		0.4978		0.0000		876.459		2.545		5.215		2.488928		6.000
2.114		0.5015		0.0000		876.456		2.548		5.285		2.507517		6.040
2.144		0.5048		0.0000		876.452		2.552		5.360		2.524041		6.080
2.170		0.5080		0.0000		876.449		2.555		5.425		2.539877		6.120
2.194		0.5111		0.0000		876.446		2.558		5.485		2.555712		6.160
2.218		0.5144		0.0000		876.443		2.561		5.545		2.572236		6.200
2.244		0.5176		0.0000		876.440		2.565		5.610		2.588072		6.240
2.268		0.5208		0.0000		876.436		2.568		5.670		2.603906		6.280
2.292		0.5241		0.0000		876.433		2.571		5.730		2.620431		6.320
2.316		0.5273		0.0000		876.430		2.574		5.790		2.636267		6.360
2.342		0.5311		0.0000		876.426		2.578		5.855		2.655544		6.400
2.370		0.5348		0.0000		876.422		2.582		5.925		2.674134		6.440
2.400		0.5383		0.0000		876.419		2.585		6.000		2.691346		6.480
2.428		0.5414		0.0000		876.416		2.588		6.070		2.707182		6.520
2.454		0.5445		0.0000		876.413		2.591		6.135		2.722329		6.560
2.476		0.5478		0.0000		876.409		2.595		6.190		2.738853		6.600
2.502		0.5511		0.0000		876.406		2.598		6.255		2.755377		6.640
2.526		0.5542		0.0000		876.403		2.601		6.315		2.771212		6.680
2.552		0.5574		0.0000		876.400		2.604		6.380		2.787048		6.720
2.576		0.5607		0.0000		876.396		2.608		6.440		2.803572		6.760
2.602		0.5643		0.0000		876.393		2.611		6.505		2.821473		6.800
2.628		0.5680		0.0000		876.389		2.615		6.570		2.840062		6.840
2.658		0.5716		0.0000		876.385		2.619		6.645		2.857964		6.880
2.686		0.5748		0.0000		876.382		2.622		6.715		2.873799		6.920
2.710		0.5779		0.0000		876.379		2.625		6.775		2.889634		6.960
2.734		0.5812		0.0000		876.376		2.628		6.835		2.906158		7.000
2.758		0.5844		0.0000		876.373		2.631		6.895		2.921994		7.040
2.782		0.5877		0.0000		876.369		2.635		6.955		2.938519		7.080
2.806		0.5909		0.0000		876.366		2.638		7.015		2.954353		7.120
2.832		0.5940		0.0000		876.363		2.641		7.080		2.970189		7.160
2.856		0.5975		0.0000		876.360		2.644		7.140		2.987401		7.200
2.882		0.6012		0.0000		876.356		2.648		7.205		3.005991		7.240
2.910		0.6049		0.0000		876.352		2.652		7.275		3.024580		7.280
2.940		0.6082		0.0000		876.349		2.655		7.350		3.041104		7.320
2.966		0.6113		0.0000		876.346		2.658		7.415		3.056252		7.360
2.990		0.6146		0.0000		876.343		2.661		7.475		3.072776		7.400
3.012		0.6179		0.0000		876.339		2.665		7.530		3.089299		7.440
3.036		0.6210		0.0000		876.336		2.668		7.590		3.105135		7.480
3.060		0.6242		0.0000		876.333		2.671		7.650		3.120971		7.520
3.084		0.6275		0.0000		876.330		2.674		7.710		3.137494		7.560
3.108		0.6308		0.0000		876.326		2.678		7.770		3.154018		7.600
3.134		0.6345		0.0000		876.323		2.681		7.835		3.172607		7.640
3.162		0.6382		0.0000		876.319		2.685		7.905		3.191197		7.680
3.192		0.6415		0.0000		876.316		2.688		7.980		3.207722		7.720
3.218		0.6447		0.0000		876.312		2.692		8.045		3.223557		7.760
3.242		0.6480		0.0000		876.309		2.695		8.105		3.240081		7.800
3.264		0.6512		0.0000		876.306		2.698		8.160		3.255917		7.840
3.288		0.6545		0.0000		876.303		2.701		8.220		3.272440		7.880
3.312		0.6577		0.0000		876.299		2.705		8.280		3.288276		7.920
3.334		0.6608		0.0000		876.296		2.708		8.335		3.304112		7.960
3.356		0.6641		0.0000		876.293		2.711		8.390		3.320636		8.000
3.380		0.6677		0.0000		876.289		2.715		8.450		3.338536		8.040
3.404		0.6714		0.0000		876.286		2.718		8.510		3.357126		8.080
3.432		0.6750		0.0000		876.282		2.722		8.580		3.375027		8.120
3.458		0.6782		0.0000		876.279		2.725		8.645		3.390863		8.160
3.480		0.6813		0.0000		876.276		2.728		8.700		3.406698		8.200
3.500		0.6845		0.0000		876.273		2.731		8.750		3.422533		8.240
3.522		0.6878		0.0000		876.269		2.735		8.805		3.439057		8.280
3.544		0.6910		0.0000		876.266		2.738		8.860		3.454893		8.320
3.566		0.6943		0.0000		876.263		2.741		8.915		3.471417		8.360
3.588		0.6975		0.0000		876.260		2.744		8.970		3.487252		8.400
3.608		0.7009		0.0000		876.256		2.748		9.020		3.504465		8.440
3.632		0.7046		0.0000		876.253		2.752		9.080		3.523054		8.480
3.656		0.7083		0.0000		876.249		2.755		9.140		3.541644		8.520
3.682		0.7115		0.0000		876.246		2.758		9.205		3.557479		8.560
3.704		0.7148		0.0000		876.242		2.762		9.260		3.574003		8.600
3.724		0.7180		0.0000		876.239		2.765		9.310		3.589839		8.640
3.744		0.7213		0.0000		876.236		2.768		9.360		3.606364		8.680
3.764		0.7244		0.0000		876.233		2.771		9.410		3.622198		8.720
3.784		0.7276		0.0000		876.229		2.775		9.460		3.638034		8.760
3.802		0.7308		0.0000		876.226		2.778		9.505		3.653870		8.800
3.822		0.7342		0.0000		876.223		2.781		9.555		3.671082		8.840
3.842		0.7379		0.0000		876.219		2.785		9.605		3.689672		8.880
3.866		0.7417		0.0000		876.215		2.789		9.665		3.708261		8.920
3.890		0.7450		0.0000		876.212		2.792		9.725		3.724785		8.960
3.910		0.7481		0.0000		876.209		2.795		9.775		3.740621		9.000
3.928		0.7513		0.0000		876.206		2.798		9.820		3.756456		9.040
3.944		0.7546		0.0000		876.203		2.802		9.860		3.772980		9.080
3.962		0.7579		0.0000		876.199		2.805		9.905		3.789504		9.120
3.978		0.7611		0.0000		876.196		2.808		9.945		3.805339		9.160
3.996		0.7642		0.0000		876.193		2.811		9.990		3.821175		9.200
4.012		0.7675		0.0000		876.190		2.814		10.030		3.837699		9.240
4.028		0.7711		0.0000		876.186		2.818		10.070		3.855600		9.280
4.048		0.7748		0.0000		876.182		2.822		10.120		3.874190		9.320
4.070		0.7784		0.0000		876.179		2.825		10.175		3.892090		9.360
4.090		0.7816		0.0000		876.176		2.828		10.225		3.907926		9.400
4.106		0.7848		0.0000		876.172		2.832		10.265		3.923762		9.440
4.122		0.7881		0.0000		876.169		2.835		10.305		3.940285		9.480
4.136		0.7912		0.0000		876.166		2.838		10.340		3.956121		9.520
4.150		0.7944		0.0000		876.163		2.841		10.375		3.971957		9.560
4.166		0.7976		0.0000		876.160		2.844		10.415		3.987792		9.600
4.178		0.8009		0.0000		876.156		2.848		10.445		4.004316		9.640
4.192		0.8043		0.0000		876.153		2.851		10.480		4.021529		9.680
4.208		0.8082		0.0000		876.149		2.855		10.520		4.040806		9.720
4.228		0.8117		0.0000		876.145		2.859		10.570		4.058708		9.760
4.246		0.8150		0.0000		876.142		2.862		10.615		4.075232		9.800
4.262		0.8182		0.0000		876.139		2.865		10.655		4.091067		9.840
4.274		0.8214		0.0000		876.136		2.868		10.685		4.106902		9.880
4.286		0.8247		0.0000		876.132		2.872		10.715		4.123426		9.920
4.300		0.8279		0.0000		876.129		2.875		10.750		4.139262		9.960
4.312		0.8310		0.0000		876.126		2.878		10.780		4.155097		10.000
4.324		0.8342		0.0000		876.123		2.881		10.810		4.170933		10.040
4.336		0.8376		0.0000		876.120		2.885		10.840		4.188146		10.080
4.350		0.8413		0.0000		876.116		2.888		10.875		4.206735		10.120
4.364		0.8451		0.0000		876.112		2.892		10.910		4.225325		10.160
4.382		0.8484		0.0000		876.109		2.895		10.955		4.241848		10.200
4.396		0.8515		0.0000		876.106		2.898		10.990		4.257684		10.240
4.406		0.8547		0.0000		876.102		2.902		11.015		4.273520		10.280
4.416		0.8580		0.0000		876.099		2.905		11.040		4.290043		10.320
4.426		0.8613		0.0000		876.096		2.908		11.065		4.306568		10.360
4.438		0.8643		0.0000		876.093		2.911		11.095		4.321714		10.400
4.448		0.8676		0.0000		876.089		2.915		11.120		4.338238		10.440
4.458		0.8708		0.0000		876.086		2.918		11.145		4.354074		10.480
4.468		0.8745		0.0000		876.083		2.921		11.170		4.372663		10.520
4.480		0.8784		0.0000		876.079		2.925		11.200		4.391942		10.560
4.496		0.8818		0.0000		876.075		2.929		11.240		4.409153		10.600
4.510		0.8850		0.0000		876.072		2.932		11.275		4.424989		10.640
4.518		0.8882		0.0000		876.069		2.935		11.295		4.440825		10.680
4.526		0.8915		0.0000		876.066		2.938		11.315		4.457349		10.720
4.536		0.8946		0.0000		876.062		2.942		11.340		4.473185		10.760
4.544		0.8978		0.0000		876.059		2.945		11.360		4.489020		10.800
4.552		0.9010		0.0000		876.056		2.948		11.380		4.504856		10.840
4.560		0.9043		0.0000		876.053		2.951		11.400		4.521379		10.880
4.570		0.9077		0.0000		876.049		2.955		11.425		4.538592		10.920
4.580		0.9114		0.0000		876.046		2.958		11.450		4.557181		10.960
4.592		0.9152		0.0000		876.042		2.962		11.480		4.575771		11.000
4.606		0.9185		0.0000		876.039		2.965		11.515		4.592295		11.040
4.614		0.9216		0.0000		876.035		2.969		11.535		4.608130		11.080
4.622		0.9248		0.0000		876.032		2.972		11.555		4.623966		11.120
4.628		0.9281		0.0000		876.029		2.975		11.570		4.640490		11.160
4.636		0.9313		0.0000		876.026		2.978		11.590		4.656325		11.200
4.642		0.9344		0.0000		876.023		2.981		11.605		4.672161		11.240
4.648		0.9376		0.0000		876.020		2.985		11.620		4.687996		11.280
4.656		0.9410		0.0000		876.016		2.988		11.640		4.705209		11.320
4.664		0.9448		0.0000		876.012		2.992		11.660		4.723798		11.360
4.674		0.9485		0.0000		876.009		2.995		11.685		4.742388		11.400
4.688		0.9519		0.0000		876.005		2.999		11.720		4.759600		11.440
4.696		0.9549		0.0000		876.002		3.002		11.740		4.774747		11.480
4.702		0.9581		0.0000		875.999		3.005		11.755		4.790583		11.520
4.706		0.9614		0.0000		875.996		3.008		11.765		4.807107		11.560
4.712		0.9646		0.0000		875.993		3.011		11.780		4.822942		11.600
4.718		0.9679		0.0000		875.989		3.015		11.795		4.839467		11.640
4.722		0.9711		0.0000		875.986		3.018		11.805		4.855301		11.680
4.728		0.9742		0.0000		875.983		3.021		11.820		4.871137		11.720
4.734		0.9779		0.0000		875.979		3.025		11.835		4.889727		11.760
4.742		0.9818		0.0000		875.975		3.029		11.855		4.909005		11.800
4.754		0.9852		0.0000		875.972		3.032		11.885		4.926218		11.840
4.764		0.9884		0.0000		875.969		3.035		11.910		4.942054		11.880
4.770		0.9916		0.0000		875.966		3.038		11.925		4.957888		11.920
4.774		0.9949		0.0000		875.962		3.042		11.935		4.974413		11.960
4.778		0.9980		0.0000		875.959		3.045		11.945		4.990248		12.000
4.784		1.0012		0.0000		875.956		3.048		11.960		5.006083		12.040
4.788		1.0044		0.0000		875.953		3.051		11.970		5.021919		12.080
4.792		1.0076		0.0000		875.950		3.054		11.980		5.037755		12.120
4.796		1.0111		0.0000		875.946		3.058		11.990		5.055655		12.160
4.804		1.0150		0.0000		875.942		3.062		12.010		5.074934		12.200
4.814		1.0186		0.0000		875.939		3.065		12.035		5.092834		12.240
4.824		1.0219		0.0000		875.935		3.069		12.060		5.109359		12.280
4.830		1.0249		0.0000		875.932		3.072		12.075		5.124506		12.320
4.832		1.0282		0.0000		875.929		3.075		12.080		5.141029		12.360
4.834		1.0314		0.0000		875.926		3.078		12.085		5.156865		12.400
4.838		1.0347		0.0000		875.922		3.082		12.095		5.173388		12.440
4.842		1.0378		0.0000		875.919		3.085		12.105		5.189224		12.480
4.844		1.0410		0.0000		875.916		3.088		12.110		5.205060		12.520
4.848		1.0445		0.0000		875.913		3.091		12.120		5.222273		12.560
4.854		1.0482		0.0000		875.909		3.095		12.135		5.240862		12.600
4.862		1.0519		0.0000		875.905		3.099		12.155		5.259452		12.640
4.872		1.0552		0.0000		875.902		3.102		12.180		5.275975		12.680
4.878		1.0585		0.0000		875.899		3.105		12.195		5.292499		12.720
4.880		1.0617		0.0000		875.895		3.109		12.200		5.308335		12.760
4.882		1.0648		0.0000		875.892		3.112		12.205		5.324171		12.800
4.884		1.0680		0.0000		875.889		3.115		12.210		5.340006		12.840
4.888		1.0712		0.0000		875.886		3.118		12.220		5.355841		12.880
4.890		1.0743		0.0000		875.883		3.121		12.225		5.371676		12.920
4.892		1.0776		0.0000		875.879		3.125		12.230		5.388202		12.960
4.896		1.0814		0.0000		875.876		3.128		12.240		5.406791		13.000
4.904		1.0852		0.0000		875.872		3.132		12.260		5.426068		13.040
4.914		1.0887		0.0000		875.868		3.136		12.285		5.443281		13.080
4.920		1.0918		0.0000		875.865		3.139		12.300		5.459117		13.120
4.922		1.0950		0.0000		875.862		3.142		12.305		5.474953		13.160
4.922		1.0982		0.0000		875.859		3.145		12.305		5.490787		13.200
4.926		1.1015		0.0000		875.856		3.148		12.315		5.507312		13.240
4.928		1.1046		0.0000		875.852		3.152		12.320		5.523147		13.280
4.930		1.1078		0.0000		875.849		3.155		12.325		5.538982		13.320
4.932		1.1111		0.0000		875.846		3.158		12.330		5.555507		13.360
4.934		1.1145		0.0000		875.843		3.161		12.335		5.572719		13.400
4.938		1.1184		0.0000		875.839		3.165		12.345		5.591997		13.440
4.948		1.1220		0.0000		875.835		3.169		12.370		5.609898		13.480
4.956		1.1251		0.0000		875.832		3.172		12.390		5.625733		13.520
4.960		1.1285		0.0000		875.829		3.175		12.400		5.642258		13.560
4.960		1.1316		0.0000		875.826		3.179		12.400		5.658092		13.600
4.962		1.1348		0.0000		875.822		3.182		12.405		5.673928		13.640
4.964		1.1380		0.0000		875.819		3.185		12.410		5.689764		13.680
4.966		1.1411		0.0000		875.816		3.188		12.415		5.705600		13.720
4.968		1.1444		0.0000		875.813		3.191		12.420		5.722123		13.760
4.970		1.1479		0.0000		875.809		3.195		12.425		5.739336		13.800
4.974		1.1516		0.0000		875.806		3.198		12.435		5.757926		13.840
4.980		1.1554		0.0000		875.802		3.202		12.450		5.777204		13.880
4.990		1.1586		0.0000		875.799		3.206		12.475		5.793038		13.920
4.994		1.1618		0.0000		875.795		3.209		12.485		5.808874		13.960
4.994		1.1649		0.0000		875.792		3.212		12.485		5.824710		14.000
4.996		1.1682		0.0000		875.789		3.215		12.490		5.841234		14.040
4.998		1.1714		0.0000		875.786		3.218		12.495		5.857069		14.080
5.000		1.1746		0.0000		875.783		3.221		12.500		5.872905		14.120
5.002		1.1777		0.0000		875.779		3.225		12.505		5.888741		14.160
5.004		1.1811		0.0000		875.776		3.228		12.510		5.905265		14.200
5.006		1.1848		0.0000		875.772		3.232		12.515		5.923854		14.240
5.014		1.1886		0.0000		875.768		3.236		12.535		5.943131		14.280
5.022		1.1921		0.0000		875.765		3.239		12.555		5.960344		14.320
5.028		1.1952		0.0000		875.762		3.242		12.570		5.976180		14.360
5.030		1.1984		0.0000		875.759		3.245		12.575		5.992016		14.400
5.030		1.2016		0.0000		875.756		3.248		12.575		6.007852		14.440
5.030		1.2049		0.0000		875.752		3.252		12.575		6.024375		14.480
5.032		1.2080		0.0000		875.749		3.255		12.580		6.040211		14.520
5.034		1.2112		0.0000		875.746		3.258		12.585		6.056046		14.560
5.036		1.2144		0.0000		875.743		3.261		12.590		6.071881		14.600
5.038		1.2180		0.0000		875.739		3.265		12.595		6.089783		14.640
5.044		1.2218		0.0000		875.735		3.269		12.610		6.109060		14.680
5.052		1.2255		0.0000		875.732		3.272		12.630		6.127649		14.720
5.060		1.2286		0.0000		875.729		3.275		12.650		6.142797		14.760
5.062		1.2319		0.0000		875.725		3.279		12.655		6.159321		14.800
5.062		1.2350		0.0000		875.722		3.282		12.655		6.175157		14.840
5.064		1.2382		0.0000		875.719		3.285		12.660		6.190991		14.880
5.064		1.2415		0.0000		875.716		3.288		12.660		6.207516		14.920
5.066		1.2447		0.0000		875.712		3.292		12.665		6.223352		14.960
5.066		1.2478		0.0000		875.709		3.295		12.665		6.239186		15.000
5.066		1.2513		0.0000		875.706		3.298		12.665		6.256399		15.040
5.070		1.2551		0.0000		875.702		3.302		12.675		6.275678		15.080
5.076		1.2589		0.0000		875.698		3.306		12.690		6.294267		15.120
5.084		1.2622		0.0000		875.695		3.309		12.710		6.310791		15.160
5.088		1.2653		0.0000		875.692		3.312		12.720		6.326627		15.200
5.090		1.2684		0.0000		875.689		3.315		12.725		6.341773		15.240
5.090		1.2717		0.0000		875.685		3.319		12.725		6.358298		15.280
5.092		1.2748		0.0000		875.682		3.322		12.730		6.374133		15.320
5.092		1.2780		0.0000		875.679		3.325		12.730		6.389968		15.360
5.094		1.2813		0.0000		875.676		3.328		12.735		6.406492		15.400
5.094		1.2846		0.0000		875.672		3.332		12.735		6.423017		15.440
5.098		1.2883		0.0000		875.669		3.335		12.745		6.441607		15.480
5.104		1.2920		0.0000		875.665		3.339		12.760		6.460196		15.520
5.112		1.2956		0.0000		875.661		3.343		12.780		6.478096		15.560
5.118		1.2985		0.0000		875.659		3.345		12.795		6.492555		15.600
5.118		1.3018		0.0000		875.655		3.349		12.795		6.509079		15.640
5.120		1.3050		0.0000		875.652		3.352		12.800		6.524915		15.680
5.122		1.3083		0.0000		875.649		3.355		12.805		6.541438		15.720
5.124		1.3115		0.0000		875.646		3.358		12.810		6.557274		15.760
5.124		1.3146		0.0000		875.643		3.362		12.810		6.573110		15.800
5.126		1.3179		0.0000		875.639		3.365		12.815		6.589633		15.840
5.128		1.3215		0.0000		875.636		3.368		12.820		6.607535		15.880
5.132		1.3254		0.0000		875.632		3.372		12.830		6.626812		15.920
5.140		1.3288		0.0000		875.628		3.376		12.850		6.644025		15.960
5.146		1.3321		0.0000		875.625		3.379		12.865		6.660548		16.000
5.148		1.3351		0.0000		875.622		3.382		12.870		6.675696		16.040
5.148		1.3384		0.0000		875.619		3.385		12.870		6.692220		16.080
5.150		1.3416		0.0000		875.615		3.389		12.875		6.708055		16.120
5.150		1.3448		0.0000		875.612		3.392		12.875		6.723891		16.160
5.150		1.3479		0.0000		875.609		3.395		12.875		6.739726		16.200
5.152		1.3513		0.0000		875.606		3.398		12.880		6.756251		16.240
5.152		1.3547		0.0000		875.602		3.402		12.880		6.773463		16.280
5.156		1.3585		0.0000		875.599		3.405		12.890		6.792741		16.320
5.162		1.3623		0.0000		875.595		3.409		12.905		6.811330		16.360
5.172		1.3656		0.0000		875.592		3.412		12.930		6.827854		16.400
5.174		1.3686		0.0000		875.589		3.416		12.935		6.843002		16.440
5.174		1.3718		0.0000		875.585		3.419		12.935		6.858836		16.480
5.174		1.3751		0.0000		875.582		3.422		12.935		6.875361		16.520
5.176		1.3782		0.0000		875.579		3.425		12.940		6.891197		16.560
5.176		1.3814		0.0000		875.576		3.428		12.940		6.907032		16.600
5.176		1.3847		0.0000		875.572		3.432		12.940		6.923556		16.640
5.176		1.3880		0.0000		875.569		3.435		12.940		6.940080		16.680
5.178		1.3917		0.0000		875.565		3.439		12.945		6.958670		16.720
5.184		1.3955		0.0000		875.562		3.442		12.960		6.977259		16.760
5.192		1.3989		0.0000		875.558		3.446		12.980		6.994472		16.800
5.198		1.4021		0.0000		875.555		3.449		12.995		7.010307		16.840
5.198		1.4052		0.0000		875.552		3.452		12.995		7.026142		16.880
5.198		1.4085		0.0000		875.549		3.455		12.995		7.042666		16.920
5.198		1.4116		0.0000		875.546		3.458		12.995		7.057814		16.960
5.200		1.4149		0.0000		875.542		3.462		13.000		7.074337		17.000
5.200		1.4180		0.0000		875.539		3.465		13.000		7.090173		17.040
5.200		1.4213		0.0000		875.536		3.468		13.000		7.106698		17.080
5.202		1.4249		0.0000		875.532		3.472		13.005		7.124598		17.120
5.206		1.4288		0.0000		875.528		3.476		13.015		7.143877		17.160
5.214		1.4324		0.0000		875.525		3.479		13.035		7.161777		17.200
5.220		1.4354		0.0000		875.522		3.482		13.050		7.176924		17.240
5.220		1.4387		0.0000		875.518		3.486		13.050		7.193449		17.280
5.220		1.4419		0.0000		875.515		3.489		13.050		7.209283		17.320
5.222		1.4452		0.0000		875.512		3.492		13.055		7.225808		17.360
5.222		1.4483		0.0000		875.509		3.495		13.055		7.241642		17.400
5.224		1.4515		0.0000		875.506		3.498		13.060		7.257478		17.440
5.224		1.4547		0.0000		875.502		3.502		13.060		7.273314		17.480
5.226		1.4581		0.0000		875.499		3.505		13.065		7.290526		17.520
5.228		1.4618		0.0000		875.495		3.509		13.070		7.309116		17.560
5.236		1.4657		0.0000		875.491		3.513		13.090		7.328393		17.600
5.244		1.4688		0.0000		875.488		3.516		13.110		7.344229		17.640
5.246		1.4720		0.0000		875.485		3.519		13.115		7.360065		17.680
5.248		1.4753		0.0000		875.482		3.522		13.120		7.376589		17.720
5.248		1.4785		0.0000		875.479		3.525		13.120		7.392425		17.760
5.248		1.4817		0.0000		875.475		3.529		13.120		7.408260		17.800
5.250		1.4848		0.0000		875.472		3.532		13.125		7.424096		17.840
5.250		1.4881		0.0000		875.469		3.535		13.125		7.440619		17.880
5.250		1.4913		0.0000		875.466		3.538		13.125		7.456455		17.920
5.252		1.4951		0.0000		875.462		3.542		13.130		7.475733		17.960
5.258		1.4990		0.0000		875.458		3.546		13.145		7.495011		18.000
5.268		1.5023		0.0000		875.455		3.549		13.170		7.511535		18.040
5.272		1.5055		0.0000		875.452		3.552		13.180		7.527370		18.080
5.272		1.5086		0.0000		875.448		3.556		13.180		7.543206		18.120
5.272		1.5118		0.0000		875.445		3.559		13.180		7.559042		18.160
5.272		1.5151		0.0000		875.442		3.562		13.180		7.575565		18.200
5.274		1.5183		0.0000		875.439		3.565		13.185		7.591401		18.240
5.274		1.5214		0.0000		875.436		3.568		13.185		7.607236		18.280
5.276		1.5248		0.0000		875.432		3.572		13.190		7.623761		18.320
5.278		1.5283		0.0000		875.429		3.575		13.195		7.641661		18.360
5.282		1.5322		0.0000		875.425		3.579		13.205		7.660940		18.400
5.290		1.5358		0.0000		875.421		3.583		13.225		7.678840		18.440
5.296		1.5389		0.0000		875.418		3.586		13.240		7.694676		18.480
5.298		1.5421		0.0000		875.415		3.589		13.245		7.710512		18.520
5.298		1.5453		0.0000		875.412		3.592		13.245		7.726347		18.560
5.298		1.5486		0.0000		875.409		3.595		13.245		7.742871		18.600
5.300		1.5517		0.0000		875.405		3.599		13.250		7.758707		18.640
5.300		1.5549		0.0000		875.402		3.602		13.250		7.774543		18.680
5.300		1.5581		0.0000		875.399		3.605		13.250		7.790377		18.720
5.300		1.5615		0.0000		875.396		3.608		13.250		7.807590		18.760
5.304		1.5654		0.0000		875.392		3.612		13.260		7.826868		18.800
5.312		1.5691		0.0000		875.388		3.616		13.280		7.845458		18.840
5.320		1.5724		0.0000		875.385		3.619		13.300		7.861981		18.880
5.322		1.5754		0.0000		875.382		3.622		13.305		7.877128		18.920
5.322		1.5787		0.0000		875.378		3.626		13.305		7.893653		18.960
5.322		1.5819		0.0000		875.375		3.629		13.305		7.909488		19.000
5.324		1.5851		0.0000		875.372		3.632		13.310		7.925323		19.040
5.326		1.5882		0.0000		875.369		3.635		13.315		7.941159		19.080
5.326		1.5915		0.0000		875.366		3.638		13.315		7.957683		19.120
5.326		1.5948		0.0000		875.362		3.642		13.315		7.974207		19.160
5.330		1.5986		0.0000		875.359		3.645		13.325		7.992797		19.200
5.336		1.6024		0.0000		875.355		3.649		13.340		8.012074		19.240
5.344		1.6057		0.0000		875.351		3.653		13.360		8.028599		19.280
5.348		1.6089		0.0000		875.348		3.656		13.370		8.044434		19.320
5.348		1.6121		0.0000		875.345		3.659		13.370		8.060269		19.360
5.348		1.6154		0.0000		875.342		3.662		13.370		8.076793		19.400
5.348		1.6185		0.0000		875.339		3.665		13.370		8.092628		19.440
5.350		1.6217		0.0000		875.335		3.669		13.375		8.108464		19.480
5.350		1.6249		0.0000		875.332		3.672		13.375		8.124300		19.520
5.350		1.6282		0.0000		875.329		3.675		13.375		8.140823		19.560
5.352		1.6317		0.0000		875.325		3.679		13.380		8.158726		19.600
5.356		1.6356		0.0000		875.322		3.683		13.390		8.178003		19.640
5.364		1.6392		0.0000		875.318		3.686		13.410		8.195905		19.680
5.370		1.6423		0.0000		875.315		3.689		13.425		8.211739		19.720
5.370		1.6454		0.0000		875.312		3.692		13.425		8.226887		19.760
5.368		1.6487		0.0000		875.308		3.696		13.420		8.243410		19.800
5.370		1.6520		0.0000		875.305		3.699		13.425		8.259934		19.840
5.370		1.6552		0.0000		875.302		3.702		13.425		8.275770		19.880
5.370		1.6583		0.0000		875.299		3.705		13.425		8.291606		19.920
5.370		1.6615		0.0000		875.296		3.708		13.425		8.307442		19.960
5.370		1.6649		0.0000		875.292		3.712		13.425		8.324653		20.000
5.374		1.6688		0.0000		875.288		3.716		13.435		8.343931		20.040
5.380		1.6724		0.0000		875.285		3.719		13.450		8.361832		20.080
5.386		1.6757		0.0000		875.281		3.723		13.465		8.378357		20.120
5.388		1.6788		0.0000		875.278		3.726		13.470		8.394193		20.160
5.388		1.6821		0.0000		875.275		3.729		13.470		8.410716		20.200
5.388		1.6853		0.0000		875.272		3.732		13.470		8.426552		20.240
5.388		1.6885		0.0000		875.269		3.735		13.470		8.442387		20.280
5.388		1.6916		0.0000		875.266		3.739		13.470		8.458222		20.320
5.388		1.6949		0.0000		875.262		3.742		13.470		8.474747		20.360
5.388		1.6983		0.0000		875.259		3.745		13.470		8.491270		20.400
5.390		1.7020		0.0000		875.255		3.749		13.475		8.509860		20.440
5.396		1.7058		0.0000		875.251		3.753		13.490		8.529139		20.480
5.404		1.7091		0.0000		875.248		3.756		13.510		8.545662		20.520
5.406		1.7122		0.0000		875.245		3.759		13.515		8.560809		20.560
5.406		1.7155		0.0000		875.242		3.762		13.515		8.577332		20.600
5.406		1.7188		0.0000		875.238		3.766		13.515		8.593857		20.640
5.406		1.7219		0.0000		875.235		3.769		13.515		8.609694		20.680
5.406		1.7251		0.0000		875.232		3.772		13.515		8.625527		20.720
5.406		1.7281		0.0000		875.229		3.775		13.515		8.640676		20.760
5.406		1.7316		0.0000		875.226		3.778		13.515		8.657887		20.800
5.408		1.7352		0.0000		875.222		3.782		13.520		8.675789		20.840
5.412		1.7390		0.0000		875.218		3.786		13.530		8.695066		20.880
5.420		1.7426		0.0000		875.215		3.790		13.550		8.712968		20.920
5.424		1.7458		0.0000		875.211		3.793		13.560		8.728804		20.960
5.426		1.7489		0.0000		875.208		3.796		13.565		8.744638		21.000
5.426		1.7521		0.0000		875.205		3.799		13.565		8.760473		21.040
5.426		1.7553		0.0000		875.202		3.802		13.565		8.776310		21.080
5.426		1.7584		0.0000		875.199		3.805		13.565		8.792145		21.120
5.428		1.7617		0.0000		875.195		3.809		13.570		8.808669		21.160
5.428		1.7649		0.0000		875.192		3.812		13.570		8.824505		21.200
5.428		1.7683		0.0000		875.189		3.815		13.570		8.841717		21.240
5.432		1.7722		0.0000		875.185		3.819		13.580		8.860994		21.280
5.438		1.7759		0.0000		875.181		3.823		13.595		8.879584		21.320
5.446		1.7791		0.0000		875.178		3.826		13.615		8.895420		21.360
5.446		1.7823		0.0000		875.175		3.829		13.615		8.911256		21.400
5.444		1.7856		0.0000		875.172		3.832		13.610		8.927779		21.440
5.444		1.7887		0.0000		875.168		3.836		13.610		8.943615		21.480
5.444		1.7919		0.0000		875.165		3.839		13.610		8.959451		21.520
5.446		1.7951		0.0000		875.162		3.842		13.615		8.975286		21.560
5.446		1.7982		0.0000		875.159		3.845		13.615		8.991121		21.600
5.446		1.8017		0.0000		875.155		3.849		13.615		9.008333		21.640
5.450		1.8054		0.0000		875.152		3.852		13.625		9.026923		21.680
5.456		1.8092		0.0000		875.148		3.856		13.640		9.046202		21.720
5.462		1.8124		0.0000		875.145		3.859		13.655		9.062037		21.760
5.466		1.8157		0.0000		875.141		3.863		13.665		9.078561		21.800
5.466		1.8189		0.0000		875.138		3.866		13.665		9.094397		21.840
5.466		1.8222		0.0000		875.135		3.869		13.665		9.110920		21.880
5.464		1.8254		0.0000		875.132		3.872		13.660		9.126757		21.920
5.464		1.8285		0.0000		875.129		3.875		13.660		9.142591		21.960
5.464		1.8317		0.0000		875.125		3.879		13.660		9.158426		22.000
5.464		1.8349		0.0000		875.122		3.882		13.660		9.174262		22.040
5.464		1.8387		0.0000		875.118		3.886		13.660		9.193541		22.080
5.470		1.8424		0.0000		875.115		3.889		13.675		9.212131		22.120
5.478		1.8460		0.0000		875.111		3.893		13.695		9.230031		22.160
5.482		1.8490		0.0000		875.108		3.896		13.705		9.245177		22.200
5.484		1.8522		0.0000		875.105		3.899		13.710		9.261013		22.240
5.482		1.8555		0.0000		875.102		3.902		13.705		9.277538		22.280
5.482		1.8587		0.0000		875.098		3.906		13.705		9.293373		22.320
5.482		1.8618		0.0000		875.095		3.909		13.705		9.309208		22.360
5.482		1.8650		0.0000		875.092		3.912		13.705		9.325045		22.400
5.482		1.8683		0.0000		875.089		3.915		13.705		9.341568		22.440
5.484		1.8719		0.0000		875.085		3.919		13.710		9.359469		22.480
5.486		1.8756		0.0000		875.081		3.923		13.715		9.378059		22.520
5.494		1.8792		0.0000		875.078		3.926		13.735		9.395960		22.560
5.500		1.8825		0.0000		875.075		3.929		13.750		9.412483		22.600
5.502		1.8857		0.0000		875.071		3.933		13.755		9.428319		22.640
5.502		1.8888		0.0000		875.068		3.936		13.755		9.444155		22.680
5.500		1.8921		0.0000		875.065		3.939		13.750		9.460678		22.720
5.500		1.8953		0.0000		875.062		3.942		13.750		9.476514		22.760
5.500		1.8985		0.0000		875.059		3.945		13.750		9.492350		22.800
5.500		1.9016		0.0000		875.055		3.949		13.750		9.508185		22.840
5.500		1.9051		0.0000		875.052		3.952		13.750		9.525398		22.880
5.502		1.9088		0.0000		875.048		3.956		13.755		9.543987		22.920
5.508		1.9127		0.0000		875.044		3.960		13.770		9.563265		22.960
5.516		1.9160		0.0000		875.041		3.963		13.790		9.579788		23.000
5.518		1.9191		0.0000		875.038		3.966		13.795		9.595624		23.040
5.516		1.9223		0.0000		875.035		3.969		13.790		9.611460		23.080
5.516		1.9255		0.0000		875.032		3.972		13.790		9.627295		23.120
5.514		1.9286		0.0000		875.029		3.976		13.785		9.643131		23.160
5.514		1.9319		0.0000		875.025		3.979		13.785		9.659655		23.200
5.514		1.9351		0.0000		875.022		3.982		13.785		9.675491		23.240
5.514		1.9384		0.0000		875.019		3.985		13.785		9.692015		23.280
5.516		1.9420		0.0000		875.015		3.989		13.790		9.709915		23.320
5.520		1.9458		0.0000		875.011		3.993		13.800		9.729194		23.360
5.526		1.9494		0.0000		875.008		3.996		13.815		9.747094		23.400
5.530		1.9526		0.0000		875.005		3.999		13.825		9.762930		23.440
5.530		1.9558		0.0000		875.001		4.003		13.825		9.778766		23.480
5.528		1.9589		0.0000		874.998		4.006		13.820		9.794601		23.520
5.526		1.9621		0.0000		874.995		4.009		13.815		9.810437		23.560
5.526		1.9653		0.0000		874.992		4.012		13.815		9.826273		23.600
5.524		1.9684		0.0000		874.989		4.015		13.810		9.842109		23.640
5.524		1.9716		0.0000		874.986		4.018		13.810		9.857942		23.680
5.522		1.9753		0.0000		874.982		4.022		13.805		9.876532		23.720
5.526		1.9790		0.0000		874.978		4.026		13.815		9.895121		23.760
5.534		1.9827		0.0000		874.974		4.030		13.835		9.913711		23.800
5.540		1.9859		0.0000		874.971		4.033		13.850		9.929546		23.840
5.540		1.9891		0.0000		874.968		4.036		13.850		9.945382		23.880
5.538		1.9922		0.0000		874.965		4.039		13.845		9.961218		23.920
5.536		1.9954		0.0000		874.962		4.042		13.840		9.977054		23.960
5.536		1.9986		0.0000		874.959		4.045		13.840		9.992889		24.000
5.536		2.0019		0.0000		874.955		4.049		13.840		10.009414		24.040
5.534		2.0050		0.0000		874.952		4.052		13.835		10.025248		24.080
5.534		2.0085		0.0000		874.949		4.055		13.835		10.042461		24.120
5.534		2.0122		0.0000		874.945		4.059		13.835		10.061050		24.160
5.540		2.0161		0.0000		874.941		4.063		13.850		10.080329		24.200
5.546		2.0194		0.0000		874.938		4.066		13.865		10.096851		24.240
5.548		2.0225		0.0000		874.935		4.069		13.870		10.112687		24.280
5.548		2.0257		0.0000		874.931		4.073		13.870		10.128523		24.320
5.546		2.0289		0.0000		874.928		4.076		13.865		10.144359		24.360
5.546		2.0320		0.0000		874.925		4.079		13.865		10.160194		24.400
5.544		2.0352		0.0000		874.922		4.082		13.860		10.176030		24.440
5.544		2.0385		0.0000		874.919		4.085		13.860		10.192553		24.480
5.544		2.0417		0.0000		874.915		4.089		13.860		10.208388		24.520
5.544		2.0454		0.0000		874.912		4.092		13.860		10.226978		24.560
5.550		2.0494		0.0000		874.908		4.096		13.875		10.246945		24.600
5.558		2.0528		0.0000		874.904		4.100		13.895		10.264157		24.640
5.560		2.0559		0.0000		874.901		4.103		13.900		10.279306		24.680
5.560		2.0590		0.0000		874.898		4.106		13.900		10.295139		24.720
5.558		2.0623		0.0000		874.895		4.109		13.895		10.311665		24.760
5.558		2.0655		0.0000		874.892		4.112		13.895		10.327500		24.800
5.556		2.0687		0.0000		874.888		4.116		13.890		10.343336		24.840
5.556		2.0718		0.0000		874.885		4.119		13.890		10.359172		24.880
5.556		2.0751		0.0000		874.882		4.122		13.890		10.375694		24.920
5.556		2.0786		0.0000		874.879		4.125		13.890		10.392908		24.960
5.558		2.0826		0.0000		874.875		4.129		13.895		10.412873		25.000
5.566		2.0862		0.0000		874.871		4.133		13.915		10.430776		25.040
5.572		2.0893		0.0000		874.868		4.136		13.930		10.446611		25.080
5.572		2.0925		0.0000		874.865		4.139		13.930		10.462445		25.120
5.570		2.0957		0.0000		874.861		4.143		13.925		10.478281		25.160
5.570		2.0990		0.0000		874.858		4.146		13.925		10.494805		25.200
5.568		2.1021		0.0000		874.855		4.149		13.920		10.510641		25.240
5.568		2.1053		0.0000		874.852		4.152		13.920		10.526477		25.280
5.568		2.1085		0.0000		874.849		4.155		13.920		10.542313		25.320
5.566		2.1119		0.0000		874.845		4.159		13.915		10.559525		25.360
5.568		2.1158		0.0000		874.841		4.163		13.920		10.578803		25.400
5.576		2.1195		0.0000		874.838		4.166		13.940		10.597392		25.440
5.582		2.1228		0.0000		874.834		4.170		13.955		10.613917		25.480
5.584		2.1260		0.0000		874.831		4.173		13.960		10.629750		25.520
5.582		2.1291		0.0000		874.828		4.176		13.955		10.645586		25.560
5.580		2.1323		0.0000		874.825		4.179		13.950		10.661422		25.600
5.578		2.1355		0.0000		874.822		4.182		13.945		10.677258		25.640
5.578		2.1386		0.0000		874.818		4.186		13.945		10.693093		25.680
5.576		2.1419		0.0000		874.815		4.189		13.940		10.709619		25.720
5.574		2.1452		0.0000		874.812		4.192		13.935		10.726141		25.760
5.576		2.1489		0.0000		874.808		4.196		13.940		10.744730		25.800
5.580		2.1527		0.0000		874.804		4.200		13.950		10.763320		25.840
5.588		2.1561		0.0000		874.801		4.203		13.970		10.780534		25.880
5.592		2.1593		0.0000		874.798		4.206		13.980		10.796370		25.920
5.590		2.1624		0.0000		874.795		4.209		13.975		10.812205		25.960
5.590		2.1657		0.0000		874.791		4.213		13.975		10.828728		26.000
5.588		2.1689		0.0000		874.788		4.216		13.970		10.844563		26.040
5.588		2.1721		0.0000		874.785		4.219		13.970		10.860399		26.080
5.586		2.1752		0.0000		874.782		4.222		13.965		10.876235		26.120
5.586		2.1784		0.0000		874.779		4.225		13.965		10.892071		26.160
5.584		2.1821		0.0000		874.775		4.229		13.960		10.910660		26.200
5.588		2.1860		0.0000		874.771		4.233		13.970		10.929938		26.240
5.596		2.1896		0.0000		874.768		4.236		13.990		10.947839		26.280
5.602		2.1927		0.0000		874.764		4.240		14.005		10.963675		26.320
5.602		2.1959		0.0000		874.761		4.243		14.005		10.979510		26.360
5.598		2.1991		0.0000		874.758		4.246		13.995		10.995344		26.400
5.598		2.2022		0.0000		874.755		4.249		13.995		11.011180		26.440
5.596		2.2055		0.0000		874.752		4.252		13.990		11.027704		26.480
5.596		2.2087		0.0000		874.748		4.256		13.990		11.043540		26.520
5.594		2.2119		0.0000		874.745		4.259		13.985		11.059376		26.560
5.592		2.2153		0.0000		874.742		4.262		13.980		11.076588		26.600
5.594		2.2192		0.0000		874.738		4.266		13.985		11.095866		26.640
5.600		2.2229		0.0000		874.734		4.270		14.000		11.114455		26.680
5.606		2.2262		0.0000		874.731		4.273		14.015		11.130980		26.720
5.608		2.2294		0.0000		874.728		4.276		14.020		11.146816		26.760
5.604		2.2325		0.0000		874.725		4.279		14.010		11.162649		26.800
5.602		2.2357		0.0000		874.721		4.283		14.005		11.178485		26.840
5.600		2.2389		0.0000		874.718		4.286		14.000		11.194321		26.880
5.598		2.2420		0.0000		874.715		4.289		13.995		11.210156		26.920
5.598		2.2452		0.0000		874.712		4.292		13.995		11.225992		26.960
5.596		2.2485		0.0000		874.709		4.295		13.990		11.242517		27.000
5.596		2.2524		0.0000		874.705		4.299		13.990		11.261793		27.040
5.600		2.2562		0.0000		874.701		4.303		14.000		11.281072		27.080
5.606		2.2595		0.0000		874.698		4.306		14.015		11.297597		27.120
5.608		2.2627		0.0000		874.694		4.310		14.020		11.313433		27.160
5.606		2.2659		0.0000		874.691		4.313		14.015		11.329268		27.200
5.604		2.2692		0.0000		874.688		4.316		14.010		11.345791		27.240
5.602		2.2723		0.0000		874.685		4.319		14.005		11.361627		27.280
5.600		2.2755		0.0000		874.682		4.322		14.000		11.377462		27.320
5.598		2.2787		0.0000		874.678		4.326		13.995		11.393298		27.360
5.598		2.2820		0.0000		874.675		4.329		13.995		11.409822		27.400
5.596		2.2855		0.0000		874.672		4.332		13.990		11.427723		27.440
5.598		2.2894		0.0000		874.668		4.336		13.995		11.447001		27.480
5.604		2.2930		0.0000		874.664		4.340		14.010		11.464902		27.520
5.608		2.2961		0.0000		874.661		4.343		14.020		11.480738		27.560
5.608		2.2993		0.0000		874.658		4.346		14.020		11.496573		27.600
5.606		2.3025		0.0000		874.655		4.349		14.015		11.512409		27.640
5.602		2.3056		0.0000		874.651		4.353		14.005		11.528243		27.680
5.600		2.3088		0.0000		874.648		4.356		14.000		11.544079		27.720
5.598		2.3120		0.0000		874.645		4.359		13.995		11.559915		27.760
5.596		2.3152		0.0000		874.642		4.362		13.990		11.575750		27.800
5.594		2.3187		0.0000		874.638		4.366		13.985		11.593651		27.840
5.594		2.3226		0.0000		874.635		4.369		13.985		11.612929		27.880
5.600		2.3264		0.0000		874.631		4.373		14.000		11.632208		27.920
5.606		2.3295		0.0000		874.628		4.376		14.015		11.647354		27.960
5.606		2.3326		0.0000		874.624		4.380		14.015		11.663190		28.000
5.604		2.3359		0.0000		874.621		4.383		14.010		11.679715		28.040
5.600		2.3391		0.0000		874.618		4.386		14.000		11.695551		28.080
5.598		2.3424		0.0000		874.615		4.389		13.995		11.712073		28.120
5.596		2.3456		0.0000		874.612		4.392		13.990		11.727909		28.160
5.594		2.3486		0.0000		874.609		4.396		13.985		11.743055		28.200
5.592		2.3519		0.0000		874.605		4.399		13.980		11.759581		28.240
5.592		2.3558		0.0000		874.601		4.403		13.980		11.778859		28.280
5.594		2.3596		0.0000		874.597		4.407		13.985		11.798135		28.320
5.602		2.3629		0.0000		874.594		4.410		14.005		11.814660		28.360
5.602		2.3661		0.0000		874.591		4.413		14.005		11.830496		28.400
5.600		2.3693		0.0000		874.588		4.416		14.000		11.846332		28.440
5.596		2.3724		0.0000		874.585		4.419		13.990		11.862167		28.480
5.594		2.3757		0.0000		874.581		4.423		13.985		11.878690		28.520
5.592		2.3789		0.0000		874.578		4.426		13.980		11.894526		28.560
5.588		2.3821		0.0000		874.575		4.429		13.970		11.910361		28.600
5.586		2.3852		0.0000		874.572		4.432		13.965		11.926197		28.640
5.584		2.3890		0.0000		874.568		4.436		13.960		11.944786		28.680
5.586		2.3928		0.0000		874.564		4.440		13.965		11.964065		28.720
5.594		2.3964		0.0000		874.561		4.443		13.985		11.981965		28.760
5.596		2.3996		0.0000		874.558		4.446		13.990		11.997801		28.800
5.594		2.4027		0.0000		874.554		4.450		13.985		12.013637		28.840
5.590		2.4059		0.0000		874.551		4.453		13.975		12.029472		28.880
5.588		2.4091		0.0000		874.548		4.456		13.970		12.045308		28.920
5.584		2.4122		0.0000		874.545		4.459		13.960		12.061144		28.960
5.580		2.4154		0.0000		874.542		4.462		13.950		12.076978		29.000
5.578		2.4187		0.0000		874.538		4.466		13.945		12.093502		29.040
5.576		2.4221		0.0000		874.535		4.469		13.940		12.110716		29.080
5.576		2.4260		0.0000		874.531		4.473		13.940		12.129992		29.120
5.580		2.4297		0.0000		874.527		4.477		13.950		12.148582		29.160
5.586		2.4329		0.0000		874.524		4.480		13.965		12.164417		29.200
5.584		2.4362		0.0000		874.521		4.483		13.960		12.180943		29.240
5.580		2.4394		0.0000		874.518		4.486		13.950		12.196778		29.280
5.578		2.4425		0.0000		874.515		4.489		13.945		12.212614		29.320
5.574		2.4457		0.0000		874.511		4.493		13.935		12.228450		29.360
5.570		2.4489		0.0000		874.508		4.496		13.925		12.244283		29.400
5.564		2.4520		0.0000		874.505		4.499		13.910		12.260118		29.440
5.560		2.4555		0.0000		874.502		4.502		13.900		12.277332		29.480
5.556		2.4592		0.0000		874.498		4.506		13.890		12.295922		29.520
5.556		2.4630		0.0000		874.494		4.510		13.890		12.315201		29.560
5.560		2.4663		0.0000		874.491		4.513		13.900		12.331723		29.600
5.560		2.4695		0.0000		874.488		4.516		13.900		12.347559		29.640
5.554		2.4727		0.0000		874.484		4.520		13.885		12.363395		29.680
5.550		2.4758		0.0000		874.481		4.523		13.875		12.379230		29.720
5.546		2.4792		0.0000		874.478		4.526		13.865		12.395755		29.760
5.542		2.4823		0.0000		874.475		4.529		13.855		12.411589		29.800
5.538		2.4855		0.0000		874.472		4.532		13.845		12.427424		29.840
5.534		2.4887		0.0000		874.468		4.536		13.835		12.443260		29.880
5.530		2.4924		0.0000		874.465		4.539		13.825		12.461849		29.920
5.532		2.4962		0.0000		874.461		4.543		13.830		12.481128		29.960
5.536		2.4998		0.0000		874.457		4.547		13.840		12.499028		30.000
5.536		2.5030		0.0000		874.454		4.550		13.840		12.514864		30.040
5.532		2.5061		0.0000		874.451		4.553		13.830		12.530700		30.080
5.526		2.5093		0.0000		874.448		4.556		13.815		12.546535		30.120
5.522		2.5125		0.0000		874.445		4.559		13.805		12.562371		30.160
5.518		2.5156		0.0000		874.441		4.563		13.795		12.578207		30.200
5.514		2.5188		0.0000		874.438		4.566		13.785		12.594043		30.240
5.510		2.5220		0.0000		874.435		4.569		13.775		12.609877		30.280
5.506		2.5256		0.0000		874.432		4.572		13.765		12.627779		30.320
5.506		2.5294		0.0000		874.428		4.576		13.765		12.647056		30.360
5.510		2.5331		0.0000		874.424		4.580		13.775		12.665645		30.400
5.512		2.5363		0.0000		874.421		4.583		13.780		12.681480		30.440
5.510		2.5395		0.0000		874.418		4.586		13.775		12.697316		30.480
5.504		2.5428		0.0000		874.414		4.590		13.760		12.713841		30.520
5.500		2.5459		0.0000		874.411		4.593		13.750		12.729677		30.560
5.494		2.5491		0.0000		874.408		4.596		13.735		12.745513		30.600
5.490		2.5523		0.0000		874.405		4.599		13.725		12.761349		30.640
5.486		2.5554		0.0000		874.402		4.602		13.715		12.777182		30.680
5.482		2.5589		0.0000		874.398		4.606		13.705		12.794395		30.720
5.482		2.5626		0.0000		874.395		4.610		13.705		12.812985		30.760
5.484		2.5665		0.0000		874.391		4.613		13.710		12.832264		30.800
5.488		2.5698		0.0000		874.387		4.617		13.720		12.848786		30.840
5.486		2.5729		0.0000		874.384		4.620		13.715		12.864622		30.880
5.482		2.5761		0.0000		874.381		4.623		13.705		12.880458		30.920
5.476		2.5793		0.0000		874.378		4.626		13.690		12.896294		30.960
5.472		2.5824		0.0000		874.375		4.629		13.680		12.912129		31.000
5.468		2.5856		0.0000		874.372		4.633		13.670		12.927965		31.040
5.462		2.5889		0.0000		874.368		4.636		13.655		12.944488		31.080
5.458		2.5921		0.0000		874.365		4.639		13.645		12.960323		31.120
5.454		2.5958		0.0000		874.361		4.643		13.635		12.978912		31.160
5.456		2.5996		0.0000		874.357		4.647		13.640		12.998191		31.200
5.460		2.6032		0.0000		874.354		4.650		13.650		13.016091		31.240
5.460		2.6062		0.0000		874.351		4.653		13.650		13.031239		31.280
5.456		2.6094		0.0000		874.348		4.656		13.640		13.047074		31.320
5.452		2.6127		0.0000		874.344		4.660		13.630		13.063599		31.360
5.448		2.6159		0.0000		874.341		4.663		13.620		13.079434		31.400
5.444		2.6191		0.0000		874.338		4.666		13.610		13.095270		31.440
5.438		2.6222		0.0000		874.335		4.669		13.595		13.111106		31.480
5.434		2.6255		0.0000		874.332		4.672		13.585		13.127628		31.520
5.430		2.6290		0.0000		874.328		4.676		13.575		13.144842		31.560
5.430		2.6328		0.0000		874.324		4.680		13.575		13.164121		31.600
5.432		2.6365		0.0000		874.321		4.683		13.580		13.182711		31.640
5.434		2.6397		0.0000		874.317		4.687		13.585		13.198546		31.680
5.432		2.6429		0.0000		874.314		4.690		13.580		13.214379		31.720
5.426		2.6460		0.0000		874.311		4.693		13.565		13.230215		31.760
5.422		2.6492		0.0000		874.308		4.696		13.555		13.246051		31.800
5.418		2.6525		0.0000		874.305		4.699		13.545		13.262576		31.840
5.414		2.6557		0.0000		874.301		4.703		13.535		13.278412		31.880
5.408		2.6588		0.0000		874.298		4.706		13.520		13.294248		31.920
5.404		2.6622		0.0000		874.295		4.709		13.510		13.310770		31.960
5.402		2.6660		0.0000		874.291		4.713		13.505		13.330049		32.000
5.404		2.6700		0.0000		874.287		4.717		13.510		13.350016		32.040
5.408		2.6732		0.0000		874.284		4.720		13.520		13.365851		32.080
5.408		2.6763		0.0000		874.281		4.723		13.520		13.381685		32.120
5.402		2.6796		0.0000		874.277		4.727		13.505		13.398210		32.160
5.396		2.6827		0.0000		874.274		4.730		13.490		13.413357		32.200
5.392		2.6858		0.0000		874.271		4.733		13.480		13.429193		32.240
5.388		2.6890		0.0000		874.268		4.736		13.470		13.445028		32.280
5.382		2.6922		0.0000		874.265		4.739		13.455		13.460864		32.320
5.378		2.6956		0.0000		874.261		4.743		13.445		13.478075		32.360
5.376		2.6993		0.0000		874.258		4.746		13.440		13.496665		32.400
5.376		2.7031		0.0000		874.254		4.750		13.440		13.515254		32.440
5.380		2.7066		0.0000		874.250		4.754		13.450		13.533157		32.480
5.380		2.7098		0.0000		874.247		4.757		13.450		13.548990		32.520
5.376		2.7130		0.0000		874.244		4.760		13.440		13.564826		32.560
5.370		2.7161		0.0000		874.241		4.763		13.425		13.580662		32.600
5.366		2.7193		0.0000		874.238		4.766		13.415		13.596498		32.640
5.360		2.7225		0.0000		874.235		4.769		13.400		13.612333		32.680
5.356		2.7256		0.0000		874.232		4.773		13.390		13.628169		32.720
5.350		2.7288		0.0000		874.228		4.776		13.375		13.644005		32.760
5.346		2.7325		0.0000		874.225		4.779		13.365		13.662595		32.800
5.346		2.7362		0.0000		874.221		4.783		13.365		13.681184		32.840
5.352		2.7401		0.0000		874.217		4.787		13.380		13.700462		32.880
5.354		2.7431		0.0000		874.214		4.790		13.385		13.715610		32.920
5.352		2.7463		0.0000		874.211		4.793		13.380		13.731445		32.960
5.346		2.7496		0.0000		874.208		4.797		13.365		13.747968		33.000
5.340		2.7528		0.0000		874.204		4.800		13.350		13.763803		33.040
5.336		2.7559		0.0000		874.201		4.803		13.340		13.779639		33.080
5.332		2.7591		0.0000		874.198		4.806		13.330		13.795475		33.120
5.326		2.7623		0.0000		874.195		4.809		13.315		13.811311		33.160
