数据量:915
试验力		变形		扩展变形		位置		位移		应力		应变		时间
0.010		0.0019		0.0000		876.998		2.173		0.025		0.009639		0.040
0.010		0.0052		0.0000		876.995		2.176		0.025		0.026163		0.080
0.010		0.0084		0.0000		876.992		2.179		0.025		0.041999		0.120
0.010		0.0117		0.0000		876.989		2.183		0.025		0.058522		0.160
0.010		0.0149		0.0000		876.985		2.186		0.025		0.074358		0.200
0.010		0.0180		0.0000		876.982		2.189		0.025		0.090194		0.240
0.012		0.0216		0.0000		876.979		2.192		0.030		0.108094		0.280
0.012		0.0252		0.0000		876.975		2.196		0.030		0.125996		0.320
0.012		0.0289		0.0000		876.971		2.200		0.030		0.144585		0.360
0.014		0.0322		0.0000		876.968		2.203		0.035		0.161109		0.400
0.014		0.0354		0.0000		876.965		2.206		0.035		0.176945		0.440
0.014		0.0386		0.0000		876.962		2.209		0.035		0.192780		0.480
0.016		0.0419		0.0000		876.958		2.213		0.040		0.209304		0.520
0.016		0.0450		0.0000		876.955		2.216		0.040		0.225140		0.560
0.018		0.0482		0.0000		876.952		2.219		0.045		0.240976		0.600
0.018		0.0515		0.0000		876.949		2.222		0.045		0.257499		0.640
0.020		0.0549		0.0000		876.945		2.226		0.050		0.274712		0.680
0.020		0.0585		0.0000		876.942		2.229		0.050		0.292612		0.720
0.022		0.0622		0.0000		876.938		2.233		0.055		0.311202		0.760
0.024		0.0655		0.0000		876.935		2.236		0.060		0.327727		0.800
0.026		0.0687		0.0000		876.932		2.240		0.065		0.343561		0.840
0.026		0.0719		0.0000		876.928		2.243		0.065		0.359397		0.880
0.028		0.0752		0.0000		876.925		2.246		0.070		0.375921		0.920
0.030		0.0785		0.0000		876.922		2.249		0.075		0.392445		0.960
0.032		0.0817		0.0000		876.919		2.252		0.080		0.408281		1.000
0.032		0.0848		0.0000		876.916		2.256		0.080		0.424116		1.040
0.036		0.0881		0.0000		876.912		2.259		0.090		0.440640		1.080
0.038		0.0918		0.0000		876.909		2.263		0.095		0.459230		1.120
0.040		0.0956		0.0000		876.905		2.266		0.100		0.477819		1.160
0.044		0.0990		0.0000		876.901		2.270		0.110		0.495032		1.200
0.048		0.1022		0.0000		876.898		2.273		0.120		0.510867		1.240
0.052		0.1053		0.0000		876.895		2.276		0.130		0.526702		1.280
0.056		0.1086		0.0000		876.892		2.279		0.140		0.543226		1.320
0.060		0.1118		0.0000		876.889		2.283		0.150		0.559062		1.360
0.064		0.1150		0.0000		876.885		2.286		0.160		0.574898		1.400
0.068		0.1183		0.0000		876.882		2.289		0.170		0.591421		1.440
0.072		0.1216		0.0000		876.879		2.292		0.180		0.607946		1.480
0.078		0.1250		0.0000		876.875		2.296		0.195		0.625159		1.520
0.084		0.1287		0.0000		876.872		2.300		0.210		0.643748		1.560
0.090		0.1323		0.0000		876.868		2.303		0.225		0.661649		1.600
0.096		0.1355		0.0000		876.865		2.306		0.240		0.677484		1.640
0.102		0.1387		0.0000		876.862		2.310		0.255		0.693320		1.680
0.108		0.1420		0.0000		876.858		2.313		0.270		0.709844		1.720
0.114		0.1453		0.0000		876.855		2.316		0.285		0.726367		1.760
0.120		0.1484		0.0000		876.852		2.319		0.300		0.742203		1.800
0.128		0.1516		0.0000		876.849		2.322		0.320		0.758039		1.840
0.134		0.1549		0.0000		876.845		2.326		0.335		0.774562		1.880
0.142		0.1584		0.0000		876.842		2.329		0.355		0.791775		1.920
0.150		0.1619		0.0000		876.838		2.333		0.375		0.809677		1.960
0.158		0.1657		0.0000		876.835		2.336		0.395		0.828266		2.000
0.168		0.1690		0.0000		876.831		2.340		0.420		0.844790		2.040
0.178		0.1721		0.0000		876.828		2.343		0.445		0.860626		2.080
0.186		0.1753		0.0000		876.825		2.346		0.465		0.876460		2.120
0.194		0.1786		0.0000		876.822		2.349		0.485		0.892985		2.160
0.202		0.1819		0.0000		876.818		2.353		0.505		0.909508		2.200
0.212		0.1851		0.0000		876.815		2.356		0.530		0.925344		2.240
0.222		0.1884		0.0000		876.812		2.359		0.555		0.941868		2.280
0.232		0.1915		0.0000		876.809		2.362		0.580		0.957704		2.320
0.242		0.1953		0.0000		876.805		2.366		0.605		0.976293		2.360
0.252		0.1988		0.0000		876.802		2.370		0.630		0.994194		2.400
0.264		0.2023		0.0000		876.798		2.373		0.660		1.011406		2.440
0.274		0.2056		0.0000		876.795		2.376		0.685		1.027931		2.480
0.286		0.2088		0.0000		876.792		2.380		0.715		1.043766		2.520
0.296		0.2119		0.0000		876.788		2.383		0.740		1.059601		2.560
0.306		0.2152		0.0000		876.785		2.386		0.765		1.076126		2.600
0.316		0.2185		0.0000		876.782		2.389		0.790		1.092650		2.640
0.328		0.2217		0.0000		876.779		2.393		0.820		1.108485		2.680
0.338		0.2249		0.0000		876.776		2.396		0.845		1.124320		2.720
0.352		0.2286		0.0000		876.772		2.399		0.880		1.142910		2.760
0.360		0.2322		0.0000		876.768		2.403		0.900		1.160811		2.800
0.370		0.2357		0.0000		876.765		2.407		0.925		1.178712		2.840
0.382		0.2389		0.0000		876.761		2.410		0.955		1.194547		2.880
0.396		0.2421		0.0000		876.758		2.413		0.990		1.210383		2.920
0.410		0.2454		0.0000		876.755		2.416		1.025		1.226907		2.960
0.424		0.2487		0.0000		876.752		2.420		1.060		1.243432		3.000
0.438		0.2519		0.0000		876.749		2.423		1.095		1.259266		3.040
0.452		0.2550		0.0000		876.745		2.426		1.130		1.275102		3.080
0.466		0.2583		0.0000		876.742		2.429		1.165		1.291625		3.120
0.478		0.2618		0.0000		876.739		2.433		1.195		1.308838		3.160
0.492		0.2653		0.0000		876.735		2.436		1.230		1.326740		3.200
0.508		0.2689		0.0000		876.731		2.440		1.270		1.344640		3.240
0.522		0.2724		0.0000		876.728		2.443		1.305		1.361853		3.280
0.538		0.2755		0.0000		876.725		2.446		1.345		1.377689		3.320
0.554		0.2787		0.0000		876.722		2.450		1.385		1.393524		3.360
0.568		0.2820		0.0000		876.718		2.453		1.420		1.410048		3.400
0.584		0.2853		0.0000		876.715		2.456		1.460		1.426572		3.440
0.600		0.2885		0.0000		876.712		2.459		1.500		1.442407		3.480
0.614		0.2916		0.0000		876.709		2.462		1.535		1.458243		3.520
0.630		0.2950		0.0000		876.705		2.466		1.575		1.474767		3.560
0.646		0.2987		0.0000		876.702		2.470		1.615		1.493356		3.600
0.660		0.3023		0.0000		876.698		2.473		1.650		1.511258		3.640
0.674		0.3057		0.0000		876.695		2.477		1.685		1.528471		3.680
0.690		0.3089		0.0000		876.692		2.480		1.725		1.544305		3.720
0.706		0.3122		0.0000		876.688		2.483		1.765		1.560830		3.760
0.720		0.3153		0.0000		876.685		2.486		1.800		1.576666		3.800
0.734		0.3186		0.0000		876.682		2.489		1.835		1.593189		3.840
0.750		0.3218		0.0000		876.679		2.493		1.875		1.609025		3.880
0.764		0.3251		0.0000		876.675		2.496		1.910		1.625549		3.920
0.780		0.3284		0.0000		876.672		2.499		1.950		1.642072		3.960
0.796		0.3319		0.0000		876.669		2.503		1.990		1.659285		4.000
0.814		0.3356		0.0000		876.665		2.506		2.035		1.677874		4.040
0.832		0.3390		0.0000		876.661		2.510		2.080		1.695087		4.080
0.852		0.3423		0.0000		876.658		2.513		2.130		1.711611		4.120
0.872		0.3455		0.0000		876.655		2.516		2.180		1.727446		4.160
0.890		0.3488		0.0000		876.652		2.520		2.225		1.743971		4.200
0.906		0.3521		0.0000		876.648		2.523		2.265		1.760495		4.240
0.924		0.3553		0.0000		876.645		2.526		2.310		1.776330		4.280
0.942		0.3584		0.0000		876.642		2.529		2.355		1.792165		4.320
0.960		0.3617		0.0000		876.639		2.533		2.400		1.808690		4.360
0.976		0.3652		0.0000		876.635		2.536		2.440		1.825902		4.400
0.994		0.3688		0.0000		876.632		2.540		2.485		1.843803		4.440
1.014		0.3725		0.0000		876.628		2.543		2.535		1.862392		4.480
1.034		0.3758		0.0000		876.625		2.547		2.585		1.878916		4.520
1.056		0.3790		0.0000		876.621		2.550		2.640		1.894752		4.560
1.076		0.3821		0.0000		876.618		2.553		2.690		1.910588		4.600
1.094		0.3854		0.0000		876.615		2.556		2.735		1.927111		4.640
1.114		0.3886		0.0000		876.612		2.559		2.785		1.942947		4.680
1.132		0.3919		0.0000		876.608		2.563		2.830		1.959471		4.720
1.152		0.3951		0.0000		876.605		2.566		2.880		1.975306		4.760
1.172		0.3985		0.0000		876.602		2.569		2.930		1.992519		4.800
1.194		0.4021		0.0000		876.598		2.573		2.985		2.010421		4.840
1.216		0.4057		0.0000		876.595		2.577		3.040		2.028321		4.880
1.240		0.4091		0.0000		876.591		2.580		3.100		2.045534		4.920
1.264		0.4123		0.0000		876.588		2.583		3.160		2.061369		4.960
1.288		0.4156		0.0000		876.585		2.586		3.220		2.077893		5.000
1.310		0.4187		0.0000		876.582		2.590		3.275		2.093729		5.040
1.332		0.4221		0.0000		876.578		2.593		3.330		2.110252		5.080
1.356		0.4252		0.0000		876.575		2.596		3.390		2.126088		5.120
1.378		0.4284		0.0000		876.572		2.599		3.445		2.141924		5.160
1.402		0.4317		0.0000		876.569		2.603		3.505		2.158448		5.200
1.424		0.4353		0.0000		876.565		2.606		3.560		2.176348		5.240
1.448		0.4390		0.0000		876.561		2.610		3.620		2.194939		5.280
1.476		0.4426		0.0000		876.558		2.613		3.690		2.212839		5.320
1.502		0.4457		0.0000		876.555		2.617		3.755		2.228675		5.360
1.530		0.4489		0.0000		876.551		2.620		3.825		2.244511		5.400
1.552		0.4521		0.0000		876.548		2.623		3.880		2.260345		5.440
1.576		0.4554		0.0000		876.545		2.626		3.940		2.276870		5.480
1.600		0.4587		0.0000		876.542		2.630		4.000		2.293394		5.520
1.624		0.4620		0.0000		876.538		2.633		4.060		2.309917		5.560
1.648		0.4652		0.0000		876.535		2.636		4.120		2.325753		5.600
1.672		0.4685		0.0000		876.532		2.639		4.180		2.342277		5.640
1.696		0.4722		0.0000		876.528		2.643		4.240		2.360866		5.680
1.722		0.4759		0.0000		876.524		2.647		4.305		2.379456		5.720
1.752		0.4792		0.0000		876.521		2.650		4.380		2.395980		5.760
1.780		0.4824		0.0000		876.518		2.653		4.450		2.411816		5.800
1.806		0.4855		0.0000		876.515		2.656		4.515		2.427651		5.840
1.830		0.4888		0.0000		876.512		2.660		4.575		2.444175		5.880
1.854		0.4920		0.0000		876.508		2.663		4.635		2.460010		5.920
1.878		0.4952		0.0000		876.505		2.666		4.695		2.475846		5.960
1.904		0.4985		0.0000		876.502		2.669		4.760		2.492371		6.000
1.928		0.5018		0.0000		876.499		2.673		4.820		2.508894		6.040
1.952		0.5055		0.0000		876.495		2.676		4.880		2.527484		6.080
1.978		0.5092		0.0000		876.491		2.680		4.945		2.546073		6.120
2.008		0.5125		0.0000		876.488		2.683		5.020		2.562597		6.160
2.036		0.5158		0.0000		876.485		2.687		5.090		2.579122		6.200
2.064		0.5189		0.0000		876.482		2.690		5.160		2.594268		6.240
2.088		0.5222		0.0000		876.478		2.693		5.220		2.610792		6.280
2.112		0.5255		0.0000		876.475		2.696		5.280		2.627316		6.320
2.138		0.5286		0.0000		876.472		2.699		5.345		2.643151		6.360
2.164		0.5318		0.0000		876.469		2.703		5.410		2.658987		6.400
2.188		0.5351		0.0000		876.465		2.706		5.470		2.675511		6.440
2.214		0.5387		0.0000		876.462		2.710		5.535		2.693412		6.480
2.240		0.5424		0.0000		876.458		2.713		5.600		2.712002		6.520
2.268		0.5460		0.0000		876.454		2.717		5.670		2.729902		6.560
2.298		0.5491		0.0000		876.451		2.720		5.745		2.745738		6.600
2.326		0.5523		0.0000		876.448		2.723		5.815		2.761574		6.640
2.352		0.5556		0.0000		876.445		2.726		5.880		2.778097		6.680
2.376		0.5588		0.0000		876.442		2.730		5.940		2.793933		6.720
2.402		0.5621		0.0000		876.438		2.733		6.005		2.810457		6.760
2.428		0.5653		0.0000		876.435		2.736		6.070		2.826293		6.800
2.452		0.5684		0.0000		876.432		2.739		6.130		2.842128		6.840
2.478		0.5719		0.0000		876.428		2.743		6.195		2.859341		6.880
2.504		0.5756		0.0000		876.425		2.746		6.260		2.877930		6.920
2.532		0.5793		0.0000		876.421		2.750		6.330		2.896520		6.960
2.562		0.5826		0.0000		876.418		2.753		6.405		2.913043		7.000
2.592		0.5858		0.0000		876.415		2.757		6.480		2.928879		7.040
2.618		0.5889		0.0000		876.411		2.760		6.545		2.944715		7.080
2.644		0.5922		0.0000		876.408		2.763		6.610		2.961239		7.120
2.668		0.5954		0.0000		876.405		2.766		6.670		2.977074		7.160
2.694		0.5987		0.0000		876.402		2.770		6.735		2.993598		7.200
2.720		0.6019		0.0000		876.398		2.773		6.800		3.009434		7.240
2.746		0.6052		0.0000		876.395		2.776		6.865		3.025957		7.280
2.772		0.6089		0.0000		876.391		2.780		6.930		3.044547		7.320
2.798		0.6126		0.0000		876.388		2.783		6.995		3.063136		7.360
2.828		0.6159		0.0000		876.384		2.787		7.070		3.079661		7.400
2.858		0.6192		0.0000		876.381		2.790		7.145		3.096185		7.440
2.886		0.6224		0.0000		876.378		2.793		7.215		3.112020		7.480
2.910		0.6256		0.0000		876.375		2.796		7.275		3.127855		7.520
2.936		0.6289		0.0000		876.371		2.800		7.340		3.144380		7.560
2.960		0.6320		0.0000		876.368		2.803		7.400		3.160216		7.600
2.986		0.6352		0.0000		876.365		2.806		7.465		3.176050		7.640
3.012		0.6385		0.0000		876.362		2.809		7.530		3.192575		7.680
3.036		0.6422		0.0000		876.358		2.813		7.590		3.211164		7.720
3.062		0.6458		0.0000		876.355		2.817		7.655		3.229065		7.760
3.090		0.6494		0.0000		876.351		2.820		7.725		3.246967		7.800
3.122		0.6527		0.0000		876.348		2.824		7.805		3.263490		7.840
3.150		0.6557		0.0000		876.345		2.827		7.875		3.278637		7.880
3.174		0.6589		0.0000		876.341		2.830		7.935		3.294473		7.920
3.196		0.6623		0.0000		876.338		2.833		7.990		3.311685		7.960
3.222		0.6654		0.0000		876.335		2.836		8.055		3.326832		8.000
3.246		0.6687		0.0000		876.332		2.840		8.115		3.343356		8.040
3.270		0.6720		0.0000		876.328		2.843		8.175		3.359880		8.080
3.294		0.6754		0.0000		876.325		2.846		8.235		3.377093		8.120
3.318		0.6790		0.0000		876.321		2.850		8.295		3.394994		8.160
3.346		0.6827		0.0000		876.318		2.854		8.365		3.413583		8.200
3.374		0.6860		0.0000		876.314		2.857		8.435		3.430107		8.240
3.402		0.6892		0.0000		876.311		2.860		8.505		3.445942		8.280
3.426		0.6925		0.0000		876.308		2.863		8.565		3.462466		8.320
3.450		0.6957		0.0000		876.305		2.867		8.625		3.478302		8.360
3.474		0.6990		0.0000		876.301		2.870		8.685		3.494827		8.400
3.496		0.7021		0.0000		876.298		2.873		8.740		3.510661		8.440
3.520		0.7053		0.0000		876.295		2.876		8.800		3.526497		8.480
3.542		0.7086		0.0000		876.292		2.879		8.855		3.543020		8.520
3.566		0.7123		0.0000		876.288		2.883		8.915		3.561610		8.560
3.590		0.7160		0.0000		876.284		2.887		8.975		3.580199		8.600
3.618		0.7195		0.0000		876.281		2.890		9.045		3.597412		8.640
3.644		0.7226		0.0000		876.278		2.893		9.110		3.613248		8.680
3.668		0.7258		0.0000		876.275		2.897		9.170		3.629084		8.720
3.688		0.7290		0.0000		876.271		2.900		9.220		3.644919		8.760
3.710		0.7323		0.0000		876.268		2.903		9.275		3.661443		8.800
3.730		0.7355		0.0000		876.265		2.906		9.325		3.677279		8.840
3.752		0.7388		0.0000		876.262		2.910		9.380		3.693802		8.880
3.774		0.7419		0.0000		876.258		2.913		9.435		3.709638		8.920
3.794		0.7455		0.0000		876.255		2.916		9.485		3.727539		8.960
3.816		0.7494		0.0000		876.251		2.920		9.540		3.746817		9.000
3.840		0.7528		0.0000		876.248		2.924		9.600		3.764030		9.040
3.866		0.7560		0.0000		876.244		2.927		9.665		3.779866		9.080
3.888		0.7593		0.0000		876.241		2.930		9.720		3.796389		9.120
3.908		0.7624		0.0000		876.238		2.933		9.770		3.812225		9.160
3.926		0.7657		0.0000		876.235		2.937		9.815		3.828748		9.200
3.946		0.7689		0.0000		876.231		2.940		9.865		3.844584		9.240
3.966		0.7721		0.0000		876.228		2.943		9.915		3.860420		9.280
3.984		0.7753		0.0000		876.225		2.946		9.960		3.876255		9.320
4.002		0.7787		0.0000		876.222		2.950		10.005		3.893467		9.360
4.022		0.7825		0.0000		876.218		2.953		10.055		3.912746		9.400
4.044		0.7861		0.0000		876.214		2.957		10.110		3.930646		9.440
4.068		0.7894		0.0000		876.211		2.960		10.170		3.947171		9.480
4.090		0.7926		0.0000		876.208		2.963		10.225		3.963006		9.520
4.106		0.7958		0.0000		876.205		2.967		10.265		3.978841		9.560
4.122		0.7991		0.0000		876.201		2.970		10.305		3.995366		9.600
4.140		0.8024		0.0000		876.198		2.973		10.350		4.011889		9.640
4.156		0.8055		0.0000		876.195		2.976		10.390		4.027725		9.680
4.172		0.8087		0.0000		876.192		2.980		10.430		4.043560		9.720
4.188		0.8120		0.0000		876.188		2.983		10.470		4.060085		9.760
4.204		0.8157		0.0000		876.185		2.987		10.510		4.078674		9.800
4.222		0.8195		0.0000		876.181		2.990		10.555		4.097264		9.840
4.244		0.8228		0.0000		876.178		2.994		10.610		4.113788		9.880
4.264		0.8261		0.0000		876.174		2.997		10.660		4.130311		9.920
4.282		0.8292		0.0000		876.171		3.000		10.705		4.146147		9.960
4.296		0.8325		0.0000		876.168		3.003		10.740		4.162672		10.000
4.310		0.8357		0.0000		876.165		3.007		10.775		4.178506		10.040
4.324		0.8389		0.0000		876.161		3.010		10.810		4.194342		10.080
4.336		0.8420		0.0000		876.158		3.013		10.840		4.210177		10.120
4.350		0.8452		0.0000		876.155		3.016		10.875		4.226013		10.160
4.362		0.8491		0.0000		876.151		3.020		10.905		4.245291		10.200
4.378		0.8528		0.0000		876.148		3.024		10.945		4.263880		10.240
4.394		0.8564		0.0000		876.144		3.027		10.985		4.281782		10.280
4.414		0.8595		0.0000		876.141		3.030		11.035		4.297616		10.320
4.430		0.8626		0.0000		876.138		3.033		11.075		4.312764		10.360
4.442		0.8659		0.0000		876.135		3.037		11.105		4.329288		10.400
4.452		0.8690		0.0000		876.131		3.040		11.130		4.345124		10.440
4.464		0.8723		0.0000		876.128		3.043		11.160		4.361648		10.480
4.476		0.8755		0.0000		876.125		3.046		11.190		4.377483		10.520
4.486		0.8787		0.0000		876.122		3.050		11.215		4.393319		10.560
4.498		0.8822		0.0000		876.118		3.053		11.245		4.411220		10.600
4.510		0.8858		0.0000		876.115		3.057		11.275		4.429121		10.640
4.524		0.8897		0.0000		876.111		3.061		11.310		4.448399		10.680
4.540		0.8928		0.0000		876.108		3.064		11.350		4.464234		10.720
4.554		0.8960		0.0000		876.104		3.067		11.385		4.480070		10.760
4.564		0.8992		0.0000		876.101		3.070		11.410		4.495906		10.800
4.572		0.9025		0.0000		876.098		3.073		11.430		4.512429		10.840
4.582		0.9057		0.0000		876.095		3.076		11.455		4.528265		10.880
4.592		0.9088		0.0000		876.092		3.080		11.480		4.544100		10.920
4.600		0.9120		0.0000		876.088		3.083		11.500		4.559936		10.960
4.610		0.9154		0.0000		876.085		3.086		11.525		4.577148		11.000
4.620		0.9191		0.0000		876.081		3.090		11.550		4.595737		11.040
4.632		0.9230		0.0000		876.077		3.094		11.580		4.615016		11.080
4.646		0.9263		0.0000		876.074		3.097		11.615		4.631539		11.120
4.660		0.9293		0.0000		876.071		3.100		11.650		4.646687		11.160
4.670		0.9326		0.0000		876.068		3.103		11.675		4.663211		11.200
4.676		0.9359		0.0000		876.064		3.107		11.690		4.679735		11.240
4.684		0.9391		0.0000		876.061		3.110		11.710		4.695570		11.280
4.692		0.9423		0.0000		876.058		3.113		11.730		4.711405		11.320
4.700		0.9454		0.0000		876.055		3.116		11.750		4.727241		11.360
4.708		0.9488		0.0000		876.052		3.120		11.770		4.743766		11.400
4.716		0.9525		0.0000		876.048		3.123		11.790		4.762355		11.440
4.724		0.9562		0.0000		876.044		3.127		11.810		4.780945		11.480
4.736		0.9596		0.0000		876.041		3.130		11.840		4.798156		11.520
4.750		0.9628		0.0000		876.038		3.134		11.875		4.813992		11.560
4.760		0.9661		0.0000		876.034		3.137		11.900		4.830517		11.600
4.766		0.9693		0.0000		876.031		3.140		11.915		4.846351		11.640
4.772		0.9726		0.0000		876.028		3.143		11.930		4.862876		11.680
4.778		0.9756		0.0000		876.025		3.146		11.945		4.878023		11.720
4.782		0.9788		0.0000		876.022		3.150		11.955		4.893858		11.760
4.788		0.9821		0.0000		876.018		3.153		11.970		4.910382		11.800
4.794		0.9857		0.0000		876.015		3.156		11.985		4.928283		11.840
4.800		0.9894		0.0000		876.011		3.160		12.000		4.946872		11.880
4.810		0.9931		0.0000		876.007		3.164		12.025		4.965462		11.920
4.824		0.9963		0.0000		876.004		3.167		12.060		4.981297		11.960
4.834		0.9994		0.0000		876.001		3.170		12.085		4.997133		12.000
4.840		1.0027		0.0000		875.998		3.174		12.100		5.013657		12.040
4.844		1.0059		0.0000		875.994		3.177		12.110		5.029492		12.080
4.848		1.0091		0.0000		875.991		3.180		12.120		5.045328		12.120
4.852		1.0122		0.0000		875.988		3.183		12.130		5.061164		12.160
4.858		1.0155		0.0000		875.985		3.186		12.145		5.077687		12.200
4.862		1.0188		0.0000		875.982		3.190		12.155		5.094211		12.240
4.866		1.0227		0.0000		875.978		3.194		12.165		5.113490		12.280
4.874		1.0264		0.0000		875.974		3.197		12.185		5.132079		12.320
4.884		1.0296		0.0000		875.971		3.200		12.210		5.147915		12.360
4.894		1.0329		0.0000		875.967		3.204		12.235		5.164438		12.400
4.900		1.0361		0.0000		875.964		3.207		12.250		5.180274		12.440
4.904		1.0394		0.0000		875.961		3.210		12.260		5.196798		12.480
4.908		1.0425		0.0000		875.958		3.213		12.270		5.212634		12.520
4.912		1.0457		0.0000		875.955		3.217		12.280		5.228469		12.560
4.916		1.0489		0.0000		875.951		3.220		12.290		5.244305		12.600
4.918		1.0522		0.0000		875.948		3.223		12.295		5.260829		12.640
4.922		1.0559		0.0000		875.944		3.227		12.305		5.279418		12.680
4.928		1.0597		0.0000		875.941		3.231		12.320		5.298696		12.720
4.938		1.0630		0.0000		875.937		3.234		12.345		5.315220		12.760
4.948		1.0662		0.0000		875.934		3.237		12.370		5.331056		12.800
4.954		1.0694		0.0000		875.931		3.240		12.385		5.346890		12.840
4.956		1.0727		0.0000		875.928		3.244		12.390		5.363416		12.880
4.958		1.0759		0.0000		875.924		3.247		12.395		5.379250		12.920
4.962		1.0790		0.0000		875.921		3.250		12.405		5.395086		12.960
4.964		1.0823		0.0000		875.918		3.253		12.410		5.411611		13.000
4.968		1.0855		0.0000		875.915		3.256		12.420		5.427445		13.040
4.970		1.0891		0.0000		875.911		3.260		12.425		5.445347		13.080
4.974		1.0928		0.0000		875.908		3.264		12.435		5.463936		13.120
4.982		1.0964		0.0000		875.904		3.267		12.455		5.481837		13.160
4.992		1.0997		0.0000		875.901		3.271		12.480		5.498362		13.200
4.998		1.1028		0.0000		875.898		3.274		12.495		5.514196		13.240
5.002		1.1061		0.0000		875.894		3.277		12.505		5.530721		13.280
5.004		1.1093		0.0000		875.891		3.280		12.510		5.546556		13.320
5.006		1.1125		0.0000		875.888		3.283		12.515		5.562391		13.360
5.008		1.1156		0.0000		875.885		3.286		12.520		5.578227		13.400
5.010		1.1188		0.0000		875.882		3.290		12.525		5.594063		13.440
5.012		1.1223		0.0000		875.878		3.293		12.530		5.611276		13.480
5.016		1.1261		0.0000		875.874		3.297		12.540		5.630553		13.520
5.022		1.1298		0.0000		875.871		3.301		12.555		5.649142		13.560
5.030		1.1331		0.0000		875.867		3.304		12.575		5.665667		13.600
5.038		1.1362		0.0000		875.864		3.307		12.595		5.680814		13.640
5.042		1.1395		0.0000		875.861		3.310		12.605		5.697337		13.680
5.042		1.1426		0.0000		875.858		3.313		12.605		5.713173		13.720
5.044		1.1459		0.0000		875.854		3.317		12.610		5.729697		13.760
5.046		1.1491		0.0000		875.851		3.320		12.615		5.745533		13.800
5.048		1.1523		0.0000		875.848		3.323		12.620		5.761368		13.840
5.050		1.1556		0.0000		875.845		3.326		12.625		5.777892		13.880
5.052		1.1593		0.0000		875.841		3.330		12.630		5.796481		13.920
5.056		1.1632		0.0000		875.837		3.334		12.640		5.815760		13.960
5.064		1.1665		0.0000		875.834		3.337		12.660		5.832283		14.000
5.072		1.1696		0.0000		875.831		3.340		12.680		5.848119		14.040
5.076		1.1728		0.0000		875.828		3.344		12.690		5.863955		14.080
5.078		1.1761		0.0000		875.824		3.347		12.695		5.880479		14.120
5.080		1.1793		0.0000		875.821		3.350		12.700		5.896315		14.160
5.082		1.1824		0.0000		875.818		3.353		12.705		5.912150		14.200
5.084		1.1856		0.0000		875.815		3.356		12.710		5.927985		14.240
5.086		1.1889		0.0000		875.811		3.360		12.715		5.944510		14.280
5.088		1.1925		0.0000		875.808		3.363		12.720		5.962410		14.320
5.090		1.1963		0.0000		875.804		3.367		12.725		5.981688		14.360
5.096		1.1999		0.0000		875.800		3.371		12.740		5.999589		14.400
5.106		1.2031		0.0000		875.797		3.374		12.765		6.015425		14.440
5.112		1.2063		0.0000		875.794		3.377		12.780		6.031260		14.480
5.112		1.2094		0.0000		875.791		3.380		12.780		6.047095		14.520
5.114		1.2127		0.0000		875.788		3.384		12.785		6.063620		14.560
5.116		1.2159		0.0000		875.784		3.387		12.790		6.079455		14.600
5.118		1.2191		0.0000		875.781		3.390		12.795		6.095290		14.640
5.120		1.2224		0.0000		875.778		3.393		12.800		6.111815		14.680
5.122		1.2257		0.0000		875.775		3.397		12.805		6.128339		14.720
5.124		1.2294		0.0000		875.771		3.400		12.810		6.146928		14.760
5.128		1.2332		0.0000		875.767		3.404		12.820		6.166206		14.800
5.138		1.2365		0.0000		875.764		3.407		12.845		6.182730		14.840
5.144		1.2397		0.0000		875.761		3.411		12.860		6.198566		14.880
5.148		1.2429		0.0000		875.758		3.414		12.870		6.214400		14.920
5.148		1.2460		0.0000		875.754		3.417		12.870		6.230236		14.960
5.150		1.2492		0.0000		875.751		3.420		12.875		6.246072		15.000
5.150		1.2524		0.0000		875.748		3.423		12.875		6.261908		15.040
5.152		1.2557		0.0000		875.745		3.427		12.880		6.278431		15.080
5.152		1.2589		0.0000		875.742		3.430		12.880		6.294267		15.120
5.154		1.2626		0.0000		875.738		3.433		12.885		6.312857		15.160
5.158		1.2666		0.0000		875.734		3.437		12.895		6.332823		15.200
5.164		1.2700		0.0000		875.730		3.441		12.910		6.350036		15.240
5.174		1.2730		0.0000		875.727		3.444		12.935		6.365182		15.280
5.178		1.2762		0.0000		875.724		3.447		12.945		6.381018		15.320
5.178		1.2794		0.0000		875.721		3.450		12.945		6.396854		15.360
5.178		1.2827		0.0000		875.718		3.454		12.945		6.413378		15.400
5.180		1.2858		0.0000		875.715		3.457		12.950		6.429214		15.440
5.182		1.2890		0.0000		875.711		3.460		12.955		6.445049		15.480
5.182		1.2923		0.0000		875.708		3.463		12.955		6.461573		15.520
5.184		1.2958		0.0000		875.705		3.467		12.960		6.478786		15.560
5.186		1.2998		0.0000		875.701		3.471		12.965		6.498752		15.600
5.192		1.3033		0.0000		875.697		3.474		12.980		6.516652		15.640
5.200		1.3065		0.0000		875.694		3.477		13.000		6.532488		15.680
5.206		1.3097		0.0000		875.691		3.481		13.015		6.548324		15.720
5.206		1.3128		0.0000		875.688		3.484		13.015		6.564159		15.760
5.206		1.3161		0.0000		875.684		3.487		13.015		6.580683		15.800
5.206		1.3193		0.0000		875.681		3.490		13.015		6.596519		15.840
5.208		1.3225		0.0000		875.678		3.493		13.020		6.612354		15.880
5.208		1.3256		0.0000		875.675		3.496		13.020		6.628189		15.920
5.210		1.3291		0.0000		875.671		3.500		13.025		6.645402		15.960
5.212		1.3329		0.0000		875.667		3.504		13.030		6.664680		16.000
5.216		1.3367		0.0000		875.664		3.507		13.040		6.683270		16.040
5.224		1.3400		0.0000		875.660		3.511		13.060		6.699793		16.080
5.232		1.3430		0.0000		875.657		3.514		13.080		6.714940		16.120
5.232		1.3462		0.0000		875.654		3.517		13.080		6.730776		16.160
5.232		1.3495		0.0000		875.651		3.520		13.080		6.747301		16.200
5.234		1.3528		0.0000		875.648		3.524		13.085		6.763824		16.240
5.236		1.3558		0.0000		875.645		3.527		13.090		6.778971		16.280
5.236		1.3591		0.0000		875.641		3.530		13.090		6.795495		16.320
5.238		1.3623		0.0000		875.638		3.533		13.095		6.811330		16.360
5.240		1.3661		0.0000		875.634		3.537		13.100		6.830609		16.400
5.242		1.3698		0.0000		875.630		3.541		13.105		6.849198		16.440
5.250		1.3733		0.0000		875.627		3.544		13.125		6.866411		16.480
5.258		1.3764		0.0000		875.624		3.547		13.145		6.882246		16.520
5.260		1.3796		0.0000		875.621		3.550		13.150		6.898081		16.560
5.260		1.3829		0.0000		875.617		3.554		13.150		6.914606		16.600
5.260		1.3861		0.0000		875.614		3.557		13.150		6.930441		16.640
5.262		1.3893		0.0000		875.611		3.560		13.155		6.946277		16.680
5.262		1.3924		0.0000		875.608		3.563		13.155		6.962112		16.720
5.264		1.3956		0.0000		875.605		3.566		13.160		6.977948		16.760
5.264		1.3993		0.0000		875.601		3.570		13.160		6.996537		16.800
5.266		1.4032		0.0000		875.597		3.574		13.165		7.015815		16.840
5.272		1.4067		0.0000		875.594		3.578		13.180		7.033716		16.880
5.282		1.4099		0.0000		875.590		3.581		13.205		7.049551		16.920
5.286		1.4129		0.0000		875.587		3.584		13.215		7.064699		16.960
5.286		1.4162		0.0000		875.584		3.587		13.215		7.081223		17.000
5.286		1.4195		0.0000		875.581		3.590		13.215		7.097746		17.040
5.288		1.4227		0.0000		875.578		3.594		13.220		7.113582		17.080
5.288		1.4259		0.0000		875.574		3.597		13.220		7.129417		17.120
5.288		1.4291		0.0000		875.571		3.600		13.220		7.145253		17.160
5.290		1.4325		0.0000		875.568		3.603		13.225		7.162466		17.200
5.290		1.4363		0.0000		875.564		3.607		13.225		7.181744		17.240
5.296		1.4401		0.0000		875.560		3.611		13.240		7.200333		17.280
5.304		1.4432		0.0000		875.557		3.614		13.260		7.216168		17.320
5.310		1.4465		0.0000		875.554		3.617		13.275		7.232692		17.360
5.312		1.4497		0.0000		875.551		3.621		13.280		7.248528		17.400
5.312		1.4529		0.0000		875.547		3.624		13.280		7.264364		17.440
5.312		1.4560		0.0000		875.544		3.627		13.280		7.280200		17.480
5.314		1.4592		0.0000		875.541		3.630		13.285		7.296034		17.520
5.314		1.4625		0.0000		875.538		3.633		13.285		7.312559		17.560
5.314		1.4658		0.0000		875.535		3.637		13.285		7.329082		17.600
5.316		1.4695		0.0000		875.531		3.640		13.290		7.347672		17.640
5.320		1.4734		0.0000		875.527		3.644		13.300		7.366951		17.680
5.326		1.4767		0.0000		875.524		3.648		13.315		7.383474		17.720
5.334		1.4799		0.0000		875.521		3.651		13.335		7.399310		17.760
5.336		1.4830		0.0000		875.517		3.654		13.340		7.415146		17.800
5.336		1.4863		0.0000		875.514		3.657		13.340		7.431669		17.840
5.336		1.4895		0.0000		875.511		3.660		13.340		7.447505		17.880
5.338		1.4927		0.0000		875.508		3.664		13.345		7.463340		17.920
5.338		1.4958		0.0000		875.505		3.667		13.345		7.479176		17.960
5.338		1.4991		0.0000		875.501		3.670		13.345		7.495700		18.000
5.338		1.5027		0.0000		875.498		3.674		13.345		7.513600		18.040
5.340		1.5066		0.0000		875.494		3.677		13.350		7.532879		18.080
5.348		1.5102		0.0000		875.490		3.681		13.370		7.550779		18.120
5.356		1.5133		0.0000		875.487		3.684		13.390		7.566615		18.160
5.360		1.5165		0.0000		875.484		3.687		13.400		7.582451		18.200
5.360		1.5197		0.0000		875.481		3.690		13.400		7.598286		18.240
5.360		1.5228		0.0000		875.478		3.694		13.400		7.614121		18.280
5.362		1.5260		0.0000		875.474		3.697		13.405		7.629957		18.320
5.362		1.5293		0.0000		875.471		3.700		13.405		7.646481		18.360
5.364		1.5325		0.0000		875.468		3.703		13.410		7.662316		18.400
5.364		1.5359		0.0000		875.464		3.707		13.410		7.679529		18.440
5.366		1.5398		0.0000		875.461		3.711		13.415		7.698807		18.480
5.372		1.5435		0.0000		875.457		3.714		13.430		7.717396		18.520
5.380		1.5466		0.0000		875.454		3.717		13.450		7.733232		18.560
5.386		1.5498		0.0000		875.451		3.721		13.465		7.749067		18.600
5.386		1.5531		0.0000		875.447		3.724		13.465		7.765591		18.640
5.386		1.5563		0.0000		875.444		3.727		13.465		7.781427		18.680
5.386		1.5595		0.0000		875.441		3.730		13.465		7.797263		18.720
5.388		1.5626		0.0000		875.438		3.733		13.470		7.813098		18.760
5.388		1.5658		0.0000		875.435		3.737		13.470		7.828933		18.800
5.388		1.5692		0.0000		875.431		3.740		13.470		7.846146		18.840
5.388		1.5731		0.0000		875.427		3.744		13.470		7.865424		18.880
5.394		1.5768		0.0000		875.424		3.748		13.485		7.884014		18.920
5.400		1.5801		0.0000		875.420		3.751		13.500		7.900537		18.960
5.408		1.5833		0.0000		875.417		3.754		13.520		7.916373		19.000
5.412		1.5864		0.0000		875.414		3.757		13.530		7.932209		19.040
5.412		1.5897		0.0000		875.411		3.761		13.530		7.948732		19.080
5.412		1.5929		0.0000		875.407		3.764		13.530		7.964568		19.120
5.412		1.5961		0.0000		875.404		3.767		13.530		7.980404		19.160
5.414		1.5992		0.0000		875.401		3.770		13.535		7.996240		19.200
5.414		1.6026		0.0000		875.398		3.773		13.535		8.012763		19.240
5.414		1.6063		0.0000		875.394		3.777		13.535		8.031353		19.280
5.416		1.6100		0.0000		875.390		3.781		13.540		8.049942		19.320
5.422		1.6136		0.0000		875.387		3.784		13.555		8.067842		19.360
5.430		1.6166		0.0000		875.384		3.787		13.575		8.082991		19.400
5.436		1.6198		0.0000		875.381		3.791		13.590		8.098825		19.440
5.434		1.6231		0.0000		875.377		3.794		13.585		8.115350		19.480
5.434		1.6264		0.0000		875.374		3.797		13.585		8.131874		19.520
5.436		1.6295		0.0000		875.371		3.800		13.590		8.147709		19.560
5.436		1.6327		0.0000		875.368		3.804		13.590		8.163546		19.600
5.436		1.6359		0.0000		875.365		3.807		13.590		8.179379		19.640
5.436		1.6395		0.0000		875.361		3.810		13.590		8.197281		19.680
5.438		1.6432		0.0000		875.357		3.814		13.595		8.215871		19.720
5.444		1.6469		0.0000		875.353		3.818		13.610		8.234461		19.760
5.450		1.6501		0.0000		875.350		3.821		13.625		8.250296		19.800
5.456		1.6532		0.0000		875.347		3.824		13.640		8.266130		19.840
5.458		1.6565		0.0000		875.344		3.827		13.645		8.282656		19.880
5.456		1.6597		0.0000		875.341		3.831		13.640		8.298491		19.920
5.458		1.6629		0.0000		875.338		3.834		13.645		8.314325		19.960
5.458		1.6660		0.0000		875.334		3.837		13.645		8.330162		20.000
5.458		1.6692		0.0000		875.331		3.840		13.645		8.345997		20.040
5.458		1.6726		0.0000		875.328		3.843		13.645		8.363210		20.080
5.460		1.6764		0.0000		875.324		3.847		13.650		8.381800		20.120
5.462		1.6802		0.0000		875.320		3.851		13.655		8.401077		20.160
5.470		1.6835		0.0000		875.317		3.854		13.675		8.417602		20.200
5.476		1.6867		0.0000		875.314		3.858		13.690		8.433436		20.240
5.478		1.6899		0.0000		875.310		3.861		13.695		8.449272		20.280
5.476		1.6932		0.0000		875.307		3.864		13.690		8.465796		20.320
5.476		1.6963		0.0000		875.304		3.867		13.690		8.481631		20.360
5.476		1.6995		0.0000		875.301		3.870		13.690		8.497467		20.400
5.476		1.7027		0.0000		875.298		3.874		13.690		8.513303		20.440
5.476		1.7060		0.0000		875.294		3.877		13.690		8.529826		20.480
5.478		1.7095		0.0000		875.291		3.880		13.695		8.547728		20.520
5.480		1.7134		0.0000		875.287		3.884		13.700		8.567005		20.560
5.486		1.7170		0.0000		875.283		3.888		13.715		8.584908		20.600
5.494		1.7200		0.0000		875.280		3.891		13.735		8.600054		20.640
5.496		1.7233		0.0000		875.277		3.894		13.740		8.616577		20.680
5.496		1.7265		0.0000		875.274		3.897		13.740		8.632413		20.720
5.496		1.7296		0.0000		875.271		3.900		13.740		8.648249		20.760
5.496		1.7328		0.0000		875.268		3.904		13.740		8.664084		20.800
5.496		1.7360		0.0000		875.264		3.907		13.740		8.679919		20.840
5.496		1.7393		0.0000		875.261		3.910		13.740		8.696444		20.880
5.496		1.7429		0.0000		875.258		3.914		13.740		8.714344		20.920
5.496		1.7466		0.0000		875.254		3.917		13.740		8.732934		20.960
5.502		1.7503		0.0000		875.250		3.921		13.755		8.751524		21.000
5.510		1.7535		0.0000		875.247		3.924		13.775		8.767359		21.040
5.514		1.7566		0.0000		875.244		3.927		13.785		8.783195		21.080
5.516		1.7598		0.0000		875.241		3.931		13.790		8.799029		21.120
5.514		1.7631		0.0000		875.237		3.934		13.785		8.815555		21.160
5.514		1.7663		0.0000		875.234		3.937		13.785		8.831390		21.200
5.516		1.7694		0.0000		875.231		3.940		13.790		8.847225		21.240
5.516		1.7727		0.0000		875.228		3.944		13.790		8.863750		21.280
5.516		1.7761		0.0000		875.224		3.947		13.790		8.880273		21.320
5.516		1.7798		0.0000		875.221		3.951		13.790		8.898863		21.360
5.520		1.7836		0.0000		875.217		3.954		13.800		8.918141		21.400
5.526		1.7869		0.0000		875.213		3.958		13.815		8.934665		21.440
5.532		1.7901		0.0000		875.210		3.961		13.830		8.950500		21.480
5.534		1.7933		0.0000		875.207		3.964		13.835		8.966335		21.520
5.534		1.7964		0.0000		875.204		3.967		13.835		8.982171		21.560
5.534		1.7997		0.0000		875.201		3.971		13.835		8.998695		21.600
5.534		1.8029		0.0000		875.197		3.974		13.835		9.014530		21.640
5.534		1.8061		0.0000		875.194		3.977		13.835		9.030366		21.680
5.536		1.8092		0.0000		875.191		3.980		13.840		9.046202		21.720
5.536		1.8130		0.0000		875.187		3.984		13.840		9.064791		21.760
5.538		1.8170		0.0000		875.183		3.988		13.845		9.084758		21.800
5.544		1.8204		0.0000		875.180		3.991		13.860		9.101971		21.840
5.552		1.8234		0.0000		875.177		3.994		13.880		9.117117		21.880
5.556		1.8266		0.0000		875.174		3.997		13.890		9.132953		21.920
5.556		1.8299		0.0000		875.170		4.001		13.890		9.149476		21.960
5.554		1.8331		0.0000		875.167		4.004		13.885		9.165312		22.000
5.554		1.8362		0.0000		875.164		4.007		13.885		9.181148		22.040
5.554		1.8395		0.0000		875.161		4.010		13.885		9.197673		22.080
5.554		1.8427		0.0000		875.158		4.014		13.885		9.213506		22.120
5.554		1.8461		0.0000		875.154		4.017		13.885		9.230720		22.160
5.556		1.8500		0.0000		875.150		4.021		13.890		9.249998		22.200
5.562		1.8537		0.0000		875.147		4.025		13.905		9.268588		22.240
5.568		1.8569		0.0000		875.143		4.028		13.920		9.284424		22.280
5.574		1.8601		0.0000		875.140		4.031		13.935		9.300257		22.320
5.574		1.8634		0.0000		875.137		4.034		13.935		9.316782		22.360
5.574		1.8665		0.0000		875.134		4.037		13.935		9.332618		22.400
5.574		1.8697		0.0000		875.131		4.041		13.935		9.348454		22.440
5.574		1.8729		0.0000		875.128		4.044		13.935		9.364289		22.480
5.574		1.8760		0.0000		875.124		4.047		13.935		9.380125		22.520
5.572		1.8795		0.0000		875.121		4.050		13.930		9.397336		22.560
5.574		1.8833		0.0000		875.117		4.054		13.935		9.416615		22.600
5.578		1.8870		0.0000		875.113		4.058		13.945		9.435205		22.640
5.584		1.8903		0.0000		875.110		4.061		13.960		9.451729		22.680
5.590		1.8935		0.0000		875.107		4.064		13.975		9.467563		22.720
5.592		1.8967		0.0000		875.104		4.068		13.980		9.483398		22.760
5.590		1.8998		0.0000		875.101		4.071		13.975		9.499234		22.800
5.590		1.9030		0.0000		875.097		4.074		13.975		9.515070		22.840
5.590		1.9063		0.0000		875.094		4.077		13.975		9.531594		22.880
5.590		1.9095		0.0000		875.091		4.080		13.975		9.547430		22.920
5.588		1.9128		0.0000		875.088		4.084		13.970		9.563952		22.960
5.588		1.9165		0.0000		875.084		4.087		13.970		9.582542		23.000
5.592		1.9202		0.0000		875.080		4.091		13.980		9.601131		23.040
5.598		1.9237		0.0000		875.077		4.095		13.995		9.618345		23.080
5.604		1.9270		0.0000		875.073		4.098		14.010		9.634871		23.120
5.608		1.9301		0.0000		875.070		4.101		14.020		9.650703		23.160
5.606		1.9333		0.0000		875.067		4.104		14.015		9.666539		23.200
5.606		1.9365		0.0000		875.064		4.107		14.015		9.682375		23.240
5.606		1.9396		0.0000		875.061		4.110		14.015		9.698211		23.280
5.606		1.9428		0.0000		875.058		4.114		14.015		9.714046		23.320
5.606		1.9460		0.0000		875.054		4.117		14.015		9.729882		23.360
5.606		1.9497		0.0000		875.051		4.121		14.015		9.748472		23.400
5.606		1.9536		0.0000		875.047		4.124		14.015		9.767751		23.440
5.610		1.9571		0.0000		875.043		4.128		14.025		9.785651		23.480
5.618		1.9603		0.0000		875.040		4.131		14.045		9.801487		23.520
5.622		1.9636		0.0000		875.037		4.134		14.055		9.818009		23.560
5.622		1.9666		0.0000		875.034		4.137		14.055		9.833158		23.600
5.620		1.9699		0.0000		875.030		4.141		14.050		9.849681		23.640
5.620		1.9731		0.0000		875.027		4.144		14.050		9.865517		23.680
5.620		1.9763		0.0000		875.024		4.147		14.050		9.881352		23.720
5.618		1.9794		0.0000		875.021		4.150		14.045		9.897188		23.760
5.618		1.9829		0.0000		875.017		4.154		14.045		9.914399		23.800
5.618		1.9866		0.0000		875.014		4.157		14.045		9.932989		23.840
5.622		1.9905		0.0000		875.010		4.161		14.055		9.952268		23.880
5.630		1.9938		0.0000		875.007		4.165		14.075		9.968792		23.920
5.634		1.9969		0.0000		875.003		4.168		14.085		9.984628		23.960
5.636		2.0001		0.0000		875.000		4.171		14.090		10.000463		24.000
5.634		2.0033		0.0000		874.997		4.174		14.085		10.016297		24.040
5.634		2.0064		0.0000		874.994		4.177		14.085		10.032133		24.080
5.632		2.0096		0.0000		874.991		4.180		14.080		10.047969		24.120
5.632		2.0128		0.0000		874.988		4.184		14.080		10.063805		24.160
5.630		2.0161		0.0000		874.984		4.187		14.075		10.080329		24.200
5.630		2.0199		0.0000		874.980		4.191		14.075		10.099607		24.240
5.632		2.0238		0.0000		874.977		4.195		14.080		10.118884		24.280
5.638		2.0272		0.0000		874.973		4.198		14.095		10.136098		24.320
5.646		2.0302		0.0000		874.970		4.201		14.115		10.151244		24.360
5.648		2.0334		0.0000		874.967		4.204		14.120		10.167080		24.400
5.646		2.0367		0.0000		874.964		4.208		14.115		10.183602		24.440
5.644		2.0399		0.0000		874.960		4.211		14.110		10.199438		24.480
5.644		2.0431		0.0000		874.957		4.214		14.110		10.215274		24.520
5.644		2.0462		0.0000		874.954		4.217		14.110		10.231110		24.560
5.642		2.0495		0.0000		874.951		4.220		14.105		10.247635		24.600
5.642		2.0531		0.0000		874.947		4.224		14.105		10.265535		24.640
5.642		2.0570		0.0000		874.943		4.228		14.105		10.284814		24.680
5.646		2.0605		0.0000		874.940		4.231		14.115		10.302714		24.720
5.654		2.0637		0.0000		874.937		4.235		14.135		10.318550		24.760
5.658		2.0669		0.0000		874.933		4.238		14.145		10.334386		24.800
5.658		2.0700		0.0000		874.930		4.241		14.145		10.350222		24.840
5.656		2.0733		0.0000		874.927		4.244		14.140		10.366744		24.880
5.656		2.0765		0.0000		874.924		4.247		14.140		10.382580		24.920
5.656		2.0797		0.0000		874.921		4.251		14.140		10.398416		24.960
5.654		2.0829		0.0000		874.918		4.254		14.135		10.414251		25.000
5.654		2.0863		0.0000		874.914		4.257		14.135		10.431462		25.040
5.654		2.0900		0.0000		874.910		4.261		14.135		10.450052		25.080
5.658		2.0939		0.0000		874.906		4.265		14.145		10.469331		25.120
5.666		2.0972		0.0000		874.903		4.268		14.165		10.485855		25.160
5.672		2.1002		0.0000		874.900		4.271		14.180		10.501002		25.200
5.672		2.1035		0.0000		874.897		4.274		14.180		10.517527		25.240
5.670		2.1067		0.0000		874.894		4.278		14.175		10.533362		25.280
5.670		2.1098		0.0000		874.891		4.281		14.175		10.549196		25.320
5.670		2.1130		0.0000		874.887		4.284		14.175		10.565032		25.360
5.670		2.1163		0.0000		874.884		4.287		14.175		10.581556		25.400
5.668		2.1196		0.0000		874.881		4.290		14.170		10.598082		25.440
5.668		2.1232		0.0000		874.877		4.294		14.170		10.615982		25.480
5.670		2.1272		0.0000		874.873		4.298		14.175		10.635947		25.520
5.676		2.1306		0.0000		874.870		4.301		14.190		10.653161		25.560
5.684		2.1337		0.0000		874.867		4.305		14.210		10.668307		25.600
5.686		2.1370		0.0000		874.863		4.308		14.215		10.684833		25.640
5.684		2.1401		0.0000		874.860		4.311		14.210		10.700668		25.680
5.682		2.1433		0.0000		874.857		4.314		14.205		10.716501		25.720
5.682		2.1465		0.0000		874.854		4.317		14.205		10.732337		25.760
5.682		2.1496		0.0000		874.851		4.320		14.205		10.748173		25.800
5.680		2.1528		0.0000		874.848		4.324		14.200		10.764009		25.840
5.680		2.1565		0.0000		874.844		4.327		14.200		10.782598		25.880
5.682		2.1605		0.0000		874.840		4.331		14.205		10.802566		25.920
5.686		2.1640		0.0000		874.836		4.335		14.215		10.819777		25.960
5.694		2.1671		0.0000		874.833		4.338		14.235		10.835613		26.000
5.698		2.1703		0.0000		874.830		4.341		14.245		10.851449		26.040
5.696		2.1736		0.0000		874.827		4.344		14.240		10.867973		26.080
5.694		2.1766		0.0000		874.824		4.347		14.235		10.883121		26.120
5.694		2.1798		0.0000		874.821		4.351		14.235		10.898956		26.160
5.692		2.1831		0.0000		874.817		4.354		14.230		10.915479		26.200
5.692		2.1864		0.0000		874.814		4.357		14.230		10.932003		26.240
5.690		2.1898		0.0000		874.811		4.361		14.225		10.949215		26.280
5.690		2.1936		0.0000		874.807		4.364		14.225		10.967804		26.320
5.692		2.1973		0.0000		874.803		4.368		14.230		10.986394		26.360
5.700		2.2006		0.0000		874.800		4.371		14.250		11.002918		26.400
5.704		2.2038		0.0000		874.797		4.375		14.260		11.018754		26.440
5.704		2.2069		0.0000		874.793		4.378		14.260		11.034590		26.480
5.704		2.2101		0.0000		874.790		4.381		14.260		11.050426		26.520
5.702		2.2133		0.0000		874.787		4.384		14.255		11.066261		26.560
5.700		2.2166		0.0000		874.784		4.387		14.250		11.082784		26.600
5.700		2.2197		0.0000		874.781		4.391		14.250		11.098619		26.640
5.698		2.2229		0.0000		874.777		4.394		14.245		11.114455		26.680
5.696		2.2269		0.0000		874.773		4.398		14.240		11.134423		26.720
5.698		2.2306		0.0000		874.770		4.401		14.245		11.153012		26.760
5.704		2.2340		0.0000		874.766		4.405		14.260		11.170224		26.800
5.712		2.2372		0.0000		874.763		4.408		14.280		11.186060		26.840
5.712		2.2404		0.0000		874.760		4.411		14.280		11.201896		26.880
5.710		2.2435		0.0000		874.757		4.414		14.275		11.217731		26.920
5.710		2.2467		0.0000		874.754		4.418		14.275		11.233567		26.960
5.708		2.2499		0.0000		874.750		4.421		14.270		11.249403		27.000
5.708		2.2530		0.0000		874.747		4.424		14.270		11.265236		27.040
5.706		2.2564		0.0000		874.744		4.427		14.265		11.281761		27.080
5.704		2.2599		0.0000		874.740		4.431		14.260		11.299662		27.120
5.706		2.2638		0.0000		874.737		4.435		14.265		11.318940		27.160
5.710		2.2674		0.0000		874.733		4.438		14.275		11.336841		27.200
5.718		2.2705		0.0000		874.730		4.441		14.295		11.352676		27.240
5.720		2.2737		0.0000		874.727		4.445		14.300		11.368512		27.280
5.718		2.2769		0.0000		874.724		4.448		14.295		11.384348		27.320
5.716		2.2800		0.0000		874.720		4.451		14.290		11.400184		27.360
5.714		2.2833		0.0000		874.717		4.454		14.285		11.416708		27.400
5.714		2.2864		0.0000		874.714		4.457		14.285		11.431855		27.440
5.712		2.2897		0.0000		874.711		4.461		14.280		11.448378		27.480
5.712		2.2931		0.0000		874.707		4.464		14.280		11.465591		27.520
5.710		2.2970		0.0000		874.703		4.468		14.275		11.484870		27.560
5.714		2.3007		0.0000		874.700		4.472		14.285		11.503459		27.600
5.722		2.3040		0.0000		874.696		4.475		14.305		11.519981		27.640
5.726		2.3070		0.0000		874.693		4.478		14.315		11.535129		27.680
5.724		2.3103		0.0000		874.690		4.481		14.310		11.551653		27.720
5.722		2.3136		0.0000		874.687		4.484		14.305		11.568178		27.760
5.720		2.3168		0.0000		874.684		4.488		14.300		11.584014		27.800
5.718		2.3200		0.0000		874.680		4.491		14.295		11.599847		27.840
5.716		2.3230		0.0000		874.677		4.494		14.290		11.614996		27.880
5.714		2.3264		0.0000		874.674		4.497		14.285		11.632208		27.920
5.714		2.3302		0.0000		874.670		4.501		14.285		11.650797		27.960
5.716		2.3340		0.0000		874.666		4.505		14.290		11.670075		28.000
5.722		2.3375		0.0000		874.663		4.508		14.305		11.687287		28.040
5.728		2.3406		0.0000		874.660		4.511		14.320		11.703123		28.080
5.728		2.3438		0.0000		874.657		4.515		14.320		11.718959		28.120
5.726		2.3468		0.0000		874.654		4.518		14.315		11.734105		28.160
5.724		2.3501		0.0000		874.650		4.521		14.310		11.750630		28.200
5.722		2.3533		0.0000		874.647		4.524		14.305		11.766466		28.240
5.720		2.3565		0.0000		874.644		4.527		14.300		11.782302		28.280
5.718		2.3598		0.0000		874.641		4.531		14.295		11.798824		28.320
5.716		2.3633		0.0000		874.637		4.534		14.290		11.816725		28.360
5.718		2.3673		0.0000		874.633		4.538		14.295		11.836692		28.400
5.722		2.3709		0.0000		874.629		4.542		14.305		11.854592		28.440
5.730		2.3738		0.0000		874.627		4.545		14.325		11.869053		28.480
5.732		2.3771		0.0000		874.623		4.548		14.330		11.885575		28.520
5.730		2.3803		0.0000		874.620		4.551		14.325		11.901411		28.560
5.728		2.3836		0.0000		874.617		4.554		14.320		11.917935		28.600
5.726		2.3868		0.0000		874.614		4.558		14.315		11.933771		28.640
5.726		2.3899		0.0000		874.610		4.561		14.315		11.949607		28.680
5.724		2.3931		0.0000		874.607		4.564		14.310		11.965441		28.720
5.722		2.3965		0.0000		874.604		4.567		14.305		11.982655		28.760
5.722		2.4005		0.0000		874.600		4.571		14.305		12.002620		28.800
5.726		2.4042		0.0000		874.596		4.575		14.315		12.021209		28.840
5.732		2.4074		0.0000		874.593		4.578		14.330		12.037045		28.880
5.736		2.4106		0.0000		874.590		4.581		14.340		12.052880		28.920
5.734		2.4137		0.0000		874.587		4.585		14.335		12.068716		28.960
5.732		2.4169		0.0000		874.583		4.588		14.330		12.084552		29.000
5.730		2.4201		0.0000		874.580		4.591		14.325		12.100388		29.040
5.728		2.4234		0.0000		874.577		4.594		14.320		12.116913		29.080
5.726		2.4265		0.0000		874.574		4.597		14.315		12.132746		29.120
5.724		2.4297		0.0000		874.571		4.601		14.310		12.148582		29.160
5.722		2.4337		0.0000		874.567		4.605		14.305		12.168550		29.200
5.724		2.4376		0.0000		874.563		4.608		14.310		12.187828		29.240
5.730		2.4409		0.0000		874.560		4.612		14.325		12.204350		29.280
5.736		2.4440		0.0000		874.556		4.615		14.340		12.220186		29.320
5.734		2.4472		0.0000		874.553		4.618		14.335		12.236022		29.360
5.730		2.4504		0.0000		874.550		4.621		14.325		12.251858		29.400
5.728		2.4535		0.0000		874.547		4.624		14.320		12.267694		29.440
5.726		2.4567		0.0000		874.544		4.628		14.315		12.283529		29.480
5.722		2.4599		0.0000		874.540		4.631		14.305		12.299365		29.520
5.720		2.4630		0.0000		874.537		4.634		14.300		12.315201		29.560
5.718		2.4669		0.0000		874.533		4.638		14.295		12.334476		29.600
5.718		2.4706		0.0000		874.530		4.641		14.295		12.353066		29.640
5.720		2.4742		0.0000		874.526		4.645		14.300		12.370969		29.680
5.726		2.4774		0.0000		874.523		4.648		14.315		12.386803		29.720
5.728		2.4805		0.0000		874.520		4.651		14.320		12.402638		29.760
5.724		2.4838		0.0000		874.517		4.655		14.310		12.419163		29.800
5.722		2.4870		0.0000		874.513		4.658		14.305		12.434999		29.840
5.718		2.4902		0.0000		874.510		4.661		14.295		12.450834		29.880
5.716		2.4933		0.0000		874.507		4.664		14.290		12.466670		29.920
5.712		2.4965		0.0000		874.504		4.667		14.280		12.482506		29.960
5.710		2.4999		0.0000		874.500		4.671		14.275		12.499718		30.000
5.708		2.5038		0.0000		874.497		4.675		14.270		12.518996		30.040
5.712		2.5075		0.0000		874.493		4.678		14.280		12.537585		30.080
5.718		2.5108		0.0000		874.490		4.682		14.295		12.554111		30.120
5.720		2.5139		0.0000		874.487		4.685		14.300		12.569257		30.160
5.718		2.5172		0.0000		874.483		4.688		14.295		12.585779		30.200
5.716		2.5203		0.0000		874.480		4.691		14.290		12.601615		30.240
5.714		2.5235		0.0000		874.477		4.694		14.285		12.617451		30.280
5.712		2.5267		0.0000		874.474		4.697		14.280		12.633286		30.320
5.708		2.5300		0.0000		874.470		4.701		14.270		12.649812		30.360
5.706		2.5333		0.0000		874.467		4.704		14.265		12.666334		30.400
5.704		2.5371		0.0000		874.463		4.708		14.260		12.685613		30.440
5.704		2.5410		0.0000		874.459		4.712		14.260		12.704891		30.480
5.710		2.5443		0.0000		874.456		4.715		14.275		12.721416		30.520
5.714		2.5474		0.0000		874.453		4.718		14.285		12.737249		30.560
5.714		2.5506		0.0000		874.450		4.721		14.285		12.753085		30.600
5.710		2.5538		0.0000		874.447		4.725		14.275		12.768921		30.640
5.706		2.5570		0.0000		874.443		4.728		14.265		12.784757		30.680
5.704		2.5601		0.0000		874.440		4.731		14.260		12.800592		30.720
5.702		2.5631		0.0000		874.437		4.734		14.255		12.815739		30.760
5.700		2.5666		0.0000		874.434		4.737		14.250		12.832952		30.800
5.698		2.5703		0.0000		874.430		4.741		14.245		12.851542		30.840
5.696		2.5742		0.0000		874.426		4.745		14.240		12.870818		30.880
5.702		2.5777		0.0000		874.423		4.749		14.255		12.888721		30.920
5.708		2.5806		0.0000		874.420		4.751		14.270		12.903179		30.960
5.708		2.5839		0.0000		874.416		4.755		14.270		12.919703		31.000
5.704		2.5872		0.0000		874.413		4.758		14.260		12.936226		31.040
5.702		2.5904		0.0000		874.410		4.761		14.255		12.952062		31.080
5.698		2.5936		0.0000		874.407		4.764		14.245		12.967897		31.120
5.696		2.5967		0.0000		874.404		4.768		14.240		12.983733		31.160
5.692		2.5999		0.0000		874.400		4.771		14.230		12.999569		31.200
5.690		2.6035		0.0000		874.397		4.774		14.225		13.017469		31.240
5.690		2.6073		0.0000		874.393		4.778		14.225		13.036748		31.280
5.692		2.6111		0.0000		874.389		4.782		14.230		13.055338		31.320
5.698		2.6142		0.0000		874.386		4.785		14.245		13.071174		31.360
5.700		2.6174		0.0000		874.383		4.788		14.250		13.087009		31.400
5.698		2.6204		0.0000		874.380		4.791		14.245		13.102156		31.440
5.694		2.6237		0.0000		874.377		4.795		14.235		13.118678		31.480
5.690		2.6269		0.0000		874.373		4.798		14.225		13.134514		31.520
5.688		2.6301		0.0000		874.370		4.801		14.220		13.150350		31.560
5.686		2.6334		0.0000		874.367		4.804		14.215		13.166875		31.600
5.682		2.6365		0.0000		874.364		4.807		14.205		13.182711		31.640
5.680		2.6405		0.0000		874.360		4.811		14.200		13.202676		31.680
5.682		2.6444		0.0000		874.356		4.815		14.205		13.221954		31.720
5.688		2.6476		0.0000		874.353		4.818		14.220		13.237790		31.760
5.692		2.6507		0.0000		874.350		4.822		14.230		13.253626		31.800
5.692		2.6539		0.0000		874.346		4.825		14.230		13.269462		31.840
5.688		2.6572		0.0000		874.343		4.828		14.220		13.285984		31.880
5.686		2.6604		0.0000		874.340		4.831		14.215		13.301820		31.920
5.684		2.6634		0.0000		874.337		4.834		14.210		13.316966		31.960
5.680		2.6667		0.0000		874.334		4.838		14.200		13.333491		32.000
5.678		2.6700		0.0000		874.330		4.841		14.195		13.350016		32.040
5.676		2.6737		0.0000		874.327		4.845		14.190		13.368606		32.080
5.676		2.6776		0.0000		874.323		4.848		14.190		13.387881		32.120
5.680		2.6810		0.0000		874.319		4.852		14.200		13.405095		32.160
5.684		2.6842		0.0000		874.316		4.855		14.210		13.420931		32.200
5.686		2.6874		0.0000		874.313		4.858		14.215		13.436767		32.240
5.682		2.6905		0.0000		874.310		4.861		14.205		13.452602		32.280
5.678		2.6937		0.0000		874.307		4.865		14.195		13.468436		32.320
5.676		2.6969		0.0000		874.304		4.868		14.190		13.484272		32.360
5.674		2.7000		0.0000		874.300		4.871		14.185		13.500108		32.400
5.670		2.7032		0.0000		874.297		4.874		14.175		13.515944		32.440
5.666		2.7069		0.0000		874.293		4.878		14.165		13.534533		32.480
5.666		2.7108		0.0000		874.290		4.882		14.165		13.553811		32.520
5.668		2.7145		0.0000		874.286		4.885		14.170		13.572401		32.560
5.674		2.7176		0.0000		874.283		4.888		14.185		13.588237		32.600
5.676		2.7208		0.0000		874.280		4.892		14.190		13.604073		32.640
5.674		2.7240		0.0000		874.276		4.895		14.185		13.619908		32.680
5.670		2.7271		0.0000		874.273		4.898		14.175		13.635741		32.720
5.666		2.7303		0.0000		874.270		4.901		14.165		13.651577		32.760
5.664		2.7335		0.0000		874.267		4.904		14.160		13.667413		32.800
5.660		2.7368		0.0000		874.264		4.908		14.150		13.683938		32.840
5.656		2.7401		0.0000		874.260		4.911		14.140		13.700462		32.880
5.654		2.7439		0.0000		874.256		4.915		14.135		13.719739		32.920
5.654		2.7477		0.0000		874.253		4.919		14.135		13.738328		32.960
5.658		2.7511		0.0000		874.249		4.922		14.145		13.755542		33.000
5.662		2.7543		0.0000		874.246		4.925		14.155		13.771378		33.040
5.660		2.7573		0.0000		874.243		4.928		14.150		13.786525		33.080
5.656		2.7606		0.0000		874.240		4.931		14.140		13.803047		33.120
5.652		2.7636		0.0000		874.237		4.934		14.130		13.818196		33.160
5.648		2.7669		0.0000		874.233		4.938		14.120		13.834719		33.200
5.644		2.7701		0.0000		874.230		4.941		14.110		13.850554		33.240
5.640		2.7734		0.0000		874.227		4.944		14.100		13.867079		33.280
5.636		2.7771		0.0000		874.223		4.948		14.090		13.885669		33.320
5.636		2.7810		0.0000		874.219		4.952		14.090		13.904947		33.360
5.640		2.7846		0.0000		874.216		4.955		14.100		13.922848		33.400
5.644		2.7876		0.0000		874.213		4.958		14.110		13.937994		33.440
5.644		2.7908		0.0000		874.210		4.962		14.110		13.953830		33.480
5.638		2.7939		0.0000		874.206		4.965		14.095		13.969666		33.520
5.634		2.7972		0.0000		874.203		4.968		14.085		13.986188		33.560
5.630		2.8003		0.0000		874.200		4.971		14.075		14.001337		33.600
5.626		2.8036		0.0000		874.197		4.974		14.065		14.017859		33.640
5.622		2.8067		0.0000		874.194		4.978		14.055		14.033695		33.680
5.620		2.8103		0.0000		874.190		4.981		14.050		14.051596		33.720
5.618		2.8140		0.0000		874.186		4.985		14.045		14.070186		33.760
5.618		2.8179		0.0000		874.182		4.989		14.045		14.089464		33.800
5.624		2.8209		0.0000		874.179		4.992		14.060		14.104610		33.840
5.624		2.8241		0.0000		874.176		4.995		14.060		14.120446		33.880
5.620		2.8274		0.0000		874.173		4.998		14.050		14.136971		33.920
5.616		2.8306		0.0000		874.170		5.001		14.040		14.152807		33.960
5.612		2.8337		0.0000		874.167		5.005		14.030		14.168643		34.000
5.608		2.8369		0.0000		874.163		5.008		14.020		14.184476		34.040
5.602		2.8401		0.0000		874.160		5.011		14.005		14.200312		34.080
5.598		2.8435		0.0000		874.157		5.014		13.995		14.217525		34.120
5.596		2.8474		0.0000		874.153		5.018		13.990		14.236804		34.160
5.596		2.8511		0.0000		874.149		5.022		13.990		14.255394		34.200
5.600		2.8544		0.0000		874.146		5.025		14.000		14.271916		34.240
5.604		2.8576		0.0000		874.143		5.028		14.010		14.287752		34.280
5.600		2.8607		0.0000		874.140		5.032		14.000		14.303588		34.320
5.594		2.8640		0.0000		874.136		5.035		13.985		14.320112		34.360
5.590		2.8672		0.0000		874.133		5.038		13.975		14.335948		34.400
5.586		2.8704		0.0000		874.130		5.041		13.965		14.351782		34.440
5.582		2.8735		0.0000		874.127		5.044		13.955		14.367618		34.480
5.578		2.8768		0.0000		874.124		5.048		13.945		14.384142		34.520
5.576		2.8805		0.0000		874.120		5.051		13.940		14.402732		34.560
5.574		2.8844		0.0000		874.116		5.055		13.935		14.422010		34.600
5.578		2.8878		0.0000		874.113		5.059		13.945		14.439221		34.640
5.580		2.8910		0.0000		874.109		5.062		13.950		14.455057		34.680
5.580		2.8942		0.0000		874.106		5.065		13.950		14.470893		34.720
5.574		2.8973		0.0000		874.103		5.068		13.935		14.486729		34.760
5.570		2.9005		0.0000		874.100		5.071		13.925		14.502564		34.800
5.566		2.9037		0.0000		874.097		5.075		13.915		14.518400		34.840
5.562		2.9070		0.0000		874.093		5.078		13.905		14.534923		34.880
5.558		2.9102		0.0000		874.090		5.081		13.895		14.550758		34.920
5.554		2.9137		0.0000		874.087		5.085		13.885		14.568659		34.960
5.552		2.9176		0.0000		874.083		5.088		13.880		14.587937		35.000
5.556		2.9213		0.0000		874.079		5.092		13.890		14.606527		35.040
5.560		2.9243		0.0000		874.076		5.095		13.900		14.621674		35.080
5.562		2.9275		0.0000		874.073		5.098		13.905		14.637509		35.120
5.558		2.9308		0.0000		874.070		5.102		13.895		14.654035		35.160
5.552		2.9340		0.0000		874.066		5.105		13.880		14.669870		35.200
5.548		2.9371		0.0000		874.063		5.108		13.870		14.685706		35.240
5.546		2.9403		0.0000		874.060		5.111		13.865		14.701542		35.280
5.542		2.9435		0.0000		874.057		5.114		13.855		14.717375		35.320
5.538		2.9469		0.0000		874.053		5.118		13.845		14.734589		35.360
5.534		2.9508		0.0000		874.050		5.122		13.835		14.753867		35.400
5.534		2.9545		0.0000		874.046		5.125		13.835		14.772457		35.440
5.538		2.9578		0.0000		874.043		5.129		13.845		14.788980		35.480
5.542		2.9610		0.0000		874.039		5.132		13.855		14.804815		35.520
5.538		2.9641		0.0000		874.036		5.135		13.845		14.820651		35.560
5.534		2.9673		0.0000		874.033		5.138		13.835		14.836487		35.600
5.530		2.9706		0.0000		874.030		5.141		13.825		14.853011		35.640
5.526		2.9738		0.0000		874.027		5.145		13.815		14.868847		35.680
5.522		2.9769		0.0000		874.023		5.148		13.805		14.884681		35.720
5.516		2.9802		0.0000		874.020		5.151		13.790		14.901205		35.760
5.512		2.9840		0.0000		874.016		5.155		13.780		14.919795		35.800
5.512		2.9878		0.0000		874.013		5.159		13.780		14.939074		35.840
5.514		2.9913		0.0000		874.009		5.162		13.785		14.956285		35.880
5.516		2.9944		0.0000		874.006		5.165		13.790		14.972120		35.920
5.514		2.9975		0.0000		874.003		5.168		13.785		14.987267		35.960
5.508		3.0008		0.0000		874.000		5.172		13.770		15.003792		36.000
5.504		3.0039		0.0000		873.996		5.175		13.760		15.019628		36.040
5.500		3.0071		0.0000		873.993		5.178		13.750		15.035463		36.080
5.494		3.0103		0.0000		873.990		5.181		13.735		15.051299		36.120
5.488		3.0136		0.0000		873.987		5.184		13.720		15.067822		36.160
5.484		3.0171		0.0000		873.983		5.188		13.710		15.085725		36.200
5.482		3.0210		0.0000		873.979		5.192		13.705		15.105000		36.240
5.482		3.0247		0.0000		873.976		5.196		13.705		15.123590		36.280
5.484		3.0279		0.0000		873.972		5.199		13.710		15.139426		36.320
5.482		3.0309		0.0000		873.969		5.202		13.705		15.154572		36.360
5.476		3.0342		0.0000		873.966		5.205		13.690		15.171098		36.400
5.470		3.0374		0.0000		873.963		5.208		13.675		15.186934		36.440
5.464		3.0406		0.0000		873.960		5.211		13.660		15.202769		36.480
5.458		3.0437		0.0000		873.957		5.215		13.645		15.218605		36.520
5.452		3.0469		0.0000		873.953		5.218		13.630		15.234441		36.560
5.448		3.0503		0.0000		873.950		5.221		13.620		15.251652		36.600
