数据量:902
试验力		变形		扩展变形		位置		位移		应力		应变		时间
0.010		0.0012		0.0000		876.970		2.448		0.025		0.006196		0.040
0.010		0.0044		0.0000		876.967		2.451		0.025		0.022031		0.080
0.010		0.0076		0.0000		876.963		2.455		0.025		0.037867		0.120
0.012		0.0109		0.0000		876.960		2.458		0.030		0.054392		0.160
0.012		0.0140		0.0000		876.957		2.461		0.030		0.070226		0.200
0.014		0.0174		0.0000		876.954		2.464		0.035		0.086751		0.240
0.014		0.0205		0.0000		876.951		2.468		0.035		0.102587		0.280
0.016		0.0238		0.0000		876.947		2.471		0.040		0.119110		0.320
0.016		0.0274		0.0000		876.944		2.474		0.040		0.137011		0.360
0.018		0.0310		0.0000		876.940		2.478		0.045		0.154912		0.400
0.020		0.0346		0.0000		876.936		2.482		0.050		0.172813		0.440
0.022		0.0377		0.0000		876.933		2.485		0.055		0.188649		0.480
0.024		0.0409		0.0000		876.930		2.488		0.060		0.204484		0.520
0.026		0.0442		0.0000		876.927		2.491		0.065		0.221008		0.560
0.028		0.0475		0.0000		876.924		2.495		0.070		0.237532		0.600
0.032		0.0507		0.0000		876.920		2.498		0.080		0.253367		0.640
0.034		0.0538		0.0000		876.917		2.501		0.085		0.269203		0.680
0.038		0.0571		0.0000		876.914		2.504		0.095		0.285727		0.720
0.040		0.0606		0.0000		876.910		2.508		0.100		0.302939		0.760
0.044		0.0642		0.0000		876.907		2.511		0.110		0.320841		0.800
0.048		0.0679		0.0000		876.903		2.515		0.120		0.339431		0.840
0.054		0.0712		0.0000		876.900		2.518		0.135		0.355954		0.880
0.058		0.0744		0.0000		876.897		2.521		0.145		0.371790		0.920
0.062		0.0775		0.0000		876.893		2.525		0.155		0.387626		0.960
0.068		0.0810		0.0000		876.890		2.528		0.170		0.404837		1.000
0.072		0.0841		0.0000		876.887		2.531		0.180		0.420673		1.040
0.078		0.0873		0.0000		876.884		2.534		0.195		0.436509		1.080
0.082		0.0906		0.0000		876.880		2.538		0.205		0.453032		1.120
0.088		0.0939		0.0000		876.877		2.541		0.220		0.469557		1.160
0.094		0.0975		0.0000		876.874		2.545		0.235		0.487458		1.200
0.102		0.1012		0.0000		876.870		2.548		0.255		0.506047		1.240
0.110		0.1045		0.0000		876.867		2.552		0.275		0.522571		1.280
0.118		0.1078		0.0000		876.863		2.555		0.295		0.539095		1.320
0.124		0.1110		0.0000		876.860		2.558		0.310		0.554931		1.360
0.132		0.1142		0.0000		876.857		2.561		0.330		0.570766		1.400
0.140		0.1176		0.0000		876.853		2.565		0.350		0.587978		1.440
0.150		0.1206		0.0000		876.850		2.568		0.375		0.603125		1.480
0.158		0.1239		0.0000		876.847		2.571		0.395		0.619650		1.520
0.166		0.1272		0.0000		876.844		2.574		0.415		0.636173		1.560
0.176		0.1308		0.0000		876.840		2.578		0.440		0.654075		1.600
0.186		0.1345		0.0000		876.836		2.582		0.465		0.672665		1.640
0.196		0.1380		0.0000		876.833		2.585		0.490		0.689876		1.680
0.208		0.1413		0.0000		876.830		2.588		0.520		0.706401		1.720
0.218		0.1444		0.0000		876.827		2.592		0.545		0.722237		1.760
0.228		0.1476		0.0000		876.823		2.595		0.570		0.738071		1.800
0.238		0.1508		0.0000		876.820		2.598		0.595		0.753907		1.840
0.248		0.1541		0.0000		876.817		2.601		0.620		0.770431		1.880
0.260		0.1574		0.0000		876.814		2.604		0.650		0.786955		1.920
0.270		0.1607		0.0000		876.810		2.608		0.675		0.803479		1.960
0.280		0.1641		0.0000		876.807		2.611		0.700		0.820692		2.000
0.292		0.1677		0.0000		876.803		2.615		0.730		0.838593		2.040
0.304		0.1713		0.0000		876.800		2.618		0.760		0.856494		2.080
0.316		0.1746		0.0000		876.796		2.622		0.790		0.873017		2.120
0.326		0.1778		0.0000		876.793		2.625		0.815		0.888853		2.160
0.336		0.1811		0.0000		876.790		2.628		0.840		0.905377		2.200
0.348		0.1844		0.0000		876.787		2.631		0.870		0.921901		2.240
0.358		0.1875		0.0000		876.783		2.635		0.895		0.937737		2.280
0.370		0.1907		0.0000		876.780		2.638		0.925		0.953572		2.320
0.382		0.1940		0.0000		876.777		2.641		0.955		0.970097		2.360
0.394		0.1973		0.0000		876.774		2.644		0.985		0.986620		2.400
0.408		0.2010		0.0000		876.770		2.648		1.020		1.005210		2.440
0.422		0.2046		0.0000		876.766		2.652		1.055		1.023110		2.480
0.438		0.2081		0.0000		876.763		2.655		1.095		1.040323		2.520
0.452		0.2112		0.0000		876.760		2.658		1.130		1.056159		2.560
0.466		0.2144		0.0000		876.757		2.661		1.165		1.071994		2.600
0.480		0.2177		0.0000		876.753		2.665		1.200		1.088518		2.640
0.494		0.2209		0.0000		876.750		2.668		1.235		1.104354		2.680
0.508		0.2242		0.0000		876.747		2.671		1.270		1.120877		2.720
0.524		0.2273		0.0000		876.744		2.674		1.310		1.136713		2.760
0.538		0.2306		0.0000		876.740		2.678		1.345		1.153237		2.800
0.554		0.2342		0.0000		876.737		2.681		1.385		1.171138		2.840
0.570		0.2378		0.0000		876.733		2.685		1.425		1.189039		2.880
0.588		0.2414		0.0000		876.730		2.688		1.470		1.206940		2.920
0.604		0.2447		0.0000		876.726		2.692		1.510		1.223464		2.960
0.620		0.2479		0.0000		876.723		2.695		1.550		1.239300		3.000
0.634		0.2510		0.0000		876.720		2.698		1.585		1.255136		3.040
0.648		0.2542		0.0000		876.717		2.701		1.620		1.270970		3.080
0.660		0.2576		0.0000		876.713		2.705		1.650		1.288183		3.120
0.674		0.2608		0.0000		876.710		2.708		1.685		1.304018		3.160
0.686		0.2640		0.0000		876.707		2.711		1.715		1.319854		3.200
0.698		0.2676		0.0000		876.703		2.715		1.745		1.337755		3.240
0.714		0.2710		0.0000		876.700		2.718		1.785		1.354967		3.280
0.730		0.2748		0.0000		876.696		2.722		1.825		1.374246		3.320
0.748		0.2780		0.0000		876.693		2.725		1.870		1.390082		3.360
0.766		0.2812		0.0000		876.690		2.728		1.915		1.405916		3.400
0.782		0.2845		0.0000		876.687		2.732		1.955		1.422441		3.440
0.798		0.2877		0.0000		876.683		2.735		1.995		1.438276		3.480
0.816		0.2910		0.0000		876.680		2.738		2.040		1.454800		3.520
0.832		0.2941		0.0000		876.677		2.741		2.080		1.470636		3.560
0.848		0.2973		0.0000		876.674		2.744		2.120		1.486471		3.600
0.866		0.3007		0.0000		876.670		2.748		2.165		1.503683		3.640
0.882		0.3045		0.0000		876.667		2.752		2.205		1.522273		3.680
0.900		0.3080		0.0000		876.663		2.755		2.250		1.540174		3.720
0.920		0.3115		0.0000		876.660		2.759		2.300		1.557387		3.760
0.940		0.3146		0.0000		876.656		2.762		2.350		1.573222		3.800
0.958		0.3178		0.0000		876.653		2.765		2.395		1.589057		3.840
0.976		0.3210		0.0000		876.650		2.768		2.440		1.604893		3.880
0.994		0.3243		0.0000		876.647		2.771		2.485		1.621417		3.920
1.012		0.3276		0.0000		876.643		2.775		2.530		1.637942		3.960
1.030		0.3308		0.0000		876.640		2.778		2.575		1.653776		4.000
1.050		0.3341		0.0000		876.637		2.781		2.625		1.670301		4.040
1.068		0.3376		0.0000		876.633		2.785		2.670		1.688201		4.080
1.088		0.3414		0.0000		876.630		2.788		2.720		1.706791		4.120
1.110		0.3448		0.0000		876.626		2.792		2.775		1.724004		4.160
1.134		0.3480		0.0000		876.623		2.795		2.835		1.739839		4.200
1.154		0.3513		0.0000		876.620		2.798		2.885		1.756363		4.240
1.174		0.3544		0.0000		876.617		2.802		2.935		1.772199		4.280
1.194		0.3577		0.0000		876.613		2.805		2.985		1.788722		4.320
1.216		0.3609		0.0000		876.610		2.808		3.040		1.804558		4.360
1.238		0.3642		0.0000		876.607		2.811		3.095		1.821082		4.400
1.260		0.3675		0.0000		876.604		2.815		3.150		1.837606		4.440
1.282		0.3710		0.0000		876.600		2.818		3.205		1.854819		4.480
1.306		0.3745		0.0000		876.596		2.822		3.265		1.872720		4.520
1.330		0.3781		0.0000		876.593		2.825		3.325		1.890621		4.560
1.358		0.3814		0.0000		876.590		2.828		3.395		1.907145		4.600
1.382		0.3846		0.0000		876.586		2.832		3.455		1.922981		4.640
1.406		0.3879		0.0000		876.583		2.835		3.515		1.939504		4.680
1.430		0.3911		0.0000		876.580		2.838		3.575		1.955340		4.720
1.454		0.3944		0.0000		876.577		2.841		3.635		1.971864		4.760
1.476		0.3974		0.0000		876.574		2.844		3.690		1.987010		4.800
1.500		0.4007		0.0000		876.570		2.848		3.750		2.003535		4.840
1.524		0.4041		0.0000		876.567		2.851		3.810		2.020748		4.880
1.548		0.4079		0.0000		876.563		2.855		3.870		2.039337		4.920
1.574		0.4116		0.0000		876.559		2.859		3.935		2.057927		4.960
1.602		0.4149		0.0000		876.556		2.862		4.005		2.074450		5.000
1.628		0.4181		0.0000		876.553		2.865		4.070		2.090286		5.040
1.652		0.4211		0.0000		876.550		2.868		4.130		2.105433		5.080
1.674		0.4245		0.0000		876.547		2.872		4.185		2.122645		5.120
1.698		0.4277		0.0000		876.543		2.875		4.245		2.138481		5.160
1.722		0.4310		0.0000		876.540		2.878		4.305		2.155005		5.200
1.746		0.4342		0.0000		876.537		2.881		4.365		2.170841		5.240
1.770		0.4375		0.0000		876.534		2.885		4.425		2.187364		5.280
1.794		0.4411		0.0000		876.530		2.888		4.485		2.205265		5.320
1.820		0.4448		0.0000		876.526		2.892		4.550		2.223855		5.360
1.848		0.4482		0.0000		876.523		2.895		4.620		2.241067		5.400
1.876		0.4515		0.0000		876.520		2.899		4.690		2.257591		5.440
1.902		0.4547		0.0000		876.516		2.902		4.755		2.273427		5.480
1.926		0.4579		0.0000		876.513		2.905		4.815		2.289262		5.520
1.950		0.4612		0.0000		876.510		2.908		4.875		2.305787		5.560
1.974		0.4643		0.0000		876.507		2.911		4.935		2.321621		5.600
1.998		0.4675		0.0000		876.504		2.915		4.995		2.337457		5.640
2.022		0.4708		0.0000		876.500		2.918		5.055		2.353982		5.680
2.046		0.4742		0.0000		876.497		2.921		5.115		2.371193		5.720
2.072		0.4781		0.0000		876.493		2.925		5.180		2.390472		5.760
2.100		0.4817		0.0000		876.489		2.929		5.250		2.408372		5.800
2.130		0.4848		0.0000		876.486		2.932		5.325		2.424208		5.840
2.156		0.4880		0.0000		876.483		2.935		5.390		2.440044		5.880
2.182		0.4912		0.0000		876.480		2.938		5.455		2.455879		5.920
2.204		0.4945		0.0000		876.477		2.942		5.510		2.472403		5.960
2.230		0.4978		0.0000		876.473		2.945		5.575		2.488927		6.000
2.254		0.5010		0.0000		876.470		2.948		5.635		2.504762		6.040
2.280		0.5041		0.0000		876.467		2.951		5.700		2.520598		6.080
2.304		0.5076		0.0000		876.463		2.955		5.760		2.537811		6.120
2.330		0.5113		0.0000		876.460		2.958		5.825		2.556400		6.160
2.358		0.5149		0.0000		876.456		2.962		5.895		2.574301		6.200
2.388		0.5183		0.0000		876.453		2.965		5.970		2.591513		6.240
2.418		0.5213		0.0000		876.450		2.968		6.045		2.606660		6.280
2.444		0.5246		0.0000		876.446		2.972		6.110		2.623185		6.320
2.468		0.5279		0.0000		876.443		2.975		6.170		2.639709		6.360
2.494		0.5311		0.0000		876.440		2.978		6.235		2.655544		6.400
2.520		0.5343		0.0000		876.437		2.981		6.300		2.671380		6.440
2.544		0.5374		0.0000		876.434		2.985		6.360		2.687215		6.480
2.568		0.5407		0.0000		876.430		2.988		6.420		2.703739		6.520
2.594		0.5445		0.0000		876.427		2.992		6.485		2.722329		6.560
2.622		0.5482		0.0000		876.423		2.995		6.555		2.740918		6.600
2.652		0.5516		0.0000		876.419		2.999		6.630		2.758131		6.640
2.680		0.5549		0.0000		876.416		3.002		6.700		2.774655		6.680
2.708		0.5580		0.0000		876.413		3.005		6.770		2.789801		6.720
2.730		0.5613		0.0000		876.410		3.008		6.825		2.806326		6.760
2.756		0.5646		0.0000		876.406		3.012		6.890		2.822850		6.800
2.780		0.5677		0.0000		876.403		3.015		6.950		2.838686		6.840
2.806		0.5709		0.0000		876.400		3.018		7.015		2.854520		6.880
2.830		0.5742		0.0000		876.397		3.021		7.075		2.871045		6.920
2.856		0.5777		0.0000		876.393		3.025		7.140		2.888258		6.960
2.882		0.5815		0.0000		876.390		3.029		7.205		2.907535		7.000
2.912		0.5851		0.0000		876.386		3.032		7.280		2.925436		7.040
2.940		0.5883		0.0000		876.383		3.035		7.350		2.941272		7.080
2.968		0.5914		0.0000		876.380		3.038		7.420		2.957107		7.120
2.992		0.5947		0.0000		876.376		3.042		7.480		2.973632		7.160
3.016		0.5979		0.0000		876.373		3.045		7.540		2.989466		7.200
3.040		0.6012		0.0000		876.370		3.048		7.600		3.005991		7.240
3.064		0.6042		0.0000		876.367		3.051		7.660		3.021138		7.280
3.088		0.6075		0.0000		876.363		3.055		7.720		3.037661		7.320
3.114		0.6110		0.0000		876.360		3.058		7.785		3.054874		7.360
3.138		0.6147		0.0000		876.356		3.062		7.845		3.073463		7.400
3.166		0.6184		0.0000		876.353		3.065		7.915		3.092053		7.440
3.196		0.6216		0.0000		876.349		3.069		7.990		3.107889		7.480
3.224		0.6249		0.0000		876.346		3.072		8.060		3.124412		7.520
3.248		0.6280		0.0000		876.343		3.075		8.120		3.140248		7.560
3.272		0.6314		0.0000		876.340		3.078		8.180		3.156772		7.600
3.294		0.6345		0.0000		876.336		3.082		8.235		3.172607		7.640
3.318		0.6377		0.0000		876.333		3.085		8.295		3.188443		7.680
3.342		0.6410		0.0000		876.330		3.088		8.355		3.204967		7.720
3.366		0.6443		0.0000		876.327		3.091		8.415		3.221492		7.760
3.388		0.6479		0.0000		876.323		3.095		8.470		3.239392		7.800
3.414		0.6516		0.0000		876.319		3.099		8.535		3.257982		7.840
3.444		0.6550		0.0000		876.316		3.102		8.610		3.275194		7.880
3.470		0.6582		0.0000		876.313		3.105		8.675		3.291030		7.920
3.494		0.6615		0.0000		876.310		3.109		8.735		3.307554		7.960
3.518		0.6647		0.0000		876.306		3.112		8.795		3.323389		8.000
3.540		0.6680		0.0000		876.303		3.115		8.850		3.339913		8.040
3.562		0.6710		0.0000		876.300		3.118		8.905		3.355060		8.080
3.584		0.6743		0.0000		876.297		3.121		8.960		3.371584		8.120
3.606		0.6775		0.0000		876.294		3.125		9.015		3.387420		8.160
3.628		0.6811		0.0000		876.290		3.128		9.070		3.405321		8.200
3.652		0.6849		0.0000		876.286		3.132		9.130		3.424599		8.240
3.678		0.6885		0.0000		876.283		3.136		9.195		3.442500		8.280
3.704		0.6917		0.0000		876.279		3.139		9.260		3.458335		8.320
3.728		0.6948		0.0000		876.276		3.142		9.320		3.474171		8.360
3.748		0.6980		0.0000		876.273		3.145		9.370		3.490006		8.400
3.768		0.7013		0.0000		876.270		3.148		9.420		3.506531		8.440
3.788		0.7045		0.0000		876.267		3.152		9.470		3.522365		8.480
3.808		0.7078		0.0000		876.263		3.155		9.520		3.538890		8.520
3.828		0.7109		0.0000		876.260		3.158		9.570		3.554726		8.560
3.846		0.7144		0.0000		876.257		3.161		9.615		3.571937		8.600
3.868		0.7181		0.0000		876.253		3.165		9.670		3.590527		8.640
3.890		0.7218		0.0000		876.249		3.169		9.725		3.609116		8.680
3.916		0.7250		0.0000		876.246		3.172		9.790		3.624952		8.720
3.938		0.7283		0.0000		876.243		3.175		9.845		3.641477		8.760
3.956		0.7315		0.0000		876.240		3.179		9.890		3.657311		8.800
3.974		0.7348		0.0000		876.236		3.182		9.935		3.673836		8.840
3.992		0.7379		0.0000		876.233		3.185		9.980		3.689672		8.880
4.010		0.7411		0.0000		876.230		3.188		10.025		3.705506		8.920
4.028		0.7443		0.0000		876.227		3.191		10.070		3.721342		8.960
4.046		0.7476		0.0000		876.223		3.195		10.115		3.737866		9.000
4.064		0.7513		0.0000		876.220		3.198		10.160		3.756455		9.040
4.084		0.7551		0.0000		876.216		3.202		10.210		3.775734		9.080
4.108		0.7585		0.0000		876.213		3.206		10.270		3.792257		9.120
4.130		0.7616		0.0000		876.209		3.209		10.325		3.808093		9.160
4.146		0.7648		0.0000		876.206		3.212		10.365		3.823929		9.200
4.162		0.7681		0.0000		876.203		3.215		10.405		3.840452		9.240
4.176		0.7714		0.0000		876.200		3.218		10.440		3.856977		9.280
4.192		0.7746		0.0000		876.196		3.222		10.480		3.872812		9.320
4.208		0.7777		0.0000		876.193		3.225		10.520		3.888648		9.360
4.222		0.7809		0.0000		876.190		3.228		10.555		3.904483		9.400
4.238		0.7845		0.0000		876.187		3.232		10.595		3.922384		9.440
4.254		0.7883		0.0000		876.183		3.235		10.635		3.941662		9.480
4.274		0.7919		0.0000		876.179		3.239		10.685		3.959563		9.520
4.294		0.7951		0.0000		876.176		3.242		10.735		3.975399		9.560
4.310		0.7982		0.0000		876.173		3.245		10.775		3.991234		9.600
4.324		0.8016		0.0000		876.169		3.249		10.810		4.007758		9.640
4.336		0.8047		0.0000		876.166		3.252		10.840		4.023594		9.680
4.350		0.8079		0.0000		876.163		3.255		10.875		4.039430		9.720
4.364		0.8111		0.0000		876.160		3.258		10.910		4.055265		9.760
4.376		0.8144		0.0000		876.157		3.261		10.940		4.071789		9.800
4.388		0.8178		0.0000		876.153		3.265		10.970		4.089002		9.840
4.402		0.8215		0.0000		876.150		3.269		11.005		4.107591		9.880
4.418		0.8252		0.0000		876.146		3.272		11.045		4.126181		9.920
4.438		0.8285		0.0000		876.142		3.276		11.095		4.142704		9.960
4.454		0.8316		0.0000		876.139		3.279		11.135		4.157851		10.000
4.464		0.8349		0.0000		876.136		3.282		11.160		4.174376		10.040
4.474		0.8382		0.0000		876.133		3.285		11.185		4.190899		10.080
4.486		0.8413		0.0000		876.130		3.288		11.215		4.206735		10.120
4.498		0.8445		0.0000		876.127		3.292		11.245		4.222570		10.160
4.508		0.8477		0.0000		876.123		3.295		11.270		4.238405		10.200
4.518		0.8510		0.0000		876.120		3.298		11.295		4.254930		10.240
4.528		0.8547		0.0000		876.116		3.302		11.320		4.273520		10.280
4.542		0.8586		0.0000		876.112		3.306		11.355		4.292797		10.320
4.558		0.8619		0.0000		876.109		3.309		11.395		4.309321		10.360
4.572		0.8650		0.0000		876.106		3.312		11.430		4.325156		10.400
4.582		0.8683		0.0000		876.103		3.315		11.455		4.341681		10.440
4.590		0.8715		0.0000		876.100		3.319		11.475		4.357517		10.480
4.600		0.8748		0.0000		876.096		3.322		11.500		4.374041		10.520
4.608		0.8778		0.0000		876.093		3.325		11.520		4.389187		10.560
4.616		0.8810		0.0000		876.090		3.328		11.540		4.405023		10.600
4.626		0.8843		0.0000		876.087		3.331		11.565		4.421546		10.640
4.634		0.8880		0.0000		876.083		3.335		11.585		4.440136		10.680
4.644		0.8917		0.0000		876.079		3.339		11.610		4.458725		10.720
4.658		0.8953		0.0000		876.076		3.342		11.645		4.476627		10.760
4.672		0.8985		0.0000		876.073		3.346		11.680		4.492462		10.800
4.682		0.9017		0.0000		876.069		3.349		11.705		4.508297		10.840
4.688		0.9050		0.0000		876.066		3.352		11.720		4.524822		10.880
4.696		0.9081		0.0000		876.063		3.355		11.740		4.540657		10.920
4.704		0.9113		0.0000		876.060		3.358		11.760		4.556493		10.960
4.710		0.9145		0.0000		876.057		3.362		11.775		4.572329		11.000
4.718		0.9178		0.0000		876.053		3.365		11.795		4.588852		11.040
4.726		0.9212		0.0000		876.050		3.368		11.815		4.606065		11.080
4.734		0.9249		0.0000		876.046		3.372		11.835		4.624654		11.120
4.744		0.9286		0.0000		876.042		3.376		11.860		4.643244		11.160
4.758		0.9320		0.0000		876.039		3.379		11.895		4.659767		11.200
4.768		0.9351		0.0000		876.036		3.382		11.920		4.675603		11.240
4.774		0.9383		0.0000		876.033		3.385		11.935		4.691439		11.280
4.778		0.9416		0.0000		876.029		3.389		11.945		4.707962		11.320
4.784		0.9448		0.0000		876.026		3.392		11.960		4.723798		11.360
4.790		0.9479		0.0000		876.023		3.395		11.975		4.739634		11.400
4.796		0.9511		0.0000		876.020		3.398		11.990		4.755469		11.440
4.802		0.9544		0.0000		876.017		3.401		12.005		4.771993		11.480
4.808		0.9581		0.0000		876.013		3.405		12.020		4.790583		11.520
4.818		0.9620		0.0000		876.009		3.409		12.045		4.809861		11.560
4.830		0.9654		0.0000		876.006		3.412		12.075		4.827073		11.600
4.840		0.9684		0.0000		876.003		3.416		12.100		4.842220		11.640
4.846		0.9716		0.0000		875.999		3.419		12.115		4.858055		11.680
4.850		0.9749		0.0000		875.996		3.422		12.125		4.874580		11.720
4.854		0.9781		0.0000		875.993		3.425		12.135		4.890416		11.760
4.860		0.9813		0.0000		875.990		3.428		12.150		4.906250		11.800
4.864		0.9846		0.0000		875.986		3.432		12.160		4.922775		11.840
4.868		0.9877		0.0000		875.983		3.435		12.170		4.938610		11.880
4.872		0.9913		0.0000		875.980		3.438		12.180		4.956511		11.920
4.878		0.9952		0.0000		875.976		3.442		12.195		4.975789		11.960
4.888		0.9987		0.0000		875.972		3.446		12.220		4.993690		12.000
4.898		1.0019		0.0000		875.969		3.449		12.245		5.009526		12.040
4.904		1.0051		0.0000		875.966		3.452		12.260		5.025361		12.080
4.908		1.0082		0.0000		875.963		3.455		12.270		5.041196		12.120
4.912		1.0115		0.0000		875.959		3.459		12.280		5.057721		12.160
4.916		1.0147		0.0000		875.956		3.462		12.290		5.073556		12.200
4.920		1.0179		0.0000		875.953		3.465		12.300		5.089392		12.240
4.922		1.0210		0.0000		875.950		3.468		12.305		5.105227		12.280
4.926		1.0245		0.0000		875.947		3.472		12.315		5.122440		12.320
4.930		1.0283		0.0000		875.943		3.475		12.325		5.141717		12.360
4.940		1.0321		0.0000		875.939		3.479		12.350		5.160307		12.400
4.950		1.0354		0.0000		875.936		3.482		12.375		5.176831		12.440
4.956		1.0384		0.0000		875.933		3.485		12.390		5.191978		12.480
4.960		1.0417		0.0000		875.929		3.489		12.400		5.208502		12.520
4.962		1.0449		0.0000		875.926		3.492		12.405		5.224338		12.560
4.964		1.0482		0.0000		875.923		3.495		12.410		5.240861		12.600
4.968		1.0513		0.0000		875.920		3.498		12.420		5.256697		12.640
4.972		1.0545		0.0000		875.917		3.502		12.430		5.272532		12.680
4.974		1.0578		0.0000		875.913		3.505		12.435		5.289056		12.720
4.978		1.0615		0.0000		875.909		3.509		12.445		5.307646		12.760
4.986		1.0654		0.0000		875.906		3.512		12.465		5.326924		12.800
4.996		1.0687		0.0000		875.902		3.516		12.490		5.343448		12.840
5.002		1.0720		0.0000		875.899		3.519		12.505		5.359973		12.880
5.006		1.0752		0.0000		875.896		3.522		12.515		5.375807		12.920
5.008		1.0783		0.0000		875.893		3.525		12.520		5.391643		12.960
5.010		1.0815		0.0000		875.890		3.529		12.525		5.407479		13.000
5.012		1.0847		0.0000		875.886		3.532		12.530		5.423315		13.040
5.014		1.0878		0.0000		875.883		3.535		12.535		5.439149		13.080
5.016		1.0911		0.0000		875.880		3.538		12.540		5.455674		13.120
5.020		1.0949		0.0000		875.876		3.542		12.550		5.474263		13.160
5.024		1.0986		0.0000		875.872		3.546		12.560		5.492853		13.200
5.034		1.1022		0.0000		875.869		3.549		12.585		5.510754		13.240
5.044		1.1053		0.0000		875.866		3.552		12.610		5.526589		13.280
5.048		1.1085		0.0000		875.863		3.556		12.620		5.542425		13.320
5.048		1.1117		0.0000		875.859		3.559		12.620		5.558261		13.360
5.050		1.1150		0.0000		875.856		3.562		12.625		5.574784		13.400
5.054		1.1181		0.0000		875.853		3.565		12.635		5.590620		13.440
5.056		1.1213		0.0000		875.850		3.568		12.640		5.606455		13.480
5.056		1.1246		0.0000		875.846		3.572		12.640		5.622979		13.520
5.058		1.1280		0.0000		875.843		3.575		12.645		5.640192		13.560
5.062		1.1318		0.0000		875.839		3.579		12.655		5.658782		13.600
5.068		1.1355		0.0000		875.836		3.583		12.670		5.677371		13.640
5.078		1.1386		0.0000		875.832		3.586		12.695		5.693206		13.680
5.082		1.1419		0.0000		875.829		3.589		12.705		5.709730		13.720
5.084		1.1451		0.0000		875.826		3.592		12.710		5.725566		13.760
5.084		1.1483		0.0000		875.823		3.595		12.710		5.741401		13.800
5.086		1.1514		0.0000		875.820		3.599		12.715		5.757236		13.840
5.088		1.1546		0.0000		875.816		3.602		12.720		5.773072		13.880
5.090		1.1579		0.0000		875.813		3.605		12.725		5.789596		13.920
5.090		1.1612		0.0000		875.810		3.608		12.725		5.806121		13.960
5.094		1.1649		0.0000		875.806		3.612		12.735		5.824710		14.000
5.100		1.1688		0.0000		875.802		3.616		12.750		5.843987		14.040
5.108		1.1722		0.0000		875.799		3.619		12.770		5.861200		14.080
5.114		1.1753		0.0000		875.796		3.622		12.785		5.876347		14.120
5.116		1.1784		0.0000		875.793		3.626		12.790		5.892182		14.160
5.116		1.1817		0.0000		875.789		3.629		12.790		5.908706		14.200
5.118		1.1849		0.0000		875.786		3.632		12.795		5.924542		14.240
5.120		1.1881		0.0000		875.783		3.635		12.800		5.940378		14.280
5.122		1.1912		0.0000		875.780		3.638		12.805		5.956213		14.320
5.124		1.1945		0.0000		875.776		3.642		12.810		5.972737		14.360
5.126		1.1981		0.0000		875.773		3.645		12.815		5.990639		14.400
5.130		1.2020		0.0000		875.769		3.649		12.825		6.009916		14.440
5.138		1.2056		0.0000		875.765		3.653		12.845		6.027818		14.480
5.146		1.2087		0.0000		875.762		3.656		12.865		6.043653		14.520
5.150		1.2119		0.0000		875.759		3.659		12.875		6.059488		14.560
5.150		1.2151		0.0000		875.756		3.662		12.875		6.075324		14.600
5.150		1.2184		0.0000		875.753		3.665		12.875		6.091847		14.640
5.152		1.2215		0.0000		875.750		3.669		12.880		6.107683		14.680
5.152		1.2247		0.0000		875.746		3.672		12.880		6.123519		14.720
5.154		1.2279		0.0000		875.743		3.675		12.885		6.139355		14.760
5.154		1.2313		0.0000		875.740		3.678		12.885		6.156566		14.800
5.158		1.2352		0.0000		875.736		3.682		12.895		6.175845		14.840
5.164		1.2390		0.0000		875.732		3.686		12.910		6.195123		14.880
5.174		1.2421		0.0000		875.729		3.689		12.935		6.210270		14.920
5.178		1.2452		0.0000		875.726		3.692		12.945		6.226106		14.960
5.178		1.2485		0.0000		875.722		3.696		12.945		6.242629		15.000
5.178		1.2517		0.0000		875.719		3.699		12.945		6.258465		15.040
5.180		1.2549		0.0000		875.716		3.702		12.950		6.274300		15.080
5.180		1.2582		0.0000		875.713		3.705		12.950		6.290824		15.120
5.182		1.2613		0.0000		875.710		3.708		12.955		6.306660		15.160
5.182		1.2646		0.0000		875.706		3.712		12.955		6.323184		15.200
5.184		1.2685		0.0000		875.703		3.716		12.960		6.342461		15.240
5.190		1.2723		0.0000		875.699		3.719		12.975		6.361740		15.280
5.198		1.2755		0.0000		875.695		3.723		12.995		6.377575		15.320
5.204		1.2787		0.0000		875.692		3.726		13.010		6.393411		15.360
5.204		1.2818		0.0000		875.689		3.729		13.010		6.409245		15.400
5.204		1.2852		0.0000		875.686		3.732		13.010		6.425771		15.440
5.204		1.2883		0.0000		875.683		3.735		13.010		6.441605		15.480
5.206		1.2915		0.0000		875.680		3.739		13.015		6.457441		15.520
5.206		1.2947		0.0000		875.676		3.742		13.015		6.473277		15.560
5.206		1.2980		0.0000		875.673		3.745		13.015		6.489800		15.600
5.208		1.3017		0.0000		875.669		3.749		13.020		6.508389		15.640
5.212		1.3055		0.0000		875.665		3.753		13.030		6.527668		15.680
5.220		1.3090		0.0000		875.662		3.756		13.050		6.544881		15.720
5.228		1.3121		0.0000		875.659		3.759		13.070		6.560717		15.760
5.228		1.3153		0.0000		875.656		3.762		13.070		6.576551		15.800
5.228		1.3185		0.0000		875.653		3.766		13.070		6.592387		15.840
5.228		1.3218		0.0000		875.649		3.769		13.070		6.608912		15.880
5.230		1.3249		0.0000		875.646		3.772		13.075		6.624746		15.920
5.232		1.3281		0.0000		875.643		3.775		13.080		6.640582		15.960
5.232		1.3313		0.0000		875.640		3.778		13.080		6.656418		16.000
5.232		1.3349		0.0000		875.636		3.782		13.080		6.674318		16.040
5.236		1.3386		0.0000		875.632		3.786		13.090		6.692908		16.080
5.242		1.3423		0.0000		875.629		3.789		13.105		6.711497		16.120
5.250		1.3456		0.0000		875.625		3.793		13.125		6.728022		16.160
5.254		1.3488		0.0000		875.622		3.796		13.135		6.743856		16.200
5.254		1.3519		0.0000		875.619		3.799		13.135		6.759692		16.240
5.256		1.3551		0.0000		875.616		3.802		13.140		6.775528		16.280
5.256		1.3583		0.0000		875.613		3.805		13.140		6.791364		16.320
5.256		1.3614		0.0000		875.610		3.809		13.140		6.807199		16.360
5.256		1.3646		0.0000		875.606		3.812		13.140		6.823034		16.400
5.258		1.3682		0.0000		875.603		3.815		13.145		6.840936		16.440
5.260		1.3718		0.0000		875.599		3.819		13.150		6.858836		16.480
5.266		1.3756		0.0000		875.595		3.823		13.165		6.878115		16.520
5.274		1.3791		0.0000		875.592		3.826		13.185		6.895328		16.560
5.280		1.3821		0.0000		875.589		3.829		13.200		6.910474		16.600
5.280		1.3853		0.0000		875.586		3.832		13.200		6.926310		16.640
5.280		1.3886		0.0000		875.582		3.836		13.200		6.942834		16.680
5.282		1.3917		0.0000		875.579		3.839		13.205		6.958670		16.720
5.282		1.3949		0.0000		875.576		3.842		13.205		6.974505		16.760
5.284		1.3981		0.0000		875.573		3.845		13.210		6.990340		16.800
5.284		1.4015		0.0000		875.570		3.849		13.210		7.007552		16.840
5.286		1.4050		0.0000		875.566		3.852		13.215		7.024765		16.880
5.290		1.4088		0.0000		875.562		3.856		13.225		7.044044		16.920
5.298		1.4124		0.0000		875.559		3.859		13.245		7.061944		16.960
5.304		1.4156		0.0000		875.555		3.863		13.260		7.077780		17.000
5.308		1.4187		0.0000		875.552		3.866		13.270		7.093616		17.040
5.306		1.4220		0.0000		875.549		3.869		13.265		7.110139		17.080
5.306		1.4252		0.0000		875.546		3.872		13.265		7.125975		17.120
5.308		1.4282		0.0000		875.543		3.875		13.270		7.141122		17.160
5.308		1.4315		0.0000		875.539		3.879		13.270		7.157645		17.200
5.308		1.4347		0.0000		875.536		3.882		13.270		7.173481		17.240
5.310		1.4383		0.0000		875.533		3.885		13.275		7.191382		17.280
5.312		1.4421		0.0000		875.529		3.889		13.280		7.210660		17.320
5.318		1.4458		0.0000		875.525		3.893		13.295		7.229249		17.360
5.326		1.4489		0.0000		875.522		3.896		13.315		7.244396		17.400
5.330		1.4522		0.0000		875.519		3.899		13.325		7.260921		17.440
5.330		1.4554		0.0000		875.516		3.902		13.325		7.276757		17.480
5.330		1.4585		0.0000		875.513		3.906		13.325		7.292591		17.520
5.330		1.4617		0.0000		875.509		3.909		13.325		7.308427		17.560
5.332		1.4649		0.0000		875.506		3.912		13.330		7.324263		17.600
5.332		1.4682		0.0000		875.503		3.915		13.330		7.340786		17.640
5.334		1.4715		0.0000		875.500		3.919		13.335		7.357311		17.680
5.334		1.4753		0.0000		875.496		3.922		13.335		7.376589		17.720
5.340		1.4790		0.0000		875.492		3.926		13.350		7.395178		17.760
5.348		1.4823		0.0000		875.489		3.929		13.370		7.411702		17.800
5.354		1.4856		0.0000		875.485		3.933		13.385		7.428226		17.840
5.354		1.4887		0.0000		875.482		3.936		13.385		7.443373		17.880
5.354		1.4920		0.0000		875.479		3.939		13.385		7.459897		17.920
5.354		1.4951		0.0000		875.476		3.942		13.385		7.475733		17.960
5.356		1.4983		0.0000		875.473		3.945		13.390		7.491569		18.000
5.356		1.5016		0.0000		875.469		3.949		13.390		7.508092		18.040
5.358		1.5048		0.0000		875.466		3.952		13.395		7.523928		18.080
5.358		1.5086		0.0000		875.462		3.956		13.395		7.543206		18.120
5.364		1.5124		0.0000		875.459		3.959		13.410		7.561796		18.160
5.372		1.5158		0.0000		875.455		3.963		13.430		7.579007		18.200
5.378		1.5188		0.0000		875.452		3.966		13.445		7.594155		18.240
5.380		1.5221		0.0000		875.449		3.969		13.450		7.610679		18.280
5.378		1.5254		0.0000		875.446		3.973		13.445		7.627202		18.320
5.378		1.5285		0.0000		875.443		3.976		13.445		7.642350		18.360
5.380		1.5318		0.0000		875.439		3.979		13.450		7.658874		18.400
5.380		1.5349		0.0000		875.436		3.982		13.450		7.674709		18.440
5.380		1.5381		0.0000		875.433		3.985		13.450		7.690544		18.480
5.382		1.5417		0.0000		875.429		3.989		13.455		7.708446		18.520
5.386		1.5457		0.0000		875.425		3.993		13.465		7.728412		18.560
5.392		1.5491		0.0000		875.422		3.996		13.480		7.745625		18.600
5.400		1.5523		0.0000		875.419		3.999		13.500		7.761460		18.640
5.404		1.5555		0.0000		875.416		4.003		13.510		7.777295		18.680
5.404		1.5588		0.0000		875.412		4.006		13.510		7.793820		18.720
5.404		1.5621		0.0000		875.409		4.009		13.510		7.810345		18.760
5.404		1.5652		0.0000		875.406		4.012		13.510		7.826178		18.800
5.406		1.5683		0.0000		875.403		4.015		13.515		7.841327		18.840
5.406		1.5714		0.0000		875.400		4.018		13.515		7.857161		18.880
5.406		1.5749		0.0000		875.396		4.022		13.515		7.874374		18.920
5.408		1.5789		0.0000		875.392		4.026		13.520		7.894340		18.960
5.412		1.5824		0.0000		875.389		4.030		13.530		7.912242		19.000
5.420		1.5858		0.0000		875.385		4.033		13.550		7.928765		19.040
5.426		1.5889		0.0000		875.382		4.036		13.565		7.944601		19.080
5.426		1.5921		0.0000		875.379		4.039		13.565		7.960436		19.120
5.426		1.5954		0.0000		875.376		4.042		13.565		7.976961		19.160
5.426		1.5986		0.0000		875.372		4.046		13.565		7.992797		19.200
5.428		1.6017		0.0000		875.369		4.049		13.570		8.008633		19.240
5.428		1.6049		0.0000		875.366		4.052		13.570		8.024466		19.280
5.428		1.6082		0.0000		875.363		4.055		13.570		8.040991		19.320
5.430		1.6121		0.0000		875.359		4.059		13.575		8.060269		19.360
5.434		1.6158		0.0000		875.355		4.063		13.585		8.078859		19.400
5.440		1.6192		0.0000		875.352		4.066		13.600		8.096070		19.440
5.448		1.6224		0.0000		875.349		4.069		13.620		8.111906		19.480
5.450		1.6255		0.0000		875.345		4.073		13.625		8.127742		19.520
5.448		1.6289		0.0000		875.342		4.076		13.620		8.144266		19.560
5.450		1.6319		0.0000		875.339		4.079		13.625		8.159413		19.600
5.450		1.6352		0.0000		875.336		4.082		13.625		8.175938		19.640
5.450		1.6382		0.0000		875.333		4.085		13.625		8.191085		19.680
5.452		1.6417		0.0000		875.329		4.089		13.630		8.208296		19.720
5.452		1.6451		0.0000		875.326		4.092		13.630		8.225510		19.760
5.456		1.6490		0.0000		875.322		4.096		13.640		8.244786		19.800
5.462		1.6527		0.0000		875.318		4.100		13.655		8.263376		19.840
5.468		1.6557		0.0000		875.315		4.103		13.670		8.278524		19.880
5.472		1.6589		0.0000		875.312		4.106		13.680		8.294358		19.920
5.470		1.6622		0.0000		875.309		4.109		13.675		8.310883		19.960
5.470		1.6655		0.0000		875.306		4.113		13.675		8.327408		20.000
5.470		1.6685		0.0000		875.302		4.116		13.675		8.342554		20.040
5.470		1.6718		0.0000		875.299		4.119		13.675		8.359079		20.080
5.472		1.6750		0.0000		875.296		4.122		13.680		8.374912		20.120
5.472		1.6784		0.0000		875.293		4.125		13.680		8.392126		20.160
5.474		1.6821		0.0000		875.289		4.129		13.685		8.410716		20.200
5.480		1.6860		0.0000		875.285		4.133		13.700		8.429995		20.240
5.488		1.6892		0.0000		875.282		4.136		13.720		8.445830		20.280
5.492		1.6923		0.0000		875.279		4.139		13.730		8.461664		20.320
5.492		1.6956		0.0000		875.275		4.143		13.730		8.478189		20.360
5.492		1.6988		0.0000		875.272		4.146		13.730		8.494024		20.400
5.492		1.7020		0.0000		875.269		4.149		13.730		8.509860		20.440
5.492		1.7051		0.0000		875.266		4.152		13.730		8.525696		20.480
5.492		1.7083		0.0000		875.263		4.155		13.730		8.541532		20.520
5.492		1.7117		0.0000		875.259		4.159		13.730		8.558743		20.560
5.492		1.7155		0.0000		875.256		4.163		13.730		8.577332		20.600
5.496		1.7192		0.0000		875.252		4.166		13.740		8.595922		20.640
5.504		1.7226		0.0000		875.248		4.170		13.760		8.613136		20.680
5.510		1.7257		0.0000		875.245		4.173		13.775		8.628283		20.720
5.510		1.7290		0.0000		875.242		4.176		13.775		8.644805		20.760
5.510		1.7321		0.0000		875.239		4.179		13.775		8.660641		20.800
5.510		1.7354		0.0000		875.236		4.182		13.775		8.677166		20.840
5.510		1.7385		0.0000		875.233		4.186		13.775		8.692312		20.880
5.510		1.7418		0.0000		875.229		4.189		13.775		8.708838		20.920
5.510		1.7451		0.0000		875.226		4.192		13.775		8.725359		20.960
5.510		1.7487		0.0000		875.222		4.196		13.775		8.743262		21.000
5.512		1.7524		0.0000		875.219		4.199		13.780		8.761852		21.040
5.518		1.7561		0.0000		875.215		4.203		13.795		8.780441		21.080
5.526		1.7593		0.0000		875.212		4.206		13.815		8.796274		21.120
5.528		1.7624		0.0000		875.209		4.209		13.820		8.812111		21.160
5.528		1.7656		0.0000		875.205		4.213		13.820		8.827946		21.200
5.528		1.7688		0.0000		875.202		4.216		13.820		8.843782		21.240
5.530		1.7719		0.0000		875.199		4.219		13.825		8.859617		21.280
5.530		1.7751		0.0000		875.196		4.222		13.825		8.875454		21.320
5.530		1.7783		0.0000		875.193		4.225		13.825		8.891289		21.360
5.530		1.7818		0.0000		875.189		4.229		13.825		8.909189		21.400
5.532		1.7857		0.0000		875.185		4.233		13.830		8.928469		21.440
5.538		1.7893		0.0000		875.182		4.236		13.845		8.946369		21.480
5.546		1.7926		0.0000		875.178		4.240		13.865		8.962893		21.520
5.550		1.7957		0.0000		875.175		4.243		13.875		8.978729		21.560
5.550		1.7989		0.0000		875.172		4.246		13.875		8.994562		21.600
5.548		1.8022		0.0000		875.169		4.249		13.870		9.011087		21.640
5.548		1.8054		0.0000		875.166		4.252		13.870		9.026923		21.680
5.550		1.8086		0.0000		875.162		4.256		13.875		9.042759		21.720
5.550		1.8117		0.0000		875.159		4.259		13.875		9.058595		21.760
5.550		1.8150		0.0000		875.156		4.262		13.875		9.075117		21.800
5.550		1.8189		0.0000		875.152		4.266		13.875		9.094396		21.840
5.556		1.8226		0.0000		875.148		4.270		13.890		9.112986		21.880
5.564		1.8260		0.0000		875.145		4.273		13.910		9.130199		21.920
5.570		1.8292		0.0000		875.142		4.276		13.925		9.146034		21.960
5.570		1.8324		0.0000		875.139		4.279		13.925		9.161868		22.000
5.570		1.8355		0.0000		875.135		4.283		13.925		9.177704		22.040
5.570		1.8387		0.0000		875.132		4.286		13.925		9.193540		22.080
5.570		1.8420		0.0000		875.129		4.289		13.925		9.210064		22.120
5.570		1.8452		0.0000		875.126		4.292		13.925		9.225901		22.160
5.570		1.8483		0.0000		875.123		4.295		13.925		9.241735		22.200
5.570		1.8521		0.0000		875.119		4.299		13.925		9.260325		22.240
5.572		1.8558		0.0000		875.115		4.303		13.930		9.278915		22.280
5.578		1.8595		0.0000		875.112		4.307		13.945		9.297504		22.320
5.586		1.8625		0.0000		875.109		4.310		13.965		9.312651		22.360
5.588		1.8657		0.0000		875.105		4.313		13.970		9.328487		22.400
5.586		1.8690		0.0000		875.102		4.316		13.965		9.345009		22.440
5.586		1.8722		0.0000		875.099		4.319		13.965		9.360846		22.480
5.586		1.8753		0.0000		875.096		4.322		13.965		9.376680		22.520
5.584		1.8785		0.0000		875.093		4.326		13.960		9.392517		22.560
5.584		1.8818		0.0000		875.089		4.329		13.960		9.409041		22.600
5.584		1.8853		0.0000		875.086		4.332		13.960		9.426252		22.640
5.586		1.8890		0.0000		875.082		4.336		13.965		9.444842		22.680
5.590		1.8928		0.0000		875.078		4.340		13.975		9.464121		22.720
5.598		1.8960		0.0000		875.075		4.343		13.995		9.479957		22.760
5.600		1.8992		0.0000		875.072		4.346		14.000		9.495792		22.800
5.600		1.9023		0.0000		875.069		4.349		14.000		9.511628		22.840
5.600		1.9055		0.0000		875.066		4.353		14.000		9.527462		22.880
5.600		1.9088		0.0000		875.062		4.356		14.000		9.543986		22.920
5.598		1.9120		0.0000		875.059		4.359		13.995		9.559822		22.960
5.598		1.9151		0.0000		875.056		4.362		13.995		9.575658		23.000
5.598		1.9184		0.0000		875.053		4.366		13.995		9.592182		23.040
5.598		1.9222		0.0000		875.049		4.369		13.995		9.610772		23.080
5.602		1.9261		0.0000		875.045		4.373		14.005		9.630737		23.120
5.610		1.9295		0.0000		875.042		4.377		14.025		9.647263		23.160
5.616		1.9326		0.0000		875.038		4.380		14.040		9.663097		23.200
5.616		1.9358		0.0000		875.035		4.383		14.040		9.678934		23.240
5.614		1.9390		0.0000		875.032		4.386		14.035		9.694769		23.280
5.614		1.9423		0.0000		875.029		4.389		14.035		9.711292		23.320
5.612		1.9454		0.0000		875.026		4.392		14.030		9.727127		23.360
5.612		1.9486		0.0000		875.022		4.396		14.030		9.742964		23.400
5.612		1.9518		0.0000		875.019		4.399		14.030		9.758799		23.440
5.612		1.9555		0.0000		875.016		4.403		14.030		9.777389		23.480
5.614		1.9593		0.0000		875.012		4.406		14.035		9.796667		23.520
5.622		1.9628		0.0000		875.008		4.410		14.055		9.813879		23.560
5.628		1.9661		0.0000		875.005		4.413		14.070		9.830403		23.600
5.630		1.9691		0.0000		875.002		4.416		14.075		9.845551		23.640
5.628		1.9724		0.0000		874.999		4.419		14.070		9.862075		23.680
5.628		1.9756		0.0000		874.995		4.423		14.070		9.877909		23.720
5.626		1.9787		0.0000		874.992		4.426		14.065		9.893744		23.760
5.626		1.9819		0.0000		874.989		4.429		14.065		9.909580		23.800
5.626		1.9851		0.0000		874.986		4.432		14.065		9.925415		23.840
5.626		1.9887		0.0000		874.982		4.436		14.065		9.943316		23.880
5.628		1.9925		0.0000		874.979		4.440		14.070		9.962595		23.920
5.632		1.9962		0.0000		874.975		4.443		14.080		9.981184		23.960
5.640		1.9994		0.0000		874.972		4.446		14.100		9.997020		24.000
5.642		2.0026		0.0000		874.968		4.450		14.105		10.012856		24.040
5.642		2.0057		0.0000		874.965		4.453		14.105		10.028691		24.080
5.640		2.0090		0.0000		874.962		4.456		14.100		10.045214		24.120
5.640		2.0122		0.0000		874.959		4.459		14.100		10.061049		24.160
5.640		2.0154		0.0000		874.956		4.462		14.100		10.076885		24.200
5.638		2.0185		0.0000		874.952		4.466		14.095		10.092721		24.240
5.638		2.0218		0.0000		874.949		4.469		14.095		10.109245		24.280
5.638		2.0257		0.0000		874.945		4.473		14.095		10.128525		24.320
5.642		2.0296		0.0000		874.941		4.477		14.105		10.147800		24.360
5.650		2.0329		0.0000		874.938		4.480		14.125		10.164326		24.400
5.654		2.0360		0.0000		874.935		4.483		14.135		10.180161		24.440
5.656		2.0391		0.0000		874.932		4.486		14.140		10.195308		24.480
5.654		2.0424		0.0000		874.929		4.489		14.135		10.211832		24.520
5.654		2.0455		0.0000		874.925		4.493		14.135		10.227669		24.560
5.652		2.0487		0.0000		874.922		4.496		14.130		10.243502		24.600
5.652		2.0520		0.0000		874.919		4.499		14.130		10.260027		24.640
5.652		2.0550		0.0000		874.916		4.502		14.130		10.275173		24.680
5.652		2.0589		0.0000		874.912		4.506		14.130		10.294452		24.720
5.654		2.0627		0.0000		874.908		4.510		14.135		10.313730		24.760
5.662		2.0663		0.0000		874.905		4.513		14.155		10.331631		24.800
5.668		2.0694		0.0000		874.902		4.516		14.170		10.346777		24.840
5.670		2.0725		0.0000		874.898		4.520		14.175		10.362614		24.880
5.668		2.0758		0.0000		874.895		4.523		14.170		10.379138		24.920
5.668		2.0790		0.0000		874.892		4.526		14.170		10.394974		24.960
5.668		2.0822		0.0000		874.889		4.529		14.170		10.410807		25.000
5.666		2.0853		0.0000		874.886		4.532		14.165		10.426643		25.040
5.666		2.0885		0.0000		874.883		4.536		14.165		10.442478		25.080
5.666		2.0921		0.0000		874.879		4.539		14.165		10.460379		25.120
5.668		2.0959		0.0000		874.875		4.543		14.170		10.479658		25.160
5.672		2.0996		0.0000		874.871		4.547		14.180		10.498247		25.200
5.680		2.1028		0.0000		874.868		4.550		14.200		10.514083		25.240
5.684		2.1060		0.0000		874.865		4.553		14.210		10.529919		25.280
5.682		2.1092		0.0000		874.862		4.556		14.205		10.545754		25.320
5.682		2.1125		0.0000		874.859		4.560		14.205		10.562279		25.360
5.680		2.1156		0.0000		874.855		4.563		14.200		10.578113		25.400
5.680		2.1188		0.0000		874.852		4.566		14.200		10.593948		25.440
5.680		2.1218		0.0000		874.849		4.569		14.200		10.609095		25.480
5.678		2.1253		0.0000		874.846		4.572		14.195		10.626308		25.520
5.680		2.1291		0.0000		874.842		4.576		14.200		10.645588		25.560
5.684		2.1330		0.0000		874.838		4.580		14.210		10.664864		25.600
5.692		2.1363		0.0000		874.835		4.583		14.230		10.681389		25.640
5.698		2.1393		0.0000		874.832		4.586		14.245		10.696535		25.680
5.696		2.1426		0.0000		874.828		4.590		14.240		10.713060		25.720
5.694		2.1458		0.0000		874.825		4.593		14.235		10.728895		25.760
5.692		2.1489		0.0000		874.822		4.596		14.230		10.744732		25.800
5.690		2.1521		0.0000		874.819		4.599		14.225		10.760567		25.840
5.690		2.1553		0.0000		874.816		4.602		14.225		10.776401		25.880
5.688		2.1586		0.0000		874.812		4.606		14.220		10.792925		25.920
5.686		2.1623		0.0000		874.809		4.609		14.215		10.811515		25.960
5.690		2.1662		0.0000		874.805		4.613		14.225		10.830793		26.000
5.696		2.1696		0.0000		874.801		4.617		14.240		10.848005		26.040
5.700		2.1728		0.0000		874.798		4.620		14.250		10.863840		26.080
5.702		2.1759		0.0000		874.795		4.623		14.255		10.879677		26.120
5.700		2.1792		0.0000		874.792		4.626		14.250		10.896201		26.160
5.698		2.1824		0.0000		874.789		4.629		14.245		10.912037		26.200
5.698		2.1856		0.0000		874.785		4.633		14.245		10.927873		26.240
5.696		2.1887		0.0000		874.782		4.636		14.240		10.943707		26.280
5.694		2.1919		0.0000		874.779		4.639		14.235		10.959541		26.320
5.694		2.1955		0.0000		874.776		4.643		14.235		10.977445		26.360
5.694		2.1993		0.0000		874.772		4.646		14.235		10.996721		26.400
5.700		2.2031		0.0000		874.768		4.650		14.250		11.015310		26.440
5.706		2.2062		0.0000		874.765		4.653		14.265		11.031146		26.480
5.708		2.2094		0.0000		874.762		4.656		14.270		11.046982		26.520
5.706		2.2126		0.0000		874.758		4.660		14.265		11.062818		26.560
5.704		2.2157		0.0000		874.755		4.663		14.260		11.078653		26.600
5.704		2.2190		0.0000		874.752		4.666		14.260		11.095179		26.640
5.702		2.2222		0.0000		874.749		4.669		14.255		11.111013		26.680
5.702		2.2254		0.0000		874.746		4.672		14.255		11.126847		26.720
5.700		2.2288		0.0000		874.742		4.676		14.250		11.144061		26.760
5.700		2.2325		0.0000		874.738		4.680		14.250		11.162651		26.800
5.704		2.2364		0.0000		874.735		4.683		14.260		11.181929		26.840
5.712		2.2397		0.0000		874.731		4.687		14.280		11.198452		26.880
5.714		2.2429		0.0000		874.728		4.690		14.285		11.214287		26.920
5.714		2.2460		0.0000		874.725		4.693		14.285		11.230124		26.960
5.712		2.2492		0.0000		874.722		4.696		14.280		11.245958		27.000
5.710		2.2524		0.0000		874.719		4.699		14.275		11.261795		27.040
5.708		2.2555		0.0000		874.716		4.703		14.270		11.277630		27.080
5.706		2.2587		0.0000		874.712		4.706		14.265		11.293467		27.120
5.706		2.2620		0.0000		874.709		4.709		14.265		11.309988		27.160
5.704		2.2657		0.0000		874.705		4.713		14.260		11.328578		27.200
5.708		2.2696		0.0000		874.701		4.717		14.270		11.347857		27.240
5.714		2.2732		0.0000		874.698		4.720		14.285		11.365757		27.280
5.720		2.2762		0.0000		874.695		4.723		14.300		11.380903		27.320
5.720		2.2793		0.0000		874.692		4.726		14.300		11.396740		27.360
5.716		2.2827		0.0000		874.688		4.730		14.290		11.413264		27.400
5.714		2.2858		0.0000		874.685		4.733		14.285		11.429100		27.440
5.712		2.2890		0.0000		874.682		4.736		14.280		11.444936		27.480
5.710		2.2922		0.0000		874.679		4.739		14.275		11.460772		27.520
5.708		2.2953		0.0000		874.676		4.742		14.270		11.476607		27.560
5.708		2.2989		0.0000		874.672		4.746		14.270		11.494508		27.600
5.708		2.3028		0.0000		874.668		4.750		14.270		11.513786		27.640
5.714		2.3065		0.0000		874.665		4.754		14.285		11.532375		27.680
5.720		2.3096		0.0000		874.661		4.757		14.300		11.548209		27.720
5.722		2.3128		0.0000		874.658		4.760		14.305		11.564045		27.760
5.718		2.3160		0.0000		874.655		4.763		14.295		11.579881		27.800
5.716		2.3191		0.0000		874.652		4.766		14.290		11.595716		27.840
5.712		2.3223		0.0000		874.649		4.769		14.280		11.611552		27.880
5.710		2.3255		0.0000		874.646		4.773		14.275		11.627388		27.920
5.708		2.3286		0.0000		874.642		4.776		14.270		11.643224		27.960
5.706		2.3321		0.0000		874.639		4.779		14.265		11.660435		28.000
5.704		2.3359		0.0000		874.635		4.783		14.260		11.679714		28.040
5.708		2.3398		0.0000		874.631		4.787		14.270		11.698992		28.080
5.714		2.3431		0.0000		874.628		4.790		14.285		11.715515		28.120
5.718		2.3461		0.0000		874.625		4.793		14.295		11.730663		28.160
5.716		2.3493		0.0000		874.622		4.796		14.290		11.746497		28.200
5.712		2.3526		0.0000		874.618		4.800		14.280		11.763021		28.240
5.710		2.3558		0.0000		874.615		4.803		14.275		11.778858		28.280
5.708		2.3589		0.0000		874.612		4.806		14.270		11.794693		28.320
5.706		2.3621		0.0000		874.609		4.809		14.265		11.810530		28.360
5.704		2.3654		0.0000		874.606		4.812		14.260		11.827051		28.400
5.702		2.3691		0.0000		874.602		4.816		14.255		11.845641		28.440
5.706		2.3731		0.0000		874.598		4.820		14.265		11.865608		28.480
5.710		2.3764		0.0000		874.595		4.823		14.275		11.882133		28.520
5.716		2.3796		0.0000		874.591		4.827		14.290		11.897969		28.560
5.714		2.3828		0.0000		874.588		4.830		14.285		11.913803		28.600
5.710		2.3859		0.0000		874.585		4.833		14.275		11.929638		28.640
5.708		2.3892		0.0000		874.582		4.836		14.270		11.946163		28.680
5.706		2.3924		0.0000		874.579		4.839		14.265		11.961999		28.720
5.706		2.3956		0.0000		874.575		4.843		14.265		11.977835		28.760
5.704		2.3987		0.0000		874.572		4.846		14.260		11.993670		28.800
5.702		2.4023		0.0000		874.569		4.849		14.255		12.011571		28.840
5.704		2.4063		0.0000		874.565		4.853		14.260		12.031536		28.880
5.710		2.4099		0.0000		874.561		4.857		14.275		12.049438		28.920
5.716		2.4131		0.0000		874.558		4.860		14.290		12.065275		28.960
5.718		2.4162		0.0000		874.555		4.863		14.295		12.081108		29.000
5.714		2.4194		0.0000		874.552		4.866		14.285		12.096944		29.040
5.712		2.4226		0.0000		874.548		4.870		14.280		12.112780		29.080
5.710		2.4257		0.0000		874.545		4.873		14.275		12.128615		29.120
5.706		2.4289		0.0000		874.542		4.876		14.265		12.144451		29.160
5.704		2.4322		0.0000		874.539		4.879		14.260		12.160976		29.200
5.702		2.4356		0.0000		874.535		4.883		14.255		12.178187		29.240
5.700		2.4394		0.0000		874.532		4.886		14.250		12.196777		29.280
5.704		2.4432		0.0000		874.528		4.890		14.260		12.216055		29.320
5.708		2.4464		0.0000		874.525		4.893		14.270		12.231892		29.360
5.710		2.4497		0.0000		874.521		4.897		14.275		12.248413		29.400
5.708		2.4528		0.0000		874.518		4.900		14.270		12.264250		29.440
5.706		2.4560		0.0000		874.515		4.903		14.265		12.280085		29.480
5.702		2.4592		0.0000		874.512		4.906		14.255		12.295921		29.520
5.700		2.4624		0.0000		874.509		4.909		14.250		12.311756		29.560
5.696		2.4655		0.0000		874.505		4.913		14.240		12.327593		29.600
5.694		2.4688		0.0000		874.502		4.916		14.235		12.344117		29.640
5.692		2.4725		0.0000		874.498		4.920		14.230		12.362707		29.680
5.694		2.4764		0.0000		874.495		4.923		14.235		12.381983		29.720
5.700		2.4800		0.0000		874.491		4.927		14.250		12.399885		29.760
5.704		2.4830		0.0000		874.488		4.930		14.260		12.415032		29.800
5.702		2.4862		0.0000		874.485		4.933		14.255		12.430868		29.840
5.698		2.4895		0.0000		874.482		4.937		14.245		12.447391		29.880
5.696		2.4926		0.0000		874.478		4.940		14.240		12.463226		29.920
5.694		2.4958		0.0000		874.475		4.943		14.235		12.479062		29.960
5.690		2.4990		0.0000		874.472		4.946		14.225		12.494898		30.000
5.688		2.5021		0.0000		874.469		4.949		14.220		12.510734		30.040
5.686		2.5057		0.0000		874.465		4.953		14.215		12.528634		30.080
5.686		2.5096		0.0000		874.461		4.957		14.215		12.547913		30.120
5.690		2.5133		0.0000		874.458		4.960		14.225		12.566502		30.160
5.696		2.5165		0.0000		874.455		4.964		14.240		12.582338		30.200
5.696		2.5196		0.0000		874.451		4.967		14.240		12.598173		30.240
5.692		2.5229		0.0000		874.448		4.970		14.230		12.614697		30.280
5.688		2.5260		0.0000		874.445		4.973		14.220		12.629843		30.320
5.686		2.5291		0.0000		874.442		4.976		14.215		12.645679		30.360
5.684		2.5323		0.0000		874.439		4.979		14.210		12.661514		30.400
5.682		2.5355		0.0000		874.436		4.983		14.205		12.677350		30.440
5.680		2.5389		0.0000		874.432		4.986		14.200		12.694564		30.480
5.678		2.5428		0.0000		874.428		4.990		14.195		12.713840		30.520
5.682		2.5466		0.0000		874.424		4.994		14.205		12.733118		30.560
5.690		2.5498		0.0000		874.421		4.997		14.225		12.748955		30.600
5.690		2.5530		0.0000		874.418		5.000		14.225		12.764790		30.640
5.688		2.5561		0.0000		874.415		5.003		14.220		12.780626		30.680
5.684		2.5594		0.0000		874.412		5.006		14.210		12.797148		30.720
5.682		2.5626		0.0000		874.408		5.010		14.205		12.812984		30.760
5.678		2.5658		0.0000		874.405		5.013		14.195		12.828819		30.800
5.676		2.5689		0.0000		874.402		5.016		14.190		12.844656		30.840
5.674		2.5722		0.0000		874.399		5.019		14.185		12.861180		30.880
5.672		2.5760		0.0000		874.395		5.023		14.180		12.879770		30.920
5.674		2.5798		0.0000		874.391		5.027		14.185		12.899048		30.960
5.680		2.5833		0.0000		874.388		5.030		14.200		12.916260		31.000
5.682		2.5864		0.0000		874.385		5.033		14.205		12.932096		31.040
5.682		2.5896		0.0000		874.381		5.037		14.205		12.947931		31.080
5.678		2.5928		0.0000		874.378		5.040		14.195		12.963767		31.120
5.674		2.5959		0.0000		874.375		5.043		14.185		12.979603		31.160
5.672		2.5991		0.0000		874.372		5.046		14.180		12.995436		31.200
5.670		2.6023		0.0000		874.369		5.049		14.175		13.011272		31.240
5.666		2.6056		0.0000		874.365		5.053		14.165		13.027797		31.280
5.664		2.6091		0.0000		874.362		5.056		14.160		13.045697		31.320
5.666		2.6131		0.0000		874.358		5.060		14.165		13.065664		31.360
5.670		2.6167		0.0000		874.354		5.064		14.175		13.083565		31.400
5.676		2.6197		0.0000		874.351		5.067		14.190		13.098712		31.440
5.676		2.6229		0.0000		874.348		5.070		14.190		13.114548		31.480
5.672		2.6262		0.0000		874.345		5.073		14.180		13.131073		31.520
5.670		2.6294		0.0000		874.342		5.076		14.175		13.146908		31.560
5.668		2.6325		0.0000		874.339		5.080		14.170		13.162742		31.600
5.666		2.6357		0.0000		874.335		5.083		14.165		13.178577		31.640
5.662		2.6390		0.0000		874.332		5.086		14.155		13.195103		31.680
5.660		2.6425		0.0000		874.329		5.090		14.150		13.212314		31.720
5.660		2.6463		0.0000		874.325		5.093		14.150		13.231592		31.760
5.664		2.6500		0.0000		874.321		5.097		14.160		13.250181		31.800
5.668		2.6532		0.0000		874.318		5.100		14.170		13.266018		31.840
5.670		2.6564		0.0000		874.315		5.103		14.175		13.281853		31.880
5.666		2.6595		0.0000		874.311		5.107		14.165		13.297689		31.920
5.662		2.6627		0.0000		874.308		5.110		14.155		13.313524		31.960
5.660		2.6660		0.0000		874.305		5.113		14.150		13.330048		32.000
5.656		2.6692		0.0000		874.302		5.116		14.140		13.345882		32.040
5.652		2.6722		0.0000		874.299		5.119		14.130		13.361030		32.080
5.650		2.6756		0.0000		874.295		5.123		14.125		13.378243		32.120
5.648		2.6795		0.0000		874.292		5.127		14.120		13.397522		32.160
5.650		2.6834		0.0000		874.288		5.130		14.125		13.416798		32.200
5.656		2.6867		0.0000		874.284		5.134		14.140		13.433323		32.240
5.660		2.6898		0.0000		874.281		5.137		14.150		13.449159		32.280
5.656		2.6930		0.0000		874.278		5.140		14.140		13.464994		32.320
5.652		2.6962		0.0000		874.275		5.143		14.130		13.480830		32.360
5.648		2.6993		0.0000		874.272		5.146		14.120		13.496666		32.400
5.646		2.7025		0.0000		874.268		5.150		14.115		13.512502		32.440
5.642		2.7057		0.0000		874.265		5.153		14.105		13.528336		32.480
5.638		2.7090		0.0000		874.262		5.156		14.095		13.544860		32.520
5.636		2.7127		0.0000		874.258		5.160		14.090		13.563450		32.560
5.636		2.7164		0.0000		874.255		5.163		14.090		13.582039		32.600
5.638		2.7201		0.0000		874.251		5.167		14.095		13.600628		32.640
5.642		2.7233		0.0000		874.248		5.170		14.105		13.616465		32.680
5.642		2.7265		0.0000		874.245		5.174		14.105		13.632299		32.720
5.636		2.7296		0.0000		874.241		5.177		14.090		13.648136		32.760
5.632		2.7328		0.0000		874.238		5.180		14.080		13.663971		32.800
5.626		2.7360		0.0000		874.235		5.183		14.065		13.679808		32.840
5.622		2.7391		0.0000		874.232		5.186		14.055		13.695641		32.880
5.618		2.7423		0.0000		874.229		5.189		14.045		13.711476		32.920
5.614		2.7459		0.0000		874.225		5.193		14.035		13.729380		32.960
5.612		2.7496		0.0000		874.221		5.197		14.030		13.747969		33.000
5.616		2.7534		0.0000		874.218		5.201		14.040		13.767244		33.040
5.620		2.7566		0.0000		874.214		5.204		14.050		13.783081		33.080
5.620		2.7598		0.0000		874.211		5.207		14.050		13.798916		33.120
5.616		2.7630		0.0000		874.208		5.210		14.040		13.814753		33.160
5.610		2.7663		0.0000		874.205		5.213		14.025		13.831277		33.200
5.606		2.7694		0.0000		874.202		5.216		14.015		13.847113		33.240
5.602		2.7726		0.0000		874.198		5.220		14.005		13.862948		33.280
5.598		2.7758		0.0000		874.195		5.223		13.995		13.878782		33.320
5.594		2.7792		0.0000		874.192		5.226		13.985		13.895996		33.360
5.590		2.7828		0.0000		874.188		5.230		13.975		13.913897		33.400
5.590		2.7866		0.0000		874.184		5.234		13.975		13.933174		33.440
5.594		2.7901		0.0000		874.181		5.237		13.985		13.950386		33.480
5.596		2.7932		0.0000		874.178		5.240		13.990		13.966222		33.520
5.592		2.7964		0.0000		874.175		5.243		13.980		13.982058		33.560
5.588		2.7996		0.0000		874.171		5.247		13.970		13.997893		33.600
5.584		2.8027		0.0000		874.168		5.250		13.960		14.013729		33.640
5.580		2.8059		0.0000		874.165		5.253		13.950		14.029565		33.680
5.576		2.8091		0.0000		874.162		5.256		13.940		14.045401		33.720
5.570		2.8124		0.0000		874.159		5.259		13.925		14.061923		33.760
5.566		2.8161		0.0000		874.155		5.263		13.915		14.080513		33.800
5.566		2.8200		0.0000		874.151		5.267		13.915		14.099791		33.840
5.570		2.8235		0.0000		874.147		5.271		13.925		14.117691		33.880
5.574		2.8266		0.0000		874.144		5.274		13.935		14.132838		33.920
5.570		2.8297		0.0000		874.141		5.277		13.925		14.148674		33.960
5.566		2.8330		0.0000		874.138		5.280		13.915		14.165199		34.000
5.562		2.8362		0.0000		874.135		5.283		13.905		14.181034		34.040
5.558		2.8394		0.0000		874.132		5.286		13.895		14.196871		34.080
5.554		2.8425		0.0000		874.128		5.290		13.885		14.212706		34.120
5.550		2.8458		0.0000		874.125		5.293		13.875		14.229229		34.160
5.546		2.8493		0.0000		874.122		5.296		13.865		14.246443		34.200
5.544		2.8531		0.0000		874.118		5.300		13.860		14.265720		34.240
5.546		2.8569		0.0000		874.114		5.304		13.865		14.284310		34.280
5.548		2.8600		0.0000		874.111		5.307		13.870		14.300144		34.320
5.548		2.8632		0.0000		874.108		5.310		13.870		14.315979		34.360
5.544		2.8664		0.0000		874.105		5.313		13.860		14.331816		34.400
5.538		2.8695		0.0000		874.102		5.317		13.845		14.347651		34.440
5.534		2.8727		0.0000		874.098		5.320		13.835		14.363487		34.480
5.530		2.8760		0.0000		874.095		5.323		13.825		14.380012		34.520
5.526		2.8792		0.0000		874.092		5.326		13.815		14.395847		34.560
5.522		2.8825		0.0000		874.089		5.330		13.805		14.412370		34.600
5.520		2.8863		0.0000		874.085		5.333		13.800		14.431648		34.640
5.522		2.8902		0.0000		874.081		5.337		13.805		14.450927		34.680
5.526		2.8935		0.0000		874.078		5.341		13.815		14.467449		34.720
5.528		2.8965		0.0000		874.075		5.344		13.820		14.482598		34.760
5.524		2.8998		0.0000		874.071		5.347		13.810		14.499121		34.800
5.520		2.9031		0.0000		874.068		5.350		13.800		14.515646		34.840
5.516		2.9062		0.0000		874.065		5.353		13.790		14.530792		34.880
5.512		2.9095		0.0000		874.062		5.357		13.780		14.547318		34.920
5.508		2.9125		0.0000		874.059		5.360		13.770		14.562464		34.960
5.504		2.9159		0.0000		874.055		5.363		13.760		14.579676		35.000
5.500		2.9195		0.0000		874.052		5.367		13.750		14.597576		35.040
5.500		2.9235		0.0000		874.047		5.371		13.750		14.617543		35.080
5.502		2.9268		0.0000		874.044		5.374		13.755		14.634068		35.120
5.506		2.9300		0.0000		874.041		5.377		13.765		14.649904		35.160
5.504		2.9333		0.0000		874.038		5.380		13.760		14.666426		35.200
5.498		2.9365		0.0000		874.035		5.384		13.745		14.682262		35.240
5.494		2.9396		0.0000		874.031		5.387		13.735		14.698097		35.280
5.490		2.9428		0.0000		874.028		5.390		13.725		14.713934		35.320
5.486		2.9460		0.0000		874.025		5.393		13.715		14.729769		35.360
5.480		2.9491		0.0000		874.022		5.396		13.700		14.745605		35.400
5.476		2.9527		0.0000		874.018		5.400		13.690		14.763506		35.440
5.474		2.9567		0.0000		874.014		5.404		13.685		14.783470		35.480
5.476		2.9603		0.0000		874.011		5.407		13.690		14.801373		35.520
5.480		2.9634		0.0000		874.008		5.411		13.700		14.817209		35.560
5.478		2.9666		0.0000		874.004		5.414		13.695		14.833042		35.600
5.472		2.9699		0.0000		874.001		5.417		13.680		14.849567		35.640
5.468		2.9729		0.0000		873.998		5.420		13.670		14.864714		35.680
5.464		2.9762		0.0000		873.995		5.423		13.660		14.881239		35.720
5.458		2.9794		0.0000		873.992		5.426		13.645		14.897075		35.760
5.454		2.9826		0.0000		873.988		5.430		13.635		14.912910		35.800
5.448		2.9860		0.0000		873.985		5.433		13.620		14.930122		35.840
5.444		2.9897		0.0000		873.981		5.437		13.610		14.948711		35.880
5.444		2.9936		0.0000		873.977		5.441		13.610		14.967990		35.920
5.444		2.9969		0.0000		873.974		5.444		13.610		14.984514		35.960
5.442		3.0001		0.0000		873.971		5.447		13.605		15.000348		36.000
5.434		3.0032		0.0000		873.968		5.450		13.585		15.016184		36.040
5.426		3.0064		0.0000		873.965		5.453		13.565		15.032020		36.080
