数据量:891
试验力		变形		扩展变形		位置		位移		应力		应变		时间
0.010		0.0000		0.0000		876.955		2.431		0.025		0.000000		0.040
0.010		0.0033		0.0000		876.952		2.434		0.025		0.016525		0.080
0.010		0.0066		0.0000		876.949		2.438		0.025		0.033048		0.120
0.012		0.0099		0.0000		876.945		2.441		0.030		0.049572		0.160
0.012		0.0135		0.0000		876.942		2.445		0.030		0.067474		0.200
0.012		0.0171		0.0000		876.938		2.448		0.030		0.085374		0.240
0.014		0.0205		0.0000		876.935		2.452		0.035		0.102587		0.280
0.014		0.0237		0.0000		876.932		2.455		0.035		0.118423		0.320
0.016		0.0269		0.0000		876.928		2.458		0.040		0.134258		0.360
0.016		0.0303		0.0000		876.925		2.461		0.040		0.151470		0.400
0.018		0.0333		0.0000		876.922		2.464		0.045		0.166618		0.440
0.018		0.0366		0.0000		876.919		2.468		0.045		0.183141		0.480
0.020		0.0399		0.0000		876.915		2.471		0.050		0.199665		0.520
0.022		0.0432		0.0000		876.912		2.474		0.055		0.216190		0.560
0.022		0.0468		0.0000		876.909		2.478		0.055		0.234090		0.600
0.026		0.0504		0.0000		876.905		2.481		0.065		0.251992		0.640
0.028		0.0540		0.0000		876.901		2.485		0.070		0.269892		0.680
0.030		0.0571		0.0000		876.898		2.488		0.075		0.285728		0.720
0.032		0.0603		0.0000		876.895		2.491		0.080		0.301564		0.760
0.034		0.0636		0.0000		876.892		2.495		0.085		0.318087		0.800
0.038		0.0668		0.0000		876.889		2.498		0.095		0.333923		0.840
0.042		0.0701		0.0000		876.885		2.501		0.105		0.350447		0.880
0.046		0.0733		0.0000		876.882		2.504		0.115		0.366282		0.920
0.050		0.0766		0.0000		876.879		2.508		0.125		0.382806		0.960
0.054		0.0800		0.0000		876.875		2.511		0.135		0.400019		1.000
0.060		0.0836		0.0000		876.872		2.515		0.150		0.417920		1.040
0.066		0.0873		0.0000		876.868		2.518		0.165		0.436510		1.080
0.072		0.0905		0.0000		876.865		2.522		0.180		0.452344		1.120
0.078		0.0938		0.0000		876.862		2.525		0.195		0.468869		1.160
0.084		0.0969		0.0000		876.858		2.528		0.210		0.484704		1.200
0.090		0.1002		0.0000		876.855		2.531		0.225		0.501229		1.240
0.096		0.1034		0.0000		876.852		2.535		0.240		0.517064		1.280
0.104		0.1067		0.0000		876.849		2.538		0.260		0.533588		1.320
0.110		0.1099		0.0000		876.845		2.541		0.275		0.549424		1.360
0.116		0.1133		0.0000		876.842		2.544		0.290		0.566636		1.400
0.124		0.1169		0.0000		876.838		2.548		0.310		0.584537		1.440
0.134		0.1208		0.0000		876.835		2.552		0.335		0.603815		1.480
0.142		0.1239		0.0000		876.831		2.555		0.355		0.619650		1.520
0.150		0.1271		0.0000		876.828		2.558		0.375		0.635486		1.560
0.158		0.1304		0.0000		876.825		2.561		0.395		0.652009		1.600
0.166		0.1336		0.0000		876.822		2.565		0.415		0.667845		1.640
0.174		0.1369		0.0000		876.818		2.568		0.435		0.684370		1.680
0.184		0.1400		0.0000		876.815		2.571		0.460		0.700204		1.720
0.192		0.1433		0.0000		876.812		2.574		0.480		0.716729		1.760
0.202		0.1467		0.0000		876.809		2.578		0.505		0.733253		1.800
0.212		0.1502		0.0000		876.805		2.581		0.530		0.751153		1.840
0.222		0.1539		0.0000		876.801		2.585		0.555		0.769743		1.880
0.234		0.1573		0.0000		876.798		2.588		0.585		0.786268		1.920
0.246		0.1606		0.0000		876.795		2.592		0.615		0.802791		1.960
0.256		0.1637		0.0000		876.792		2.595		0.640		0.818627		2.000
0.266		0.1670		0.0000		876.788		2.598		0.665		0.835150		2.040
0.278		0.1702		0.0000		876.785		2.601		0.695		0.850986		2.080
0.288		0.1735		0.0000		876.782		2.605		0.720		0.867510		2.120
0.298		0.1767		0.0000		876.779		2.608		0.745		0.883346		2.160
0.310		0.1798		0.0000		876.776		2.611		0.775		0.899181		2.200
0.320		0.1836		0.0000		876.772		2.615		0.800		0.917771		2.240
0.332		0.1871		0.0000		876.768		2.618		0.830		0.935671		2.280
0.346		0.1907		0.0000		876.765		2.622		0.865		0.953573		2.320
0.360		0.1939		0.0000		876.761		2.625		0.900		0.969409		2.360
0.370		0.1972		0.0000		876.758		2.628		0.925		0.985932		2.400
0.382		0.2004		0.0000		876.755		2.631		0.955		1.001768		2.440
0.394		0.2037		0.0000		876.752		2.635		0.985		1.018292		2.480
0.408		0.2068		0.0000		876.748		2.638		1.020		1.034127		2.520
0.422		0.2101		0.0000		876.745		2.641		1.055		1.050651		2.560
0.438		0.2133		0.0000		876.742		2.644		1.095		1.066487		2.600
0.454		0.2167		0.0000		876.739		2.648		1.135		1.083699		2.640
0.470		0.2203		0.0000		876.735		2.651		1.175		1.101600		2.680
0.488		0.2240		0.0000		876.731		2.655		1.220		1.120189		2.720
0.506		0.2273		0.0000		876.728		2.658		1.265		1.136714		2.760
0.522		0.2305		0.0000		876.725		2.662		1.305		1.152549		2.800
0.538		0.2338		0.0000		876.721		2.665		1.345		1.169074		2.840
0.554		0.2370		0.0000		876.718		2.668		1.385		1.184909		2.880
0.570		0.2403		0.0000		876.715		2.671		1.425		1.201433		2.920
0.584		0.2435		0.0000		876.712		2.675		1.460		1.217269		2.960
0.598		0.2466		0.0000		876.709		2.678		1.495		1.233103		3.000
0.614		0.2501		0.0000		876.705		2.681		1.535		1.250316		3.040
0.630		0.2536		0.0000		876.702		2.685		1.575		1.268218		3.080
0.646		0.2574		0.0000		876.698		2.688		1.615		1.286807		3.120
0.662		0.2607		0.0000		876.695		2.692		1.655		1.303331		3.160
0.676		0.2640		0.0000		876.691		2.695		1.690		1.319854		3.200
0.690		0.2671		0.0000		876.688		2.698		1.725		1.335690		3.240
0.702		0.2704		0.0000		876.685		2.702		1.755		1.352215		3.280
0.718		0.2736		0.0000		876.682		2.705		1.795		1.368049		3.320
0.734		0.2769		0.0000		876.678		2.708		1.835		1.384574		3.360
0.750		0.2801		0.0000		876.675		2.711		1.875		1.400409		3.400
0.768		0.2834		0.0000		876.672		2.714		1.920		1.416934		3.440
0.784		0.2868		0.0000		876.669		2.718		1.960		1.434146		3.480
0.802		0.2905		0.0000		876.665		2.722		2.005		1.452736		3.520
0.822		0.2941		0.0000		876.661		2.725		2.055		1.470636		3.560
0.840		0.2973		0.0000		876.658		2.728		2.100		1.486472		3.600
0.858		0.3006		0.0000		876.655		2.732		2.145		1.502995		3.640
0.876		0.3038		0.0000		876.652		2.735		2.190		1.518831		3.680
0.892		0.3071		0.0000		876.648		2.738		2.230		1.535355		3.720
0.910		0.3102		0.0000		876.645		2.741		2.275		1.551191		3.760
0.928		0.3134		0.0000		876.642		2.744		2.320		1.567026		3.800
0.946		0.3167		0.0000		876.639		2.748		2.365		1.583550		3.840
0.966		0.3202		0.0000		876.635		2.751		2.415		1.600763		3.880
0.986		0.3237		0.0000		876.632		2.755		2.465		1.618664		3.920
1.006		0.3275		0.0000		876.628		2.759		2.515		1.637254		3.960
1.030		0.3308		0.0000		876.625		2.762		2.575		1.653777		4.000
1.050		0.3339		0.0000		876.621		2.765		2.625		1.669613		4.040
1.070		0.3371		0.0000		876.618		2.768		2.675		1.685449		4.080
1.090		0.3404		0.0000		876.615		2.771		2.725		1.701972		4.120
1.110		0.3437		0.0000		876.612		2.775		2.775		1.718496		4.160
1.130		0.3469		0.0000		876.608		2.778		2.825		1.734332		4.200
1.150		0.3502		0.0000		876.605		2.781		2.875		1.750855		4.240
1.172		0.3535		0.0000		876.602		2.785		2.930		1.767380		4.280
1.194		0.3571		0.0000		876.598		2.788		2.985		1.785281		4.320
1.218		0.3606		0.0000		876.595		2.792		3.045		1.803182		4.360
1.244		0.3641		0.0000		876.591		2.795		3.110		1.820394		4.400
1.268		0.3674		0.0000		876.588		2.798		3.170		1.836919		4.440
1.292		0.3706		0.0000		876.585		2.802		3.230		1.852754		4.480
1.314		0.3739		0.0000		876.581		2.805		3.285		1.869278		4.520
1.338		0.3770		0.0000		876.578		2.808		3.345		1.885114		4.560
1.360		0.3802		0.0000		876.575		2.811		3.400		1.900948		4.600
1.384		0.3835		0.0000		876.572		2.815		3.460		1.917473		4.640
1.408		0.3867		0.0000		876.569		2.818		3.520		1.933309		4.680
1.432		0.3902		0.0000		876.565		2.821		3.580		1.951209		4.720
1.458		0.3940		0.0000		876.561		2.825		3.645		1.969799		4.760
1.486		0.3975		0.0000		876.558		2.829		3.715		1.987699		4.800
1.514		0.4007		0.0000		876.555		2.832		3.785		2.003535		4.840
1.538		0.4039		0.0000		876.551		2.835		3.845		2.019371		4.880
1.562		0.4072		0.0000		876.548		2.838		3.905		2.035894		4.920
1.588		0.4103		0.0000		876.545		2.841		3.970		2.051730		4.960
1.612		0.4137		0.0000		876.542		2.845		4.030		2.068254		5.000
1.638		0.4168		0.0000		876.539		2.848		4.095		2.084090		5.040
1.662		0.4201		0.0000		876.535		2.851		4.155		2.100614		5.080
1.686		0.4234		0.0000		876.532		2.855		4.215		2.117138		5.120
1.712		0.4273		0.0000		876.528		2.858		4.280		2.136415		5.160
1.740		0.4309		0.0000		876.524		2.862		4.350		2.154317		5.200
1.768		0.4342		0.0000		876.521		2.865		4.420		2.170841		5.240
1.794		0.4373		0.0000		876.518		2.868		4.485		2.186676		5.280
1.818		0.4406		0.0000		876.515		2.872		4.545		2.203200		5.320
1.842		0.4438		0.0000		876.512		2.875		4.605		2.219036		5.360
1.868		0.4471		0.0000		876.508		2.878		4.670		2.235559		5.400
1.894		0.4503		0.0000		876.505		2.881		4.735		2.251395		5.440
1.918		0.4534		0.0000		876.502		2.885		4.795		2.267231		5.480
1.942		0.4568		0.0000		876.499		2.888		4.855		2.283754		5.520
1.970		0.4605		0.0000		876.495		2.892		4.925		2.302344		5.560
1.998		0.4642		0.0000		876.491		2.895		4.995		2.320933		5.600
2.028		0.4676		0.0000		876.488		2.899		5.070		2.338146		5.640
2.056		0.4708		0.0000		876.484		2.902		5.140		2.353982		5.680
2.082		0.4740		0.0000		876.481		2.905		5.205		2.369817		5.720
2.106		0.4771		0.0000		876.478		2.908		5.265		2.385653		5.760
2.132		0.4804		0.0000		876.475		2.912		5.330		2.402177		5.800
2.158		0.4836		0.0000		876.472		2.915		5.395		2.418013		5.840
2.184		0.4869		0.0000		876.468		2.918		5.460		2.434536		5.880
2.210		0.4901		0.0000		876.465		2.921		5.525		2.450372		5.920
2.236		0.4937		0.0000		876.462		2.925		5.590		2.468272		5.960
2.264		0.4974		0.0000		876.458		2.928		5.660		2.486862		6.000
2.296		0.5010		0.0000		876.454		2.932		5.740		2.504764		6.040
2.324		0.5041		0.0000		876.451		2.935		5.810		2.520599		6.080
2.352		0.5074		0.0000		876.448		2.939		5.880		2.537123		6.120
2.378		0.5106		0.0000		876.445		2.942		5.945		2.552959		6.160
2.404		0.5139		0.0000		876.441		2.945		6.010		2.569482		6.200
2.430		0.5171		0.0000		876.438		2.948		6.075		2.585318		6.240
2.454		0.5202		0.0000		876.435		2.951		6.135		2.601154		6.280
2.480		0.5234		0.0000		876.432		2.954		6.200		2.616988		6.320
2.506		0.5270		0.0000		876.428		2.958		6.265		2.634890		6.360
2.532		0.5307		0.0000		876.425		2.962		6.330		2.653480		6.400
2.562		0.5344		0.0000		876.421		2.966		6.405		2.672069		6.440
2.592		0.5376		0.0000		876.418		2.969		6.480		2.687905		6.480
2.620		0.5407		0.0000		876.415		2.972		6.550		2.703739		6.520
2.644		0.5439		0.0000		876.411		2.975		6.610		2.719575		6.560
2.668		0.5472		0.0000		876.408		2.978		6.670		2.736099		6.600
2.694		0.5504		0.0000		876.405		2.981		6.735		2.751935		6.640
2.718		0.5537		0.0000		876.402		2.985		6.795		2.768459		6.680
2.744		0.5569		0.0000		876.398		2.988		6.860		2.784294		6.720
2.770		0.5602		0.0000		876.395		2.991		6.925		2.800819		6.760
2.796		0.5639		0.0000		876.391		2.995		6.990		2.819408		6.800
2.824		0.5677		0.0000		876.388		2.999		7.060		2.838686		6.840
2.854		0.5710		0.0000		876.384		3.002		7.135		2.855210		6.880
2.882		0.5742		0.0000		876.381		3.005		7.205		2.871045		6.920
2.906		0.5774		0.0000		876.378		3.008		7.265		2.886881		6.960
2.930		0.5807		0.0000		876.375		3.012		7.325		2.903404		7.000
2.956		0.5838		0.0000		876.371		3.015		7.390		2.919240		7.040
2.980		0.5870		0.0000		876.368		3.018		7.450		2.935076		7.080
3.004		0.5902		0.0000		876.365		3.021		7.510		2.950912		7.120
3.030		0.5935		0.0000		876.362		3.025		7.575		2.967435		7.160
3.054		0.5971		0.0000		876.358		3.028		7.635		2.985337		7.200
3.082		0.6009		0.0000		876.354		3.032		7.705		3.004614		7.240
3.112		0.6044		0.0000		876.351		3.035		7.780		3.021827		7.280
3.140		0.6075		0.0000		876.348		3.039		7.850		3.037663		7.320
3.164		0.6107		0.0000		876.345		3.042		7.910		3.053498		7.360
3.188		0.6140		0.0000		876.341		3.045		7.970		3.070022		7.400
3.210		0.6172		0.0000		876.338		3.048		8.025		3.085858		7.440
3.234		0.6205		0.0000		876.335		3.052		8.085		3.102381		7.480
3.258		0.6236		0.0000		876.332		3.055		8.145		3.118217		7.520
3.280		0.6269		0.0000		876.328		3.058		8.200		3.134741		7.560
3.304		0.6304		0.0000		876.325		3.061		8.260		3.151953		7.600
3.328		0.6341		0.0000		876.321		3.065		8.320		3.170543		7.640
3.356		0.6377		0.0000		876.318		3.069		8.390		3.188444		7.680
3.384		0.6410		0.0000		876.314		3.072		8.460		3.204968		7.720
3.408		0.6442		0.0000		876.311		3.075		8.520		3.220804		7.760
3.430		0.6473		0.0000		876.308		3.078		8.575		3.236638		7.800
3.450		0.6506		0.0000		876.305		3.082		8.625		3.253163		7.840
3.472		0.6538		0.0000		876.302		3.085		8.680		3.268999		7.880
3.494		0.6570		0.0000		876.298		3.088		8.735		3.284833		7.920
3.514		0.6603		0.0000		876.295		3.091		8.785		3.301358		7.960
3.536		0.6636		0.0000		876.292		3.095		8.840		3.317882		8.000
3.558		0.6673		0.0000		876.288		3.098		8.895		3.336471		8.040
3.584		0.6711		0.0000		876.284		3.102		8.960		3.355750		8.080
3.612		0.6745		0.0000		876.281		3.106		9.030		3.372273		8.120
3.636		0.6776		0.0000		876.278		3.109		9.090		3.388109		8.160
3.656		0.6807		0.0000		876.275		3.112		9.140		3.403256		8.200
3.674		0.6840		0.0000		876.271		3.115		9.185		3.419780		8.240
3.694		0.6873		0.0000		876.268		3.118		9.235		3.436304		8.280
3.716		0.6904		0.0000		876.265		3.122		9.290		3.452139		8.320
3.736		0.6936		0.0000		876.262		3.125		9.340		3.467975		8.360
3.754		0.6970		0.0000		876.258		3.128		9.385		3.485187		8.400
3.774		0.7005		0.0000		876.255		3.132		9.435		3.502400		8.440
3.798		0.7043		0.0000		876.251		3.135		9.495		3.521677		8.480
3.822		0.7078		0.0000		876.248		3.139		9.555		3.538890		8.520
3.844		0.7109		0.0000		876.244		3.142		9.610		3.554726		8.560
3.864		0.7141		0.0000		876.241		3.145		9.660		3.570561		8.600
3.882		0.7174		0.0000		876.238		3.149		9.705		3.587085		8.640
3.900		0.7206		0.0000		876.235		3.152		9.750		3.602921		8.680
3.918		0.7239		0.0000		876.231		3.155		9.795		3.619444		8.720
3.936		0.7271		0.0000		876.228		3.158		9.840		3.635280		8.760
3.954		0.7302		0.0000		876.225		3.161		9.885		3.651116		8.800
3.972		0.7338		0.0000		876.221		3.165		9.930		3.669016		8.840
3.992		0.7375		0.0000		876.218		3.169		9.980		3.687606		8.880
4.014		0.7411		0.0000		876.214		3.172		10.035		3.705508		8.920
4.036		0.7444		0.0000		876.211		3.175		10.090		3.722031		8.960
4.054		0.7476		0.0000		876.208		3.179		10.135		3.737867		9.000
4.070		0.7507		0.0000		876.205		3.182		10.175		3.753703		9.040
4.086		0.7540		0.0000		876.201		3.185		10.215		3.770226		9.080
4.102		0.7572		0.0000		876.198		3.188		10.255		3.786062		9.120
4.116		0.7604		0.0000		876.195		3.191		10.290		3.801898		9.160
4.132		0.7637		0.0000		876.192		3.195		10.330		3.818421		9.200
4.146		0.7670		0.0000		876.188		3.198		10.365		3.834945		9.240
4.164		0.7707		0.0000		876.185		3.202		10.410		3.853534		9.280
4.182		0.7744		0.0000		876.181		3.206		10.455		3.872124		9.320
4.202		0.7779		0.0000		876.177		3.209		10.505		3.889337		9.360
4.220		0.7810		0.0000		876.174		3.212		10.550		3.905172		9.400
4.234		0.7842		0.0000		876.171		3.215		10.585		3.921008		9.440
4.246		0.7874		0.0000		876.168		3.218		10.615		3.936844		9.480
4.260		0.7907		0.0000		876.165		3.222		10.650		3.953367		9.520
4.274		0.7938		0.0000		876.161		3.225		10.685		3.969203		9.560
4.286		0.7970		0.0000		876.158		3.228		10.715		3.985038		9.600
4.298		0.8003		0.0000		876.155		3.231		10.745		4.001563		9.640
4.312		0.8040		0.0000		876.151		3.235		10.780		4.020152		9.680
4.328		0.8077		0.0000		876.148		3.239		10.820		4.038742		9.720
4.346		0.8112		0.0000		876.144		3.242		10.865		4.055954		9.760
4.362		0.8144		0.0000		876.141		3.245		10.905		4.071789		9.800
4.374		0.8175		0.0000		876.138		3.249		10.935		4.087625		9.840
4.384		0.8208		0.0000		876.134		3.252		10.960		4.104149		9.880
4.396		0.8240		0.0000		876.131		3.255		10.990		4.119984		9.920
4.406		0.8273		0.0000		876.128		3.258		11.015		4.136509		9.960
4.418		0.8305		0.0000		876.125		3.262		11.045		4.152343		10.000
4.428		0.8336		0.0000		876.122		3.265		11.070		4.168179		10.040
4.438		0.8372		0.0000		876.118		3.268		11.095		4.186081		10.080
4.450		0.8409		0.0000		876.114		3.272		11.125		4.204670		10.120
4.466		0.8445		0.0000		876.111		3.276		11.165		4.222570		10.160
4.480		0.8478		0.0000		876.107		3.279		11.200		4.239094		10.200
4.492		0.8510		0.0000		876.104		3.282		11.230		4.254930		10.240
4.500		0.8542		0.0000		876.101		3.285		11.250		4.270766		10.280
4.510		0.8575		0.0000		876.098		3.289		11.275		4.287290		10.320
4.518		0.8606		0.0000		876.095		3.292		11.295		4.303125		10.360
4.528		0.8638		0.0000		876.092		3.295		11.320		4.318961		10.400
4.536		0.8670		0.0000		876.088		3.298		11.340		4.334797		10.440
4.546		0.8704		0.0000		876.085		3.301		11.365		4.352009		10.480
4.556		0.8741		0.0000		876.081		3.305		11.390		4.370599		10.520
4.568		0.8780		0.0000		876.077		3.309		11.420		4.389876		10.560
4.584		0.8813		0.0000		876.074		3.312		11.460		4.406400		10.600
4.594		0.8843		0.0000		876.071		3.315		11.485		4.421548		10.640
4.600		0.8876		0.0000		876.068		3.319		11.500		4.438071		10.680
4.608		0.8908		0.0000		876.065		3.322		11.520		4.453907		10.720
4.614		0.8941		0.0000		876.061		3.325		11.535		4.470430		10.760
4.622		0.8973		0.0000		876.058		3.328		11.555		4.486266		10.800
4.630		0.9004		0.0000		876.055		3.332		11.575		4.502102		10.840
4.636		0.9037		0.0000		876.052		3.335		11.590		4.518626		10.880
4.644		0.9073		0.0000		876.048		3.338		11.610		4.536528		10.920
4.654		0.9112		0.0000		876.044		3.342		11.635		4.555805		10.960
4.666		0.9147		0.0000		876.041		3.346		11.665		4.573707		11.000
4.676		0.9178		0.0000		876.038		3.349		11.690		4.588853		11.040
4.684		0.9209		0.0000		876.034		3.352		11.710		4.604689		11.080
4.688		0.9242		0.0000		876.031		3.355		11.720		4.621212		11.120
4.694		0.9274		0.0000		876.028		3.359		11.735		4.637048		11.160
4.698		0.9306		0.0000		876.025		3.362		11.745		4.652883		11.200
4.704		0.9339		0.0000		876.021		3.365		11.760		4.669408		11.240
4.708		0.9370		0.0000		876.018		3.368		11.770		4.685244		11.280
4.714		0.9406		0.0000		876.015		3.372		11.785		4.703144		11.320
4.722		0.9445		0.0000		876.011		3.376		11.805		4.722423		11.360
4.734		0.9481		0.0000		876.007		3.379		11.835		4.740323		11.400
4.746		0.9512		0.0000		876.004		3.382		11.865		4.756159		11.440
4.752		0.9544		0.0000		876.001		3.385		11.880		4.771995		11.480
4.756		0.9576		0.0000		875.998		3.389		11.890		4.787829		11.520
4.760		0.9609		0.0000		875.994		3.392		11.900		4.804354		11.560
4.764		0.9640		0.0000		875.991		3.395		11.910		4.820189		11.600
4.770		0.9672		0.0000		875.988		3.398		11.925		4.836024		11.640
4.774		0.9705		0.0000		875.985		3.402		11.935		4.852549		11.680
4.778		0.9738		0.0000		875.982		3.405		11.945		4.869072		11.720
4.784		0.9775		0.0000		875.978		3.409		11.960		4.887662		11.760
4.794		0.9814		0.0000		875.974		3.412		11.985		4.906940		11.800
4.804		0.9846		0.0000		875.971		3.416		12.010		4.922775		11.840
4.810		0.9879		0.0000		875.967		3.419		12.025		4.939300		11.880
4.814		0.9910		0.0000		875.964		3.422		12.035		4.955134		11.920
4.818		0.9942		0.0000		875.961		3.425		12.045		4.970970		11.960
4.822		0.9974		0.0000		875.958		3.428		12.055		4.986806		12.000
4.826		1.0005		0.0000		875.955		3.432		12.065		5.002642		12.040
4.828		1.0038		0.0000		875.951		3.435		12.070		5.019165		12.080
4.832		1.0070		0.0000		875.948		3.438		12.080		5.035001		12.120
4.836		1.0109		0.0000		875.944		3.442		12.090		5.054278		12.160
4.844		1.0147		0.0000		875.941		3.446		12.110		5.073557		12.200
4.854		1.0180		0.0000		875.937		3.449		12.135		5.090080		12.240
4.862		1.0212		0.0000		875.934		3.452		12.155		5.105916		12.280
4.866		1.0244		0.0000		875.931		3.455		12.165		5.121752		12.320
4.868		1.0277		0.0000		875.928		3.459		12.170		5.138276		12.360
4.870		1.0308		0.0000		875.924		3.462		12.175		5.154111		12.400
4.874		1.0340		0.0000		875.921		3.465		12.185		5.169947		12.440
4.876		1.0372		0.0000		875.918		3.468		12.190		5.185783		12.480
4.880		1.0405		0.0000		875.915		3.472		12.200		5.202307		12.520
4.884		1.0440		0.0000		875.911		3.475		12.210		5.220207		12.560
4.890		1.0478		0.0000		875.908		3.479		12.225		5.238796		12.600
4.898		1.0515		0.0000		875.904		3.483		12.245		5.257386		12.640
4.906		1.0548		0.0000		875.901		3.486		12.265		5.273911		12.680
4.910		1.0578		0.0000		875.898		3.489		12.275		5.289058		12.720
4.912		1.0611		0.0000		875.894		3.492		12.280		5.305581		12.760
4.914		1.0643		0.0000		875.891		3.495		12.285		5.321417		12.800
4.918		1.0675		0.0000		875.888		3.499		12.295		5.337253		12.840
4.920		1.0706		0.0000		875.885		3.502		12.300		5.353088		12.880
4.922		1.0738		0.0000		875.882		3.505		12.305		5.368923		12.920
4.924		1.0772		0.0000		875.878		3.508		12.310		5.386136		12.960
4.930		1.0811		0.0000		875.874		3.512		12.325		5.405414		13.000
4.938		1.0848		0.0000		875.871		3.516		12.345		5.424004		13.040
4.948		1.0881		0.0000		875.867		3.519		12.370		5.440527		13.080
4.952		1.0911		0.0000		875.864		3.522		12.380		5.455674		13.120
4.954		1.0944		0.0000		875.861		3.526		12.385		5.472198		13.160
4.954		1.0977		0.0000		875.858		3.529		12.385		5.488722		13.200
4.956		1.1009		0.0000		875.854		3.532		12.390		5.504558		13.240
4.958		1.1041		0.0000		875.851		3.535		12.395		5.520394		13.280
4.960		1.1072		0.0000		875.848		3.538		12.400		5.536228		13.320
4.962		1.1106		0.0000		875.845		3.542		12.405		5.552753		13.360
4.964		1.1141		0.0000		875.841		3.545		12.410		5.570654		13.400
4.970		1.1180		0.0000		875.837		3.549		12.425		5.589932		13.440
4.978		1.1216		0.0000		875.834		3.553		12.445		5.607833		13.480
4.984		1.1247		0.0000		875.831		3.556		12.460		5.623669		13.520
4.986		1.1279		0.0000		875.827		3.559		12.465		5.639504		13.560
4.986		1.1311		0.0000		875.824		3.562		12.465		5.655339		13.600
4.988		1.1342		0.0000		875.821		3.565		12.470		5.671175		13.640
4.990		1.1374		0.0000		875.818		3.568		12.475		5.687010		13.680
4.990		1.1407		0.0000		875.815		3.572		12.475		5.703534		13.720
4.992		1.1439		0.0000		875.811		3.575		12.480		5.719370		13.760
4.994		1.1475		0.0000		875.808		3.579		12.485		5.737271		13.800
5.000		1.1512		0.0000		875.804		3.582		12.500		5.755861		13.840
5.008		1.1550		0.0000		875.800		3.586		12.520		5.775138		13.880
5.016		1.1581		0.0000		875.797		3.589		12.540		5.790285		13.920
5.018		1.1612		0.0000		875.794		3.592		12.545		5.806121		13.960
5.018		1.1645		0.0000		875.791		3.596		12.545		5.822645		14.000
5.020		1.1677		0.0000		875.788		3.599		12.550		5.838480		14.040
5.022		1.1709		0.0000		875.784		3.602		12.555		5.854316		14.080
5.024		1.1740		0.0000		875.781		3.605		12.560		5.870152		14.120
5.026		1.1773		0.0000		875.778		3.608		12.565		5.886675		14.160
5.028		1.1808		0.0000		875.775		3.612		12.570		5.903888		14.200
5.032		1.1844		0.0000		875.771		3.615		12.580		5.921789		14.240
5.038		1.1882		0.0000		875.767		3.619		12.595		5.941067		14.280
5.046		1.1915		0.0000		875.764		3.623		12.615		5.957590		14.320
5.050		1.1947		0.0000		875.761		3.626		12.625		5.973426		14.360
5.050		1.1979		0.0000		875.757		3.629		12.625		5.989262		14.400
5.052		1.2010		0.0000		875.754		3.632		12.630		6.005097		14.440
5.052		1.2043		0.0000		875.751		3.635		12.630		6.021621		14.480
5.054		1.2075		0.0000		875.748		3.639		12.635		6.037457		14.520
5.054		1.2107		0.0000		875.745		3.642		12.635		6.053293		14.560
5.056		1.2140		0.0000		875.741		3.645		12.640		6.069817		14.600
5.058		1.2175		0.0000		875.738		3.649		12.645		6.087717		14.640
5.064		1.2215		0.0000		875.734		3.653		12.660		6.107684		14.680
5.072		1.2250		0.0000		875.730		3.656		12.680		6.124896		14.720
5.078		1.2280		0.0000		875.727		3.659		12.695		6.140044		14.760
5.078		1.2313		0.0000		875.724		3.662		12.695		6.156568		14.800
5.078		1.2345		0.0000		875.721		3.666		12.695		6.172403		14.840
5.080		1.2376		0.0000		875.718		3.669		12.700		6.188239		14.880
5.080		1.2410		0.0000		875.714		3.672		12.700		6.204762		14.920
5.082		1.2441		0.0000		875.711		3.675		12.705		6.220598		14.960
5.082		1.2473		0.0000		875.708		3.678		12.705		6.236433		15.000
5.084		1.2509		0.0000		875.704		3.682		12.710		6.254334		15.040
5.090		1.2547		0.0000		875.701		3.686		12.725		6.273612		15.080
5.098		1.2583		0.0000		875.697		3.689		12.745		6.291513		15.120
5.104		1.2615		0.0000		875.694		3.693		12.760		6.307349		15.160
5.108		1.2646		0.0000		875.691		3.696		12.770		6.323184		15.200
5.108		1.2679		0.0000		875.687		3.699		12.770		6.339708		15.240
5.108		1.2711		0.0000		875.684		3.702		12.770		6.355544		15.280
5.110		1.2743		0.0000		875.681		3.705		12.775		6.371379		15.320
5.110		1.2774		0.0000		875.678		3.709		12.775		6.387215		15.360
5.112		1.2806		0.0000		875.675		3.712		12.780		6.403050		15.400
5.114		1.2842		0.0000		875.671		3.715		12.785		6.420951		15.440
5.116		1.2880		0.0000		875.667		3.719		12.790		6.440229		15.480
5.124		1.2916		0.0000		875.664		3.723		12.810		6.458130		15.520
5.132		1.2949		0.0000		875.660		3.726		12.830		6.474655		15.560
5.134		1.2981		0.0000		875.657		3.729		12.835		6.490489		15.600
5.134		1.3011		0.0000		875.654		3.732		12.835		6.505637		15.640
5.134		1.3046		0.0000		875.651		3.736		12.835		6.522850		15.680
5.136		1.3077		0.0000		875.648		3.739		12.840		6.538684		15.720
5.138		1.3109		0.0000		875.644		3.742		12.845		6.554520		15.760
5.138		1.3141		0.0000		875.641		3.745		12.845		6.570356		15.800
5.140		1.3174		0.0000		875.638		3.748		12.850		6.586880		15.840
5.142		1.3211		0.0000		875.634		3.752		12.855		6.605469		15.880
5.148		1.3249		0.0000		875.630		3.756		12.870		6.624747		15.920
5.156		1.3284		0.0000		875.627		3.759		12.890		6.641960		15.960
5.162		1.3316		0.0000		875.624		3.763		12.905		6.657796		16.000
5.162		1.3347		0.0000		875.621		3.766		12.905		6.673631		16.040
5.164		1.3379		0.0000		875.617		3.769		12.910		6.689466		16.080
5.164		1.3411		0.0000		875.614		3.772		12.910		6.705302		16.120
5.166		1.3442		0.0000		875.611		3.775		12.915		6.721138		16.160
5.166		1.3474		0.0000		875.608		3.778		12.915		6.736972		16.200
5.168		1.3507		0.0000		875.605		3.782		12.920		6.753497		16.240
5.170		1.3543		0.0000		875.601		3.785		12.925		6.771398		16.280
5.174		1.3581		0.0000		875.597		3.789		12.935		6.790676		16.320
5.182		1.3619		0.0000		875.593		3.793		12.955		6.809266		16.360
5.190		1.3649		0.0000		875.590		3.796		12.975		6.824412		16.400
5.190		1.3680		0.0000		875.587		3.799		12.975		6.840248		16.440
5.190		1.3714		0.0000		875.584		3.802		12.975		6.856771		16.480
5.192		1.3745		0.0000		875.581		3.806		12.980		6.872607		16.520
5.192		1.3777		0.0000		875.578		3.809		12.980		6.888443		16.560
5.192		1.3809		0.0000		875.574		3.812		12.980		6.904278		16.600
5.192		1.3842		0.0000		875.571		3.815		12.980		6.920803		16.640
5.194		1.3875		0.0000		875.568		3.819		12.985		6.937326		16.680
5.198		1.3913		0.0000		875.564		3.822		12.995		6.956605		16.720
5.204		1.3952		0.0000		875.560		3.826		13.010		6.975882		16.760
5.212		1.3983		0.0000		875.557		3.829		13.030		6.991718		16.800
5.214		1.4014		0.0000		875.554		3.832		13.035		7.006865		16.840
5.214		1.4047		0.0000		875.551		3.836		13.035		7.023389		16.880
5.214		1.4080		0.0000		875.547		3.839		13.035		7.039913		16.920
5.214		1.4110		0.0000		875.544		3.842		13.035		7.055059		16.960
5.216		1.4143		0.0000		875.541		3.845		13.040		7.071583		17.000
5.216		1.4173		0.0000		875.538		3.848		13.040		7.086731		17.040
5.216		1.4208		0.0000		875.535		3.852		13.040		7.103944		17.080
5.218		1.4246		0.0000		875.531		3.856		13.045		7.123221		17.120
5.224		1.4285		0.0000		875.527		3.860		13.060		7.142500		17.160
5.232		1.4318		0.0000		875.523		3.863		13.080		7.159023		17.200
5.236		1.4348		0.0000		875.521		3.866		13.090		7.174170		17.240
5.236		1.4381		0.0000		875.517		3.869		13.090		7.190695		17.280
5.238		1.4413		0.0000		875.514		3.872		13.095		7.206530		17.320
5.238		1.4445		0.0000		875.511		3.876		13.095		7.222365		17.360
5.240		1.4476		0.0000		875.508		3.879		13.100		7.238201		17.400
5.240		1.4508		0.0000		875.505		3.882		13.100		7.254037		17.440
5.242		1.4541		0.0000		875.501		3.885		13.105		7.270560		17.480
5.244		1.4577		0.0000		875.498		3.889		13.110		7.288462		17.520
5.248		1.4617		0.0000		875.494		3.893		13.120		7.308428		17.560
5.258		1.4651		0.0000		875.490		3.896		13.145		7.325641		17.600
5.264		1.4682		0.0000		875.487		3.899		13.160		7.340788		17.640
5.266		1.4715		0.0000		875.484		3.903		13.165		7.357311		17.680
5.266		1.4748		0.0000		875.481		3.906		13.165		7.373835		17.720
5.266		1.4779		0.0000		875.477		3.909		13.165		7.389670		17.760
5.268		1.4811		0.0000		875.474		3.912		13.170		7.405506		17.800
5.268		1.4843		0.0000		875.471		3.915		13.170		7.421342		17.840
5.270		1.4874		0.0000		875.468		3.919		13.175		7.437178		17.880
5.270		1.4910		0.0000		875.464		3.922		13.175		7.455078		17.920
5.274		1.4949		0.0000		875.460		3.926		13.185		7.474357		17.960
5.282		1.4985		0.0000		875.457		3.930		13.205		7.492257		18.000
5.288		1.5018		0.0000		875.454		3.933		13.220		7.508781		18.040
5.290		1.5048		0.0000		875.451		3.936		13.225		7.523929		18.080
5.290		1.5081		0.0000		875.447		3.939		13.225		7.540452		18.120
5.290		1.5113		0.0000		875.444		3.942		13.225		7.556288		18.160
5.290		1.5146		0.0000		875.441		3.946		13.225		7.572812		18.200
5.290		1.5177		0.0000		875.438		3.949		13.225		7.588648		18.240
5.290		1.5209		0.0000		875.434		3.952		13.225		7.604484		18.280
5.292		1.5242		0.0000		875.431		3.955		13.230		7.621007		18.320
5.294		1.5281		0.0000		875.427		3.959		13.235		7.640285		18.360
5.300		1.5318		0.0000		875.424		3.963		13.250		7.658874		18.400
5.308		1.5351		0.0000		875.420		3.966		13.270		7.675399		18.440
5.312		1.5384		0.0000		875.417		3.969		13.280		7.691922		18.480
5.314		1.5414		0.0000		875.414		3.973		13.285		7.707069		18.520
5.314		1.5447		0.0000		875.411		3.976		13.285		7.723594		18.560
5.314		1.5479		0.0000		875.407		3.979		13.285		7.739429		18.600
5.316		1.5511		0.0000		875.404		3.982		13.290		7.755264		18.640
5.316		1.5542		0.0000		875.401		3.985		13.290		7.771100		18.680
5.316		1.5575		0.0000		875.398		3.989		13.290		7.787623		18.720
5.318		1.5612		0.0000		875.394		3.992		13.295		7.806213		18.760
5.322		1.5650		0.0000		875.390		3.996		13.305		7.824802		18.800
5.330		1.5684		0.0000		875.387		3.999		13.325		7.842015		18.840
5.336		1.5717		0.0000		875.384		4.003		13.340		7.858540		18.880
5.338		1.5749		0.0000		875.380		4.006		13.345		7.874375		18.920
5.336		1.5780		0.0000		875.377		4.009		13.340		7.890211		18.960
5.338		1.5813		0.0000		875.374		4.012		13.345		7.906734		19.000
5.338		1.5845		0.0000		875.371		4.016		13.345		7.922569		19.040
5.338		1.5877		0.0000		875.368		4.019		13.345		7.938405		19.080
5.338		1.5908		0.0000		875.365		4.022		13.345		7.954241		19.120
5.340		1.5944		0.0000		875.361		4.026		13.350		7.972141		19.160
5.344		1.5981		0.0000		875.357		4.029		13.360		7.990731		19.200
5.350		1.6019		0.0000		875.353		4.033		13.375		8.009320		19.240
5.358		1.6052		0.0000		875.350		4.036		13.395		8.025846		19.280
5.360		1.6083		0.0000		875.347		4.039		13.400		8.041681		19.320
5.358		1.6115		0.0000		875.344		4.043		13.395		8.057517		19.360
5.360		1.6147		0.0000		875.341		4.046		13.400		8.073350		19.400
5.360		1.6178		0.0000		875.337		4.049		13.400		8.089186		19.440
5.360		1.6210		0.0000		875.334		4.052		13.400		8.105021		19.480
5.360		1.6243		0.0000		875.331		4.055		13.400		8.121547		19.520
5.362		1.6276		0.0000		875.328		4.059		13.405		8.138071		19.560
5.364		1.6315		0.0000		875.324		4.063		13.410		8.157348		19.600
5.370		1.6352		0.0000		875.320		4.066		13.425		8.175937		19.640
5.376		1.6386		0.0000		875.317		4.070		13.440		8.193151		19.680
5.380		1.6417		0.0000		875.314		4.073		13.450		8.208298		19.720
5.380		1.6448		0.0000		875.310		4.076		13.450		8.224133		19.760
5.378		1.6481		0.0000		875.307		4.079		13.445		8.240656		19.800
5.380		1.6513		0.0000		875.304		4.082		13.450		8.256492		19.840
5.380		1.6545		0.0000		875.301		4.086		13.450		8.272327		19.880
5.380		1.6576		0.0000		875.298		4.089		13.450		8.288163		19.920
5.380		1.6609		0.0000		875.294		4.092		13.450		8.304688		19.960
5.380		1.6645		0.0000		875.291		4.096		13.450		8.322588		20.000
5.386		1.6684		0.0000		875.287		4.099		13.465		8.341866		20.040
5.392		1.6720		0.0000		875.283		4.103		13.480		8.359767		20.080
5.398		1.6751		0.0000		875.280		4.106		13.495		8.375603		20.120
5.398		1.6783		0.0000		875.277		4.109		13.495		8.391438		20.160
5.398		1.6815		0.0000		875.274		4.113		13.495		8.407274		20.200
5.398		1.6848		0.0000		875.271		4.116		13.495		8.423797		20.240
5.396		1.6878		0.0000		875.268		4.119		13.490		8.438946		20.280
5.396		1.6911		0.0000		875.264		4.122		13.490		8.455468		20.320
5.396		1.6943		0.0000		875.261		4.125		13.490		8.471304		20.360
5.396		1.6978		0.0000		875.258		4.129		13.490		8.489204		20.400
5.400		1.7016		0.0000		875.254		4.133		13.500		8.507794		20.440
5.408		1.7053		0.0000		875.250		4.136		13.520		8.526383		20.480
5.414		1.7084		0.0000		875.247		4.140		13.535		8.542219		20.520
5.414		1.7116		0.0000		875.244		4.143		13.535		8.558055		20.560
5.414		1.7149		0.0000		875.240		4.146		13.535		8.574580		20.600
5.414		1.7181		0.0000		875.237		4.149		13.535		8.590416		20.640
5.414		1.7213		0.0000		875.234		4.152		13.535		8.606252		20.680
5.414		1.7244		0.0000		875.231		4.156		13.535		8.622085		20.720
5.416		1.7277		0.0000		875.228		4.159		13.540		8.638610		20.760
5.416		1.7310		0.0000		875.224		4.162		13.540		8.655134		20.800
5.418		1.7347		0.0000		875.221		4.166		13.545		8.673724		20.840
5.424		1.7386		0.0000		875.217		4.170		13.560		8.693003		20.880
5.430		1.7419		0.0000		875.213		4.173		13.575		8.709525		20.920
5.434		1.7451		0.0000		875.210		4.176		13.585		8.725361		20.960
5.434		1.7482		0.0000		875.207		4.179		13.585		8.741197		21.000
5.434		1.7515		0.0000		875.204		4.183		13.585		8.757721		21.040
5.434		1.7547		0.0000		875.201		4.186		13.585		8.773557		21.080
5.436		1.7579		0.0000		875.197		4.189		13.590		8.789391		21.120
5.436		1.7610		0.0000		875.194		4.192		13.590		8.805226		21.160
5.436		1.7644		0.0000		875.191		4.195		13.590		8.821751		21.200
5.438		1.7681		0.0000		875.187		4.199		13.595		8.840341		21.240
5.444		1.7719		0.0000		875.183		4.203		13.610		8.859619		21.280
5.452		1.7754		0.0000		875.180		4.206		13.630		8.876830		21.320
5.458		1.7785		0.0000		875.177		4.210		13.645		8.892666		21.360
5.458		1.7817		0.0000		875.174		4.213		13.645		8.908502		21.400
5.456		1.7849		0.0000		875.170		4.216		13.640		8.924337		21.440
5.456		1.7882		0.0000		875.167		4.219		13.640		8.940863		21.480
5.456		1.7913		0.0000		875.164		4.222		13.640		8.956696		21.520
5.456		1.7945		0.0000		875.161		4.226		13.640		8.972531		21.560
5.456		1.7977		0.0000		875.158		4.229		13.640		8.988367		21.600
5.456		1.8013		0.0000		875.154		4.232		13.640		9.006268		21.640
5.460		1.8051		0.0000		875.150		4.236		13.650		9.025546		21.680
5.466		1.8087		0.0000		875.147		4.240		13.665		9.043447		21.720
5.472		1.8119		0.0000		875.143		4.243		13.680		9.059282		21.760
5.472		1.8152		0.0000		875.140		4.246		13.680		9.075808		21.800
5.472		1.8183		0.0000		875.137		4.249		13.680		9.091643		21.840
5.472		1.8215		0.0000		875.134		4.253		13.680		9.107479		21.880
5.472		1.8247		0.0000		875.131		4.256		13.680		9.123315		21.920
5.470		1.8278		0.0000		875.128		4.259		13.675		9.139151		21.960
5.470		1.8310		0.0000		875.124		4.262		13.675		9.154984		22.000
5.470		1.8344		0.0000		875.121		4.266		13.675		9.172197		22.040
5.474		1.8383		0.0000		875.117		4.269		13.685		9.191476		22.080
5.480		1.8420		0.0000		875.113		4.273		13.700		9.210066		22.120
5.488		1.8453		0.0000		875.110		4.276		13.720		9.226588		22.160
5.492		1.8485		0.0000		875.107		4.280		13.730		9.242424		22.200
5.490		1.8517		0.0000		875.104		4.283		13.725		9.258260		22.240
5.490		1.8550		0.0000		875.100		4.286		13.725		9.274784		22.280
5.490		1.8581		0.0000		875.097		4.289		13.725		9.290620		22.320
5.490		1.8613		0.0000		875.094		4.292		13.725		9.306456		22.360
5.490		1.8645		0.0000		875.091		4.296		13.725		9.322289		22.400
5.490		1.8678		0.0000		875.088		4.299		13.725		9.338814		22.440
5.490		1.8715		0.0000		875.084		4.303		13.725		9.357404		22.480
5.494		1.8753		0.0000		875.080		4.306		13.735		9.376682		22.520
5.502		1.8788		0.0000		875.077		4.310		13.755		9.393893		22.560
5.506		1.8819		0.0000		875.073		4.313		13.765		9.409729		22.600
5.506		1.8851		0.0000		875.070		4.316		13.765		9.425565		22.640
5.506		1.8883		0.0000		875.067		4.319		13.765		9.441401		22.680
5.506		1.8914		0.0000		875.064		4.323		13.765		9.457236		22.720
5.504		1.8946		0.0000		875.061		4.326		13.760		9.473072		22.760
5.504		1.8978		0.0000		875.058		4.329		13.760		9.488908		22.800
5.504		1.9011		0.0000		875.054		4.332		13.760		9.505430		22.840
5.504		1.9047		0.0000		875.051		4.336		13.760		9.523334		22.880
5.508		1.9085		0.0000		875.047		4.340		13.770		9.542609		22.920
5.514		1.9122		0.0000		875.043		4.343		13.785		9.561199		22.960
5.520		1.9153		0.0000		875.040		4.346		13.800		9.576345		23.000
5.520		1.9184		0.0000		875.037		4.350		13.800		9.592181		23.040
5.518		1.9217		0.0000		875.034		4.353		13.795		9.608706		23.080
5.518		1.9249		0.0000		875.030		4.356		13.795		9.624542		23.120
5.518		1.9281		0.0000		875.027		4.359		13.795		9.640378		23.160
5.518		1.9312		0.0000		875.024		4.362		13.795		9.656214		23.200
5.518		1.9344		0.0000		875.021		4.366		13.795		9.672050		23.240
5.518		1.9379		0.0000		875.017		4.369		13.795		9.689260		23.280
5.520		1.9417		0.0000		875.014		4.373		13.800		9.708539		23.320
5.526		1.9454		0.0000		875.010		4.377		13.815		9.727129		23.360
5.532		1.9487		0.0000		875.007		4.380		13.830		9.743653		23.400
5.534		1.9519		0.0000		875.003		4.383		13.835		9.759487		23.440
5.534		1.9551		0.0000		875.000		4.386		13.835		9.775323		23.480
5.534		1.9584		0.0000		874.997		4.389		13.835		9.791847		23.520
5.532		1.9615		0.0000		874.994		4.393		13.830		9.807683		23.560
5.532		1.9647		0.0000		874.991		4.396		13.830		9.823519		23.600
5.532		1.9679		0.0000		874.987		4.399		13.830		9.839355		23.640
5.530		1.9712		0.0000		874.984		4.402		13.825		9.855877		23.680
5.532		1.9749		0.0000		874.980		4.406		13.830		9.874467		23.720
5.536		1.9787		0.0000		874.977		4.410		13.840		9.893745		23.760
5.544		1.9822		0.0000		874.973		4.413		13.860		9.910959		23.800
5.548		1.9852		0.0000		874.970		4.416		13.870		9.926105		23.840
5.546		1.9884		0.0000		874.967		4.419		13.865		9.941941		23.880
5.546		1.9917		0.0000		874.964		4.423		13.865		9.958464		23.920
5.546		1.9949		0.0000		874.960		4.426		13.865		9.974299		23.960
5.544		1.9980		0.0000		874.957		4.429		13.860		9.990135		24.000
5.544		2.0012		0.0000		874.954		4.432		13.860		10.005971		24.040
5.544		2.0045		0.0000		874.951		4.436		13.860		10.022496		24.080
5.544		2.0081		0.0000		874.947		4.439		13.860		10.040397		24.120
5.546		2.0119		0.0000		874.943		4.443		13.865		10.059675		24.160
5.554		2.0155		0.0000		874.940		4.447		13.885		10.077576		24.200
5.558		2.0187		0.0000		874.937		4.450		13.895		10.093411		24.240
5.560		2.0218		0.0000		874.933		4.453		13.900		10.109247		24.280
5.558		2.0252		0.0000		874.930		4.456		13.895		10.125770		24.320
5.558		2.0283		0.0000		874.927		4.459		13.895		10.141605		24.360
5.558		2.0315		0.0000		874.924		4.463		13.895		10.157441		24.400
5.558		2.0347		0.0000		874.921		4.466		13.895		10.173277		24.440
5.558		2.0378		0.0000		874.917		4.469		13.895		10.189113		24.480
5.558		2.0413		0.0000		874.914		4.472		13.895		10.206324		24.520
5.560		2.0451		0.0000		874.910		4.476		13.900		10.225602		24.560
5.566		2.0490		0.0000		874.906		4.480		13.915		10.244881		24.600
5.574		2.0521		0.0000		874.903		4.483		13.935		10.260716		24.640
5.576		2.0553		0.0000		874.900		4.486		13.940		10.276552		24.680
5.574		2.0585		0.0000		874.897		4.490		13.935		10.292386		24.720
5.574		2.0616		0.0000		874.894		4.493		13.935		10.308222		24.760
5.572		2.0649		0.0000		874.890		4.496		13.930		10.324746		24.800
5.572		2.0681		0.0000		874.887		4.499		13.930		10.340582		24.840
5.572		2.0713		0.0000		874.884		4.502		13.930		10.356418		24.880
5.572		2.0746		0.0000		874.881		4.506		13.930		10.372940		24.920
5.572		2.0783		0.0000		874.877		4.509		13.930		10.391530		24.960
5.578		2.0822		0.0000		874.873		4.513		13.945		10.410809		25.000
5.584		2.0856		0.0000		874.870		4.517		13.960		10.428022		25.040
5.588		2.0888		0.0000		874.867		4.520		13.970		10.443858		25.080
5.588		2.0919		0.0000		874.863		4.523		13.970		10.459691		25.120
5.586		2.0951		0.0000		874.860		4.526		13.965		10.475527		25.160
5.584		2.0983		0.0000		874.857		4.529		13.960		10.491363		25.200
5.582		2.1014		0.0000		874.854		4.533		13.955		10.507198		25.240
5.582		2.1046		0.0000		874.851		4.536		13.955		10.523034		25.280
5.582		2.1078		0.0000		874.848		4.539		13.955		10.538870		25.320
5.582		2.1115		0.0000		874.844		4.543		13.955		10.557460		25.360
5.586		2.1153		0.0000		874.840		4.546		13.965		10.576738		25.400
5.594		2.1189		0.0000		874.836		4.550		13.985		10.594639		25.440
5.600		2.1221		0.0000		874.833		4.553		14.000		10.610475		25.480
5.600		2.1253		0.0000		874.830		4.556		14.000		10.626310		25.520
5.598		2.1286		0.0000		874.827		4.560		13.995		10.642833		25.560
5.598		2.1317		0.0000		874.824		4.563		13.995		10.658669		25.600
5.598		2.1349		0.0000		874.820		4.566		13.995		10.674504		25.640
5.596		2.1381		0.0000		874.817		4.569		13.990		10.690340		25.680
5.594		2.1412		0.0000		874.814		4.572		13.985		10.706176		25.720
5.594		2.1447		0.0000		874.811		4.576		13.985		10.723387		25.760
5.596		2.1485		0.0000		874.807		4.580		13.990		10.742665		25.800
5.602		2.1523		0.0000		874.803		4.583		14.005		10.761255		25.840
5.608		2.1556		0.0000		874.800		4.587		14.020		10.777780		25.880
5.610		2.1587		0.0000		874.797		4.590		14.025		10.793615		25.920
5.608		2.1619		0.0000		874.793		4.593		14.020		10.809451		25.960
5.606		2.1651		0.0000		874.790		4.596		14.015		10.825285		26.000
5.604		2.1682		0.0000		874.787		4.599		14.010		10.841121		26.040
5.602		2.1714		0.0000		874.784		4.602		14.005		10.856956		26.080
5.600		2.1747		0.0000		874.781		4.606		14.000		10.873481		26.120
5.598		2.1780		0.0000		874.777		4.609		13.995		10.890006		26.160
5.598		2.1817		0.0000		874.774		4.613		13.995		10.908595		26.200
5.602		2.1856		0.0000		874.770		4.617		14.005		10.927872		26.240
5.608		2.1890		0.0000		874.766		4.620		14.020		10.945086		26.280
5.612		2.1920		0.0000		874.763		4.623		14.030		10.960232		26.320
5.610		2.1952		0.0000		874.760		4.626		14.025		10.976068		26.360
5.606		2.1985		0.0000		874.757		4.630		14.015		10.992590		26.400
5.606		2.2017		0.0000		874.754		4.633		14.015		11.008426		26.440
5.604		2.2049		0.0000		874.750		4.636		14.010		11.024261		26.480
5.602		2.2080		0.0000		874.747		4.639		14.005		11.040097		26.520
5.602		2.2113		0.0000		874.744		4.642		14.005		11.056623		26.560
5.600		2.2149		0.0000		874.740		4.646		14.000		11.074523		26.600
5.604		2.2188		0.0000		874.737		4.650		14.010		11.093801		26.640
5.610		2.2223		0.0000		874.733		4.653		14.025		11.111702		26.680
5.614		2.2255		0.0000		874.730		4.657		14.035		11.127538		26.720
5.614		2.2287		0.0000		874.727		4.660		14.035		11.143373		26.760
5.612		2.2318		0.0000		874.723		4.663		14.030		11.159209		26.800
5.610		2.2351		0.0000		874.720		4.666		14.025		11.175732		26.840
5.608		2.2383		0.0000		874.717		4.669		14.020		11.191567		26.880
5.606		2.2415		0.0000		874.714		4.673		14.015		11.207403		26.920
5.606		2.2446		0.0000		874.711		4.676		14.015		11.223239		26.960
5.604		2.2481		0.0000		874.707		4.679		14.010		11.240453		27.000
5.606		2.2519		0.0000		874.703		4.683		14.015		11.259728		27.040
5.612		2.2558		0.0000		874.700		4.687		14.030		11.279007		27.080
5.618		2.2590		0.0000		874.696		4.690		14.045		11.294843		27.120
5.618		2.2621		0.0000		874.693		4.693		14.045		11.310678		27.160
5.616		2.2653		0.0000		874.690		4.696		14.040		11.326514		27.200
5.614		2.2685		0.0000		874.687		4.700		14.035		11.342350		27.240
5.612		2.2716		0.0000		874.684		4.703		14.030		11.358186		27.280
5.610		2.2748		0.0000		874.681		4.706		14.025		11.374020		27.320
5.608		2.2781		0.0000		874.677		4.709		14.020		11.390544		27.360
5.606		2.2814		0.0000		874.674		4.713		14.015		11.407069		27.400
5.606		2.2851		0.0000		874.670		4.716		14.015		11.425658		27.440
5.612		2.2890		0.0000		874.666		4.720		14.030		11.444937		27.480
5.618		2.2924		0.0000		874.663		4.724		14.045		11.462149		27.520
5.620		2.2956		0.0000		874.660		4.727		14.050		11.477984		27.560
5.618		2.2986		0.0000		874.657		4.730		14.045		11.493131		27.600
5.616		2.3019		0.0000		874.653		4.733		14.040		11.509656		27.640
5.614		2.3051		0.0000		874.650		4.736		14.035		11.525492		27.680
5.612		2.3083		0.0000		874.647		4.739		14.030		11.541325		27.720
5.612		2.3114		0.0000		874.644		4.743		14.030		11.557160		27.760
5.610		2.3146		0.0000		874.641		4.746		14.025		11.572996		27.800
5.608		2.3183		0.0000		874.637		4.749		14.020		11.591586		27.840
5.612		2.3223		0.0000		874.633		4.753		14.030		11.611553		27.880
5.620		2.3259		0.0000		874.629		4.757		14.050		11.629454		27.920
5.624		2.3289		0.0000		874.626		4.760		14.060		11.644601		27.960
5.622		2.3321		0.0000		874.623		4.763		14.055		11.660437		28.000
5.620		2.3353		0.0000		874.620		4.766		14.050		11.676272		28.040
5.618		2.3386		0.0000		874.617		4.770		14.045		11.692797		28.080
5.616		2.3417		0.0000		874.614		4.773		14.040		11.708631		28.120
5.614		2.3449		0.0000		874.610		4.776		14.035		11.724466		28.160
5.612		2.3481		0.0000		874.607		4.779		14.030		11.740302		28.200
5.612		2.3515		0.0000		874.604		4.783		14.030		11.757516		28.240
5.614		2.3554		0.0000		874.600		4.786		14.035		11.776792		28.280
5.618		2.3592		0.0000		874.596		4.790		14.045		11.796070		28.320
5.624		2.3624		0.0000		874.593		4.793		14.060		11.811906		28.360
5.624		2.3655		0.0000		874.590		4.797		14.060		11.827742		28.400
5.622		2.3687		0.0000		874.587		4.800		14.055		11.843577		28.440
5.618		2.3719		0.0000		874.583		4.803		14.045		11.859413		28.480
5.618		2.3750		0.0000		874.580		4.806		14.045		11.875249		28.520
5.616		2.3782		0.0000		874.577		4.809		14.040		11.891085		28.560
5.614		2.3814		0.0000		874.574		4.812		14.035		11.906919		28.600
5.612		2.3848		0.0000		874.570		4.816		14.030		11.924132		28.640
5.612		2.3885		0.0000		874.567		4.820		14.030		11.942721		28.680
5.618		2.3925		0.0000		874.563		4.824		14.045		11.962687		28.720
5.624		2.3958		0.0000		874.559		4.827		14.060		11.979212		28.760
5.626		2.3989		0.0000		874.556		4.830		14.065		11.994358		28.800
5.624		2.4020		0.0000		874.553		4.833		14.060		12.010194		28.840
5.622		2.4053		0.0000		874.550		4.836		14.055		12.026719		28.880
5.620		2.4085		0.0000		874.547		4.840		14.050		12.042555		28.920
5.618		2.4117		0.0000		874.544		4.843		14.045		12.058391		28.960
5.616		2.4148		0.0000		874.540		4.846		14.040		12.074224		29.000
5.616		2.4181		0.0000		874.537		4.849		14.040		12.090749		29.040
5.616		2.4219		0.0000		874.533		4.853		14.040		12.109338		29.080
5.618		2.4256		0.0000		874.530		4.857		14.045		12.127928		29.120
5.626		2.4293		0.0000		874.526		4.860		14.065		12.146517		29.160
5.630		2.4323		0.0000		874.523		4.863		14.075		12.161664		29.200
5.628		2.4355		0.0000		874.520		4.867		14.070		12.177500		29.240
5.624		2.4388		0.0000		874.517		4.870		14.060		12.194024		29.280
5.622		2.4420		0.0000		874.513		4.873		14.055		12.209860		29.320
5.620		2.4451		0.0000		874.510		4.876		14.050		12.225696		29.360
5.618		2.4482		0.0000		874.507		4.879		14.045		12.240843		29.400
5.614		2.4515		0.0000		874.504		4.883		14.035		12.257365		29.440
5.612		2.4551		0.0000		874.500		4.886		14.030		12.275268		29.480
5.614		2.4588		0.0000		874.497		4.890		14.035		12.293858		29.520
5.620		2.4626		0.0000		874.493		4.894		14.050		12.313133		29.560
5.624		2.4657		0.0000		874.490		4.897		14.060		12.328280		29.600
5.624		2.4688		0.0000		874.487		4.900		14.060		12.344116		29.640
5.620		2.4721		0.0000		874.483		4.903		14.050		12.360641		29.680
5.618		2.4754		0.0000		874.480		4.907		14.045		12.377166		29.720
5.616		2.4785		0.0000		874.477		4.910		14.040		12.392312		29.760
5.612		2.4816		0.0000		874.474		4.913		14.030		12.408148		29.800
5.610		2.4849		0.0000		874.470		4.916		14.025		12.424670		29.840
5.608		2.4884		0.0000		874.467		4.919		14.020		12.441884		29.880
5.608		2.4920		0.0000		874.463		4.923		14.020		12.459785		29.920
5.612		2.4958		0.0000		874.460		4.927		14.030		12.479063		29.960
5.618		2.4991		0.0000		874.456		4.930		14.045		12.495585		30.000
5.618		2.5023		0.0000		874.453		4.933		14.045		12.511421		30.040
5.614		2.5055		0.0000		874.450		4.937		14.035		12.527257		30.080
5.612		2.5088		0.0000		874.447		4.940		14.030		12.543782		30.120
5.610		2.5119		0.0000		874.443		4.943		14.025		12.559618		30.160
5.608		2.5151		0.0000		874.440		4.946		14.020		12.575454		30.200
5.606		2.5183		0.0000		874.437		4.949		14.015		12.591290		30.240
5.604		2.5216		0.0000		874.434		4.953		14.010		12.607812		30.280
5.602		2.5251		0.0000		874.430		4.956		14.005		12.625714		30.320
5.604		2.5291		0.0000		874.426		4.960		14.010		12.645679		30.360
5.612		2.5326		0.0000		874.423		4.964		14.030		12.662893		30.400
5.614		2.5357		0.0000		874.420		4.967		14.035		12.678727		30.440
5.612		2.5389		0.0000		874.416		4.970		14.030		12.694563		30.480
5.608		2.5421		0.0000		874.413		4.973		14.020		12.710399		30.520
5.606		2.5454		0.0000		874.410		4.976		14.015		12.726923		30.560
5.602		2.5484		0.0000		874.407		4.980		14.005		12.742070		30.600
5.600		2.5516		0.0000		874.404		4.983		14.000		12.757906		30.640
5.598		2.5550		0.0000		874.400		4.986		13.995		12.775117		30.680
5.596		2.5585		0.0000		874.397		4.990		13.990		12.792331		30.720
5.598		2.5622		0.0000		874.393		4.993		13.995		12.810921		30.760
5.602		2.5659		0.0000		874.389		4.997		14.005		12.829510		30.800
5.606		2.5691		0.0000		874.386		5.000		14.015		12.845345		30.840
5.606		2.5724		0.0000		874.383		5.003		14.015		12.861868		30.880
5.602		2.5755		0.0000		874.380		5.007		14.005		12.877704		30.920
5.600		2.5787		0.0000		874.377		5.010		14.000		12.893539		30.960
5.596		2.5820		0.0000		874.373		5.013		13.990		12.910065		31.000
5.594		2.5850		0.0000		874.370		5.016		13.985		12.925211		31.040
5.592		2.5883		0.0000		874.367		5.019		13.980		12.941736		31.080
5.588		2.5917		0.0000		874.364		5.023		13.970		12.958259		31.120
5.588		2.5955		0.0000		874.360		5.027		13.970		12.977537		31.160
5.592		2.5994		0.0000		874.356		5.030		13.980		12.996816		31.200
5.598		2.6025		0.0000		874.353		5.034		13.995		13.012651		31.240
5.598		2.6057		0.0000		874.350		5.037		13.995		13.028487		31.280
5.594		2.6089		0.0000		874.346		5.040		13.985		13.044320		31.320
5.592		2.6122		0.0000		874.343		5.043		13.980		13.060845		31.360
5.588		2.6153		0.0000		874.340		5.046		13.970		13.076681		31.400
5.586		2.6185		0.0000		874.337		5.050		13.965		13.092517		31.440
5.584		2.6218		0.0000		874.333		5.053		13.960		13.109041		31.480
5.580		2.6250		0.0000		874.330		5.056		13.950		13.124875		31.520
5.578		2.6287		0.0000		874.327		5.060		13.945		13.143464		31.560
5.580		2.6325		0.0000		874.323		5.064		13.950		13.162743		31.600
5.586		2.6360		0.0000		874.319		5.067		13.965		13.179956		31.640
5.588		2.6392		0.0000		874.316		5.070		13.970		13.195792		31.680
5.584		2.6423		0.0000		874.313		5.073		13.960		13.211626		31.720
5.580		2.6455		0.0000		874.310		5.077		13.950		13.227462		31.760
5.576		2.6488		0.0000		874.307		5.080		13.940		13.243986		31.800
5.574		2.6518		0.0000		874.303		5.083		13.935		13.259133		31.840
5.570		2.6551		0.0000		874.300		5.086		13.925		13.275658		31.880
5.566		2.6583		0.0000		874.297		5.089		13.915		13.291493		31.920
5.564		2.6619		0.0000		874.293		5.093		13.910		13.309394		31.960
5.564		2.6659		0.0000		874.289		5.097		13.910		13.329359		32.000
5.570		2.6695		0.0000		874.286		5.101		13.925		13.347262		32.040
5.572		2.6726		0.0000		874.283		5.104		13.930		13.363098		32.080
5.570		2.6758		0.0000		874.280		5.107		13.925		13.378931		32.120
5.564		2.6790		0.0000		874.276		5.110		13.910		13.394767		32.160
5.562		2.6821		0.0000		874.273		5.113		13.905		13.410603		32.200
5.558		2.6853		0.0000		874.270		5.116		13.895		13.426438		32.240
5.554		2.6885		0.0000		874.267		5.120		13.885		13.442274		32.280
5.552		2.6918		0.0000		874.264		5.123		13.880		13.458799		32.320
5.550		2.6952		0.0000		874.260		5.126		13.875		13.476010		32.360
5.548		2.6989		0.0000		874.256		5.130		13.870		13.494600		32.400
5.552		2.7026		0.0000		874.253		5.134		13.880		13.513189		32.440
5.556		2.7061		0.0000		874.249		5.137		13.890		13.530403		32.480
5.558		2.7092		0.0000		874.246		5.140		13.895		13.546237		32.520
5.554		2.7123		0.0000		874.243		5.143		13.885		13.561386		32.560
5.550		2.7154		0.0000		874.240		5.147		13.875		13.577219		32.600
5.546		2.7187		0.0000		874.237		5.150		13.865		13.593744		32.640
5.542		2.7219		0.0000		874.233		5.153		13.855		13.609580		32.680
5.538		2.7251		0.0000		874.230		5.156		13.845		13.625416		32.720
5.534		2.7284		0.0000		874.227		5.159		13.835		13.641940		32.760
5.532		2.7321		0.0000		874.223		5.163		13.830		13.660530		32.800
5.534		2.7360		0.0000		874.219		5.167		13.835		13.679806		32.840
5.540		2.7395		0.0000		874.216		5.171		13.850		13.697709		32.880
5.542		2.7426		0.0000		874.213		5.174		13.855		13.712855		32.920
5.536		2.7456		0.0000		874.210		5.177		13.840		13.728003		32.960
5.532		2.7490		0.0000		874.206		5.180		13.830		13.745214		33.000
5.528		2.7521		0.0000		874.203		5.183		13.820		13.760361		33.040
5.522		2.7554		0.0000		874.200		5.186		13.805		13.776885		33.080
5.518		2.7585		0.0000		874.197		5.190		13.795		13.792721		33.120
5.514		2.7618		0.0000		874.193		5.193		13.785		13.809246		33.160
5.510		2.7653		0.0000		874.190		5.196		13.775		13.826457		33.200
5.510		2.7691		0.0000		874.186		5.200		13.775		13.845736		33.240
5.514		2.7729		0.0000		874.182		5.204		13.785		13.864326		33.280
5.516		2.7760		0.0000		874.179		5.207		13.790		13.880161		33.320
5.512		2.7792		0.0000		874.176		5.210		13.780		13.895997		33.360
5.506		2.7824		0.0000		874.173		5.213		13.765		13.911830		33.400
5.502		2.7855		0.0000		874.170		5.217		13.755		13.927666		33.440
5.498		2.7887		0.0000		874.167		5.220		13.745		13.943501		33.480
5.494		2.7919		0.0000		874.163		5.223		13.735		13.959337		33.520
5.490		2.7952		0.0000		874.160		5.226		13.725		13.975863		33.560
5.486		2.7985		0.0000		874.157		5.230		13.715		13.992387		33.600
5.484		2.8023		0.0000		874.153		5.233		13.710		14.011663		33.640
5.488		2.8062		0.0000		874.149		5.237		13.720		14.030942		33.680
5.490		2.8095		0.0000		874.146		5.241		13.725		14.047466		33.720
5.488		2.8125		0.0000		874.143		5.244		13.720		14.062613		33.760
5.484		2.8158		0.0000		874.139		5.247		13.710		14.079138		33.800
5.478		2.8189		0.0000		874.136		5.250		13.695		14.094285		33.840
5.474		2.8222		0.0000		874.133		5.253		13.685		14.110807		33.880
5.470		2.8253		0.0000		874.130		5.256		13.675		14.126643		33.920
5.466		2.8285		0.0000		874.127		5.260		13.665		14.142479		33.960
5.462		2.8318		0.0000		874.124		5.263		13.655		14.159003		34.000
5.460		2.8355		0.0000		874.120		5.267		13.650		14.177593		34.040
5.462		2.8395		0.0000		874.116		5.271		13.655		14.197558		34.080
5.464		2.8428		0.0000		874.112		5.274		13.660		14.214083		34.120
5.464		2.8460		0.0000		874.109		5.277		13.660		14.229918		34.160
5.460		2.8492		0.0000		874.106		5.280		13.650		14.245754		34.200
5.454		2.8523		0.0000		874.103		5.283		13.635		14.261590		34.240
5.450		2.8555		0.0000		874.100		5.287		13.625		14.277426		34.280
5.444		2.8588		0.0000		874.097		5.290		13.610		14.293948		34.320
5.440		2.8620		0.0000		874.093		5.293		13.600		14.309784		34.360
5.436		2.8651		0.0000		874.090		5.296		13.590		14.325620		34.400
5.432		2.8687		0.0000		874.087		5.300		13.580		14.343520		34.440
5.432		2.8727		0.0000		874.083		5.304		13.580		14.363488		34.480
5.436		2.8763		0.0000		874.079		5.307		13.590		14.381389		34.520
5.438		2.8793		0.0000		874.076		5.310		13.595		14.396535		34.560
5.434		2.8826		0.0000		874.073		5.314		13.585		14.413060		34.600
5.430		2.8856		0.0000		874.070		5.317		13.575		14.428206		34.640
5.424		2.8889		0.0000		874.066		5.320		13.560		14.444732		34.680
5.420		2.8921		0.0000		874.063		5.323		13.550		14.460565		34.720
5.416		2.8954		0.0000		874.060		5.327		13.540		14.477090		34.760
5.410		2.8986		0.0000		874.057		5.330		13.525		14.492926		34.800
5.406		2.9019		0.0000		874.053		5.333		13.515		14.509450		34.840
5.404		2.9059		0.0000		874.049		5.337		13.510		14.529415		34.880
5.406		2.9096		0.0000		874.046		5.341		13.515		14.548005		34.920
5.410		2.9128		0.0000		874.043		5.344		13.525		14.563841		34.960
5.406		2.9159		0.0000		874.039		5.347		13.515		14.579677		35.000
5.402		2.9191		0.0000		874.036		5.350		13.505		14.595512		35.040
5.396		2.9224		0.0000		874.033		5.354		13.490		14.612037		35.080
5.392		2.9256		0.0000		874.030		5.357		13.480		14.627871		35.120
5.386		2.9287		0.0000		874.027		5.360		13.465		14.643706		35.160
5.382		2.9319		0.0000		874.023		5.363		13.455		14.659542		35.200
5.378		2.9351		0.0000		874.020		5.366		13.445		14.675378		35.240
5.374		2.9391		0.0000		874.016		5.370		13.435		14.695345		35.280
5.376		2.9429		0.0000		874.012		5.374		13.440		14.714622		35.320
5.378		2.9462		0.0000		874.009		5.377		13.445		14.731146		35.360
5.378		2.9494		0.0000		874.006		5.380		13.445		14.746982		35.400
5.372		2.9526		0.0000		874.003		5.384		13.430		14.762817		35.440
5.366		2.9557		0.0000		874.000		5.387		13.415		14.778653		35.480
5.362		2.9590		0.0000		873.996		5.390		13.405		14.795176		35.520
5.358		2.9622		0.0000		873.993		5.393		13.395		14.811011		35.560
5.352		2.9654		0.0000		873.990		5.396		13.380		14.826847		35.600
5.348		2.9685		0.0000		873.987		5.400		13.370		14.842683		35.640
