数据量:790
试验力		变形		扩展变形		位置		位移		应力		应变		时间
0.010		0.0026		0.0000		876.959		2.233		0.025		0.013082		0.040
0.010		0.0059		0.0000		876.956		2.236		0.025		0.029606		0.080
0.010		0.0091		0.0000		876.953		2.239		0.025		0.045441		0.120
0.012		0.0124		0.0000		876.950		2.242		0.030		0.061965		0.160
0.012		0.0157		0.0000		876.946		2.246		0.030		0.078489		0.200
0.014		0.0191		0.0000		876.943		2.249		0.035		0.095701		0.240
0.014		0.0229		0.0000		876.939		2.253		0.035		0.114291		0.280
0.016		0.0264		0.0000		876.936		2.256		0.040		0.132192		0.320
0.016		0.0296		0.0000		876.932		2.260		0.040		0.148027		0.360
0.018		0.0328		0.0000		876.929		2.263		0.045		0.163863		0.400
0.020		0.0361		0.0000		876.926		2.266		0.050		0.180387		0.440
0.020		0.0392		0.0000		876.923		2.269		0.050		0.196222		0.480
0.022		0.0425		0.0000		876.920		2.273		0.055		0.212747		0.520
0.024		0.0457		0.0000		876.916		2.276		0.060		0.228581		0.560
0.026		0.0490		0.0000		876.913		2.279		0.065		0.245106		0.600
0.030		0.0525		0.0000		876.910		2.283		0.075		0.262319		0.640
0.032		0.0562		0.0000		876.906		2.286		0.080		0.280908		0.680
0.036		0.0598		0.0000		876.902		2.290		0.090		0.298809		0.720
0.040		0.0629		0.0000		876.899		2.293		0.100		0.314645		0.760
0.044		0.0662		0.0000		876.896		2.296		0.110		0.331168		0.800
0.046		0.0694		0.0000		876.893		2.299		0.115		0.347004		0.840
0.050		0.0727		0.0000		876.889		2.303		0.125		0.363528		0.880
0.056		0.0759		0.0000		876.886		2.306		0.140		0.379363		0.920
0.060		0.0792		0.0000		876.883		2.309		0.150		0.395887		0.960
0.064		0.0823		0.0000		876.880		2.312		0.160		0.411723		1.000
0.070		0.0858		0.0000		876.876		2.316		0.175		0.428935		1.040
0.074		0.0894		0.0000		876.873		2.319		0.185		0.446837		1.080
0.080		0.0931		0.0000		876.869		2.323		0.200		0.465426		1.120
0.088		0.0964		0.0000		876.866		2.326		0.220		0.481950		1.160
0.094		0.0996		0.0000		876.863		2.330		0.235		0.497786		1.200
0.100		0.1029		0.0000		876.859		2.333		0.250		0.514309		1.240
0.108		0.1060		0.0000		876.856		2.336		0.270		0.530145		1.280
0.114		0.1093		0.0000		876.853		2.339		0.285		0.546669		1.320
0.120		0.1125		0.0000		876.850		2.343		0.300		0.562505		1.360
0.128		0.1158		0.0000		876.846		2.346		0.320		0.579028		1.400
0.134		0.1191		0.0000		876.843		2.349		0.335		0.595553		1.440
0.142		0.1227		0.0000		876.839		2.353		0.355		0.613453		1.480
0.150		0.1264		0.0000		876.836		2.356		0.375		0.632043		1.520
0.158		0.1299		0.0000		876.832		2.360		0.395		0.649256		1.560
0.168		0.1330		0.0000		876.829		2.363		0.420		0.665091		1.600
0.176		0.1362		0.0000		876.826		2.366		0.440		0.680927		1.640
0.186		0.1394		0.0000		876.823		2.369		0.465		0.696762		1.680
0.194		0.1427		0.0000		876.819		2.373		0.485		0.713286		1.720
0.202		0.1460		0.0000		876.816		2.376		0.505		0.729810		1.760
0.212		0.1491		0.0000		876.813		2.379		0.530		0.745646		1.800
0.222		0.1524		0.0000		876.810		2.382		0.555		0.762169		1.840
0.230		0.1560		0.0000		876.806		2.386		0.575		0.780071		1.880
0.242		0.1596		0.0000		876.802		2.390		0.605		0.797971		1.920
0.252		0.1632		0.0000		876.799		2.393		0.630		0.815872		1.960
0.264		0.1663		0.0000		876.796		2.396		0.660		0.831708		2.000
0.276		0.1696		0.0000		876.792		2.400		0.690		0.848233		2.040
0.286		0.1728		0.0000		876.789		2.403		0.715		0.864067		2.080
0.296		0.1761		0.0000		876.786		2.406		0.740		0.880592		2.120
0.306		0.1793		0.0000		876.783		2.409		0.765		0.896426		2.160
0.318		0.1826		0.0000		876.779		2.413		0.795		0.912951		2.200
0.328		0.1858		0.0000		876.776		2.416		0.820		0.928787		2.240
0.338		0.1892		0.0000		876.773		2.419		0.845		0.945998		2.280
0.350		0.1929		0.0000		876.769		2.423		0.875		0.964588		2.320
0.362		0.1965		0.0000		876.766		2.427		0.905		0.982490		2.360
0.376		0.1998		0.0000		876.762		2.430		0.940		0.999013		2.400
0.390		0.2030		0.0000		876.759		2.433		0.975		1.014849		2.440
0.402		0.2063		0.0000		876.756		2.436		1.005		1.031373		2.480
0.416		0.2094		0.0000		876.753		2.439		1.040		1.047208		2.520
0.430		0.2127		0.0000		876.749		2.443		1.075		1.063732		2.560
0.446		0.2159		0.0000		876.746		2.446		1.115		1.079568		2.600
0.460		0.2192		0.0000		876.743		2.449		1.150		1.096092		2.640
0.474		0.2224		0.0000		876.740		2.452		1.185		1.111927		2.680
0.490		0.2261		0.0000		876.736		2.456		1.225		1.130517		2.720
0.506		0.2297		0.0000		876.732		2.460		1.265		1.148418		2.760
0.522		0.2331		0.0000		876.729		2.463		1.305		1.165631		2.800
0.538		0.2364		0.0000		876.726		2.466		1.345		1.182154		2.840
0.554		0.2396		0.0000		876.722		2.470		1.385		1.197990		2.880
0.568		0.2429		0.0000		876.719		2.473		1.420		1.214514		2.920
0.584		0.2461		0.0000		876.716		2.476		1.460		1.230350		2.960
0.600		0.2494		0.0000		876.713		2.479		1.500		1.246873		3.000
0.616		0.2525		0.0000		876.710		2.483		1.540		1.262709		3.040
0.632		0.2557		0.0000		876.706		2.486		1.580		1.278545		3.080
0.646		0.2594		0.0000		876.703		2.489		1.615		1.297134		3.120
0.662		0.2630		0.0000		876.699		2.493		1.655		1.315035		3.160
0.676		0.2666		0.0000		876.695		2.497		1.690		1.332936		3.200
0.690		0.2698		0.0000		876.692		2.500		1.725		1.348772		3.240
0.704		0.2731		0.0000		876.689		2.503		1.760		1.365296		3.280
0.720		0.2762		0.0000		876.686		2.506		1.800		1.381131		3.320
0.734		0.2795		0.0000		876.683		2.510		1.835		1.397655		3.360
0.752		0.2827		0.0000		876.679		2.513		1.880		1.413491		3.400
0.768		0.2859		0.0000		876.676		2.516		1.920		1.429327		3.440
0.784		0.2892		0.0000		876.673		2.519		1.960		1.445850		3.480
0.802		0.2926		0.0000		876.669		2.523		2.005		1.463063		3.520
0.818		0.2962		0.0000		876.666		2.526		2.045		1.480963		3.560
0.836		0.2999		0.0000		876.662		2.530		2.090		1.499553		3.600
0.856		0.3032		0.0000		876.659		2.533		2.140		1.516078		3.640
0.876		0.3064		0.0000		876.656		2.536		2.190		1.531912		3.680
0.894		0.3097		0.0000		876.652		2.540		2.235		1.548437		3.720
0.912		0.3129		0.0000		876.649		2.543		2.280		1.564271		3.760
0.928		0.3162		0.0000		876.646		2.546		2.320		1.580796		3.800
0.946		0.3193		0.0000		876.643		2.549		2.365		1.596632		3.840
0.964		0.3225		0.0000		876.640		2.553		2.410		1.612467		3.880
0.982		0.3259		0.0000		876.636		2.556		2.455		1.629679		3.920
1.000		0.3295		0.0000		876.633		2.560		2.500		1.647581		3.960
1.020		0.3332		0.0000		876.629		2.563		2.550		1.666170		4.000
1.042		0.3365		0.0000		876.626		2.567		2.605		1.682694		4.040
1.064		0.3397		0.0000		876.622		2.570		2.660		1.698530		4.080
1.084		0.3430		0.0000		876.619		2.573		2.710		1.715053		4.120
1.102		0.3463		0.0000		876.616		2.576		2.755		1.731577		4.160
1.122		0.3495		0.0000		876.613		2.580		2.805		1.747413		4.200
1.142		0.3526		0.0000		876.609		2.583		2.855		1.763248		4.240
1.162		0.3558		0.0000		876.606		2.586		2.905		1.779084		4.280
1.182		0.3593		0.0000		876.603		2.589		2.955		1.796297		4.320
1.204		0.3628		0.0000		876.599		2.593		3.010		1.814197		4.360
1.226		0.3664		0.0000		876.596		2.596		3.065		1.832099		4.400
1.250		0.3700		0.0000		876.592		2.600		3.125		1.849999		4.440
1.276		0.3732		0.0000		876.589		2.603		3.190		1.865835		4.480
1.302		0.3763		0.0000		876.586		2.606		3.255		1.881671		4.520
1.326		0.3796		0.0000		876.582		2.610		3.315		1.898195		4.560
1.348		0.3829		0.0000		876.579		2.613		3.370		1.914718		4.600
1.372		0.3861		0.0000		876.576		2.616		3.430		1.930554		4.640
1.396		0.3893		0.0000		876.573		2.619		3.490		1.946390		4.680
1.420		0.3926		0.0000		876.570		2.623		3.550		1.962913		4.720
1.444		0.3960		0.0000		876.566		2.626		3.610		1.980126		4.760
1.466		0.3996		0.0000		876.562		2.630		3.665		1.998028		4.800
1.494		0.4035		0.0000		876.559		2.634		3.735		2.017305		4.840
1.522		0.4066		0.0000		876.555		2.637		3.805		2.033141		4.880
1.548		0.4098		0.0000		876.552		2.640		3.870		2.048976		4.920
1.572		0.4130		0.0000		876.549		2.643		3.930		2.064811		4.960
1.596		0.4163		0.0000		876.546		2.646		3.990		2.081336		5.000
1.620		0.4194		0.0000		876.543		2.649		4.050		2.097172		5.040
1.644		0.4227		0.0000		876.539		2.653		4.110		2.113695		5.080
1.670		0.4259		0.0000		876.536		2.656		4.175		2.129531		5.120
1.694		0.4292		0.0000		876.533		2.659		4.235		2.146055		5.160
1.718		0.4329		0.0000		876.529		2.663		4.295		2.164644		5.200
1.744		0.4366		0.0000		876.525		2.667		4.360		2.183233		5.240
1.772		0.4400		0.0000		876.522		2.670		4.430		2.199757		5.280
1.800		0.4433		0.0000		876.519		2.673		4.500		2.216282		5.320
1.826		0.4464		0.0000		876.516		2.676		4.565		2.232116		5.360
1.850		0.4497		0.0000		876.512		2.680		4.625		2.248641		5.400
1.874		0.4529		0.0000		876.509		2.683		4.685		2.264477		5.440
1.898		0.4561		0.0000		876.506		2.686		4.745		2.280312		5.480
1.924		0.4592		0.0000		876.503		2.689		4.810		2.296147		5.520
1.948		0.4625		0.0000		876.500		2.693		4.870		2.312671		5.560
1.974		0.4661		0.0000		876.496		2.696		4.935		2.330573		5.600
2.000		0.4700		0.0000		876.492		2.700		5.000		2.349850		5.640
2.028		0.4734		0.0000		876.489		2.703		5.070		2.367063		5.680
2.058		0.4766		0.0000		876.486		2.707		5.145		2.382898		5.720
2.086		0.4797		0.0000		876.482		2.710		5.215		2.398734		5.760
2.112		0.4831		0.0000		876.479		2.713		5.280		2.415258		5.800
2.136		0.4862		0.0000		876.476		2.716		5.340		2.431093		5.840
2.160		0.4895		0.0000		876.473		2.720		5.400		2.447617		5.880
2.186		0.4927		0.0000		876.469		2.723		5.465		2.463453		5.920
2.210		0.4960		0.0000		876.466		2.726		5.525		2.479976		5.960
2.236		0.4994		0.0000		876.463		2.729		5.590		2.497189		6.000
2.262		0.5032		0.0000		876.459		2.733		5.655		2.515779		6.040
2.290		0.5067		0.0000		876.455		2.737		5.725		2.533680		6.080
2.320		0.5100		0.0000		876.452		2.740		5.800		2.550204		6.120
2.350		0.5132		0.0000		876.449		2.743		5.875		2.566040		6.160
2.376		0.5164		0.0000		876.446		2.746		5.940		2.581875		6.200
2.402		0.5197		0.0000		876.442		2.750		6.005		2.598399		6.240
2.426		0.5228		0.0000		876.439		2.753		6.065		2.614235		6.280
2.452		0.5262		0.0000		876.436		2.756		6.130		2.630758		6.320
2.478		0.5293		0.0000		876.433		2.759		6.195		2.646594		6.360
2.502		0.5326		0.0000		876.429		2.763		6.255		2.663118		6.400
2.528		0.5363		0.0000		876.426		2.766		6.320		2.681707		6.440
2.556		0.5401		0.0000		876.422		2.770		6.390		2.700297		6.480
2.586		0.5435		0.0000		876.419		2.774		6.465		2.717509		6.520
2.616		0.5467		0.0000		876.415		2.777		6.540		2.733345		6.560
2.642		0.5497		0.0000		876.412		2.780		6.605		2.748492		6.600
2.666		0.5530		0.0000		876.409		2.783		6.665		2.765017		6.640
2.692		0.5563		0.0000		876.406		2.786		6.730		2.781540		6.680
2.716		0.5595		0.0000		876.403		2.790		6.790		2.797376		6.720
2.742		0.5626		0.0000		876.399		2.793		6.855		2.813210		6.760
2.766		0.5659		0.0000		876.396		2.796		6.915		2.829735		6.800
2.792		0.5697		0.0000		876.392		2.800		6.980		2.848325		6.840
2.818		0.5734		0.0000		876.389		2.803		7.045		2.866914		6.880
2.848		0.5768		0.0000		876.385		2.807		7.120		2.884127		6.920
2.876		0.5800		0.0000		876.382		2.810		7.190		2.899961		6.960
2.904		0.5832		0.0000		876.379		2.813		7.260		2.915797		7.000
2.928		0.5865		0.0000		876.376		2.817		7.320		2.932322		7.040
2.950		0.5898		0.0000		876.372		2.820		7.375		2.948846		7.080
2.976		0.5929		0.0000		876.369		2.823		7.440		2.964681		7.120
3.000		0.5961		0.0000		876.366		2.826		7.500		2.980516		7.160
3.022		0.5993		0.0000		876.363		2.829		7.555		2.996352		7.200
3.046		0.6029		0.0000		876.359		2.833		7.615		3.014253		7.240
3.072		0.6066		0.0000		876.356		2.837		7.680		3.032843		7.280
3.098		0.6103		0.0000		876.352		2.840		7.745		3.051432		7.320
3.128		0.6135		0.0000		876.349		2.844		7.820		3.067267		7.360
3.154		0.6166		0.0000		876.345		2.847		7.885		3.083103		7.400
3.178		0.6198		0.0000		876.342		2.850		7.945		3.098938		7.440
3.200		0.6231		0.0000		876.339		2.853		8.000		3.115462		7.480
3.224		0.6263		0.0000		876.336		2.856		8.060		3.131298		7.520
3.248		0.6296		0.0000		876.333		2.860		8.120		3.147821		7.560
3.270		0.6327		0.0000		876.329		2.863		8.175		3.163657		7.600
3.294		0.6362		0.0000		876.326		2.866		8.235		3.180870		7.640
3.316		0.6398		0.0000		876.322		2.870		8.290		3.198771		7.680
3.342		0.6435		0.0000		876.319		2.874		8.355		3.217361		7.720
3.368		0.6468		0.0000		876.315		2.877		8.420		3.233885		7.760
3.396		0.6501		0.0000		876.312		2.880		8.490		3.250408		7.800
3.420		0.6532		0.0000		876.309		2.883		8.550		3.266244		7.840
3.442		0.6564		0.0000		876.306		2.886		8.605		3.282080		7.880
3.464		0.6597		0.0000		876.302		2.890		8.660		3.298603		7.920
3.486		0.6629		0.0000		876.299		2.893		8.715		3.314439		7.960
3.508		0.6661		0.0000		876.296		2.896		8.770		3.330275		8.000
3.528		0.6694		0.0000		876.293		2.899		8.820		3.346798		8.040
3.550		0.6729		0.0000		876.289		2.903		8.875		3.364700		8.080
3.572		0.6768		0.0000		876.285		2.907		8.930		3.383977		8.120
3.598		0.6802		0.0000		876.282		2.910		8.995		3.401190		8.160
3.624		0.6834		0.0000		876.279		2.913		9.060		3.417026		8.200
3.646		0.6866		0.0000		876.276		2.917		9.115		3.432862		8.240
3.666		0.6899		0.0000		876.272		2.920		9.165		3.449385		8.280
3.686		0.6930		0.0000		876.269		2.923		9.215		3.465221		8.320
3.706		0.6963		0.0000		876.266		2.926		9.265		3.481745		8.360
3.726		0.6995		0.0000		876.263		2.930		9.315		3.497580		8.400
3.746		0.7027		0.0000		876.259		2.933		9.365		3.513416		8.440
3.766		0.7063		0.0000		876.256		2.936		9.415		3.531317		8.480
3.784		0.7100		0.0000		876.252		2.940		9.460		3.549906		8.520
3.808		0.7136		0.0000		876.249		2.944		9.520		3.567806		8.560
3.832		0.7169		0.0000		876.245		2.947		9.580		3.584331		8.600
3.854		0.7200		0.0000		876.242		2.950		9.635		3.600167		8.640
3.872		0.7232		0.0000		876.239		2.953		9.680		3.616002		8.680
3.890		0.7265		0.0000		876.236		2.957		9.725		3.632526		8.720
3.908		0.7297		0.0000		876.232		2.960		9.770		3.648361		8.760
3.926		0.7328		0.0000		876.229		2.963		9.815		3.664197		8.800
3.944		0.7361		0.0000		876.226		2.966		9.860		3.680722		8.840
3.960		0.7394		0.0000		876.223		2.970		9.900		3.697245		8.880
3.978		0.7433		0.0000		876.219		2.973		9.945		3.716522		8.920
3.998		0.7469		0.0000		876.215		2.977		9.995		3.734424		8.960
4.020		0.7503		0.0000		876.212		2.980		10.050		3.751637		9.000
4.040		0.7535		0.0000		876.209		2.984		10.100		3.767473		9.040
4.058		0.7565		0.0000		876.206		2.987		10.145		3.782619		9.080
4.074		0.7598		0.0000		876.202		2.990		10.185		3.799143		9.120
4.088		0.7631		0.0000		876.199		2.993		10.220		3.815666		9.160
4.104		0.7663		0.0000		876.196		2.996		10.260		3.831502		9.200
4.118		0.7695		0.0000		876.193		3.000		10.295		3.847338		9.240
4.132		0.7728		0.0000		876.189		3.003		10.330		3.863862		9.280
4.148		0.7764		0.0000		876.186		3.006		10.370		3.881763		9.320
4.162		0.7802		0.0000		876.182		3.010		10.405		3.901041		9.360
4.182		0.7837		0.0000		876.178		3.014		10.455		3.918253		9.400
4.200		0.7868		0.0000		876.175		3.017		10.500		3.934089		9.440
4.218		0.7900		0.0000		876.172		3.020		10.545		3.949925		9.480
4.230		0.7933		0.0000		876.169		3.023		10.575		3.966448		9.520
4.242		0.7965		0.0000		876.166		3.027		10.605		3.982284		9.560
4.254		0.7996		0.0000		876.162		3.030		10.635		3.998120		9.600
4.268		0.8029		0.0000		876.159		3.033		10.670		4.014644		9.640
4.280		0.8061		0.0000		876.156		3.036		10.700		4.030479		9.680
4.292		0.8097		0.0000		876.152		3.040		10.730		4.048380		9.720
4.304		0.8134		0.0000		876.149		3.043		10.760		4.066969		9.760
4.320		0.8171		0.0000		876.145		3.047		10.800		4.085559		9.800
4.338		0.8203		0.0000		876.142		3.050		10.845		4.101395		9.840
4.354		0.8234		0.0000		876.139		3.053		10.885		4.117230		9.880
4.364		0.8266		0.0000		876.135		3.057		10.910		4.133066		9.920
4.374		0.8299		0.0000		876.132		3.060		10.935		4.149590		9.960
4.386		0.8331		0.0000		876.129		3.063		10.965		4.165425		10.000
4.396		0.8363		0.0000		876.126		3.066		10.990		4.181261		10.040
4.406		0.8396		0.0000		876.123		3.070		11.015		4.197784		10.080
4.416		0.8429		0.0000		876.119		3.073		11.040		4.214308		10.120
4.428		0.8466		0.0000		876.115		3.077		11.070		4.232898		10.160
4.440		0.8504		0.0000		876.112		3.080		11.100		4.252176		10.200
4.454		0.8537		0.0000		876.108		3.084		11.135		4.268700		10.240
4.468		0.8568		0.0000		876.105		3.087		11.170		4.283847		10.280
4.478		0.8601		0.0000		876.102		3.090		11.195		4.300371		10.320
4.486		0.8632		0.0000		876.099		3.093		11.215		4.316206		10.360
4.496		0.8665		0.0000		876.096		3.097		11.240		4.332731		10.400
4.504		0.8696		0.0000		876.093		3.100		11.260		4.347878		10.440
4.512		0.8729		0.0000		876.089		3.103		11.280		4.364401		10.480
4.520		0.8762		0.0000		876.086		3.106		11.300		4.380926		10.520
4.528		0.8799		0.0000		876.082		3.110		11.320		4.399515		10.560
4.538		0.8836		0.0000		876.078		3.114		11.345		4.418105		10.600
4.550		0.8871		0.0000		876.075		3.117		11.375		4.435318		10.640
4.564		0.8902		0.0000		876.072		3.120		11.410		4.451152		10.680
4.574		0.8934		0.0000		876.069		3.123		11.435		4.466988		10.720
4.580		0.8967		0.0000		876.065		3.127		11.450		4.483511		10.760
4.586		0.8999		0.0000		876.062		3.130		11.465		4.499347		10.800
4.592		0.9030		0.0000		876.059		3.133		11.480		4.515183		10.840
4.598		0.9062		0.0000		876.056		3.136		11.495		4.531019		10.880
4.604		0.9095		0.0000		876.053		3.140		11.510		4.547543		10.920
4.612		0.9131		0.0000		876.049		3.143		11.530		4.565444		10.960
4.620		0.9168		0.0000		876.045		3.147		11.550		4.584033		11.000
4.630		0.9205		0.0000		876.042		3.151		11.575		4.602623		11.040
4.642		0.9237		0.0000		876.038		3.154		11.605		4.618458		11.080
4.652		0.9269		0.0000		876.035		3.157		11.630		4.634294		11.120
4.658		0.9300		0.0000		876.032		3.160		11.645		4.650129		11.160
4.662		0.9333		0.0000		876.029		3.163		11.655		4.666653		11.200
4.668		0.9365		0.0000		876.026		3.167		11.670		4.682488		11.240
4.672		0.9397		0.0000		876.022		3.170		11.680		4.698324		11.280
4.678		0.9428		0.0000		876.019		3.173		11.695		4.714160		11.320
4.682		0.9463		0.0000		876.016		3.176		11.705		4.731373		11.360
4.688		0.9500		0.0000		876.012		3.180		11.720		4.749962		11.400
4.696		0.9538		0.0000		876.008		3.184		11.740		4.769239		11.440
4.708		0.9572		0.0000		876.005		3.187		11.770		4.785763		11.480
4.718		0.9602		0.0000		876.002		3.190		11.795		4.800911		11.520
4.724		0.9635		0.0000		875.999		3.194		11.810		4.817434		11.560
4.728		0.9667		0.0000		875.995		3.197		11.820		4.833270		11.600
4.732		0.9698		0.0000		875.992		3.200		11.830		4.849106		11.640
4.736		0.9731		0.0000		875.989		3.203		11.840		4.865630		11.680
4.740		0.9763		0.0000		875.986		3.206		11.850		4.881465		11.720
4.744		0.9796		0.0000		875.982		3.210		11.860		4.897989		11.760
4.748		0.9832		0.0000		875.979		3.213		11.870		4.915890		11.800
4.754		0.9870		0.0000		875.975		3.217		11.885		4.935168		11.840
4.764		0.9905		0.0000		875.972		3.221		11.910		4.952381		11.880
4.774		0.9936		0.0000		875.968		3.224		11.935		4.968216		11.920
4.780		0.9968		0.0000		875.965		3.227		11.950		4.984051		11.960
4.784		1.0001		0.0000		875.962		3.230		11.960		5.000576		12.000
4.786		1.0034		0.0000		875.959		3.233		11.965		5.017099		12.040
4.790		1.0064		0.0000		875.956		3.237		11.975		5.032246		12.080
4.794		1.0096		0.0000		875.952		3.240		11.985		5.048082		12.120
4.798		1.0129		0.0000		875.949		3.243		11.995		5.064606		12.160
4.802		1.0165		0.0000		875.946		3.247		12.005		5.082507		12.200
4.806		1.0204		0.0000		875.942		3.250		12.015		5.101785		12.240
4.814		1.0239		0.0000		875.938		3.254		12.035		5.119686		12.280
4.824		1.0271		0.0000		875.935		3.257		12.060		5.135522		12.320
4.832		1.0303		0.0000		875.932		3.260		12.080		5.151357		12.360
4.834		1.0334		0.0000		875.929		3.263		12.085		5.167192		12.400
4.836		1.0367		0.0000		875.925		3.267		12.090		5.183717		12.440
4.840		1.0399		0.0000		875.922		3.270		12.100		5.199552		12.480
4.844		1.0431		0.0000		875.919		3.273		12.110		5.215387		12.520
4.846		1.0464		0.0000		875.916		3.276		12.115		5.231911		12.560
4.850		1.0497		0.0000		875.912		3.280		12.125		5.248436		12.600
4.854		1.0534		0.0000		875.909		3.283		12.135		5.267025		12.640
4.860		1.0573		0.0000		875.905		3.287		12.150		5.286303		12.680
4.868		1.0604		0.0000		875.902		3.290		12.170		5.302138		12.720
4.876		1.0637		0.0000		875.898		3.294		12.190		5.318662		12.760
4.880		1.0669		0.0000		875.895		3.297		12.200		5.334497		12.800
4.882		1.0701		0.0000		875.892		3.300		12.205		5.350333		12.840
4.884		1.0734		0.0000		875.889		3.303		12.210		5.366857		12.880
4.886		1.0765		0.0000		875.886		3.307		12.215		5.382693		12.920
4.888		1.0797		0.0000		875.882		3.310		12.220		5.398529		12.960
4.888		1.0830		0.0000		875.879		3.313		12.220		5.415052		13.000
4.892		1.0867		0.0000		875.875		3.317		12.230		5.433641		13.040
4.896		1.0904		0.0000		875.872		3.320		12.240		5.452231		13.080
4.904		1.0939		0.0000		875.868		3.324		12.260		5.469444		13.120
4.912		1.0971		0.0000		875.865		3.327		12.280		5.485280		13.160
4.918		1.1002		0.0000		875.862		3.330		12.295		5.501115		13.200
4.918		1.1035		0.0000		875.859		3.334		12.295		5.517639		13.240
4.920		1.1067		0.0000		875.855		3.337		12.300		5.533475		13.280
4.922		1.1099		0.0000		875.852		3.340		12.305		5.549311		13.320
4.924		1.1132		0.0000		875.849		3.343		12.310		5.565834		13.360
4.926		1.1163		0.0000		875.846		3.346		12.315		5.581670		13.400
4.928		1.1199		0.0000		875.842		3.350		12.320		5.599570		13.440
4.932		1.1236		0.0000		875.838		3.354		12.330		5.618160		13.480
4.938		1.1273		0.0000		875.835		3.357		12.345		5.636749		13.520
4.946		1.1305		0.0000		875.832		3.361		12.365		5.652585		13.560
4.952		1.1337		0.0000		875.828		3.364		12.380		5.668421		13.600
4.954		1.1370		0.0000		875.825		3.367		12.385		5.684944		13.640
4.954		1.1402		0.0000		875.822		3.370		12.385		5.700780		13.680
4.956		1.1432		0.0000		875.819		3.373		12.390		5.715927		13.720
4.958		1.1465		0.0000		875.816		3.377		12.395		5.732450		13.760
4.960		1.1498		0.0000		875.812		3.380		12.400		5.748975		13.800
4.962		1.1532		0.0000		875.809		3.383		12.405		5.766188		13.840
4.964		1.1568		0.0000		875.805		3.387		12.410		5.784088		13.880
4.970		1.1607		0.0000		875.801		3.391		12.425		5.803367		13.920
4.978		1.1640		0.0000		875.798		3.394		12.445		5.819890		13.960
4.986		1.1670		0.0000		875.795		3.397		12.465		5.835037		14.000
4.988		1.1703		0.0000		875.792		3.400		12.470		5.851562		14.040
4.988		1.1736		0.0000		875.788		3.404		12.470		5.868086		14.080
4.990		1.1766		0.0000		875.785		3.407		12.475		5.883232		14.120
4.990		1.1800		0.0000		875.782		3.410		12.475		5.899756		14.160
4.992		1.1831		0.0000		875.779		3.413		12.480		5.915592		14.200
4.994		1.1864		0.0000		875.776		3.416		12.485		5.932117		14.240
4.996		1.1901		0.0000		875.772		3.420		12.490		5.950706		14.280
5.000		1.1939		0.0000		875.768		3.424		12.500		5.969296		14.320
5.008		1.1974		0.0000		875.765		3.427		12.520		5.987196		14.360
5.014		1.2005		0.0000		875.762		3.431		12.535		6.002343		14.400
5.018		1.2036		0.0000		875.758		3.434		12.545		6.018178		14.440
5.020		1.2069		0.0000		875.755		3.437		12.550		6.034702		14.480
5.020		1.2101		0.0000		875.752		3.440		12.550		6.050538		14.520
5.020		1.2133		0.0000		875.749		3.443		12.550		6.066374		14.560
5.022		1.2166		0.0000		875.745		3.447		12.555		6.082897		14.600
5.024		1.2196		0.0000		875.742		3.450		12.560		6.098044		14.640
5.024		1.2233		0.0000		875.739		3.453		12.560		6.116633		14.680
5.028		1.2272		0.0000		875.735		3.457		12.570		6.135912		14.720
5.034		1.2309		0.0000		875.731		3.461		12.585		6.154501		14.760
5.042		1.2339		0.0000		875.728		3.464		12.605		6.169648		14.800
5.048		1.2371		0.0000		875.725		3.467		12.620		6.185484		14.840
5.048		1.2403		0.0000		875.722		3.470		12.620		6.201320		14.880
5.048		1.2436		0.0000		875.719		3.474		12.620		6.217843		14.920
5.050		1.2467		0.0000		875.715		3.477		12.625		6.233679		14.960
5.052		1.2499		0.0000		875.712		3.480		12.630		6.249515		15.000
5.052		1.2531		0.0000		875.709		3.483		12.630		6.265350		15.040
5.054		1.2565		0.0000		875.706		3.487		12.635		6.282562		15.080
5.056		1.2605		0.0000		875.702		3.491		12.640		6.302529		15.120
5.060		1.2642		0.0000		875.698		3.494		12.650		6.321119		15.160
5.068		1.2674		0.0000		875.695		3.497		12.670		6.336954		15.200
5.076		1.2706		0.0000		875.692		3.501		12.690		6.352789		15.240
5.078		1.2737		0.0000		875.688		3.504		12.695		6.368625		15.280
5.078		1.2770		0.0000		875.685		3.507		12.695		6.385149		15.320
5.078		1.2802		0.0000		875.682		3.510		12.695		6.400985		15.360
5.080		1.2834		0.0000		875.679		3.513		12.700		6.416821		15.400
5.082		1.2865		0.0000		875.676		3.517		12.705		6.432656		15.440
5.082		1.2897		0.0000		875.672		3.520		12.705		6.448491		15.480
5.084		1.2937		0.0000		875.668		3.524		12.710		6.468457		15.520
5.088		1.2974		0.0000		875.665		3.527		12.720		6.487046		15.560
5.096		1.3009		0.0000		875.661		3.531		12.740		6.504259		15.600
5.104		1.3039		0.0000		875.658		3.534		12.760		6.519407		15.640
5.106		1.3070		0.0000		875.655		3.537		12.765		6.535242		15.680
5.108		1.3102		0.0000		875.652		3.540		12.770		6.551077		15.720
5.108		1.3135		0.0000		875.649		3.544		12.770		6.567601		15.760
5.110		1.3167		0.0000		875.645		3.547		12.775		6.583437		15.800
5.112		1.3199		0.0000		875.642		3.550		12.780		6.599273		15.840
5.114		1.3232		0.0000		875.639		3.553		12.785		6.615796		15.880
5.116		1.3267		0.0000		875.635		3.557		12.790		6.633698		15.920
5.120		1.3306		0.0000		875.631		3.561		12.800		6.652975		15.960
5.126		1.3342		0.0000		875.628		3.564		12.815		6.670877		16.000
5.134		1.3373		0.0000		875.625		3.567		12.835		6.686712		16.040
5.140		1.3405		0.0000		875.622		3.571		12.850		6.702547		16.080
5.140		1.3437		0.0000		875.618		3.574		12.850		6.718383		16.120
5.140		1.3468		0.0000		875.615		3.577		12.850		6.734219		16.160
5.140		1.3500		0.0000		875.612		3.580		12.850		6.750054		16.200
5.140		1.3533		0.0000		875.609		3.583		12.850		6.766578		16.240
5.142		1.3565		0.0000		875.606		3.587		12.855		6.782413		16.280
5.142		1.3601		0.0000		875.602		3.590		12.855		6.800314		16.320
5.144		1.3638		0.0000		875.598		3.594		12.860		6.818904		16.360
5.148		1.3676		0.0000		875.594		3.598		12.870		6.838182		16.400
5.156		1.3708		0.0000		875.591		3.601		12.890		6.854018		16.440
5.162		1.3738		0.0000		875.588		3.604		12.905		6.869164		16.480
5.164		1.3771		0.0000		875.585		3.607		12.910		6.885688		16.520
5.164		1.3804		0.0000		875.582		3.610		12.910		6.902213		16.560
5.164		1.3836		0.0000		875.578		3.614		12.910		6.918048		16.600
5.166		1.3868		0.0000		875.575		3.617		12.915		6.933884		16.640
5.166		1.3899		0.0000		875.572		3.620		12.915		6.949719		16.680
5.166		1.3932		0.0000		875.569		3.623		12.915		6.966243		16.720
5.168		1.3970		0.0000		875.565		3.627		12.920		6.984832		16.760
5.172		1.4008		0.0000		875.561		3.631		12.930		7.004111		16.800
5.178		1.4041		0.0000		875.558		3.634		12.945		7.020635		16.840
5.186		1.4073		0.0000		875.555		3.637		12.965		7.036470		16.880
5.190		1.4106		0.0000		875.552		3.641		12.975		7.052994		16.920
5.190		1.4138		0.0000		875.548		3.644		12.975		7.068830		16.960
5.190		1.4169		0.0000		875.545		3.647		12.975		7.084665		17.000
5.190		1.4201		0.0000		875.542		3.650		12.975		7.100501		17.040
5.190		1.4233		0.0000		875.539		3.653		12.975		7.116336		17.080
5.190		1.4264		0.0000		875.536		3.656		12.975		7.132172		17.120
5.190		1.4302		0.0000		875.532		3.660		12.975		7.150761		17.160
5.192		1.4341		0.0000		875.528		3.664		12.980		7.170727		17.200
5.198		1.4376		0.0000		875.524		3.668		12.995		7.187940		17.240
5.206		1.4408		0.0000		875.521		3.671		13.015		7.203775		17.280
5.210		1.4439		0.0000		875.518		3.674		13.025		7.219611		17.320
5.210		1.4472		0.0000		875.515		3.677		13.025		7.236135		17.360
5.210		1.4504		0.0000		875.512		3.680		13.025		7.251971		17.400
5.212		1.4536		0.0000		875.509		3.684		13.030		7.267807		17.440
5.212		1.4567		0.0000		875.505		3.687		13.030		7.283641		17.480
5.214		1.4599		0.0000		875.502		3.690		13.035		7.299477		17.520
5.214		1.4635		0.0000		875.499		3.694		13.035		7.317379		17.560
5.216		1.4673		0.0000		875.495		3.697		13.040		7.336656		17.600
5.220		1.4709		0.0000		875.491		3.701		13.050		7.354558		17.640
5.228		1.4741		0.0000		875.488		3.704		13.070		7.370392		17.680
5.232		1.4774		0.0000		875.485		3.707		13.080		7.386917		17.720
5.234		1.4806		0.0000		875.482		3.711		13.085		7.402751		17.760
5.234		1.4837		0.0000		875.478		3.714		13.085		7.418587		17.800
5.234		1.4869		0.0000		875.475		3.717		13.085		7.434423		17.840
5.234		1.4901		0.0000		875.472		3.720		13.085		7.450259		17.880
5.236		1.4934		0.0000		875.469		3.723		13.090		7.466783		17.920
5.236		1.4967		0.0000		875.465		3.727		13.090		7.483306		17.960
5.238		1.5005		0.0000		875.462		3.731		13.095		7.502584		18.000
5.242		1.5042		0.0000		875.458		3.734		13.105		7.521174		18.040
5.248		1.5075		0.0000		875.455		3.738		13.120		7.537698		18.080
5.254		1.5107		0.0000		875.451		3.741		13.135		7.553534		18.120
5.256		1.5139		0.0000		875.448		3.744		13.140		7.569369		18.160
5.256		1.5172		0.0000		875.445		3.747		13.140		7.585893		18.200
5.256		1.5203		0.0000		875.442		3.750		13.140		7.601728		18.240
5.256		1.5235		0.0000		875.439		3.754		13.140		7.617564		18.280
5.258		1.5267		0.0000		875.435		3.757		13.145		7.633400		18.320
5.258		1.5300		0.0000		875.432		3.760		13.145		7.649923		18.360
5.258		1.5337		0.0000		875.428		3.764		13.145		7.668513		18.400
5.262		1.5376		0.0000		875.424		3.768		13.155		7.687792		18.440
5.268		1.5410		0.0000		875.421		3.771		13.170		7.705003		18.480
5.276		1.5442		0.0000		875.418		3.774		13.190		7.720839		18.520
5.280		1.5473		0.0000		875.415		3.777		13.200		7.736674		18.560
5.280		1.5505		0.0000		875.412		3.781		13.200		7.752510		18.600
5.280		1.5538		0.0000		875.408		3.784		13.200		7.769034		18.640
5.280		1.5568		0.0000		875.405		3.787		13.200		7.784181		18.680
5.280		1.5601		0.0000		875.402		3.790		13.200		7.800705		18.720
5.280		1.5633		0.0000		875.399		3.793		13.200		7.816540		18.760
5.282		1.5669		0.0000		875.395		3.797		13.205		7.834442		18.800
5.282		1.5707		0.0000		875.391		3.801		13.205		7.853719		18.840
5.288		1.5743		0.0000		875.388		3.804		13.220		7.871621		18.880
5.296		1.5776		0.0000		875.384		3.808		13.240		7.888144		18.920
5.302		1.5807		0.0000		875.381		3.811		13.255		7.903291		18.960
5.302		1.5840		0.0000		875.378		3.814		13.255		7.919816		19.000
5.302		1.5871		0.0000		875.375		3.817		13.255		7.935652		19.040
5.304		1.5903		0.0000		875.372		3.820		13.260		7.951486		19.080
5.304		1.5935		0.0000		875.369		3.824		13.260		7.967322		19.120
5.306		1.5968		0.0000		875.365		3.827		13.265		7.983846		19.160
5.306		1.6002		0.0000		875.362		3.830		13.265		8.001059		19.200
5.306		1.6039		0.0000		875.358		3.834		13.265		8.019648		19.240
5.310		1.6075		0.0000		875.355		3.838		13.275		8.037549		19.280
5.318		1.6110		0.0000		875.351		3.841		13.295		8.054762		19.320
5.326		1.6141		0.0000		875.348		3.844		13.315		8.070597		19.360
5.328		1.6173		0.0000		875.345		3.847		13.320		8.086432		19.400
5.328		1.6206		0.0000		875.341		3.851		13.320		8.102957		19.440
5.328		1.6238		0.0000		875.338		3.854		13.320		8.118792		19.480
5.330		1.6269		0.0000		875.335		3.857		13.325		8.134627		19.520
5.330		1.6301		0.0000		875.332		3.860		13.325		8.150463		19.560
5.330		1.6334		0.0000		875.329		3.863		13.325		8.166986		19.600
5.332		1.6371		0.0000		875.325		3.867		13.330		8.185576		19.640
5.334		1.6410		0.0000		875.321		3.871		13.335		8.204855		19.680
5.340		1.6444		0.0000		875.318		3.874		13.350		8.222067		19.720
5.348		1.6476		0.0000		875.315		3.878		13.370		8.237904		19.760
5.350		1.6507		0.0000		875.311		3.881		13.375		8.253737		19.800
5.348		1.6539		0.0000		875.308		3.884		13.370		8.269573		19.840
5.348		1.6572		0.0000		875.305		3.887		13.370		8.286097		19.880
5.348		1.6604		0.0000		875.302		3.890		13.370		8.301933		19.920
5.348		1.6636		0.0000		875.299		3.894		13.370		8.317768		19.960
5.348		1.6669		0.0000		875.295		3.897		13.370		8.334292		20.000
5.348		1.6702		0.0000		875.292		3.900		13.370		8.350817		20.040
5.350		1.6740		0.0000		875.288		3.904		13.375		8.370094		20.080
5.356		1.6777		0.0000		875.284		3.908		13.390		8.388683		20.120
5.362		1.6809		0.0000		875.281		3.911		13.405		8.404520		20.160
5.368		1.6841		0.0000		875.278		3.914		13.420		8.420355		20.200
5.368		1.6874		0.0000		875.275		3.917		13.420		8.436879		20.240
5.368		1.6905		0.0000		875.272		3.921		13.420		8.452715		20.280
5.368		1.6937		0.0000		875.268		3.924		13.420		8.468551		20.320
5.368		1.6969		0.0000		875.265		3.927		13.420		8.484385		20.360
5.368		1.7002		0.0000		875.262		3.930		13.420		8.500910		20.400
5.368		1.7036		0.0000		875.258		3.934		13.420		8.518123		20.440
5.370		1.7072		0.0000		875.255		3.937		13.425		8.536023		20.480
5.372		1.7111		0.0000		875.251		3.941		13.430		8.555302		20.520
5.380		1.7144		0.0000		875.248		3.944		13.450		8.571825		20.560
5.386		1.7175		0.0000		875.245		3.948		13.465		8.587661		20.600
5.388		1.7207		0.0000		875.241		3.951		13.470		8.603497		20.640
5.386		1.7239		0.0000		875.238		3.954		13.465		8.619331		20.680
5.386		1.7272		0.0000		875.235		3.957		13.465		8.635856		20.720
5.388		1.7303		0.0000		875.232		3.960		13.470		8.651690		20.760
5.388		1.7335		0.0000		875.229		3.964		13.470		8.667526		20.800
5.388		1.7368		0.0000		875.225		3.967		13.470		8.684052		20.840
5.388		1.7405		0.0000		875.222		3.971		13.470		8.702641		20.880
5.392		1.7444		0.0000		875.218		3.974		13.480		8.721918		20.920
5.398		1.7478		0.0000		875.214		3.978		13.495		8.739130		20.960
5.404		1.7510		0.0000		875.211		3.981		13.510		8.754967		21.000
5.408		1.7542		0.0000		875.208		3.984		13.520		8.770802		21.040
5.408		1.7573		0.0000		875.205		3.987		13.520		8.786636		21.080
5.408		1.7605		0.0000		875.202		3.991		13.520		8.802472		21.120
5.408		1.7638		0.0000		875.198		3.994		13.520		8.818996		21.160
5.408		1.7670		0.0000		875.195		3.997		13.520		8.834831		21.200
5.408		1.7701		0.0000		875.192		4.000		13.520		8.850668		21.240
5.408		1.7736		0.0000		875.189		4.004		13.520		8.867879		21.280
5.408		1.7776		0.0000		875.185		4.008		13.520		8.887846		21.320
5.414		1.7813		0.0000		875.181		4.011		13.535		8.906436		21.360
5.422		1.7843		0.0000		875.178		4.014		13.555		8.921583		21.400
5.426		1.7875		0.0000		875.175		4.018		13.565		8.937418		21.440
5.426		1.7907		0.0000		875.171		4.021		13.565		8.953255		21.480
5.424		1.7940		0.0000		875.168		4.024		13.560		8.969779		21.520
5.424		1.7971		0.0000		875.165		4.027		13.560		8.985613		21.560
5.424		1.8003		0.0000		875.162		4.030		13.560		9.001448		21.600
5.424		1.8036		0.0000		875.159		4.034		13.560		9.017973		21.640
5.424		1.8069		0.0000		875.155		4.037		13.560		9.034498		21.680
5.424		1.8108		0.0000		875.151		4.041		13.560		9.053774		21.720
5.428		1.8145		0.0000		875.148		4.045		13.570		9.072363		21.760
5.434		1.8178		0.0000		875.144		4.048		13.585		9.088888		21.800
5.440		1.8209		0.0000		875.141		4.051		13.600		9.104724		21.840
5.442		1.8241		0.0000		875.138		4.054		13.605		9.120560		21.880
5.440		1.8274		0.0000		875.135		4.057		13.600		9.137085		21.920
5.440		1.8306		0.0000		875.132		4.061		13.600		9.152918		21.960
5.440		1.8338		0.0000		875.128		4.064		13.600		9.168754		22.000
5.440		1.8369		0.0000		875.125		4.067		13.600		9.184589		22.040
5.438		1.8402		0.0000		875.122		4.070		13.595		9.201115		22.080
5.438		1.8439		0.0000		875.118		4.074		13.595		9.219704		22.120
5.442		1.8478		0.0000		875.114		4.078		13.605		9.238982		22.160
5.448		1.8512		0.0000		875.111		4.081		13.620		9.256193		22.200
5.454		1.8543		0.0000		875.108		4.084		13.635		9.271340		22.240
5.456		1.8576		0.0000		875.104		4.088		13.640		9.287865		22.280
5.454		1.8607		0.0000		875.101		4.091		13.635		9.303701		22.320
5.454		1.8639		0.0000		875.098		4.094		13.635		9.319536		22.360
5.454		1.8671		0.0000		875.095		4.097		13.635		9.335373		22.400
5.452		1.8704		0.0000		875.092		4.100		13.630		9.351894		22.440
5.452		1.8735		0.0000		875.089		4.104		13.630		9.367731		22.480
5.452		1.8771		0.0000		875.085		4.107		13.630		9.385632		22.520
5.452		1.8810		0.0000		875.081		4.111		13.630		9.404909		22.560
5.458		1.8846		0.0000		875.078		4.115		13.645		9.422810		22.600
5.464		1.8877		0.0000		875.074		4.118		13.660		9.438646		22.640
5.468		1.8909		0.0000		875.071		4.121		13.670		9.454481		22.680
5.468		1.8942		0.0000		875.068		4.124		13.670		9.471006		22.720
5.468		1.8974		0.0000		875.065		4.127		13.670		9.486842		22.760
5.466		1.9005		0.0000		875.062		4.131		13.665		9.502678		22.800
5.466		1.9037		0.0000		875.058		4.134		13.665		9.518514		22.840
5.466		1.9069		0.0000		875.055		4.137		13.665		9.534348		22.880
5.464		1.9103		0.0000		875.052		4.140		13.660		9.551561		22.920
5.464		1.9142		0.0000		875.048		4.144		13.660		9.570839		22.960
5.468		1.9180		0.0000		875.044		4.148		13.670		9.590116		23.000
5.474		1.9212		0.0000		875.041		4.151		13.685		9.605951		23.040
5.480		1.9244		0.0000		875.038		4.154		13.700		9.621787		23.080
5.478		1.9275		0.0000		875.035		4.158		13.695		9.637623		23.120
5.476		1.9308		0.0000		875.031		4.161		13.690		9.654148		23.160
5.474		1.9340		0.0000		875.028		4.164		13.685		9.669983		23.200
5.474		1.9372		0.0000		875.025		4.167		13.685		9.685820		23.240
5.472		1.9403		0.0000		875.022		4.170		13.680		9.701653		23.280
5.470		1.9436		0.0000		875.018		4.174		13.675		9.718178		23.320
5.470		1.9474		0.0000		875.015		4.177		13.675		9.736767		23.360
5.470		1.9512		0.0000		875.011		4.181		13.675		9.756045		23.400
5.474		1.9547		0.0000		875.007		4.185		13.685		9.773256		23.440
5.480		1.9578		0.0000		875.004		4.188		13.700		9.789093		23.480
5.480		1.9610		0.0000		875.001		4.191		13.700		9.804928		23.520
5.478		1.9642		0.0000		874.998		4.194		13.695		9.820765		23.560
5.476		1.9673		0.0000		874.995		4.197		13.690		9.836599		23.600
5.474		1.9705		0.0000		874.992		4.201		13.685		9.852436		23.640
5.474		1.9737		0.0000		874.988		4.204		13.685		9.868271		23.680
5.472		1.9770		0.0000		874.985		4.207		13.680		9.884794		23.720
5.470		1.9805		0.0000		874.982		4.211		13.675		9.902697		23.760
5.470		1.9844		0.0000		874.978		4.214		13.675		9.921972		23.800
5.474		1.9881		0.0000		874.974		4.218		13.685		9.940562		23.840
5.480		1.9911		0.0000		874.971		4.221		13.700		9.955709		23.880
5.482		1.9943		0.0000		874.968		4.224		13.705		9.971544		23.920
5.480		1.9976		0.0000		874.964		4.228		13.700		9.988070		23.960
5.478		2.0008		0.0000		874.961		4.231		13.695		10.003905		24.000
5.476		2.0039		0.0000		874.958		4.234		13.690		10.019741		24.040
5.474		2.0071		0.0000		874.955		4.237		13.685		10.035577		24.080
5.472		2.0103		0.0000		874.952		4.240		13.680		10.051413		24.120
5.470		2.0139		0.0000		874.948		4.244		13.675		10.069313		24.160
5.468		2.0176		0.0000		874.945		4.248		13.670		10.087902		24.200
5.470		2.0213		0.0000		874.941		4.251		13.675		10.106492		24.240
5.476		2.0246		0.0000		874.938		4.255		13.690		10.123014		24.280
5.480		2.0278		0.0000		874.934		4.258		13.700		10.138850		24.320
5.480		2.0309		0.0000		874.931		4.261		13.700		10.154686		24.360
5.478		2.0341		0.0000		874.928		4.264		13.695		10.170522		24.400
5.476		2.0373		0.0000		874.925		4.267		13.690		10.186357		24.440
5.474		2.0406		0.0000		874.922		4.271		13.685		10.202883		24.480
5.472		2.0437		0.0000		874.918		4.274		13.680		10.218718		24.520
5.470		2.0470		0.0000		874.915		4.277		13.675		10.235241		24.560
5.468		2.0508		0.0000		874.911		4.281		13.670		10.253830		24.600
5.468		2.0546		0.0000		874.907		4.285		13.670		10.273108		24.640
5.472		2.0581		0.0000		874.904		4.288		13.680		10.290319		24.680
5.478		2.0611		0.0000		874.901		4.291		13.695		10.305470		24.720
5.476		2.0644		0.0000		874.898		4.294		13.690		10.321991		24.760
5.472		2.0676		0.0000		874.895		4.298		13.680		10.337828		24.800
5.470		2.0707		0.0000		874.891		4.301		13.675		10.353662		24.840
5.466		2.0739		0.0000		874.888		4.304		13.665		10.369499		24.880
5.464		2.0771		0.0000		874.885		4.307		13.660		10.385334		24.920
5.462		2.0804		0.0000		874.882		4.310		13.655		10.401857		24.960
5.458		2.0840		0.0000		874.878		4.314		13.645		10.419760		25.000
5.458		2.0878		0.0000		874.874		4.318		13.645		10.439035		25.040
5.460		2.0914		0.0000		874.871		4.321		13.650		10.456939		25.080
5.464		2.0946		0.0000		874.868		4.325		13.660		10.472775		25.120
5.466		2.0977		0.0000		874.864		4.328		13.665		10.488607		25.160
5.462		2.1010		0.0000		874.861		4.331		13.655		10.505133		25.200
5.458		2.1042		0.0000		874.858		4.334		13.645		10.520968		25.240
5.454		2.1074		0.0000		874.855		4.337		13.635		10.536804		25.280
5.450		2.1105		0.0000		874.852		4.341		13.625		10.552640		25.320
5.446		2.1137		0.0000		874.848		4.344		13.615		10.568476		25.360
5.444		2.1171		0.0000		874.845		4.347		13.610		10.585688		25.400
5.442		2.1210		0.0000		874.841		4.351		13.605		10.604965		25.440
5.444		2.1248		0.0000		874.837		4.355		13.610		10.624245		25.480
5.448		2.1280		0.0000		874.834		4.358		13.620		10.640079		25.520
5.452		2.1312		0.0000		874.831		4.361		13.630		10.655913		25.560
5.448		2.1343		0.0000		874.828		4.364		13.620		10.671749		25.600
5.444		2.1375		0.0000		874.825		4.368		13.610		10.687585		25.640
5.440		2.1407		0.0000		874.821		4.371		13.600		10.703421		25.680
5.438		2.1439		0.0000		874.818		4.374		13.595		10.719256		25.720
5.434		2.1472		0.0000		874.815		4.377		13.585		10.735781		25.760
5.430		2.1505		0.0000		874.812		4.381		13.575		10.752304		25.800
5.426		2.1542		0.0000		874.808		4.384		13.565		10.770893		25.840
5.426		2.1582		0.0000		874.804		4.388		13.565		10.790861		25.880
5.430		2.1613		0.0000		874.801		4.391		13.575		10.806696		25.920
5.434		2.1646		0.0000		874.797		4.395		13.585		10.823221		25.960
5.434		2.1678		0.0000		874.794		4.398		13.585		10.839054		26.000
5.430		2.1710		0.0000		874.791		4.401		13.575		10.854891		26.040
5.426		2.1741		0.0000		874.788		4.404		13.565		10.870726		26.080
5.424		2.1773		0.0000		874.785		4.407		13.560		10.886562		26.120
5.420		2.1805		0.0000		874.782		4.411		13.550		10.902397		26.160
5.416		2.1838		0.0000		874.778		4.414		13.540		10.918922		26.200
5.414		2.1874		0.0000		874.775		4.417		13.535		10.936823		26.240
5.412		2.1912		0.0000		874.771		4.421		13.530		10.956101		26.280
5.414		2.1949		0.0000		874.767		4.425		13.535		10.974691		26.320
5.418		2.1980		0.0000		874.764		4.428		13.545		10.989838		26.360
5.418		2.2011		0.0000		874.761		4.431		13.545		11.005673		26.400
5.414		2.2043		0.0000		874.758		4.434		13.535		11.021509		26.440
5.410		2.2076		0.0000		874.754		4.438		13.525		11.038032		26.480
5.406		2.2108		0.0000		874.751		4.441		13.515		11.053867		26.520
5.400		2.2139		0.0000		874.748		4.444		13.500		11.069703		26.560
5.396		2.2171		0.0000		874.745		4.447		13.490		11.085539		26.600
5.392		2.2206		0.0000		874.742		4.451		13.480		11.102751		26.640
5.388		2.2245		0.0000		874.738		4.455		13.470		11.122718		26.680
5.388		2.2283		0.0000		874.734		4.458		13.470		11.141308		26.720
5.392		2.2314		0.0000		874.731		4.461		13.480		11.157143		26.760
5.392		2.2346		0.0000		874.727		4.465		13.480		11.172979		26.800
5.388		2.2378		0.0000		874.724		4.468		13.470		11.188814		26.840
5.382		2.2409		0.0000		874.721		4.471		13.455		11.204648		26.880
5.378		2.2441		0.0000		874.718		4.474		13.445		11.220484		26.920
5.374		2.2473		0.0000		874.715		4.477		13.435		11.236320		26.960
5.370		2.2504		0.0000		874.712		4.480		13.425		11.252155		27.000
5.366		2.2539		0.0000		874.708		4.484		13.415		11.269369		27.040
5.364		2.2576		0.0000		874.704		4.488		13.410		11.287958		27.080
5.364		2.2614		0.0000		874.701		4.491		13.410		11.307235		27.120
5.368		2.2649		0.0000		874.697		4.495		13.420		11.324449		27.160
5.372		2.2679		0.0000		874.694		4.498		13.430		11.339596		27.200
5.372		2.2711		0.0000		874.691		4.501		13.430		11.355431		27.240
5.366		2.2744		0.0000		874.688		4.504		13.415		11.371954		27.280
5.364		2.2776		0.0000		874.685		4.508		13.410		11.387789		27.320
5.360		2.2807		0.0000		874.681		4.511		13.400		11.403625		27.360
5.358		2.2839		0.0000		874.678		4.514		13.395		11.419460		27.400
5.354		2.2872		0.0000		874.675		4.517		13.385		11.435986		27.440
5.352		2.2909		0.0000		874.671		4.521		13.380		11.454575		27.480
5.352		2.2946		0.0000		874.667		4.525		13.380		11.473165		27.520
5.356		2.2982		0.0000		874.664		4.528		13.390		11.491065		27.560
5.360		2.3014		0.0000		874.661		4.531		13.400		11.506901		27.600
5.362		2.3045		0.0000		874.658		4.535		13.405		11.522737		27.640
5.358		2.3077		0.0000		874.654		4.538		13.395		11.538572		27.680
5.354		2.3109		0.0000		874.651		4.541		13.385		11.554408		27.720
5.352		2.3140		0.0000		874.648		4.544		13.380		11.570242		27.760
5.348		2.3172		0.0000		874.645		4.547		13.370		11.586077		27.800
5.346		2.3205		0.0000		874.642		4.551		13.365		11.602602		27.840
5.342		2.3240		0.0000		874.638		4.554		13.355		11.619814		27.880
5.340		2.3280		0.0000		874.634		4.558		13.350		11.639781		27.920
5.342		2.3317		0.0000		874.630		4.562		13.355		11.658371		27.960
5.348		2.3347		0.0000		874.627		4.565		13.370		11.673517		28.000
5.350		2.3379		0.0000		874.624		4.568		13.375		11.689353		28.040
5.348		2.3412		0.0000		874.621		4.571		13.370		11.705877		28.080
5.344		2.3443		0.0000		874.618		4.574		13.360		11.721714		28.120
5.340		2.3475		0.0000		874.615		4.578		13.350		11.737547		28.160
5.336		2.3507		0.0000		874.611		4.581		13.340		11.753383		28.200
5.334		2.3540		0.0000		874.608		4.584		13.335		11.769907		28.240
5.330		2.3573		0.0000		874.605		4.587		13.325		11.786432		28.280
5.328		2.3610		0.0000		874.601		4.591		13.320		11.805021		28.320
5.328		2.3650		0.0000		874.597		4.595		13.320		11.824987		28.360
5.330		2.3682		0.0000		874.594		4.598		13.325		11.840822		28.400
5.334		2.3713		0.0000		874.591		4.601		13.335		11.856659		28.440
5.332		2.3746		0.0000		874.587		4.605		13.330		11.873183		28.480
5.328		2.3778		0.0000		874.584		4.608		13.320		11.889019		28.520
5.324		2.3810		0.0000		874.581		4.611		13.310		11.904852		28.560
5.320		2.3841		0.0000		874.578		4.614		13.300		11.920689		28.600
5.318		2.3873		0.0000		874.575		4.617		13.295		11.936523		28.640
5.314		2.3905		0.0000		874.572		4.621		13.285		11.952360		28.680
5.312		2.3942		0.0000		874.568		4.624		13.280		11.970949		28.720
5.310		2.3982		0.0000		874.564		4.628		13.275		11.990917		28.760
5.314		2.4016		0.0000		874.560		4.632		13.285		12.008128		28.800
5.318		2.4048		0.0000		874.557		4.635		13.295		12.023964		28.840
5.316		2.4080		0.0000		874.554		4.638		13.290		12.039800		28.880
5.312		2.4111		0.0000		874.551		4.641		13.280		12.055635		28.920
5.308		2.4143		0.0000		874.548		4.644		13.270		12.071471		28.960
5.304		2.4175		0.0000		874.545		4.648		13.260		12.087307		29.000
5.300		2.4208		0.0000		874.541		4.651		13.250		12.103829		29.040
5.298		2.4241		0.0000		874.538		4.654		13.245		12.120354		29.080
5.294		2.4275		0.0000		874.535		4.658		13.235		12.137566		29.120
5.294		2.4312		0.0000		874.531		4.661		13.235		12.156155		29.160
5.294		2.4349		0.0000		874.527		4.665		13.235		12.174745		29.200
5.300		2.4383		0.0000		874.524		4.668		13.250		12.191269		29.240
5.302		2.4414		0.0000		874.521		4.671		13.255		12.207106		29.280
5.300		2.4446		0.0000		874.518		4.675		13.250		12.222940		29.320
5.296		2.4478		0.0000		874.514		4.678		13.240		12.238777		29.360
5.292		2.4509		0.0000		874.511		4.681		13.230		12.254612		29.400
5.290		2.4541		0.0000		874.508		4.684		13.225		12.270449		29.440
5.286		2.4573		0.0000		874.505		4.687		13.215		12.286282		29.480
5.282		2.4607		0.0000		874.501		4.691		13.205		12.303495		29.520
5.280		2.4646		0.0000		874.498		4.695		13.200		12.322774		29.560
5.280		2.4683		0.0000		874.494		4.698		13.200		12.341364		29.600
5.286		2.4716		0.0000		874.491		4.702		13.215		12.357885		29.640
5.288		2.4747		0.0000		874.487		4.705		13.220		12.373722		29.680
5.286		2.4780		0.0000		874.484		4.708		13.215		12.390246		29.720
5.282		2.4812		0.0000		874.481		4.711		13.205		12.406082		29.760
5.280		2.4844		0.0000		874.478		4.714		13.200		12.421918		29.800
5.278		2.4876		0.0000		874.475		4.718		13.195		12.437754		29.840
5.274		2.4907		0.0000		874.471		4.721		13.185		12.453587		29.880
5.272		2.4940		0.0000		874.468		4.724		13.180		12.470112		29.920
5.270		2.4976		0.0000		874.464		4.728		13.175		12.488012		29.960
5.268		2.5016		0.0000		874.461		4.732		13.170		12.507980		30.000
5.272		2.5050		0.0000		874.457		4.735		13.180		12.525191		30.040
5.278		2.5082		0.0000		874.454		4.738		13.195		12.541027		30.080
5.278		2.5114		0.0000		874.451		4.741		13.195		12.556863		30.120
5.274		2.5145		0.0000		874.448		4.745		13.185		12.572699		30.160
5.270		2.5177		0.0000		874.444		4.748		13.175		12.588534		30.200
5.268		2.5209		0.0000		874.441		4.751		13.170		12.604370		30.240
5.264		2.5242		0.0000		874.438		4.754		13.160		12.620893		30.280
5.262		2.5273		0.0000		874.435		4.757		13.155		12.636728		30.320
5.258		2.5309		0.0000		874.431		4.761		13.145		12.654631		30.360
5.256		2.5348		0.0000		874.427		4.765		13.140		12.673907		30.400
5.258		2.5385		0.0000		874.424		4.769		13.145		12.692497		30.440
5.264		2.5415		0.0000		874.421		4.772		13.160		12.707644		30.480
5.264		2.5448		0.0000		874.417		4.775		13.160		12.724169		30.520
5.262		2.5480		0.0000		874.414		4.778		13.155		12.740004		30.560
5.256		2.5512		0.0000		874.411		4.781		13.140		12.755840		30.600
5.254		2.5545		0.0000		874.408		4.785		13.135		12.772365		30.640
5.250		2.5575		0.0000		874.405		4.788		13.125		12.787512		30.680
5.246		2.5608		0.0000		874.401		4.791		13.115		12.804033		30.720
5.244		2.5641		0.0000		874.398		4.794		13.110		12.820559		30.760
5.240		2.5680		0.0000		874.394		4.798		13.100		12.839837		30.800
5.242		2.5717		0.0000		874.390		4.802		13.105		12.858427		30.840
5.246		2.5750		0.0000		874.387		4.805		13.115		12.874949		30.880
5.248		2.5783		0.0000		874.384		4.808		13.120		12.891474		30.920
5.246		2.5815		0.0000		874.381		4.812		13.115		12.907310		30.960
5.242		2.5845		0.0000		874.378		4.815		13.105		12.922457		31.000
5.236		2.5877		0.0000		874.374		4.818		13.090		12.938292		31.040
5.232		2.5910		0.0000		874.371		4.821		13.080		12.954817		31.080
5.230		2.5941		0.0000		874.368		4.824		13.075		12.970653		31.120
5.226		2.5974		0.0000		874.365		4.827		13.065		12.987175		31.160
5.222		2.6012		0.0000		874.361		4.831		13.055		13.005764		31.200
5.222		2.6050		0.0000		874.357		4.835		13.055		13.025043		31.240
5.224		2.6085		0.0000		874.354		4.839		13.060		13.042254		31.280
5.230		2.6116		0.0000		874.350		4.842		13.075		13.058090		31.320
5.228		2.6148		0.0000		874.347		4.845		13.070		13.073926		31.360
5.224		2.6181		0.0000		874.344		4.848		13.060		13.090450		31.400
5.220		2.6211		0.0000		874.341		4.851		13.050		13.105597		31.440
5.218		2.6243		0.0000		874.338		4.854		13.045		13.121433		31.480
5.214		2.6276		0.0000		874.334		4.858		13.035		13.137959		31.520
5.210		2.6308		0.0000		874.331		4.861		13.025		13.153791		31.560
5.206		2.6343		0.0000		874.328		4.864		13.015		13.171694		31.600
