数据量:1137
试验力		变形		扩展变形		位置		位移		应力		应变		时间
0.010		0.0007		0.0000		876.887		2.444		0.025		0.003443		0.040
0.010		0.0039		0.0000		876.884		2.448		0.025		0.019279		0.080
0.010		0.0072		0.0000		876.881		2.451		0.025		0.035802		0.120
0.012		0.0105		0.0000		876.877		2.454		0.030		0.052327		0.160
0.014		0.0140		0.0000		876.874		2.458		0.035		0.070227		0.200
0.016		0.0178		0.0000		876.870		2.462		0.040		0.088817		0.240
0.018		0.0211		0.0000		876.867		2.465		0.045		0.105340		0.280
0.020		0.0244		0.0000		876.863		2.468		0.050		0.121865		0.320
0.022		0.0275		0.0000		876.860		2.471		0.055		0.137701		0.360
0.024		0.0308		0.0000		876.857		2.475		0.060		0.154225		0.400
0.026		0.0340		0.0000		876.854		2.478		0.065		0.170060		0.440
0.028		0.0373		0.0000		876.851		2.481		0.070		0.186584		0.480
0.032		0.0405		0.0000		876.847		2.484		0.080		0.202420		0.520
0.034		0.0438		0.0000		876.844		2.488		0.085		0.218943		0.560
0.038		0.0474		0.0000		876.840		2.491		0.095		0.236845		0.600
0.042		0.0509		0.0000		876.837		2.495		0.105		0.254745		0.640
0.046		0.0545		0.0000		876.833		2.498		0.115		0.272646		0.680
0.052		0.0577		0.0000		876.830		2.501		0.130		0.288482		0.720
0.056		0.0610		0.0000		876.827		2.505		0.140		0.305007		0.760
0.062		0.0642		0.0000		876.824		2.508		0.155		0.320841		0.800
0.066		0.0675		0.0000		876.820		2.511		0.165		0.337366		0.840
0.072		0.0706		0.0000		876.817		2.514		0.180		0.353200		0.880
0.078		0.0739		0.0000		876.814		2.518		0.195		0.369725		0.920
0.086		0.0771		0.0000		876.811		2.521		0.215		0.385561		0.960
0.092		0.0806		0.0000		876.807		2.524		0.230		0.402772		1.000
0.100		0.0843		0.0000		876.804		2.528		0.250		0.421362		1.040
0.108		0.0879		0.0000		876.800		2.532		0.270		0.439264		1.080
0.118		0.0912		0.0000		876.797		2.535		0.295		0.455787		1.120
0.126		0.0943		0.0000		876.794		2.538		0.315		0.471623		1.160
0.134		0.0976		0.0000		876.790		2.541		0.335		0.488147		1.200
0.144		0.1008		0.0000		876.787		2.545		0.360		0.503982		1.240
0.154		0.1041		0.0000		876.784		2.548		0.385		0.520506		1.280
0.162		0.1073		0.0000		876.781		2.551		0.405		0.536342		1.320
0.172		0.1104		0.0000		876.777		2.554		0.430		0.552177		1.360
0.182		0.1139		0.0000		876.774		2.558		0.455		0.569390		1.400
0.194		0.1175		0.0000		876.770		2.561		0.485		0.587291		1.440
0.206		0.1212		0.0000		876.767		2.565		0.515		0.605880		1.480
0.220		0.1245		0.0000		876.763		2.568		0.550		0.622405		1.520
0.234		0.1278		0.0000		876.760		2.572		0.585		0.638928		1.560
0.246		0.1310		0.0000		876.757		2.575		0.615		0.654764		1.600
0.258		0.1343		0.0000		876.754		2.578		0.645		0.671288		1.640
0.272		0.1376		0.0000		876.750		2.581		0.680		0.687811		1.680
0.284		0.1407		0.0000		876.747		2.584		0.710		0.703647		1.720
0.298		0.1439		0.0000		876.744		2.588		0.745		0.719483		1.760
0.310		0.1472		0.0000		876.741		2.591		0.775		0.736006		1.800
0.322		0.1508		0.0000		876.737		2.595		0.805		0.753908		1.840
0.334		0.1545		0.0000		876.733		2.598		0.835		0.772498		1.880
0.348		0.1579		0.0000		876.730		2.602		0.870		0.789710		1.920
0.362		0.1612		0.0000		876.727		2.605		0.905		0.806234		1.960
0.376		0.1644		0.0000		876.723		2.608		0.940		0.822070		2.000
0.388		0.1676		0.0000		876.720		2.611		0.970		0.837905		2.040
0.402		0.1709		0.0000		876.717		2.615		1.005		0.854429		2.080
0.420		0.1741		0.0000		876.714		2.618		1.050		0.870265		2.120
0.436		0.1772		0.0000		876.711		2.621		1.090		0.886101		2.160
0.452		0.1805		0.0000		876.707		2.624		1.130		0.902624		2.200
0.470		0.1840		0.0000		876.704		2.628		1.175		0.919837		2.240
0.490		0.1877		0.0000		876.700		2.631		1.225		0.938426		2.280
0.508		0.1914		0.0000		876.696		2.635		1.270		0.957016		2.320
0.528		0.1946		0.0000		876.693		2.638		1.320		0.972852		2.360
0.548		0.1977		0.0000		876.690		2.641		1.370		0.988686		2.400
0.566		0.2010		0.0000		876.687		2.645		1.415		1.005211		2.440
0.582		0.2042		0.0000		876.684		2.648		1.455		1.021045		2.480
0.600		0.2075		0.0000		876.680		2.651		1.500		1.037570		2.520
0.616		0.2107		0.0000		876.677		2.654		1.540		1.053406		2.560
0.632		0.2140		0.0000		876.674		2.658		1.580		1.069930		2.600
0.646		0.2173		0.0000		876.671		2.661		1.615		1.086453		2.640
0.660		0.2209		0.0000		876.667		2.665		1.650		1.104355		2.680
0.674		0.2246		0.0000		876.663		2.668		1.685		1.122944		2.720
0.690		0.2279		0.0000		876.660		2.672		1.725		1.139468		2.760
0.708		0.2312		0.0000		876.657		2.675		1.770		1.155992		2.800
0.724		0.2344		0.0000		876.654		2.678		1.810		1.171827		2.840
0.742		0.2377		0.0000		876.650		2.681		1.855		1.188351		2.880
0.760		0.2410		0.0000		876.647		2.685		1.900		1.204876		2.920
0.776		0.2441		0.0000		876.644		2.688		1.940		1.220711		2.960
0.794		0.2473		0.0000		876.641		2.691		1.985		1.236546		3.000
0.812		0.2506		0.0000		876.637		2.694		2.030		1.253071		3.040
0.830		0.2542		0.0000		876.634		2.698		2.075		1.270971		3.080
0.850		0.2578		0.0000		876.630		2.702		2.125		1.288873		3.120
0.872		0.2614		0.0000		876.626		2.705		2.180		1.306773		3.160
0.894		0.2645		0.0000		876.623		2.708		2.235		1.322609		3.200
0.914		0.2677		0.0000		876.620		2.711		2.285		1.338445		3.240
0.932		0.2710		0.0000		876.617		2.715		2.330		1.354969		3.280
0.952		0.2743		0.0000		876.614		2.718		2.380		1.371492		3.320
0.974		0.2775		0.0000		876.610		2.721		2.435		1.387328		3.360
0.994		0.2806		0.0000		876.607		2.724		2.485		1.403164		3.400
1.014		0.2839		0.0000		876.604		2.728		2.535		1.419687		3.440
1.034		0.2874		0.0000		876.600		2.731		2.585		1.436900		3.480
1.056		0.2911		0.0000		876.597		2.735		2.640		1.455489		3.520
1.080		0.2947		0.0000		876.593		2.738		2.700		1.473390		3.560
1.104		0.2980		0.0000		876.590		2.742		2.760		1.489915		3.600
1.128		0.3012		0.0000		876.587		2.745		2.820		1.505750		3.640
1.150		0.3043		0.0000		876.583		2.748		2.875		1.521585		3.680
1.172		0.3076		0.0000		876.580		2.751		2.930		1.538110		3.720
1.194		0.3109		0.0000		876.577		2.755		2.985		1.554633		3.760
1.216		0.3141		0.0000		876.574		2.758		3.040		1.570469		3.800
1.240		0.3173		0.0000		876.571		2.761		3.100		1.586305		3.840
1.262		0.3206		0.0000		876.567		2.764		3.155		1.602829		3.880
1.288		0.3243		0.0000		876.564		2.768		3.220		1.621418		3.920
1.314		0.3280		0.0000		876.560		2.772		3.285		1.640007		3.960
1.344		0.3314		0.0000		876.556		2.775		3.360		1.657220		4.000
1.372		0.3346		0.0000		876.553		2.778		3.430		1.673056		4.040
1.396		0.3378		0.0000		876.550		2.782		3.490		1.688890		4.080
1.422		0.3409		0.0000		876.547		2.785		3.555		1.704726		4.120
1.448		0.3443		0.0000		876.544		2.788		3.620		1.721251		4.160
1.474		0.3474		0.0000		876.540		2.791		3.685		1.737086		4.200
1.500		0.3507		0.0000		876.537		2.794		3.750		1.753610		4.240
1.526		0.3539		0.0000		876.534		2.798		3.815		1.769445		4.280
1.552		0.3575		0.0000		876.530		2.801		3.880		1.787347		4.320
1.580		0.3613		0.0000		876.526		2.805		3.950		1.806624		4.360
1.610		0.3648		0.0000		876.523		2.809		4.025		1.823837		4.400
1.640		0.3679		0.0000		876.520		2.812		4.100		1.839672		4.440
1.668		0.3712		0.0000		876.517		2.815		4.170		1.856196		4.480
1.694		0.3744		0.0000		876.513		2.818		4.235		1.872032		4.520
1.720		0.3777		0.0000		876.510		2.821		4.300		1.888556		4.560
1.748		0.3809		0.0000		876.507		2.825		4.370		1.904391		4.600
1.774		0.3840		0.0000		876.504		2.828		4.435		1.920227		4.640
1.802		0.3872		0.0000		876.501		2.831		4.505		1.936063		4.680
1.828		0.3908		0.0000		876.497		2.835		4.570		1.953963		4.720
1.858		0.3945		0.0000		876.493		2.838		4.645		1.972553		4.760
1.890		0.3982		0.0000		876.490		2.842		4.725		1.991142		4.800
1.922		0.4014		0.0000		876.486		2.845		4.805		2.006978		4.840
1.952		0.4046		0.0000		876.483		2.848		4.880		2.022814		4.880
1.980		0.4077		0.0000		876.480		2.851		4.950		2.038649		4.920
2.006		0.4110		0.0000		876.477		2.855		5.015		2.055173		4.960
2.034		0.4143		0.0000		876.474		2.858		5.085		2.071697		5.000
2.062		0.4175		0.0000		876.470		2.861		5.155		2.087532		5.040
2.090		0.4207		0.0000		876.467		2.864		5.225		2.103368		5.080
2.118		0.4241		0.0000		876.464		2.868		5.295		2.120581		5.120
2.146		0.4278		0.0000		876.460		2.872		5.365		2.139170		5.160
2.178		0.4316		0.0000		876.456		2.875		5.445		2.157760		5.200
2.210		0.4347		0.0000		876.453		2.878		5.525		2.173595		5.240
2.242		0.4380		0.0000		876.450		2.882		5.605		2.190119		5.280
2.270		0.4412		0.0000		876.447		2.885		5.675		2.205955		5.320
2.298		0.4445		0.0000		876.443		2.888		5.745		2.222478		5.360
2.326		0.4478		0.0000		876.440		2.892		5.815		2.239002		5.400
2.354		0.4508		0.0000		876.437		2.895		5.885		2.254150		5.440
2.382		0.4540		0.0000		876.434		2.898		5.955		2.269984		5.480
2.408		0.4573		0.0000		876.431		2.901		6.020		2.286509		5.520
2.436		0.4610		0.0000		876.427		2.905		6.090		2.305099		5.560
2.468		0.4647		0.0000		876.423		2.908		6.170		2.323688		5.600
2.500		0.4682		0.0000		876.420		2.912		6.250		2.340901		5.640
2.532		0.4715		0.0000		876.416		2.915		6.330		2.357424		5.680
2.562		0.4747		0.0000		876.413		2.918		6.405		2.373260		5.720
2.590		0.4778		0.0000		876.410		2.922		6.475		2.389096		5.760
2.616		0.4811		0.0000		876.407		2.925		6.540		2.405620		5.800
2.646		0.4843		0.0000		876.404		2.928		6.615		2.421455		5.840
2.674		0.4875		0.0000		876.400		2.931		6.685		2.437290		5.880
2.702		0.4908		0.0000		876.397		2.935		6.755		2.453815		5.920
2.730		0.4942		0.0000		876.394		2.938		6.825		2.471027		5.960
2.760		0.4979		0.0000		876.390		2.942		6.900		2.489617		6.000
2.792		0.5015		0.0000		876.386		2.945		6.980		2.507517		6.040
2.824		0.5048		0.0000		876.383		2.949		7.060		2.524041		6.080
2.854		0.5080		0.0000		876.380		2.952		7.135		2.539877		6.120
2.880		0.5111		0.0000		876.377		2.955		7.200		2.555712		6.160
2.906		0.5144		0.0000		876.373		2.958		7.265		2.572236		6.200
2.932		0.5178		0.0000		876.370		2.962		7.330		2.588761		6.240
2.960		0.5208		0.0000		876.367		2.965		7.400		2.603908		6.280
2.986		0.5241		0.0000		876.364		2.968		7.465		2.620431		6.320
3.012		0.5274		0.0000		876.360		2.971		7.530		2.636956		6.360
3.040		0.5312		0.0000		876.357		2.975		7.600		2.656233		6.400
3.070		0.5348		0.0000		876.353		2.979		7.675		2.674135		6.440
3.102		0.5383		0.0000		876.350		2.982		7.755		2.691346		6.480
3.132		0.5414		0.0000		876.346		2.985		7.830		2.707182		6.520
3.158		0.5446		0.0000		876.343		2.988		7.895		2.723018		6.560
3.184		0.5479		0.0000		876.340		2.992		7.960		2.739542		6.600
3.210		0.5511		0.0000		876.337		2.995		8.025		2.755377		6.640
3.236		0.5542		0.0000		876.334		2.998		8.090		2.771213		6.680
3.264		0.5575		0.0000		876.330		3.001		8.160		2.787737		6.720
3.290		0.5609		0.0000		876.327		3.005		8.225		2.804261		6.760
3.316		0.5644		0.0000		876.323		3.008		8.290		2.822162		6.800
3.344		0.5682		0.0000		876.320		3.012		8.360		2.840751		6.840
3.376		0.5716		0.0000		876.316		3.015		8.440		2.857964		6.880
3.406		0.5748		0.0000		876.313		3.019		8.515		2.873800		6.920
3.432		0.5781		0.0000		876.310		3.022		8.580		2.890323		6.960
3.458		0.5812		0.0000		876.307		3.025		8.645		2.906159		7.000
3.484		0.5845		0.0000		876.303		3.028		8.710		2.922683		7.040
3.508		0.5877		0.0000		876.300		3.031		8.770		2.938519		7.080
3.534		0.5909		0.0000		876.297		3.035		8.835		2.954354		7.120
3.558		0.5942		0.0000		876.294		3.038		8.895		2.970878		7.160
3.582		0.5978		0.0000		876.290		3.042		8.955		2.988780		7.200
3.610		0.6015		0.0000		876.286		3.045		9.025		3.007369		7.240
3.638		0.6051		0.0000		876.283		3.049		9.095		3.025270		7.280
3.668		0.6084		0.0000		876.279		3.052		9.170		3.041793		7.320
3.696		0.6114		0.0000		876.276		3.055		9.240		3.056941		7.360
3.718		0.6147		0.0000		876.273		3.058		9.295		3.073465		7.400
3.742		0.6179		0.0000		876.270		3.062		9.355		3.089300		7.440
3.764		0.6210		0.0000		876.267		3.065		9.410		3.105135		7.480
3.788		0.6243		0.0000		876.263		3.068		9.470		3.121660		7.520
3.812		0.6275		0.0000		876.260		3.071		9.530		3.137496		7.560
3.834		0.6309		0.0000		876.257		3.075		9.585		3.154707		7.600
3.858		0.6347		0.0000		876.253		3.078		9.645		3.173296		7.640
3.884		0.6382		0.0000		876.250		3.082		9.710		3.191198		7.680
3.912		0.6417		0.0000		876.246		3.085		9.780		3.208411		7.720
3.938		0.6448		0.0000		876.243		3.089		9.845		3.224247		7.760
3.960		0.6482		0.0000		876.240		3.092		9.900		3.240770		7.800
3.982		0.6513		0.0000		876.237		3.095		9.955		3.256606		7.840
4.004		0.6546		0.0000		876.233		3.098		10.010		3.273129		7.880
4.026		0.6578		0.0000		876.230		3.102		10.065		3.288965		7.920
4.048		0.6610		0.0000		876.227		3.105		10.120		3.304801		7.960
4.068		0.6641		0.0000		876.224		3.108		10.170		3.320636		8.000
4.090		0.6680		0.0000		876.220		3.112		10.225		3.339914		8.040
4.114		0.6716		0.0000		876.216		3.115		10.285		3.357815		8.080
4.142		0.6751		0.0000		876.213		3.119		10.355		3.375716		8.120
4.166		0.6783		0.0000		876.210		3.122		10.415		3.391552		8.160
4.188		0.6815		0.0000		876.206		3.125		10.470		3.407387		8.200
4.206		0.6846		0.0000		876.203		3.128		10.515		3.423222		8.240
4.226		0.6878		0.0000		876.200		3.132		10.565		3.439058		8.280
4.246		0.6911		0.0000		876.197		3.135		10.615		3.455582		8.320
4.264		0.6943		0.0000		876.194		3.138		10.660		3.471417		8.360
4.282		0.6976		0.0000		876.190		3.141		10.705		3.487941		8.400
4.302		0.7010		0.0000		876.187		3.145		10.755		3.505154		8.440
4.322		0.7047		0.0000		876.183		3.149		10.805		3.523743		8.480
4.346		0.7085		0.0000		876.179		3.152		10.865		3.542333		8.520
4.370		0.7116		0.0000		876.176		3.155		10.925		3.558168		8.560
4.392		0.7149		0.0000		876.173		3.159		10.980		3.574692		8.600
4.408		0.7181		0.0000		876.170		3.162		11.020		3.590528		8.640
4.426		0.7213		0.0000		876.167		3.165		11.065		3.606364		8.680
4.442		0.7246		0.0000		876.163		3.168		11.105		3.622887		8.720
4.460		0.7277		0.0000		876.160		3.172		11.150		3.638723		8.760
4.476		0.7309		0.0000		876.157		3.175		11.190		3.654559		8.800
4.492		0.7344		0.0000		876.154		3.178		11.230		3.671771		8.840
4.508		0.7379		0.0000		876.150		3.182		11.270		3.689672		8.880
4.528		0.7418		0.0000		876.146		3.186		11.320		3.708950		8.920
4.552		0.7452		0.0000		876.143		3.189		11.380		3.726163		8.960
4.572		0.7483		0.0000		876.140		3.192		11.430		3.741310		9.000
4.586		0.7514		0.0000		876.136		3.195		11.465		3.757145		9.040
4.600		0.7546		0.0000		876.133		3.198		11.500		3.772980		9.080
4.616		0.7579		0.0000		876.130		3.202		11.540		3.789505		9.120
4.630		0.7611		0.0000		876.127		3.205		11.575		3.805341		9.160
4.644		0.7644		0.0000		876.123		3.208		11.610		3.821864		9.200
4.658		0.7677		0.0000		876.120		3.211		11.645		3.838388		9.240
4.672		0.7713		0.0000		876.117		3.215		11.680		3.856289		9.280
4.690		0.7751		0.0000		876.113		3.219		11.725		3.875567		9.320
4.708		0.7786		0.0000		876.109		3.222		11.770		3.892779		9.360
4.726		0.7817		0.0000		876.106		3.225		11.815		3.908615		9.400
4.740		0.7849		0.0000		876.103		3.229		11.850		3.924451		9.440
4.752		0.7881		0.0000		876.100		3.232		11.880		3.940285		9.480
4.764		0.7914		0.0000		876.096		3.235		11.910		3.956810		9.520
4.776		0.7945		0.0000		876.093		3.238		11.940		3.972646		9.560
4.788		0.7977		0.0000		876.090		3.241		11.970		3.988481		9.600
4.798		0.8009		0.0000		876.087		3.245		11.995		4.004316		9.640
4.810		0.8044		0.0000		876.083		3.248		12.025		4.022218		9.680
4.824		0.8083		0.0000		876.080		3.252		12.060		4.041495		9.720
4.840		0.8120		0.0000		876.076		3.256		12.100		4.060085		9.760
4.858		0.8152		0.0000		876.073		3.259		12.145		4.075921		9.800
4.870		0.8182		0.0000		876.070		3.262		12.175		4.091067		9.840
4.878		0.8214		0.0000		876.066		3.265		12.195		4.106903		9.880
4.888		0.8248		0.0000		876.063		3.269		12.220		4.124116		9.920
4.898		0.8280		0.0000		876.060		3.272		12.245		4.139952		9.960
4.908		0.8312		0.0000		876.057		3.275		12.270		4.155786		10.000
4.916		0.8343		0.0000		876.054		3.278		12.290		4.171622		10.040
4.926		0.8378		0.0000		876.050		3.282		12.315		4.188834		10.080
4.938		0.8415		0.0000		876.046		3.285		12.345		4.207424		10.120
4.952		0.8452		0.0000		876.043		3.289		12.380		4.226013		10.160
4.966		0.8485		0.0000		876.039		3.292		12.415		4.242537		10.200
4.978		0.8517		0.0000		876.036		3.295		12.445		4.258373		10.240
4.988		0.8548		0.0000		876.033		3.299		12.470		4.274209		10.280
4.994		0.8581		0.0000		876.030		3.302		12.485		4.290732		10.320
5.002		0.8613		0.0000		876.027		3.305		12.505		4.306568		10.360
5.010		0.8645		0.0000		876.023		3.308		12.525		4.322404		10.400
5.018		0.8676		0.0000		876.020		3.311		12.545		4.338240		10.440
5.026		0.8710		0.0000		876.017		3.315		12.565		4.354763		10.480
5.034		0.8747		0.0000		876.013		3.318		12.585		4.373353		10.520
5.046		0.8785		0.0000		876.009		3.322		12.615		4.392631		10.560
5.062		0.8820		0.0000		876.006		3.326		12.655		4.409842		10.600
5.074		0.8850		0.0000		876.003		3.329		12.685		4.424991		10.640
5.082		0.8883		0.0000		876.000		3.332		12.705		4.441514		10.680
5.088		0.8915		0.0000		875.996		3.335		12.720		4.457350		10.720
5.096		0.8948		0.0000		875.993		3.339		12.740		4.473873		10.760
5.102		0.8979		0.0000		875.990		3.342		12.755		4.489709		10.800
5.110		0.9011		0.0000		875.987		3.345		12.775		4.505545		10.840
5.116		0.9043		0.0000		875.984		3.348		12.790		4.521379		10.880
5.122		0.9079		0.0000		875.980		3.352		12.805		4.539281		10.920
5.130		0.9117		0.0000		875.976		3.355		12.825		4.558558		10.960
5.142		0.9153		0.0000		875.973		3.359		12.855		4.576460		11.000
5.156		0.9185		0.0000		875.969		3.362		12.890		4.592296		11.040
5.164		0.9216		0.0000		875.966		3.365		12.910		4.608130		11.080
5.168		0.9249		0.0000		875.963		3.369		12.920		4.624655		11.120
5.174		0.9281		0.0000		875.960		3.372		12.935		4.640491		11.160
5.180		0.9313		0.0000		875.957		3.375		12.950		4.656325		11.200
5.186		0.9344		0.0000		875.953		3.378		12.965		4.672161		11.240
5.190		0.9377		0.0000		875.950		3.381		12.975		4.688685		11.280
5.196		0.9412		0.0000		875.947		3.385		12.990		4.705897		11.320
5.204		0.9450		0.0000		875.943		3.389		13.010		4.725176		11.360
5.214		0.9488		0.0000		875.939		3.393		13.035		4.743766		11.400
5.226		0.9519		0.0000		875.936		3.396		13.065		4.759602		11.440
5.236		0.9549		0.0000		875.933		3.399		13.090		4.774748		11.480
5.240		0.9583		0.0000		875.930		3.402		13.100		4.791272		11.520
5.244		0.9616		0.0000		875.926		3.405		13.110		4.807796		11.560
5.248		0.9647		0.0000		875.923		3.408		13.120		4.823631		11.600
5.252		0.9679		0.0000		875.920		3.412		13.130		4.839467		11.640
5.258		0.9711		0.0000		875.917		3.415		13.145		4.855303		11.680
5.262		0.9744		0.0000		875.913		3.418		13.155		4.871826		11.720
5.268		0.9782		0.0000		875.910		3.422		13.170		4.891105		11.760
5.276		0.9819		0.0000		875.906		3.426		13.190		4.909694		11.800
5.288		0.9854		0.0000		875.902		3.429		13.220		4.926907		11.840
5.298		0.9884		0.0000		875.899		3.432		13.245		4.942054		11.880
5.302		0.9917		0.0000		875.896		3.435		13.255		4.958577		11.920
5.304		0.9949		0.0000		875.893		3.439		13.260		4.974413		11.960
5.308		0.9982		0.0000		875.890		3.442		13.270		4.990936		12.000
5.312		1.0014		0.0000		875.886		3.445		13.280		5.006772		12.040
5.314		1.0044		0.0000		875.883		3.448		13.285		5.021919		12.080
5.318		1.0077		0.0000		875.880		3.451		13.295		5.038444		12.120
5.322		1.0114		0.0000		875.876		3.455		13.305		5.057034		12.160
5.328		1.0151		0.0000		875.873		3.459		13.320		5.075623		12.200
5.338		1.0188		0.0000		875.869		3.463		13.345		5.094213		12.240
5.348		1.0219		0.0000		875.866		3.466		13.370		5.109359		12.280
5.354		1.0250		0.0000		875.863		3.469		13.385		5.125195		12.320
5.354		1.0283		0.0000		875.859		3.472		13.385		5.141718		12.360
5.358		1.0315		0.0000		875.856		3.475		13.395		5.157554		12.400
5.360		1.0347		0.0000		875.853		3.478		13.400		5.173390		12.440
5.364		1.0378		0.0000		875.850		3.482		13.410		5.189224		12.480
5.366		1.0411		0.0000		875.847		3.485		13.415		5.205750		12.520
5.370		1.0446		0.0000		875.843		3.488		13.425		5.222962		12.560
5.374		1.0483		0.0000		875.840		3.492		13.435		5.241551		12.600
5.384		1.0522		0.0000		875.836		3.496		13.460		5.260829		12.640
5.394		1.0553		0.0000		875.833		3.499		13.485		5.276665		12.680
5.402		1.0585		0.0000		875.829		3.502		13.505		5.292500		12.720
5.404		1.0617		0.0000		875.826		3.505		13.510		5.308336		12.760
5.408		1.0650		0.0000		875.823		3.509		13.520		5.324860		12.800
5.410		1.0681		0.0000		875.820		3.512		13.525		5.340695		12.840
5.412		1.0713		0.0000		875.817		3.515		13.530		5.356530		12.880
5.416		1.0745		0.0000		875.813		3.518		13.540		5.372366		12.920
5.418		1.0778		0.0000		875.810		3.522		13.545		5.388890		12.960
5.422		1.0815		0.0000		875.806		3.525		13.555		5.407480		13.000
5.430		1.0855		0.0000		875.802		3.529		13.575		5.427446		13.040
5.440		1.0888		0.0000		875.799		3.533		13.600		5.443970		13.080
5.448		1.0918		0.0000		875.796		3.536		13.620		5.459117		13.120
5.450		1.0951		0.0000		875.793		3.539		13.625		5.475641		13.160
5.450		1.0983		0.0000		875.790		3.542		13.625		5.491476		13.200
5.452		1.1015		0.0000		875.786		3.545		13.630		5.507312		13.240
5.456		1.1046		0.0000		875.783		3.548		13.640		5.523148		13.280
5.458		1.1079		0.0000		875.780		3.552		13.645		5.539671		13.320
5.460		1.1111		0.0000		875.777		3.555		13.650		5.555507		13.360
5.462		1.1147		0.0000		875.773		3.558		13.655		5.573407		13.400
5.468		1.1185		0.0000		875.769		3.562		13.670		5.592686		13.440
5.476		1.1221		0.0000		875.766		3.566		13.690		5.610586		13.480
5.486		1.1253		0.0000		875.763		3.569		13.715		5.626422		13.520
5.490		1.1286		0.0000		875.759		3.572		13.725		5.642947		13.560
5.492		1.1318		0.0000		875.756		3.576		13.730		5.658782		13.600
5.494		1.1349		0.0000		875.753		3.579		13.735		5.674617		13.640
5.496		1.1381		0.0000		875.750		3.582		13.740		5.690453		13.680
5.498		1.1413		0.0000		875.747		3.585		13.745		5.706289		13.720
5.500		1.1444		0.0000		875.743		3.588		13.750		5.722123		13.760
5.502		1.1480		0.0000		875.740		3.592		13.755		5.740025		13.800
5.506		1.1519		0.0000		875.736		3.596		13.765		5.759304		13.840
5.516		1.1556		0.0000		875.732		3.599		13.790		5.777893		13.880
5.526		1.1587		0.0000		875.729		3.603		13.815		5.793728		13.920
5.532		1.1619		0.0000		875.726		3.606		13.830		5.809564		13.960
5.534		1.1651		0.0000		875.723		3.609		13.835		5.825399		14.000
5.536		1.1684		0.0000		875.719		3.612		13.840		5.841923		14.040
5.538		1.1716		0.0000		875.716		3.615		13.845		5.857759		14.080
5.540		1.1747		0.0000		875.713		3.618		13.850		5.873594		14.120
5.542		1.1779		0.0000		875.710		3.622		13.855		5.889430		14.160
5.546		1.1812		0.0000		875.707		3.625		13.865		5.905953		14.200
5.548		1.1850		0.0000		875.703		3.629		13.870		5.925231		14.240
5.556		1.1889		0.0000		875.699		3.633		13.890		5.944510		14.280
5.566		1.1922		0.0000		875.696		3.636		13.915		5.961033		14.320
5.574		1.1954		0.0000		875.692		3.639		13.935		5.976869		14.360
5.578		1.1985		0.0000		875.689		3.642		13.945		5.992704		14.400
5.578		1.2017		0.0000		875.686		3.645		13.945		6.008540		14.440
5.582		1.2049		0.0000		875.683		3.649		13.955		6.024375		14.480
5.584		1.2080		0.0000		875.680		3.652		13.960		6.040211		14.520
5.586		1.2112		0.0000		875.677		3.655		13.965		6.056046		14.560
5.586		1.2145		0.0000		875.673		3.658		13.965		6.072570		14.600
5.590		1.2182		0.0000		875.670		3.662		13.975		6.091160		14.640
5.596		1.2219		0.0000		875.666		3.666		13.990		6.109749		14.680
5.606		1.2257		0.0000		875.662		3.669		14.015		6.128339		14.720
5.614		1.2287		0.0000		875.659		3.672		14.035		6.143486		14.760
5.618		1.2319		0.0000		875.656		3.676		14.045		6.159321		14.800
5.618		1.2352		0.0000		875.653		3.679		14.045		6.175846		14.840
5.620		1.2382		0.0000		875.650		3.682		14.050		6.190992		14.880
5.624		1.2415		0.0000		875.646		3.685		14.060		6.207516		14.920
5.624		1.2447		0.0000		875.643		3.688		14.060		6.223352		14.960
5.626		1.2478		0.0000		875.640		3.692		14.065		6.239188		15.000
5.630		1.2514		0.0000		875.636		3.695		14.075		6.257088		15.040
5.634		1.2551		0.0000		875.633		3.699		14.085		6.275678		15.080
5.642		1.2590		0.0000		875.629		3.703		14.105		6.294956		15.120
5.650		1.2622		0.0000		875.626		3.706		14.125		6.310792		15.160
5.656		1.2653		0.0000		875.622		3.709		14.140		6.326627		15.200
5.656		1.2685		0.0000		875.619		3.712		14.140		6.342463		15.240
5.658		1.2718		0.0000		875.616		3.716		14.145		6.358986		15.280
5.658		1.2750		0.0000		875.613		3.719		14.145		6.374822		15.320
5.660		1.2780		0.0000		875.610		3.722		14.150		6.389968		15.360
5.662		1.2813		0.0000		875.607		3.725		14.155		6.406493		15.400
5.662		1.2846		0.0000		875.603		3.728		14.155		6.423017		15.440
5.666		1.2883		0.0000		875.600		3.732		14.165		6.441607		15.480
5.672		1.2923		0.0000		875.596		3.736		14.180		6.461573		15.520
5.682		1.2956		0.0000		875.592		3.739		14.205		6.478097		15.560
5.690		1.2986		0.0000		875.589		3.742		14.225		6.493244		15.600
5.690		1.3020		0.0000		875.586		3.746		14.225		6.509768		15.640
5.690		1.3051		0.0000		875.583		3.749		14.225		6.525603		15.680
5.692		1.3083		0.0000		875.580		3.752		14.230		6.541439		15.720
5.692		1.3115		0.0000		875.576		3.755		14.230		6.557275		15.760
5.694		1.3146		0.0000		875.573		3.758		14.235		6.573110		15.800
5.694		1.3179		0.0000		875.570		3.762		14.235		6.589634		15.840
5.696		1.3215		0.0000		875.566		3.765		14.240		6.607535		15.880
5.702		1.3255		0.0000		875.562		3.769		14.255		6.627501		15.920
5.712		1.3291		0.0000		875.559		3.773		14.280		6.645403		15.960
5.720		1.3321		0.0000		875.556		3.776		14.300		6.660550		16.000
5.724		1.3353		0.0000		875.553		3.779		14.310		6.676385		16.040
5.724		1.3386		0.0000		875.549		3.782		14.310		6.692909		16.080
5.726		1.3417		0.0000		875.546		3.786		14.315		6.708745		16.120
5.728		1.3449		0.0000		875.543		3.789		14.320		6.724581		16.160
5.728		1.3481		0.0000		875.540		3.792		14.320		6.740415		16.200
5.730		1.3513		0.0000		875.537		3.795		14.325		6.756251		16.240
5.732		1.3548		0.0000		875.533		3.799		14.330		6.774153		16.280
5.736		1.3587		0.0000		875.529		3.802		14.340		6.793430		16.320
5.744		1.3624		0.0000		875.525		3.806		14.360		6.812019		16.360
5.752		1.3654		0.0000		875.522		3.809		14.380		6.827166		16.400
5.756		1.3687		0.0000		875.519		3.812		14.390		6.843691		16.440
5.756		1.3719		0.0000		875.516		3.816		14.390		6.859526		16.480
5.758		1.3751		0.0000		875.513		3.819		14.395		6.875361		16.520
5.760		1.3782		0.0000		875.510		3.822		14.400		6.891197		16.560
5.762		1.3815		0.0000		875.506		3.825		14.405		6.907721		16.600
5.762		1.3847		0.0000		875.503		3.828		14.405		6.923556		16.640
5.764		1.3880		0.0000		875.500		3.832		14.410		6.940080		16.680
5.766		1.3919		0.0000		875.496		3.836		14.415		6.959358		16.720
5.772		1.3957		0.0000		875.492		3.839		14.430		6.978637		16.760
5.780		1.3989		0.0000		875.489		3.843		14.450		6.994472		16.800
5.786		1.4022		0.0000		875.486		3.846		14.465		7.010996		16.840
5.786		1.4054		0.0000		875.482		3.849		14.465		7.026831		16.880
5.786		1.4085		0.0000		875.479		3.852		14.465		7.042666		16.920
5.788		1.4117		0.0000		875.476		3.855		14.470		7.058502		16.960
5.788		1.4149		0.0000		875.473		3.859		14.470		7.074338		17.000
5.790		1.4180		0.0000		875.470		3.862		14.475		7.090174		17.040
5.792		1.4213		0.0000		875.466		3.865		14.480		7.106698		17.080
5.794		1.4251		0.0000		875.463		3.869		14.485		7.125287		17.120
5.800		1.4289		0.0000		875.459		3.873		14.500		7.144565		17.160
5.808		1.4324		0.0000		875.456		3.876		14.520		7.161777		17.200
5.816		1.4355		0.0000		875.452		3.879		14.540		7.177613		17.240
5.818		1.4387		0.0000		875.449		3.882		14.545		7.193449		17.280
5.818		1.4419		0.0000		875.446		3.886		14.545		7.209284		17.320
5.820		1.4452		0.0000		875.443		3.889		14.550		7.225808		17.360
5.820		1.4483		0.0000		875.440		3.892		14.550		7.241644		17.400
5.822		1.4515		0.0000		875.436		3.895		14.555		7.257480		17.440
5.824		1.4547		0.0000		875.433		3.898		14.560		7.273314		17.480
5.826		1.4582		0.0000		875.430		3.902		14.565		7.291216		17.520
5.830		1.4621		0.0000		875.426		3.906		14.575		7.310493		17.560
5.838		1.4657		0.0000		875.422		3.909		14.595		7.328395		17.600
5.848		1.4690		0.0000		875.419		3.913		14.620		7.344918		17.640
5.852		1.4722		0.0000		875.416		3.916		14.630		7.360754		17.680
5.854		1.4753		0.0000		875.413		3.919		14.635		7.376590		17.720
5.854		1.4785		0.0000		875.409		3.922		14.635		7.392426		17.760
5.856		1.4818		0.0000		875.406		3.926		14.640		7.408949		17.800
5.856		1.4848		0.0000		875.403		3.929		14.640		7.424096		17.840
5.858		1.4881		0.0000		875.400		3.932		14.645		7.440619		17.880
5.858		1.4914		0.0000		875.396		3.935		14.645		7.457144		17.920
5.860		1.4953		0.0000		875.393		3.939		14.650		7.476421		17.960
5.868		1.4990		0.0000		875.389		3.943		14.670		7.495011		18.000
5.876		1.5023		0.0000		875.386		3.946		14.690		7.511536		18.040
5.882		1.5055		0.0000		875.382		3.949		14.705		7.527370		18.080
5.884		1.5086		0.0000		875.379		3.952		14.710		7.543206		18.120
5.884		1.5119		0.0000		875.376		3.956		14.710		7.559731		18.160
5.884		1.5151		0.0000		875.373		3.959		14.710		7.575565		18.200
5.886		1.5183		0.0000		875.370		3.962		14.715		7.591401		18.240
5.888		1.5214		0.0000		875.366		3.965		14.720		7.607237		18.280
5.888		1.5248		0.0000		875.363		3.969		14.720		7.623761		18.320
5.890		1.5285		0.0000		875.359		3.972		14.725		7.642350		18.360
5.896		1.5323		0.0000		875.356		3.976		14.740		7.661629		18.400
5.904		1.5358		0.0000		875.352		3.980		14.760		7.678842		18.440
5.912		1.5389		0.0000		875.349		3.983		14.780		7.694676		18.480
5.914		1.5421		0.0000		875.346		3.986		14.785		7.710512		18.520
5.912		1.5453		0.0000		875.343		3.989		14.780		7.726347		18.560
5.914		1.5486		0.0000		875.339		3.992		14.785		7.742871		18.600
5.914		1.5517		0.0000		875.336		3.996		14.785		7.758707		18.640
5.916		1.5549		0.0000		875.333		3.999		14.790		7.774543		18.680
5.916		1.5581		0.0000		875.330		4.002		14.790		7.790377		18.720
5.918		1.5617		0.0000		875.326		4.005		14.795		7.808280		18.760
5.922		1.5655		0.0000		875.322		4.009		14.805		7.827556		18.800
5.930		1.5692		0.0000		875.319		4.013		14.825		7.846146		18.840
5.938		1.5724		0.0000		875.315		4.016		14.845		7.861981		18.880
5.942		1.5754		0.0000		875.312		4.019		14.855		7.877128		18.920
5.940		1.5787		0.0000		875.309		4.022		14.850		7.893653		18.960
5.940		1.5819		0.0000		875.306		4.026		14.850		7.909489		19.000
5.942		1.5851		0.0000		875.303		4.029		14.855		7.925324		19.040
5.942		1.5882		0.0000		875.300		4.032		14.855		7.941160		19.080
5.942		1.5915		0.0000		875.296		4.035		14.855		7.957683		19.120
5.944		1.5948		0.0000		875.293		4.039		14.860		7.974207		19.160
5.946		1.5987		0.0000		875.289		4.042		14.865		7.993486		19.200
5.952		1.6026		0.0000		875.285		4.046		14.880		8.012764		19.240
5.960		1.6057		0.0000		875.282		4.049		14.900		8.028598		19.280
5.966		1.6089		0.0000		875.279		4.053		14.915		8.044434		19.320
5.966		1.6121		0.0000		875.276		4.056		14.915		8.060269		19.360
5.966		1.6154		0.0000		875.272		4.059		14.915		8.076794		19.400
5.968		1.6185		0.0000		875.269		4.062		14.920		8.092630		19.440
5.968		1.6217		0.0000		875.266		4.065		14.920		8.108465		19.480
5.968		1.6249		0.0000		875.263		4.069		14.920		8.124302		19.520
5.968		1.6282		0.0000		875.260		4.072		14.920		8.140823		19.560
5.970		1.6320		0.0000		875.256		4.076		14.925		8.160103		19.600
5.976		1.6357		0.0000		875.252		4.080		14.940		8.178692		19.640
5.984		1.6392		0.0000		875.249		4.083		14.960		8.195904		19.680
5.992		1.6422		0.0000		875.246		4.086		14.980		8.211052		19.720
5.992		1.6455		0.0000		875.242		4.089		14.980		8.227575		19.760
5.992		1.6487		0.0000		875.239		4.092		14.980		8.243410		19.800
5.994		1.6520		0.0000		875.236		4.096		14.985		8.259935		19.840
5.994		1.6550		0.0000		875.233		4.099		14.985		8.275082		19.880
5.996		1.6583		0.0000		875.229		4.102		14.990		8.291607		19.920
5.996		1.6615		0.0000		875.226		4.105		14.990		8.307443		19.960
5.998		1.6651		0.0000		875.223		4.109		14.995		8.325343		20.000
6.000		1.6689		0.0000		875.219		4.113		15.000		8.344622		20.040
6.008		1.6726		0.0000		875.215		4.116		15.020		8.363211		20.080
6.016		1.6757		0.0000		875.212		4.119		15.040		8.378358		20.120
6.018		1.6790		0.0000		875.209		4.123		15.045		8.394880		20.160
6.018		1.6821		0.0000		875.206		4.126		15.045		8.410716		20.200
6.018		1.6853		0.0000		875.203		4.129		15.045		8.426552		20.240
6.018		1.6885		0.0000		875.199		4.132		15.045		8.442388		20.280
6.018		1.6918		0.0000		875.196		4.136		15.045		8.458912		20.320
6.020		1.6948		0.0000		875.193		4.139		15.050		8.474059		20.360
6.020		1.6983		0.0000		875.190		4.142		15.050		8.491270		20.400
6.022		1.7021		0.0000		875.186		4.146		15.055		8.510550		20.440
6.028		1.7060		0.0000		875.182		4.150		15.070		8.529827		20.480
6.036		1.7091		0.0000		875.179		4.153		15.090		8.545664		20.520
6.042		1.7123		0.0000		875.176		4.156		15.105		8.561499		20.560
6.042		1.7155		0.0000		875.172		4.159		15.105		8.577332		20.600
6.040		1.7188		0.0000		875.169		4.163		15.100		8.593857		20.640
6.042		1.7219		0.0000		875.166		4.166		15.105		8.609694		20.680
6.042		1.7251		0.0000		875.163		4.169		15.105		8.625528		20.720
6.044		1.7284		0.0000		875.159		4.172		15.110		8.642054		20.760
6.044		1.7316		0.0000		875.156		4.175		15.110		8.657887		20.800
6.046		1.7353		0.0000		875.153		4.179		15.115		8.676476		20.840
6.050		1.7392		0.0000		875.149		4.183		15.125		8.695755		20.880
6.060		1.7426		0.0000		875.145		4.186		15.150		8.712969		20.920
6.066		1.7458		0.0000		875.142		4.190		15.165		8.728805		20.960
6.068		1.7491		0.0000		875.139		4.193		15.170		8.745327		21.000
6.068		1.7521		0.0000		875.136		4.196		15.170		8.760473		21.040
6.068		1.7553		0.0000		875.133		4.199		15.170		8.776310		21.080
6.070		1.7586		0.0000		875.129		4.202		15.175		8.792834		21.120
6.070		1.7616		0.0000		875.126		4.205		15.175		8.807981		21.160
6.070		1.7649		0.0000		875.123		4.209		15.175		8.824506		21.200
6.070		1.7686		0.0000		875.119		4.212		15.175		8.843096		21.240
6.074		1.7723		0.0000		875.115		4.216		15.185		8.861685		21.280
6.082		1.7761		0.0000		875.112		4.220		15.205		8.880274		21.320
6.090		1.7791		0.0000		875.109		4.223		15.225		8.895421		21.360
6.092		1.7823		0.0000		875.106		4.226		15.230		8.911257		21.400
6.092		1.7856		0.0000		875.102		4.229		15.230		8.927779		21.440
6.092		1.7889		0.0000		875.099		4.233		15.230		8.944304		21.480
6.092		1.7919		0.0000		875.096		4.236		15.230		8.959451		21.520
6.092		1.7951		0.0000		875.093		4.239		15.230		8.975286		21.560
6.092		1.7984		0.0000		875.089		4.242		15.230		8.991812		21.600
6.092		1.8018		0.0000		875.086		4.246		15.230		9.009023		21.640
6.096		1.8055		0.0000		875.082		4.249		15.240		9.027613		21.680
6.102		1.8094		0.0000		875.078		4.253		15.255		9.046890		21.720
6.110		1.8125		0.0000		875.075		4.256		15.275		9.062727		21.760
6.114		1.8157		0.0000		875.072		4.259		15.285		9.078562		21.800
6.114		1.8189		0.0000		875.069		4.263		15.285		9.094398		21.840
6.114		1.8220		0.0000		875.066		4.266		15.285		9.110231		21.880
6.114		1.8254		0.0000		875.062		4.269		15.285		9.126757		21.920
6.114		1.8285		0.0000		875.059		4.272		15.285		9.142591		21.960
6.114		1.8317		0.0000		875.056		4.275		15.285		9.158428		22.000
6.114		1.8350		0.0000		875.053		4.279		15.285		9.174953		22.040
6.116		1.8387		0.0000		875.049		4.282		15.290		9.193542		22.080
6.122		1.8426		0.0000		875.045		4.286		15.305		9.212818		22.120
6.130		1.8461		0.0000		875.042		4.290		15.325		9.230721		22.160
6.138		1.8492		0.0000		875.039		4.293		15.345		9.245868		22.200
6.138		1.8523		0.0000		875.036		4.296		15.345		9.261703		22.240
6.136		1.8555		0.0000		875.032		4.299		15.340		9.277536		22.280
6.136		1.8588		0.0000		875.029		4.303		15.340		9.294062		22.320
6.138		1.8618		0.0000		875.026		4.306		15.345		9.309208		22.360
6.138		1.8650		0.0000		875.023		4.309		15.345		9.325045		22.400
6.138		1.8683		0.0000		875.020		4.312		15.345		9.341569		22.440
6.140		1.8719		0.0000		875.016		4.316		15.350		9.359469		22.480
6.142		1.8759		0.0000		875.012		4.320		15.355		9.379436		22.520
6.150		1.8795		0.0000		875.008		4.323		15.375		9.397337		22.560
6.158		1.8825		0.0000		875.005		4.326		15.395		9.412484		22.600
6.160		1.8857		0.0000		875.002		4.329		15.400		9.428320		22.640
6.160		1.8890		0.0000		874.999		4.333		15.400		9.444842		22.680
6.160		1.8921		0.0000		874.996		4.336		15.400		9.460678		22.720
6.160		1.8954		0.0000		874.992		4.339		15.400		9.477203		22.760
6.160		1.8985		0.0000		874.989		4.342		15.400		9.492350		22.800
6.160		1.9016		0.0000		874.986		4.345		15.400		9.508185		22.840
6.160		1.9051		0.0000		874.983		4.349		15.400		9.525396		22.880
6.164		1.9089		0.0000		874.979		4.353		15.410		9.544676		22.920
6.170		1.9128		0.0000		874.975		4.357		15.425		9.563953		22.960
6.180		1.9161		0.0000		874.972		4.360		15.450		9.580479		23.000
6.184		1.9191		0.0000		874.969		4.363		15.460		9.595625		23.040
6.184		1.9223		0.0000		874.966		4.366		15.460		9.611462		23.080
6.182		1.9256		0.0000		874.962		4.369		15.455		9.627983		23.120
6.182		1.9288		0.0000		874.959		4.373		15.455		9.643820		23.160
6.182		1.9319		0.0000		874.956		4.376		15.455		9.659655		23.200
6.182		1.9351		0.0000		874.953		4.379		15.455		9.675491		23.240
6.182		1.9385		0.0000		874.949		4.382		15.455		9.692705		23.280
6.182		1.9421		0.0000		874.946		4.386		15.455		9.710606		23.320
6.188		1.9460		0.0000		874.942		4.390		15.470		9.729883		23.360
6.196		1.9494		0.0000		874.938		4.393		15.490		9.747095		23.400
6.204		1.9526		0.0000		874.935		4.396		15.510		9.762931		23.440
6.204		1.9558		0.0000		874.932		4.400		15.510		9.778767		23.480
6.204		1.9591		0.0000		874.929		4.403		15.510		9.795289		23.520
6.202		1.9621		0.0000		874.926		4.406		15.505		9.810438		23.560
6.202		1.9653		0.0000		874.923		4.409		15.505		9.826271		23.600
6.202		1.9684		0.0000		874.919		4.412		15.505		9.842108		23.640
6.202		1.9717		0.0000		874.916		4.415		15.505		9.858632		23.680
6.202		1.9754		0.0000		874.912		4.419		15.505		9.877222		23.720
6.206		1.9793		0.0000		874.909		4.423		15.515		9.896500		23.760
6.214		1.9829		0.0000		874.905		4.427		15.535		9.914400		23.800
6.220		1.9859		0.0000		874.902		4.430		15.550		9.929547		23.840
6.222		1.9891		0.0000		874.899		4.433		15.555		9.945383		23.880
6.220		1.9924		0.0000		874.895		4.436		15.550		9.961908		23.920
6.220		1.9955		0.0000		874.892		4.439		15.550		9.977743		23.960
6.218		1.9987		0.0000		874.889		4.442		15.545		9.993577		24.000
6.218		2.0019		0.0000		874.886		4.446		15.545		10.009413		24.040
6.218		2.0050		0.0000		874.883		4.449		15.545		10.025249		24.080
6.218		2.0085		0.0000		874.879		4.452		15.545		10.042462		24.120
6.222		2.0123		0.0000		874.875		4.456		15.555		10.061739		24.160
6.228		2.0162		0.0000		874.872		4.460		15.570		10.081017		24.200
6.238		2.0195		0.0000		874.868		4.463		15.595		10.097542		24.240
6.242		2.0225		0.0000		874.865		4.466		15.605		10.112688		24.280
6.240		2.0257		0.0000		874.862		4.469		15.600		10.128525		24.320
6.240		2.0289		0.0000		874.859		4.473		15.600		10.144360		24.360
6.238		2.0322		0.0000		874.856		4.476		15.595		10.160883		24.400
6.238		2.0353		0.0000		874.852		4.479		15.595		10.176718		24.440
6.238		2.0385		0.0000		874.849		4.482		15.595		10.192554		24.480
6.238		2.0418		0.0000		874.846		4.486		15.595		10.209079		24.520
6.240		2.0455		0.0000		874.842		4.489		15.600		10.227669		24.560
6.246		2.0495		0.0000		874.838		4.493		15.615		10.247633		24.600
6.254		2.0528		0.0000		874.835		4.497		15.635		10.264158		24.640
6.260		2.0560		0.0000		874.832		4.500		15.650		10.279994		24.680
6.260		2.0592		0.0000		874.829		4.503		15.650		10.295830		24.720
6.260		2.0625		0.0000		874.825		4.506		15.650		10.312355		24.760
6.258		2.0656		0.0000		874.822		4.509		15.645		10.328188		24.800
6.258		2.0688		0.0000		874.819		4.513		15.645		10.344024		24.840
6.258		2.0718		0.0000		874.816		4.516		15.645		10.359171		24.880
6.256		2.0751		0.0000		874.813		4.519		15.640		10.375695		24.920
6.258		2.0787		0.0000		874.809		4.522		15.645		10.393596		24.960
6.260		2.0826		0.0000		874.805		4.526		15.650		10.412874		25.000
6.268		2.0863		0.0000		874.802		4.530		15.670		10.431463		25.040
6.276		2.0893		0.0000		874.799		4.533		15.690		10.446610		25.080
6.278		2.0926		0.0000		874.795		4.536		15.695		10.463135		25.120
6.278		2.0958		0.0000		874.792		4.540		15.695		10.478971		25.160
6.276		2.0990		0.0000		874.789		4.543		15.690		10.494806		25.200
6.276		2.1021		0.0000		874.786		4.546		15.690		10.510643		25.240
6.276		2.1053		0.0000		874.783		4.549		15.690		10.526476		25.280
6.276		2.1085		0.0000		874.779		4.552		15.690		10.542312		25.320
6.276		2.1120		0.0000		874.776		4.556		15.690		10.560215		25.360
6.278		2.1159		0.0000		874.772		4.560		15.695		10.579491		25.400
6.284		2.1198		0.0000		874.768		4.564		15.710		10.598769		25.440
6.294		2.1228		0.0000		874.765		4.567		15.735		10.613916		25.480
6.298		2.1260		0.0000		874.762		4.570		15.745		10.629751		25.520
6.296		2.1293		0.0000		874.759		4.573		15.740		10.646276		25.560
6.296		2.1324		0.0000		874.755		4.576		15.740		10.662112		25.600
6.296		2.1355		0.0000		874.752		4.579		15.740		10.677259		25.640
6.296		2.1386		0.0000		874.749		4.582		15.740		10.693094		25.680
6.294		2.1419		0.0000		874.746		4.586		15.735		10.709618		25.720
6.294		2.1454		0.0000		874.742		4.589		15.735		10.726831		25.760
6.296		2.1491		0.0000		874.739		4.593		15.740		10.745420		25.800
6.300		2.1529		0.0000		874.735		4.597		15.750		10.764699		25.840
6.310		2.1562		0.0000		874.732		4.600		15.775		10.781221		25.880
6.316		2.1594		0.0000		874.728		4.603		15.790		10.797057		25.920
6.314		2.1626		0.0000		874.725		4.606		15.785		10.812893		25.960
6.314		2.1657		0.0000		874.722		4.610		15.785		10.828729		26.000
6.312		2.1691		0.0000		874.719		4.613		15.780		10.845253		26.040
6.312		2.1721		0.0000		874.716		4.616		15.780		10.860400		26.080
6.312		2.1752		0.0000		874.713		4.619		15.780		10.876236		26.120
6.312		2.1784		0.0000		874.709		4.622		15.780		10.892069		26.160
6.312		2.1823		0.0000		874.706		4.626		15.780		10.911348		26.200
6.316		2.1861		0.0000		874.702		4.630		15.790		10.930626		26.240
6.326		2.1897		0.0000		874.698		4.633		15.815		10.948526		26.280
6.334		2.1929		0.0000		874.695		4.637		15.835		10.964363		26.320
6.336		2.1960		0.0000		874.692		4.640		15.840		10.980198		26.360
6.334		2.1992		0.0000		874.689		4.643		15.835		10.996035		26.400
6.334		2.2024		0.0000		874.685		4.646		15.835		11.011869		26.440
6.334		2.2055		0.0000		874.682		4.649		15.835		11.027706		26.480
6.332		2.2087		0.0000		874.679		4.652		15.830		11.043541		26.520
6.332		2.2120		0.0000		874.676		4.656		15.830		11.060064		26.560
6.332		2.2155		0.0000		874.672		4.659		15.830		11.077278		26.600
6.334		2.2193		0.0000		874.669		4.663		15.835		11.096556		26.640
6.340		2.2230		0.0000		874.665		4.667		15.850		11.115146		26.680
6.350		2.2262		0.0000		874.662		4.670		15.875		11.130980		26.720
6.352		2.2294		0.0000		874.659		4.673		15.880		11.146814		26.760
6.352		2.2325		0.0000		874.655		4.676		15.880		11.162651		26.800
6.350		2.2358		0.0000		874.652		4.680		15.875		11.179175		26.840
6.350		2.2390		0.0000		874.649		4.683		15.875		11.195011		26.880
6.348		2.2422		0.0000		874.646		4.686		15.870		11.210847		26.920
6.348		2.2453		0.0000		874.643		4.689		15.870		11.226683		26.960
6.346		2.2486		0.0000		874.639		4.692		15.865		11.243205		27.000
6.348		2.2525		0.0000		874.635		4.696		15.870		11.262484		27.040
6.354		2.2565		0.0000		874.631		4.700		15.885		11.282452		27.080
6.362		2.2597		0.0000		874.628		4.703		15.905		11.298285		27.120
6.366		2.2628		0.0000		874.625		4.707		15.915		11.314120		27.160
6.366		2.2660		0.0000		874.622		4.710		15.915		11.329956		27.200
6.364		2.2692		0.0000		874.619		4.713		15.910		11.345792		27.240
6.364		2.2725		0.0000		874.615		4.716		15.910		11.362316		27.280
6.362		2.2756		0.0000		874.612		4.719		15.905		11.378153		27.320
6.362		2.2788		0.0000		874.609		4.723		15.905		11.393988		27.360
6.362		2.2820		0.0000		874.606		4.726		15.905		11.409822		27.400
6.360		2.2855		0.0000		874.602		4.729		15.900		11.427725		27.440
6.364		2.2897		0.0000		874.598		4.733		15.910		11.448379		27.480
6.372		2.2931		0.0000		874.595		4.737		15.930		11.465590		27.520
6.378		2.2963		0.0000		874.592		4.740		15.945		11.481426		27.560
6.378		2.2995		0.0000		874.588		4.743		15.945		11.497261		27.600
6.376		2.3026		0.0000		874.585		4.746		15.940		11.513098		27.640
6.374		2.3056		0.0000		874.582		4.749		15.935		11.528244		27.680
6.374		2.3090		0.0000		874.579		4.753		15.935		11.544769		27.720
6.374		2.3121		0.0000		874.576		4.756		15.935		11.560604		27.760
6.374		2.3153		0.0000		874.573		4.759		15.935		11.576441		27.800
6.372		2.3189		0.0000		874.569		4.763		15.930		11.594341		27.840
6.376		2.3227		0.0000		874.565		4.766		15.940		11.613619		27.880
6.384		2.3266		0.0000		874.561		4.770		15.960		11.632895		27.920
6.392		2.3296		0.0000		874.558		4.773		15.980		11.648045		27.960
6.394		2.3328		0.0000		874.555		4.777		15.985		11.663877		28.000
6.392		2.3361		0.0000		874.552		4.780		15.980		11.680403		28.040
6.390		2.3391		0.0000		874.549		4.783		15.975		11.695549		28.080
6.390		2.3424		0.0000		874.545		4.786		15.975		11.712074		28.120
6.388		2.3456		0.0000		874.542		4.789		15.970		11.727910		28.160
6.388		2.3487		0.0000		874.539		4.793		15.970		11.743746		28.200
6.386		2.3522		0.0000		874.536		4.796		15.965		11.760958		28.240
6.388		2.3559		0.0000		874.532		4.800		15.970		11.779547		28.280
6.394		2.3598		0.0000		874.528		4.804		15.985		11.798825		28.320
6.402		2.3631		0.0000		874.525		4.807		16.005		11.815350		28.360
6.408		2.3662		0.0000		874.522		4.810		16.020		11.831183		28.400
6.406		2.3694		0.0000		874.518		4.813		16.015		11.847019		28.440
6.404		2.3726		0.0000		874.515		4.816		16.010		11.862855		28.480
6.404		2.3757		0.0000		874.512		4.819		16.010		11.878691		28.520
6.402		2.3789		0.0000		874.509		4.823		16.005		11.894526		28.560
6.402		2.3821		0.0000		874.506		4.826		16.005		11.910362		28.600
6.400		2.3854		0.0000		874.502		4.829		16.000		11.926888		28.640
6.400		2.3891		0.0000		874.499		4.833		16.000		11.945477		28.680
6.404		2.3931		0.0000		874.495		4.837		16.010		11.965442		28.720
6.414		2.3965		0.0000		874.491		4.840		16.035		11.982656		28.760
6.420		2.3996		0.0000		874.488		4.843		16.050		11.997803		28.800
6.420		2.4027		0.0000		874.485		4.846		16.050		12.013638		28.840
6.418		2.4059		0.0000		874.482		4.850		16.045		12.029471		28.880
6.416		2.4092		0.0000		874.479		4.853		16.040		12.045996		28.920
6.416		2.4124		0.0000		874.475		4.856		16.040		12.061832		28.960
6.414		2.4155		0.0000		874.472		4.859		16.035		12.077667		29.000
6.414		2.4187		0.0000		874.469		4.862		16.035		12.093504		29.040
6.414		2.4221		0.0000		874.466		4.866		16.035		12.110715		29.080
6.416		2.4261		0.0000		874.462		4.870		16.040		12.130682		29.120
6.422		2.4300		0.0000		874.458		4.874		16.055		12.149961		29.160
6.432		2.4332		0.0000		874.455		4.877		16.080		12.165794		29.200
6.434		2.4362		0.0000		874.452		4.880		16.085		12.180943		29.240
6.432		2.4394		0.0000		874.448		4.883		16.080		12.196777		29.280
6.430		2.4427		0.0000		874.445		4.886		16.075		12.213302		29.320
6.428		2.4458		0.0000		874.442		4.890		16.070		12.229137		29.360
6.428		2.4489		0.0000		874.439		4.893		16.070		12.244284		29.400
6.428		2.4520		0.0000		874.436		4.896		16.070		12.260120		29.440
6.426		2.4555		0.0000		874.432		4.899		16.065		12.277331		29.480
6.426		2.4593		0.0000		874.429		4.903		16.065		12.296610		29.520
6.434		2.4633		0.0000		874.424		4.907		16.085		12.316578		29.560
6.442		2.4665		0.0000		874.421		4.910		16.105		12.332413		29.600
6.446		2.4696		0.0000		874.418		4.913		16.115		12.348249		29.640
6.446		2.4727		0.0000		874.415		4.916		16.115		12.363396		29.680
6.444		2.4760		0.0000		874.412		4.920		16.110		12.379918		29.720
6.442		2.4792		0.0000		874.409		4.923		16.105		12.395754		29.760
6.442		2.4823		0.0000		874.406		4.926		16.105		12.411590		29.800
6.440		2.4855		0.0000		874.402		4.929		16.100		12.427425		29.840
6.440		2.4888		0.0000		874.399		4.933		16.100		12.443951		29.880
6.440		2.4925		0.0000		874.395		4.936		16.100		12.462540		29.920
6.444		2.4965		0.0000		874.391		4.940		16.110		12.482505		29.960
6.454		2.4999		0.0000		874.388		4.944		16.135		12.499719		30.000
6.460		2.5031		0.0000		874.385		4.947		16.150		12.515554		30.040
6.460		2.5061		0.0000		874.382		4.950		16.150		12.530701		30.080
6.458		2.5094		0.0000		874.378		4.953		16.145		12.547224		30.120
6.456		2.5126		0.0000		874.375		4.956		16.140		12.563059		30.160
6.454		2.5158		0.0000		874.372		4.960		16.135		12.578896		30.200
6.454		2.5189		0.0000		874.369		4.963		16.135		12.594730		30.240
6.452		2.5221		0.0000		874.366		4.966		16.130		12.610567		30.280
6.450		2.5257		0.0000		874.362		4.969		16.125		12.628468		30.320
6.452		2.5297		0.0000		874.358		4.973		16.130		12.648435		30.360
6.462		2.5334		0.0000		874.354		4.977		16.155		12.667025		30.400
6.470		2.5364		0.0000		874.351		4.980		16.175		12.682171		30.440
6.472		2.5396		0.0000		874.348		4.983		16.180		12.698007		30.480
6.468		2.5428		0.0000		874.345		4.987		16.170		12.713842		30.520
6.466		2.5459		0.0000		874.342		4.990		16.165		12.729678		30.560
6.466		2.5492		0.0000		874.339		4.993		16.165		12.746201		30.600
6.464		2.5524		0.0000		874.335		4.996		16.160		12.762036		30.640
6.462		2.5556		0.0000		874.332		4.999		16.155		12.777872		30.680
6.462		2.5590		0.0000		874.329		5.003		16.155		12.795084		30.720
6.462		2.5629		0.0000		874.325		5.007		16.155		12.814362		30.760
6.468		2.5666		0.0000		874.321		5.010		16.170		12.832952		30.800
6.476		2.5699		0.0000		874.318		5.014		16.190		12.849476		30.840
6.478		2.5729		0.0000		874.315		5.017		16.195		12.864623		30.880
6.478		2.5762		0.0000		874.312		5.020		16.195		12.881147		30.920
6.474		2.5794		0.0000		874.308		5.023		16.185		12.896984		30.960
6.474		2.5826		0.0000		874.305		5.026		16.185		12.912817		31.000
6.472		2.5857		0.0000		874.302		5.029		16.180		12.928653		31.040
6.470		2.5888		0.0000		874.299		5.033		16.175		12.943800		31.080
6.468		2.5922		0.0000		874.296		5.036		16.170		12.961014		31.120
6.468		2.5961		0.0000		874.292		5.040		16.170		12.980291		31.160
6.474		2.5999		0.0000		874.288		5.044		16.185		12.999568		31.200
6.482		2.6034		0.0000		874.284		5.047		16.205		13.016782		31.240
6.488		2.6064		0.0000		874.281		5.050		16.220		13.031929		31.280
6.488		2.6096		0.0000		874.278		5.053		16.220		13.047764		31.320
6.484		2.6129		0.0000		874.275		5.057		16.210		13.064289		31.360
6.482		2.6160		0.0000		874.272		5.060		16.205		13.080122		31.400
6.482		2.6192		0.0000		874.269		5.063		16.205		13.095959		31.440
6.480		2.6224		0.0000		874.266		5.066		16.200		13.111794		31.480
6.478		2.6255		0.0000		874.262		5.069		16.195		13.127630		31.520
6.478		2.6291		0.0000		874.259		5.073		16.195		13.145531		31.560
6.480		2.6331		0.0000		874.255		5.077		16.200		13.165498		31.600
6.488		2.6367		0.0000		874.251		5.080		16.220		13.183398		31.640
6.494		2.6398		0.0000		874.248		5.084		16.235		13.199234		31.680
6.496		2.6430		0.0000		874.245		5.087		16.240		13.215070		31.720
6.492		2.6462		0.0000		874.242		5.090		16.230		13.230906		31.760
6.490		2.6495		0.0000		874.238		5.093		16.225		13.247428		31.800
6.488		2.6525		0.0000		874.235		5.096		16.220		13.262577		31.840
6.486		2.6557		0.0000		874.232		5.099		16.215		13.278410		31.880
6.484		2.6588		0.0000		874.229		5.103		16.210		13.294247		31.920
6.484		2.6624		0.0000		874.225		5.106		16.210		13.312149		31.960
6.484		2.6661		0.0000		874.222		5.110		16.210		13.330738		32.000
6.490		2.6701		0.0000		874.218		5.114		16.225		13.350704		32.040
6.500		2.6733		0.0000		874.215		5.117		16.250		13.366539		32.080
6.502		2.6765		0.0000		874.211		5.120		16.255		13.382376		32.120
6.500		2.6796		0.0000		874.208		5.123		16.250		13.398211		32.160
6.496		2.6828		0.0000		874.205		5.127		16.240		13.414047		32.200
6.494		2.6860		0.0000		874.202		5.130		16.235		13.429882		32.240
6.492		2.6891		0.0000		874.199		5.133		16.230		13.445716		32.280
6.490		2.6923		0.0000		874.196		5.136		16.225		13.461552		32.320
6.488		2.6956		0.0000		874.192		5.139		16.220		13.478077		32.360
6.486		2.6993		0.0000		874.189		5.143		16.215		13.496666		32.400
6.490		2.7033		0.0000		874.185		5.147		16.225		13.516634		32.440
6.498		2.7066		0.0000		874.181		5.150		16.245		13.533155		32.480
6.502		2.7098		0.0000		874.178		5.154		16.255		13.548992		32.520
6.502		2.7130		0.0000		874.175		5.157		16.255		13.564827		32.560
6.498		2.7163		0.0000		874.172		5.160		16.245		13.581352		32.600
6.496		2.7194		0.0000		874.168		5.163		16.240		13.597188		32.640
6.494		2.7225		0.0000		874.165		5.166		16.235		13.612335		32.680
6.492		2.7256		0.0000		874.162		5.169		16.230		13.628170		32.720
6.490		2.7289		0.0000		874.159		5.173		16.225		13.644693		32.760
6.488		2.7325		0.0000		874.155		5.176		16.220		13.662594		32.800
6.490		2.7365		0.0000		874.151		5.180		16.225		13.682561		32.840
6.498		2.7402		0.0000		874.148		5.184		16.245		13.701151		32.880
6.504		2.7433		0.0000		874.145		5.187		16.260		13.716297		32.920
6.504		2.7464		0.0000		874.141		5.190		16.260		13.732133		32.960
6.500		2.7496		0.0000		874.138		5.193		16.250		13.747969		33.000
6.498		2.7528		0.0000		874.135		5.197		16.245		13.763804		33.040
6.496		2.7559		0.0000		874.132		5.200		16.240		13.779640		33.080
6.494		2.7591		0.0000		874.129		5.203		16.235		13.795476		33.120
6.492		2.7624		0.0000		874.125		5.206		16.230		13.811998		33.160
6.492		2.7658		0.0000		874.122		5.210		16.230		13.829212		33.200
6.492		2.7697		0.0000		874.118		5.213		16.230		13.848488		33.240
6.498		2.7736		0.0000		874.114		5.217		16.245		13.867767		33.280
6.506		2.7767		0.0000		874.111		5.220		16.265		13.883602		33.320
6.508		2.7799		0.0000		874.108		5.224		16.270		13.899439		33.360
6.506		2.7831		0.0000		874.105		5.227		16.265		13.915274		33.400
6.502		2.7862		0.0000		874.102		5.230		16.255		13.931110		33.440
6.500		2.7894		0.0000		874.098		5.233		16.250		13.946945		33.480
6.498		2.7926		0.0000		874.095		5.236		16.245		13.962782		33.520
6.496		2.7957		0.0000		874.092		5.239		16.240		13.978617		33.560
6.494		2.7990		0.0000		874.089		5.243		16.235		13.995140		33.600
6.492		2.8029		0.0000		874.085		5.247		16.230		14.014418		33.640
6.496		2.8067		0.0000		874.081		5.251		16.240		14.033697		33.680
6.506		2.8100		0.0000		874.078		5.254		16.265		14.050219		33.720
6.510		2.8132		0.0000		874.075		5.257		16.275		14.066055		33.760
6.508		2.8164		0.0000		874.071		5.260		16.270		14.081890		33.800
6.506		2.8195		0.0000		874.068		5.263		16.265		14.097727		33.840
6.502		2.8229		0.0000		874.065		5.267		16.255		14.114251		33.880
6.500		2.8260		0.0000		874.062		5.270		16.250		14.130087		33.920
6.498		2.8292		0.0000		874.059		5.273		16.245		14.145923		33.960
6.496		2.8324		0.0000		874.055		5.276		16.240		14.161757		34.000
6.494		2.8361		0.0000		874.052		5.280		16.235		14.180346		34.040
6.496		2.8399		0.0000		874.048		5.284		16.240		14.199624		34.080
6.502		2.8435		0.0000		874.044		5.287		16.255		14.217525		34.120
6.508		2.8467		0.0000		874.041		5.290		16.270		14.233360		34.160
6.508		2.8498		0.0000		874.038		5.294		16.270		14.249196		34.200
6.506		2.8530		0.0000		874.035		5.297		16.265		14.265032		34.240
6.502		2.8562		0.0000		874.032		5.300		16.255		14.280868		34.280
6.500		2.8593		0.0000		874.029		5.303		16.250		14.296703		34.320
6.498		2.8625		0.0000		874.025		5.306		16.245		14.312539		34.360
6.494		2.8657		0.0000		874.022		5.309		16.235		14.328375		34.400
6.490		2.8693		0.0000		874.019		5.313		16.225		14.346275		34.440
6.492		2.8731		0.0000		874.015		5.317		16.230		14.365554		34.480
6.496		2.8768		0.0000		874.011		5.321		16.240		14.384144		34.520
6.504		2.8800		0.0000		874.008		5.324		16.260		14.399979		34.560
6.506		2.8832		0.0000		874.005		5.327		16.265		14.415812		34.600
6.502		2.8863		0.0000		874.002		5.330		16.255		14.431648		34.640
6.500		2.8896		0.0000		873.998		5.333		16.250		14.448174		34.680
6.498		2.8928		0.0000		873.995		5.337		16.245		14.464008		34.720
6.494		2.8960		0.0000		873.992		5.340		16.235		14.479845		34.760
6.492		2.8991		0.0000		873.989		5.343		16.230		14.495680		34.800
6.490		2.9026		0.0000		873.985		5.346		16.225		14.512892		34.840
6.490		2.9063		0.0000		873.982		5.350		16.225		14.531481		34.880
6.492		2.9102		0.0000		873.978		5.354		16.230		14.550760		34.920
6.500		2.9135		0.0000		873.974		5.357		16.250		14.567285		34.960
6.504		2.9166		0.0000		873.971		5.360		16.260		14.583118		35.000
6.500		2.9198		0.0000		873.968		5.364		16.250		14.598953		35.040
6.496		2.9230		0.0000		873.965		5.367		16.240		14.614790		35.080
6.494		2.9263		0.0000		873.962		5.370		16.235		14.631314		35.120
6.490		2.9293		0.0000		873.959		5.373		16.225		14.646461		35.160
6.488		2.9325		0.0000		873.955		5.376		16.220		14.662296		35.200
6.484		2.9358		0.0000		873.952		5.380		16.210		14.678822		35.240
6.482		2.9395		0.0000		873.948		5.383		16.205		14.697411		35.280
6.484		2.9433		0.0000		873.945		5.387		16.210		14.716687		35.320
6.490		2.9469		0.0000		873.941		5.391		16.225		14.734591		35.360
6.492		2.9499		0.0000		873.938		5.394		16.230		14.749737		35.400
6.488		2.9531		0.0000		873.935		5.397		16.220		14.765573		35.440
6.480		2.9564		0.0000		873.931		5.400		16.200		14.782095		35.480
6.474		2.9596		0.0000		873.928		5.403		16.185		14.797931		35.520
6.468		2.9628		0.0000		873.925		5.407		16.170		14.813766		35.560
6.464		2.9659		0.0000		873.922		5.410		16.160		14.829602		35.600
6.458		2.9692		0.0000		873.919		5.413		16.145		14.846127		35.640
6.454		2.9727		0.0000		873.915		5.416		16.135		14.863338		35.680
6.452		2.9765		0.0000		873.911		5.420		16.130		14.882617		35.720
6.454		2.9802		0.0000		873.908		5.424		16.135		14.901207		35.760
6.460		2.9834		0.0000		873.904		5.427		16.150		14.917042		35.800
6.460		2.9866		0.0000		873.901		5.430		16.150		14.932878		35.840
6.454		2.9897		0.0000		873.898		5.434		16.135		14.948711		35.880
6.450		2.9930		0.0000		873.895		5.437		16.125		14.965237		35.920
6.446		2.9962		0.0000		873.892		5.440		16.115		14.981071		35.960
6.442		2.9994		0.0000		873.888		5.443		16.105		14.996908		36.000
6.438		3.0025		0.0000		873.885		5.446		16.095		15.012743		36.040
6.434		3.0059		0.0000		873.882		5.450		16.085		15.029266		36.080
6.432		3.0097		0.0000		873.878		5.453		16.080		15.048544		36.120
6.436		3.0136		0.0000		873.874		5.457		16.090		15.067823		36.160
6.442		3.0169		0.0000		873.871		5.461		16.105		15.084348		36.200
6.442		3.0200		0.0000		873.868		5.464		16.105		15.100183		36.240
6.438		3.0232		0.0000		873.865		5.467		16.095		15.116016		36.280
6.434		3.0264		0.0000		873.861		5.470		16.085		15.131853		36.320
6.430		3.0295		0.0000		873.858		5.473		16.075		15.147688		36.360
6.428		3.0327		0.0000		873.855		5.476		16.070		15.163525		36.400
6.424		3.0360		0.0000		873.852		5.480		16.060		15.180049		36.440
6.420		3.0392		0.0000		873.849		5.483		16.050		15.195885		36.480
6.418		3.0429		0.0000		873.845		5.487		16.045		15.214474		36.520
6.420		3.0468		0.0000		873.841		5.491		16.050		15.233750		36.560
6.426		3.0503		0.0000		873.838		5.494		16.065		15.251654		36.600
6.430		3.0535		0.0000		873.834		5.497		16.075		15.267488		36.640
6.428		3.0567		0.0000		873.831		5.500		16.070		15.283325		36.680
6.424		3.0598		0.0000		873.828		5.504		16.060		15.299158		36.720
6.420		3.0630		0.0000		873.825		5.507		16.050		15.314994		36.760
6.416		3.0662		0.0000		873.822		5.510		16.040		15.330830		36.800
6.412		3.0693		0.0000		873.818		5.513		16.030		15.346665		36.840
6.410		3.0725		0.0000		873.815		5.516		16.025		15.362501		36.880
6.406		3.0761		0.0000		873.812		5.520		16.015		15.380402		36.920
6.408		3.0799		0.0000		873.808		5.524		16.020		15.399680		36.960
6.412		3.0837		0.0000		873.804		5.527		16.030		15.418270		37.000
6.418		3.0868		0.0000		873.801		5.531		16.045		15.434105		37.040
6.418		3.0900		0.0000		873.798		5.534		16.045		15.449942		37.080
6.414		3.0932		0.0000		873.795		5.537		16.035		15.465776		37.120
6.410		3.0965		0.0000		873.791		5.540		16.025		15.482300		37.160
6.408		3.0996		0.0000		873.788		5.543		16.020		15.498135		37.200
6.404		3.1028		0.0000		873.785		5.547		16.010		15.513971		37.240
6.400		3.1060		0.0000		873.782		5.550		16.000		15.529806		37.280
6.398		3.1093		0.0000		873.779		5.553		15.995		15.546331		37.320
6.396		3.1131		0.0000		873.775		5.557		15.990		15.565607		37.360
6.398		3.1170		0.0000		873.771		5.561		15.995		15.584887		37.400
6.406		3.1203		0.0000		873.768		5.564		16.015		15.601411		37.440
6.408		3.1234		0.0000		873.764		5.567		16.020		15.617247		37.480
6.404		3.1266		0.0000		873.761		5.570		16.010		15.633082		37.520
6.400		3.1298		0.0000		873.758		5.574		16.000		15.648918		37.560
6.396		3.1330		0.0000		873.755		5.577		15.990		15.664751		37.600
6.392		3.1361		0.0000		873.752		5.580		15.980		15.680588		37.640
6.388		3.1393		0.0000		873.749		5.583		15.970		15.696423		37.680
6.384		3.1426		0.0000		873.745		5.586		15.960		15.712948		37.720
6.382		3.1463		0.0000		873.742		5.590		15.955		15.731537		37.760
6.382		3.1502		0.0000		873.738		5.594		15.955		15.750816		37.800
6.388		3.1537		0.0000		873.734		5.598		15.970		15.768717		37.840
6.392		3.1568		0.0000		873.731		5.601		15.980		15.783863		37.880
6.390		3.1599		0.0000		873.728		5.604		15.975		15.799699		37.920
6.386		3.1632		0.0000		873.725		5.607		15.965		15.816223		37.960
6.382		3.1664		0.0000		873.721		5.610		15.955		15.832057		38.000
6.380		3.1696		0.0000		873.718		5.613		15.950		15.847893		38.040
6.378		3.1727		0.0000		873.715		5.617		15.945		15.863729		38.080
6.374		3.1759		0.0000		873.712		5.620		15.935		15.879564		38.120
6.372		3.1795		0.0000		873.708		5.623		15.930		15.897465		38.160
6.372		3.1833		0.0000		873.704		5.627		15.930		15.916743		38.200
6.376		3.1871		0.0000		873.701		5.631		15.940		15.935333		38.240
6.382		3.1902		0.0000		873.698		5.634		15.955		15.951168		38.280
6.382		3.1934		0.0000		873.694		5.637		15.955		15.967005		38.320
6.376		3.1966		0.0000		873.691		5.640		15.940		15.982840		38.360
6.372		3.1997		0.0000		873.688		5.643		15.930		15.998676		38.400
6.370		3.2030		0.0000		873.685		5.647		15.925		16.015198		38.440
6.366		3.2062		0.0000		873.682		5.650		15.915		16.031034		38.480
6.362		3.2094		0.0000		873.678		5.653		15.905		16.046869		38.521
6.360		3.2127		0.0000		873.675		5.656		15.900		16.063395		38.561
6.358		3.2165		0.0000		873.671		5.660		15.895		16.082672		38.601
6.360		3.2204		0.0000		873.667		5.664		15.900		16.101950		38.641
6.366		3.2237		0.0000		873.664		5.667		15.915		16.118473		38.681
6.368		3.2267		0.0000		873.661		5.670		15.920		16.133621		38.721
6.364		3.2300		0.0000		873.658		5.674		15.910		16.150146		38.761
6.360		3.2332		0.0000		873.655		5.677		15.900		16.165981		38.801
6.356		3.2364		0.0000		873.651		5.680		15.890		16.181816		38.841
6.352		3.2395		0.0000		873.648		5.683		15.880		16.197651		38.881
6.350		3.2428		0.0000		873.645		5.687		15.875		16.214176		38.921
6.346		3.2460		0.0000		873.642		5.690		15.865		16.230011		38.961
6.344		3.2497		0.0000		873.638		5.693		15.860		16.248600		39.001
6.346		3.2536		0.0000		873.634		5.697		15.865		16.267879		39.041
6.354		3.2570		0.0000		873.631		5.701		15.885		16.285091		39.081
6.358		3.2602		0.0000		873.628		5.704		15.895		16.300926		39.121
6.356		3.2634		0.0000		873.625		5.707		15.890		16.316761		39.161
6.352		3.2667		0.0000		873.621		5.710		15.880		16.333286		39.201
6.348		3.2698		0.0000		873.618		5.714		15.870		16.349123		39.241
6.346		3.2730		0.0000		873.615		5.717		15.865		16.364956		39.281
6.342		3.2762		0.0000		873.612		5.720		15.855		16.380791		39.321
6.338		3.2793		0.0000		873.609		5.723		15.845		16.396627		39.361
6.336		3.2829		0.0000		873.605		5.727		15.840		16.414528		39.401
6.336		3.2868		0.0000		873.601		5.731		15.840		16.433807		39.441
6.342		3.2905		0.0000		873.597		5.734		15.855		16.452396		39.481
6.346		3.2936		0.0000		873.594		5.737		15.865		16.468231		39.521
6.346		3.2968		0.0000		873.591		5.741		15.865		16.484068		39.561
6.342		3.3000		0.0000		873.588		5.744		15.855		16.499903		39.601
6.340		3.3033		0.0000		873.585		5.747		15.850		16.516428		39.641
6.338		3.3065		0.0000		873.581		5.750		15.845		16.532261		39.681
6.334		3.3096		0.0000		873.578		5.753		15.835		16.548098		39.721
6.332		3.3128		0.0000		873.575		5.757		15.830		16.563932		39.761
6.330		3.3162		0.0000		873.572		5.760		15.825		16.581146		39.801
6.328		3.3199		0.0000		873.568		5.764		15.820		16.599735		39.841
6.332		3.3238		0.0000		873.564		5.768		15.830		16.619013		39.881
6.338		3.3270		0.0000		873.561		5.771		15.845		16.634848		39.921
6.338		3.3303		0.0000		873.558		5.774		15.845		16.651373		39.961
6.336		3.3334		0.0000		873.554		5.777		15.840		16.667210		40.001
6.332		3.3366		0.0000		873.551		5.780		15.830		16.683044		40.041
6.328		3.3398		0.0000		873.548		5.784		15.820		16.698879		40.081
6.324		3.3429		0.0000		873.545		5.787		15.810		16.714716		40.121
6.322		3.3461		0.0000		873.542		5.790		15.805		16.730553		40.161
6.320		3.3494		0.0000		873.538		5.793		15.800		16.747074		40.201
6.318		3.3531		0.0000		873.535		5.797		15.795		16.765663		40.241
6.320		3.3570		0.0000		873.531		5.801		15.800		16.784943		40.281
6.328		3.3606		0.0000		873.527		5.804		15.820		16.802843		40.321
6.332		3.3636		0.0000		873.524		5.807		15.830		16.817989		40.361
6.330		3.3668		0.0000		873.521		5.811		15.825		16.833824		40.401
6.326		3.3701		0.0000		873.518		5.814		15.815		16.850349		40.441
6.322		3.3732		0.0000		873.515		5.817		15.805		16.866186		40.481
6.320		3.3764		0.0000		873.511		5.820		15.800		16.882021		40.521
6.316		3.3796		0.0000		873.508		5.823		15.790		16.897858		40.561
6.314		3.3827		0.0000		873.505		5.826		15.785		16.913691		40.601
6.312		3.3863		0.0000		873.502		5.830		15.780		16.931593		40.641
6.314		3.3902		0.0000		873.498		5.834		15.785		16.950871		40.681
6.320		3.3939		0.0000		873.494		5.838		15.800		16.969460		40.721
6.326		3.3971		0.0000		873.491		5.841		15.815		16.985294		40.761
6.326		3.4002		0.0000		873.488		5.844		15.815		17.001131		40.801
6.322		3.4035		0.0000		873.484		5.847		15.805		17.017654		40.841
6.318		3.4066		0.0000		873.481		5.850		15.795		17.032803		40.881
6.316		3.4097		0.0000		873.478		5.853		15.790		17.048637		40.921
6.314		3.4130		0.0000		873.475		5.857		15.785		17.065163		40.961
6.310		3.4162		0.0000		873.472		5.860		15.775		17.080996		41.001
6.308		3.4196		0.0000		873.468		5.863		15.770		17.098209		41.041
6.306		3.4234		0.0000		873.464		5.867		15.765		17.116798		41.081
6.310		3.4272		0.0000		873.461		5.871		15.775		17.136078		41.121
6.316		3.4304		0.0000		873.457		5.874		15.790		17.151913		41.161
6.318		3.4335		0.0000		873.454		5.877		15.795		17.167747		41.201
6.314		3.4367		0.0000		873.451		5.880		15.785		17.183582		41.241
6.310		3.4400		0.0000		873.448		5.884		15.775		17.200108		41.281
6.306		3.4432		0.0000		873.445		5.887		15.765		17.215942		41.321
6.304		3.4464		0.0000		873.441		5.890		15.760		17.231779		41.361
6.300		3.4497		0.0000		873.438		5.893		15.750		17.248302		41.401
6.298		3.4530		0.0000		873.435		5.897		15.745		17.264826		41.441
6.296		3.4567		0.0000		873.431		5.900		15.740		17.283417		41.481
6.298		3.4605		0.0000		873.427		5.904		15.745		17.302694		41.521
6.304		3.4640		0.0000		873.424		5.908		15.760		17.319906		41.561
6.306		3.4671		0.0000		873.421		5.911		15.765		17.335741		41.601
6.304		3.4702		0.0000		873.418		5.914		15.760		17.350887		41.641
6.300		3.4733		0.0000		873.414		5.917		15.750		17.366724		41.681
6.298		3.4766		0.0000		873.411		5.920		15.745		17.383249		41.721
6.296		3.4798		0.0000		873.408		5.924		15.740		17.399084		41.761
6.292		3.4830		0.0000		873.405		5.927		15.730		17.414921		41.801
6.290		3.4863		0.0000		873.402		5.930		15.725		17.431442		41.841
6.286		3.4899		0.0000		873.398		5.934		15.715		17.449345		41.881
6.288		3.4937		0.0000		873.394		5.937		15.720		17.468622		41.921
6.292		3.4973		0.0000		873.391		5.941		15.730		17.486525		41.961
6.298		3.5005		0.0000		873.387		5.944		15.745		17.502357		42.001
6.296		3.5036		0.0000		873.384		5.947		15.740		17.518194		42.041
6.292		3.5068		0.0000		873.381		5.951		15.730		17.534029		42.081
6.288		3.5100		0.0000		873.378		5.954		15.720		17.549866		42.121
6.284		3.5133		0.0000		873.375		5.957		15.710		17.566391		42.161
6.282		3.5164		0.0000		873.371		5.960		15.705		17.582226		42.201
6.278		3.5196		0.0000		873.368		5.963		15.695		17.598061		42.241
6.276		3.5231		0.0000		873.365		5.967		15.690		17.615273		42.281
6.274		3.5268		0.0000		873.361		5.971		15.685		17.633862		42.321
6.278		3.5306		0.0000		873.357		5.974		15.695		17.653141		42.361
6.284		3.5339		0.0000		873.354		5.978		15.710		17.669662		42.401
6.286		3.5370		0.0000		873.351		5.981		15.715		17.684813		42.441
6.282		3.5401		0.0000		873.348		5.984		15.705		17.700645		42.481
6.278		3.5434		0.0000		873.344		5.987		15.695		17.717171		42.521
6.274		3.5466		0.0000		873.341		5.990		15.685		17.733006		42.561
6.272		3.5498		0.0000		873.338		5.994		15.680		17.748842		42.601
6.268		3.5529		0.0000		873.335		5.997		15.670		17.764679		42.641
6.264		3.5562		0.0000		873.332		6.000		15.660		17.781200		42.681
6.262		3.5601		0.0000		873.328		6.004		15.655		17.800480		42.721
6.266		3.5640		0.0000		873.324		6.008		15.665		17.819757		42.761
6.274		3.5674		0.0000		873.320		6.011		15.685		17.836969		42.801
6.278		3.5704		0.0000		873.317		6.014		15.695		17.852118		42.841
6.274		3.5736		0.0000		873.314		6.017		15.685		17.867950		42.881
6.270		3.5768		0.0000		873.311		6.021		15.675		17.883787		42.921
6.268		3.5801		0.0000		873.308		6.024		15.670		17.900312		42.961
6.266		3.5832		0.0000		873.305		6.027		15.665		17.916147		43.001
6.262		3.5864		0.0000		873.301		6.030		15.655		17.931984		43.041
6.260		3.5897		0.0000		873.298		6.033		15.650		17.948505		43.081
6.256		3.5931		0.0000		873.295		6.037		15.640		17.965719		43.121
6.258		3.5971		0.0000		873.291		6.041		15.645		17.985685		43.161
6.262		3.6007		0.0000		873.287		6.044		15.655		18.003588		43.201
6.268		3.6039		0.0000		873.284		6.048		15.670		18.019424		43.241
6.268		3.6071		0.0000		873.281		6.051		15.670		18.035257		43.281
6.264		3.6102		0.0000		873.278		6.054		15.660		18.051092		43.321
6.260		3.6135		0.0000		873.274		6.057		15.650		18.067617		43.361
6.258		3.6167		0.0000		873.271		6.060		15.645		18.083454		43.401
6.254		3.6199		0.0000		873.268		6.064		15.635		18.099289		43.441
6.252		3.6230		0.0000		873.265		6.067		15.630		18.115124		43.481
6.248		3.6265		0.0000		873.261		6.070		15.620		18.132336		43.521
6.248		3.6303		0.0000		873.258		6.074		15.620		18.151615		43.561
6.252		3.6342		0.0000		873.254		6.078		15.630		18.170893		43.601
6.258		3.6373		0.0000		873.250		6.081		15.645		18.186729		43.641
6.258		3.6404		0.0000		873.247		6.084		15.645		18.201876		43.681
6.252		3.6435		0.0000		873.244		6.087		15.630		18.217712		43.721
6.248		3.6468		0.0000		873.241		6.091		15.620		18.234234		43.761
6.246		3.6502		0.0000		873.238		6.094		15.615		18.250759		43.801
6.242		3.6533		0.0000		873.234		6.097		15.605		18.266594		43.841
6.240		3.6563		0.0000		873.232		6.100		15.600		18.281742		43.881
6.236		3.6597		0.0000		873.228		6.103		15.590		18.298265		43.921
6.234		3.6635		0.0000		873.224		6.107		15.585		18.317543		43.961
6.238		3.6674		0.0000		873.220		6.111		15.595		18.336821		44.001
6.244		3.6707		0.0000		873.217		6.114		15.610		18.353346		44.041
6.246		3.6738		0.0000		873.214		6.118		15.615		18.369181		44.081
6.244		3.6770		0.0000		873.211		6.121		15.610		18.385017		44.121
6.238		3.6803		0.0000		873.208		6.124		15.595		18.401539		44.161
6.236		3.6833		0.0000		873.205		6.127		15.590		18.416687		44.201
6.232		3.6866		0.0000		873.201		6.130		15.580		18.433210		44.241
6.228		3.6898		0.0000		873.198		6.134		15.570		18.449047		44.281
6.226		3.6931		0.0000		873.195		6.137		15.565		18.465572		44.321
6.222		3.6967		0.0000		873.191		6.140		15.555		18.483471		44.361
6.224		3.7006		0.0000		873.187		6.144		15.560		18.502750		44.401
6.230		3.7041		0.0000		873.184		6.148		15.575		18.520651		44.441
6.234		3.7072		0.0000		873.181		6.151		15.585		18.535797		44.481
6.232		3.7105		0.0000		873.177		6.154		15.580		18.552322		44.521
6.226		3.7136		0.0000		873.174		6.157		15.565		18.568157		44.561
6.224		3.7169		0.0000		873.171		6.161		15.560		18.584681		44.601
6.220		3.7201		0.0000		873.168		6.164		15.550		18.600517		44.641
6.216		3.7231		0.0000		873.165		6.167		15.540		18.615664		44.681
6.210		3.7264		0.0000		873.161		6.170		15.525		18.632187		44.721
6.208		3.7300		0.0000		873.158		6.174		15.520		18.650089		44.761
6.206		3.7337		0.0000		873.154		6.177		15.515		18.668678		44.801
6.210		3.7375		0.0000		873.150		6.181		15.525		18.687267		44.841
6.214		3.7406		0.0000		873.147		6.184		15.535		18.703102		44.881
6.214		3.7439		0.0000		873.144		6.188		15.535		18.719627		44.921
6.210		3.7471		0.0000		873.141		6.191		15.525		18.735464		44.961
6.206		3.7503		0.0000		873.138		6.194		15.515		18.751297		45.001
6.204		3.7534		0.0000		873.134		6.197		15.510		18.767132		45.041
6.200		3.7566		0.0000		873.131		6.200		15.500		18.782969		45.081
6.196		3.7599		0.0000		873.128		6.204		15.490		18.799494		45.121
6.192		3.7632		0.0000		873.125		6.207		15.480		18.816017		45.161
6.190		3.7669		0.0000		873.121		6.211		15.475		18.834608		45.201
6.192		3.7708		0.0000		873.117		6.215		15.480		18.853884		45.241
6.198		3.7742		0.0000		873.114		6.218		15.495		18.871098		45.281
6.200		3.7772		0.0000		873.111		6.221		15.500		18.886244		45.321
6.196		3.7804		0.0000		873.107		6.224		15.490		18.902081		45.361
6.190		3.7837		0.0000		873.104		6.227		15.475		18.918602		45.401
6.188		3.7869		0.0000		873.101		6.231		15.470		18.934439		45.441
6.184		3.7901		0.0000		873.098		6.234		15.460		18.950274		45.481
