数据量:1175
试验力		变形		扩展变形		位置		位移		应力		应变		时间
0.010		0.0000		0.0000		876.925		2.253		0.025		0.000000		0.040
0.010		0.0032		0.0000		876.921		2.256		0.025		0.015836		0.080
0.010		0.0063		0.0000		876.918		2.259		0.025		0.031672		0.120
0.010		0.0096		0.0000		876.915		2.263		0.025		0.048195		0.160
0.012		0.0129		0.0000		876.912		2.266		0.030		0.064719		0.200
0.012		0.0165		0.0000		876.908		2.269		0.030		0.082620		0.240
0.014		0.0204		0.0000		876.904		2.273		0.035		0.101898		0.280
0.014		0.0237		0.0000		876.901		2.277		0.035		0.118423		0.320
0.016		0.0269		0.0000		876.898		2.280		0.040		0.134258		0.360
0.016		0.0300		0.0000		876.895		2.283		0.040		0.150093		0.400
0.018		0.0333		0.0000		876.891		2.286		0.045		0.166618		0.440
0.020		0.0365		0.0000		876.888		2.289		0.050		0.182452		0.480
0.022		0.0398		0.0000		876.885		2.293		0.055		0.198977		0.520
0.024		0.0431		0.0000		876.881		2.296		0.060		0.215501		0.560
0.026		0.0463		0.0000		876.878		2.299		0.065		0.231336		0.600
0.028		0.0498		0.0000		876.875		2.303		0.070		0.249237		0.640
0.032		0.0536		0.0000		876.871		2.306		0.080		0.267826		0.680
0.036		0.0570		0.0000		876.868		2.310		0.090		0.285039		0.720
0.038		0.0603		0.0000		876.864		2.313		0.095		0.301564		0.760
0.042		0.0635		0.0000		876.861		2.316		0.105		0.317398		0.800
0.046		0.0668		0.0000		876.858		2.320		0.115		0.333923		0.840
0.048		0.0700		0.0000		876.855		2.323		0.120		0.349758		0.880
0.052		0.0733		0.0000		876.851		2.326		0.130		0.366282		0.920
0.056		0.0764		0.0000		876.848		2.329		0.140		0.382118		0.960
0.060		0.0796		0.0000		876.845		2.333		0.150		0.397953		1.000
0.066		0.0830		0.0000		876.842		2.336		0.165		0.415165		1.040
0.070		0.0868		0.0000		876.838		2.340		0.175		0.433755		1.080
0.076		0.0905		0.0000		876.834		2.343		0.190		0.452344		1.120
0.082		0.0936		0.0000		876.831		2.347		0.205		0.468180		1.160
0.088		0.0968		0.0000		876.828		2.350		0.220		0.484016		1.200
0.094		0.1001		0.0000		876.824		2.353		0.235		0.500540		1.240
0.100		0.1034		0.0000		876.821		2.356		0.250		0.517064		1.280
0.108		0.1066		0.0000		876.818		2.359		0.270		0.532899		1.320
0.114		0.1099		0.0000		876.815		2.363		0.285		0.549424		1.360
0.122		0.1131		0.0000		876.812		2.366		0.305		0.565258		1.400
0.128		0.1164		0.0000		876.808		2.369		0.320		0.581783		1.440
0.136		0.1201		0.0000		876.805		2.373		0.340		0.600373		1.480
0.144		0.1237		0.0000		876.801		2.377		0.360		0.618273		1.520
0.154		0.1270		0.0000		876.798		2.380		0.385		0.634798		1.560
0.164		0.1303		0.0000		876.794		2.383		0.410		0.651321		1.600
0.174		0.1334		0.0000		876.791		2.386		0.435		0.667157		1.640
0.182		0.1367		0.0000		876.788		2.390		0.455		0.683681		1.680
0.192		0.1400		0.0000		876.785		2.393		0.480		0.700204		1.720
0.202		0.1432		0.0000		876.781		2.396		0.505		0.716040		1.760
0.212		0.1464		0.0000		876.778		2.399		0.530		0.731876		1.800
0.224		0.1497		0.0000		876.775		2.403		0.560		0.748399		1.840
0.234		0.1533		0.0000		876.771		2.406		0.585		0.766301		1.880
0.246		0.1570		0.0000		876.768		2.410		0.615		0.784891		1.920
0.260		0.1604		0.0000		876.764		2.413		0.650		0.802103		1.960
0.272		0.1636		0.0000		876.761		2.416		0.680		0.817938		2.000
0.286		0.1669		0.0000		876.758		2.420		0.715		0.834463		2.040
0.298		0.1701		0.0000		876.755		2.423		0.745		0.850297		2.080
0.310		0.1734		0.0000		876.751		2.426		0.775		0.866822		2.120
0.322		0.1765		0.0000		876.748		2.429		0.805		0.882658		2.160
0.334		0.1798		0.0000		876.745		2.433		0.835		0.899181		2.200
0.346		0.1831		0.0000		876.741		2.436		0.865		0.915705		2.240
0.358		0.1866		0.0000		876.738		2.439		0.895		0.932918		2.280
0.372		0.1902		0.0000		876.734		2.443		0.930		0.950819		2.320
0.386		0.1937		0.0000		876.731		2.447		0.965		0.968720		2.360
0.404		0.1970		0.0000		876.728		2.450		1.010		0.985243		2.400
0.420		0.2004		0.0000		876.724		2.453		1.050		1.001768		2.440
0.438		0.2035		0.0000		876.721		2.456		1.095		1.017603		2.480
0.454		0.2067		0.0000		876.718		2.460		1.135		1.033438		2.520
0.470		0.2100		0.0000		876.715		2.463		1.175		1.049963		2.560
0.486		0.2133		0.0000		876.711		2.466		1.215		1.066487		2.600
0.502		0.2165		0.0000		876.708		2.469		1.255		1.082323		2.640
0.518		0.2198		0.0000		876.705		2.473		1.295		1.098846		2.680
0.536		0.2235		0.0000		876.701		2.476		1.340		1.117436		2.720
0.554		0.2272		0.0000		876.697		2.480		1.385		1.136025		2.760
0.574		0.2305		0.0000		876.694		2.483		1.435		1.152549		2.800
0.594		0.2337		0.0000		876.691		2.487		1.485		1.168385		2.840
0.612		0.2370		0.0000		876.688		2.490		1.530		1.184909		2.880
0.628		0.2401		0.0000		876.684		2.493		1.570		1.200744		2.920
0.646		0.2433		0.0000		876.681		2.496		1.615		1.216580		2.960
0.662		0.2466		0.0000		876.678		2.500		1.655		1.233103		3.000
0.676		0.2498		0.0000		876.675		2.503		1.690		1.248939		3.040
0.692		0.2531		0.0000		876.672		2.506		1.730		1.265464		3.080
0.706		0.2567		0.0000		876.668		2.510		1.765		1.283364		3.120
0.724		0.2604		0.0000		876.664		2.513		1.810		1.301954		3.160
0.744		0.2638		0.0000		876.661		2.517		1.860		1.319166		3.200
0.764		0.2671		0.0000		876.657		2.520		1.910		1.335690		3.240
0.784		0.2703		0.0000		876.654		2.523		1.960		1.351526		3.280
0.804		0.2735		0.0000		876.651		2.526		2.010		1.367362		3.320
0.822		0.2768		0.0000		876.648		2.530		2.055		1.383885		3.360
0.842		0.2799		0.0000		876.645		2.533		2.105		1.399721		3.400
0.860		0.2832		0.0000		876.641		2.536		2.150		1.416245		3.440
0.878		0.2864		0.0000		876.638		2.539		2.195		1.432080		3.480
0.898		0.2900		0.0000		876.635		2.543		2.245		1.449981		3.520
0.918		0.2936		0.0000		876.631		2.546		2.295		1.467882		3.560
0.940		0.2973		0.0000		876.627		2.550		2.350		1.486472		3.600
0.962		0.3005		0.0000		876.624		2.553		2.405		1.502308		3.640
0.986		0.3036		0.0000		876.621		2.557		2.465		1.518142		3.680
1.006		0.3069		0.0000		876.618		2.560		2.515		1.534667		3.720
1.028		0.3101		0.0000		876.615		2.563		2.570		1.550503		3.760
1.048		0.3134		0.0000		876.611		2.566		2.620		1.567026		3.800
1.070		0.3166		0.0000		876.608		2.569		2.675		1.582862		3.840
1.090		0.3199		0.0000		876.605		2.573		2.725		1.599386		3.880
1.112		0.3232		0.0000		876.601		2.576		2.780		1.615909		3.920
1.134		0.3268		0.0000		876.598		2.580		2.835		1.633811		3.960
1.158		0.3306		0.0000		876.594		2.584		2.895		1.653088		4.000
1.184		0.3339		0.0000		876.591		2.587		2.960		1.669613		4.040
1.210		0.3371		0.0000		876.587		2.590		3.025		1.685448		4.080
1.234		0.3403		0.0000		876.584		2.593		3.085		1.701283		4.120
1.260		0.3436		0.0000		876.581		2.596		3.150		1.717808		4.160
1.284		0.3467		0.0000		876.578		2.600		3.210		1.733643		4.200
1.310		0.3500		0.0000		876.575		2.603		3.275		1.750168		4.240
1.336		0.3532		0.0000		876.571		2.606		3.340		1.766002		4.280
1.362		0.3565		0.0000		876.568		2.609		3.405		1.782527		4.320
1.388		0.3601		0.0000		876.565		2.613		3.470		1.800427		4.360
1.416		0.3638		0.0000		876.561		2.617		3.540		1.819017		4.400
1.446		0.3672		0.0000		876.557		2.620		3.615		1.836230		4.440
1.476		0.3706		0.0000		876.554		2.623		3.690		1.852754		4.480
1.506		0.3737		0.0000		876.551		2.627		3.765		1.868589		4.520
1.532		0.3769		0.0000		876.548		2.630		3.830		1.884425		4.560
1.558		0.3802		0.0000		876.544		2.633		3.895		1.900948		4.600
1.584		0.3834		0.0000		876.541		2.636		3.960		1.916784		4.640
1.612		0.3867		0.0000		876.538		2.640		4.030		1.933309		4.680
1.640		0.3898		0.0000		876.535		2.643		4.100		1.949143		4.720
1.666		0.3933		0.0000		876.531		2.646		4.165		1.966356		4.760
1.694		0.3970		0.0000		876.528		2.650		4.235		1.984946		4.800
1.724		0.4006		0.0000		876.524		2.653		4.310		2.002847		4.840
1.756		0.4039		0.0000		876.521		2.657		4.390		2.019371		4.880
1.806		0.4072		0.0000		876.517		2.660		4.515		2.035894		4.920
1.814		0.4103		0.0000		876.514		2.663		4.535		2.051730		4.960
1.842		0.4135		0.0000		876.511		2.666		4.605		2.067566		5.000
1.870		0.4168		0.0000		876.508		2.670		4.675		2.084090		5.040
1.916		0.4200		0.0000		876.505		2.673		4.790		2.099925		5.080
1.926		0.4232		0.0000		876.501		2.676		4.815		2.115761		5.120
1.954		0.4266		0.0000		876.498		2.680		4.885		2.132974		5.160
1.982		0.4303		0.0000		876.494		2.683		4.955		2.151563		5.200
2.014		0.4340		0.0000		876.491		2.687		5.035		2.170153		5.240
2.046		0.4373		0.0000		876.487		2.690		5.115		2.186676		5.280
2.078		0.4405		0.0000		876.484		2.693		5.195		2.202512		5.320
2.108		0.4437		0.0000		876.481		2.697		5.270		2.218348		5.360
2.136		0.4470		0.0000		876.478		2.700		5.340		2.234871		5.400
2.184		0.4501		0.0000		876.474		2.703		5.460		2.250707		5.440
2.192		0.4534		0.0000		876.471		2.706		5.480		2.267231		5.480
2.222		0.4566		0.0000		876.468		2.710		5.555		2.283067		5.520
2.250		0.4599		0.0000		876.465		2.713		5.625		2.299590		5.560
2.278		0.4635		0.0000		876.461		2.716		5.695		2.317492		5.600
2.310		0.4672		0.0000		876.457		2.720		5.775		2.336081		5.640
2.342		0.4707		0.0000		876.454		2.724		5.855		2.353293		5.680
2.374		0.4740		0.0000		876.451		2.727		5.935		2.369817		5.720
2.426		0.4771		0.0000		876.447		2.730		6.065		2.385653		5.760
2.434		0.4803		0.0000		876.444		2.733		6.085		2.401488		5.800
2.464		0.4836		0.0000		876.441		2.737		6.160		2.418013		5.840
2.492		0.4868		0.0000		876.438		2.740		6.230		2.433847		5.880
2.522		0.4899		0.0000		876.435		2.743		6.305		2.449683		5.920
2.550		0.4932		0.0000		876.431		2.746		6.375		2.466208		5.960
2.578		0.4967		0.0000		876.428		2.750		6.445		2.483420		6.000
2.606		0.5004		0.0000		876.424		2.753		6.515		2.502010		6.040
2.638		0.5043		0.0000		876.420		2.757		6.595		2.521287		6.080
2.672		0.5073		0.0000		876.417		2.760		6.680		2.536434		6.120
2.704		0.5105		0.0000		876.414		2.763		6.760		2.552270		6.160
2.732		0.5136		0.0000		876.411		2.767		6.830		2.568105		6.200
2.760		0.5169		0.0000		876.408		2.770		6.900		2.584629		6.240
2.788		0.5202		0.0000		876.404		2.773		6.970		2.601154		6.280
2.816		0.5234		0.0000		876.401		2.776		7.040		2.616988		6.320
2.844		0.5266		0.0000		876.398		2.779		7.110		2.632824		6.360
2.872		0.5300		0.0000		876.395		2.783		7.180		2.650037		6.400
2.900		0.5337		0.0000		876.391		2.787		7.250		2.668626		6.440
2.932		0.5374		0.0000		876.387		2.790		7.330		2.687216		6.480
2.964		0.5407		0.0000		876.384		2.794		7.410		2.703739		6.520
2.996		0.5439		0.0000		876.381		2.797		7.490		2.719575		6.560
3.024		0.5471		0.0000		876.378		2.800		7.560		2.735411		6.600
3.052		0.5504		0.0000		876.374		2.803		7.630		2.751935		6.640
3.078		0.5537		0.0000		876.371		2.807		7.695		2.768459		6.680
3.106		0.5567		0.0000		876.368		2.810		7.765		2.783606		6.720
3.134		0.5599		0.0000		876.365		2.813		7.835		2.799442		6.760
3.160		0.5632		0.0000		876.361		2.816		7.900		2.815965		6.800
3.188		0.5669		0.0000		876.358		2.820		7.970		2.834555		6.840
3.216		0.5706		0.0000		876.354		2.824		8.040		2.853144		6.880
3.248		0.5741		0.0000		876.351		2.827		8.120		2.870357		6.920
3.280		0.5774		0.0000		876.347		2.830		8.200		2.886881		6.960
3.308		0.5804		0.0000		876.344		2.833		8.270		2.902027		7.000
3.336		0.5838		0.0000		876.341		2.837		8.340		2.919240		7.040
3.362		0.5870		0.0000		876.338		2.840		8.405		2.935076		7.080
3.388		0.5902		0.0000		876.334		2.843		8.470		2.950912		7.120
3.414		0.5933		0.0000		876.331		2.846		8.535		2.966747		7.160
3.442		0.5967		0.0000		876.328		2.850		8.605		2.983271		7.200
3.468		0.6002		0.0000		876.324		2.853		8.670		3.001171		7.240
3.496		0.6040		0.0000		876.321		2.857		8.740		3.019761		7.280
3.526		0.6075		0.0000		876.317		2.860		8.815		3.037663		7.320
3.558		0.6107		0.0000		876.314		2.864		8.895		3.053498		7.360
3.588		0.6140		0.0000		876.311		2.867		8.970		3.070022		7.400
3.614		0.6172		0.0000		876.307		2.870		9.035		3.085858		7.440
3.640		0.6203		0.0000		876.304		2.873		9.100		3.101692		7.480
3.664		0.6235		0.0000		876.301		2.876		9.160		3.117528		7.520
3.690		0.6268		0.0000		876.298		2.880		9.225		3.134053		7.560
3.716		0.6300		0.0000		876.295		2.883		9.290		3.149887		7.600
3.740		0.6334		0.0000		876.291		2.886		9.350		3.167100		7.640
3.766		0.6371		0.0000		876.287		2.890		9.415		3.185689		7.680
3.794		0.6410		0.0000		876.284		2.894		9.485		3.204968		7.720
3.826		0.6443		0.0000		876.280		2.897		9.565		3.221492		7.760
3.854		0.6473		0.0000		876.277		2.900		9.635		3.236638		7.800
3.880		0.6505		0.0000		876.274		2.903		9.700		3.252474		7.840
3.904		0.6538		0.0000		876.271		2.907		9.760		3.268999		7.880
3.926		0.6571		0.0000		876.267		2.910		9.815		3.285522		7.920
3.950		0.6603		0.0000		876.264		2.913		9.875		3.301358		7.960
3.974		0.6634		0.0000		876.261		2.916		9.935		3.317193		8.000
3.998		0.6667		0.0000		876.258		2.920		9.995		3.333718		8.040
4.022		0.6703		0.0000		876.254		2.923		10.055		3.351618		8.080
4.048		0.6740		0.0000		876.251		2.927		10.120		3.370208		8.120
4.074		0.6776		0.0000		876.247		2.931		10.185		3.388109		8.160
4.102		0.6807		0.0000		876.244		2.934		10.255		3.403256		8.200
4.128		0.6840		0.0000		876.241		2.937		10.320		3.419780		8.240
4.150		0.6871		0.0000		876.237		2.940		10.375		3.435615		8.280
4.170		0.6904		0.0000		876.234		2.943		10.425		3.452139		8.320
4.192		0.6936		0.0000		876.231		2.947		10.480		3.467975		8.360
4.214		0.6968		0.0000		876.228		2.950		10.535		3.483810		8.400
4.236		0.7001		0.0000		876.224		2.953		10.590		3.500334		8.440
4.256		0.7035		0.0000		876.221		2.956		10.640		3.517547		8.480
4.278		0.7074		0.0000		876.217		2.960		10.695		3.536825		8.520
4.304		0.7109		0.0000		876.214		2.964		10.760		3.554726		8.560
4.330		0.7141		0.0000		876.210		2.967		10.825		3.570561		8.600
4.354		0.7173		0.0000		876.207		2.970		10.885		3.586397		8.640
4.374		0.7206		0.0000		876.204		2.973		10.935		3.602921		8.680
4.392		0.7239		0.0000		876.201		2.977		10.980		3.619444		8.720
4.412		0.7271		0.0000		876.198		2.980		11.030		3.635280		8.760
4.432		0.7301		0.0000		876.195		2.983		11.080		3.650427		8.800
4.450		0.7334		0.0000		876.191		2.986		11.125		3.666952		8.840
4.468		0.7367		0.0000		876.188		2.990		11.170		3.683475		8.880
4.488		0.7406		0.0000		876.184		2.993		11.220		3.702754		8.920
4.510		0.7443		0.0000		876.180		2.997		11.275		3.721343		8.960
4.536		0.7476		0.0000		876.177		3.000		11.340		3.737867		9.000
4.558		0.7507		0.0000		876.174		3.004		11.395		3.753703		9.040
4.578		0.7539		0.0000		876.171		3.007		11.445		3.769537		9.080
4.594		0.7572		0.0000		876.167		3.010		11.485		3.786062		9.120
4.612		0.7604		0.0000		876.164		3.013		11.530		3.801898		9.160
4.628		0.7635		0.0000		876.161		3.016		11.570		3.817732		9.200
4.644		0.7667		0.0000		876.158		3.020		11.610		3.833568		9.240
4.660		0.7700		0.0000		876.155		3.023		11.650		3.850092		9.280
4.678		0.7737		0.0000		876.151		3.027		11.695		3.868681		9.320
4.696		0.7776		0.0000		876.147		3.031		11.740		3.887960		9.360
4.718		0.7810		0.0000		876.144		3.034		11.795		3.905172		9.400
4.740		0.7842		0.0000		876.140		3.037		11.850		3.921008		9.440
4.758		0.7872		0.0000		876.137		3.040		11.895		3.936155		9.480
4.772		0.7907		0.0000		876.134		3.044		11.930		3.953367		9.520
4.784		0.7938		0.0000		876.131		3.047		11.960		3.969203		9.560
4.800		0.7970		0.0000		876.128		3.050		12.000		3.985038		9.600
4.812		0.8002		0.0000		876.124		3.053		12.030		4.000874		9.640
4.826		0.8033		0.0000		876.121		3.056		12.065		4.016709		9.680
4.840		0.8071		0.0000		876.117		3.060		12.100		4.035299		9.720
4.854		0.8108		0.0000		876.114		3.064		12.135		4.053888		9.760
4.872		0.8145		0.0000		876.110		3.067		12.180		4.072478		9.800
4.890		0.8177		0.0000		876.107		3.071		12.225		4.088314		9.840
4.906		0.8208		0.0000		876.104		3.074		12.265		4.104149		9.880
4.918		0.8240		0.0000		876.101		3.077		12.295		4.119984		9.920
4.928		0.8273		0.0000		876.097		3.080		12.320		4.136509		9.960
4.940		0.8305		0.0000		876.094		3.083		12.350		4.152343		10.000
4.952		0.8335		0.0000		876.091		3.086		12.380		4.167491		10.040
4.964		0.8367		0.0000		876.088		3.090		12.410		4.183326		10.080
4.974		0.8402		0.0000		876.084		3.093		12.435		4.201227		10.120
4.986		0.8441		0.0000		876.081		3.097		12.465		4.220505		10.160
5.002		0.8478		0.0000		876.077		3.101		12.505		4.239094		10.200
5.020		0.8511		0.0000		876.073		3.104		12.550		4.255619		10.240
5.034		0.8542		0.0000		876.070		3.107		12.585		4.270766		10.280
5.046		0.8575		0.0000		876.067		3.110		12.615		4.287290		10.320
5.054		0.8606		0.0000		876.064		3.114		12.635		4.303125		10.360
5.064		0.8638		0.0000		876.061		3.117		12.660		4.318961		10.400
5.074		0.8670		0.0000		876.058		3.120		12.685		4.334797		10.440
5.082		0.8701		0.0000		876.054		3.123		12.705		4.350631		10.480
5.092		0.8736		0.0000		876.051		3.126		12.730		4.367844		10.520
5.102		0.8773		0.0000		876.047		3.130		12.755		4.386434		10.560
5.114		0.8810		0.0000		876.044		3.134		12.785		4.405023		10.600
5.128		0.8844		0.0000		876.040		3.137		12.820		4.422235		10.640
5.142		0.8876		0.0000		876.037		3.141		12.855		4.438071		10.680
5.154		0.8908		0.0000		876.034		3.144		12.885		4.453907		10.720
5.162		0.8941		0.0000		876.031		3.147		12.905		4.470430		10.760
5.168		0.8973		0.0000		876.027		3.150		12.920		4.486266		10.800
5.176		0.9004		0.0000		876.024		3.153		12.940		4.502102		10.840
5.184		0.9036		0.0000		876.021		3.156		12.960		4.517937		10.880
5.190		0.9069		0.0000		876.018		3.160		12.975		4.534461		10.920
5.198		0.9105		0.0000		876.014		3.163		12.995		4.552362		10.960
5.206		0.9143		0.0000		876.010		3.167		13.015		4.571640		11.000
5.220		0.9179		0.0000		876.007		3.171		13.050		4.589541		11.040
5.234		0.9209		0.0000		876.004		3.174		13.085		4.604689		11.080
5.244		0.9241		0.0000		876.000		3.177		13.110		4.620523		11.120
5.252		0.9274		0.0000		875.997		3.180		13.130		4.637048		11.160
5.258		0.9307		0.0000		875.994		3.184		13.145		4.653572		11.200
5.264		0.9339		0.0000		875.991		3.187		13.160		4.669408		11.240
5.270		0.9369		0.0000		875.988		3.190		13.175		4.684554		11.280
5.276		0.9402		0.0000		875.984		3.193		13.190		4.701078		11.320
5.282		0.9437		0.0000		875.981		3.197		13.205		4.718290		11.360
5.290		0.9475		0.0000		875.977		3.200		13.225		4.737569		11.400
5.300		0.9512		0.0000		875.973		3.204		13.250		4.756159		11.440
5.312		0.9544		0.0000		875.970		3.207		13.280		4.771995		11.480
5.322		0.9576		0.0000		875.967		3.210		13.305		4.787829		11.520
5.330		0.9609		0.0000		875.964		3.214		13.325		4.804354		11.560
5.334		0.9640		0.0000		875.961		3.217		13.335		4.820189		11.600
5.340		0.9672		0.0000		875.957		3.220		13.350		4.836024		11.640
5.344		0.9702		0.0000		875.954		3.223		13.360		4.851171		11.680
5.350		0.9735		0.0000		875.951		3.226		13.375		4.867696		11.720
5.354		0.9768		0.0000		875.948		3.230		13.385		4.884219		11.760
5.360		0.9807		0.0000		875.944		3.234		13.400		4.903498		11.800
5.368		0.9846		0.0000		875.940		3.237		13.420		4.922775		11.840
5.378		0.9879		0.0000		875.937		3.241		13.445		4.939300		11.880
5.388		0.9910		0.0000		875.934		3.244		13.470		4.955134		11.920
5.396		0.9942		0.0000		875.930		3.247		13.490		4.970970		11.960
5.398		0.9975		0.0000		875.927		3.250		13.495		4.987494		12.000
5.402		1.0007		0.0000		875.924		3.254		13.505		5.003329		12.040
5.406		1.0038		0.0000		875.921		3.257		13.515		5.019165		12.080
5.410		1.0070		0.0000		875.918		3.260		13.525		5.035001		12.120
5.414		1.0103		0.0000		875.914		3.263		13.535		5.051525		12.160
5.420		1.0139		0.0000		875.911		3.267		13.550		5.069427		12.200
5.426		1.0177		0.0000		875.907		3.271		13.565		5.088704		12.240
5.436		1.0212		0.0000		875.903		3.274		13.590		5.105916		12.280
5.446		1.0245		0.0000		875.900		3.277		13.615		5.122440		12.320
5.454		1.0277		0.0000		875.897		3.281		13.635		5.138276		12.360
5.458		1.0307		0.0000		875.894		3.284		13.645		5.153422		12.400
5.462		1.0340		0.0000		875.891		3.287		13.655		5.169947		12.440
5.466		1.0373		0.0000		875.887		3.290		13.665		5.186471		12.480
5.468		1.0403		0.0000		875.884		3.293		13.670		5.201617		12.520
5.472		1.0436		0.0000		875.881		3.297		13.680		5.218143		12.560
5.476		1.0471		0.0000		875.878		3.300		13.690		5.235353		12.600
5.480		1.0509		0.0000		875.874		3.304		13.700		5.254632		12.640
5.490		1.0545		0.0000		875.870		3.307		13.725		5.272532		12.680
5.500		1.0578		0.0000		875.867		3.311		13.750		5.289058		12.720
5.508		1.0610		0.0000		875.864		3.314		13.770		5.304893		12.760
5.512		1.0641		0.0000		875.860		3.317		13.780		5.320728		12.800
5.516		1.0675		0.0000		875.857		3.320		13.790		5.337253		12.840
5.520		1.0706		0.0000		875.854		3.324		13.800		5.353088		12.880
5.524		1.0738		0.0000		875.851		3.327		13.810		5.368923		12.920
5.526		1.0771		0.0000		875.847		3.330		13.815		5.385448		12.960
5.530		1.0804		0.0000		875.844		3.333		13.825		5.401971		13.000
5.534		1.0841		0.0000		875.840		3.337		13.835		5.420561		13.040
5.540		1.0880		0.0000		875.837		3.341		13.850		5.439839		13.080
5.548		1.0913		0.0000		875.833		3.344		13.870		5.456363		13.120
5.558		1.0944		0.0000		875.830		3.347		13.895		5.472198		13.160
5.562		1.0976		0.0000		875.827		3.351		13.905		5.488033		13.200
5.564		1.1008		0.0000		875.824		3.354		13.910		5.503869		13.240
5.566		1.1039		0.0000		875.821		3.357		13.915		5.519705		13.280
5.570		1.1072		0.0000		875.817		3.360		13.925		5.536228		13.320
5.572		1.1104		0.0000		875.814		3.363		13.930		5.552064		13.360
5.574		1.1136		0.0000		875.811		3.366		13.935		5.567900		13.400
5.578		1.1172		0.0000		875.807		3.370		13.945		5.585800		13.440
5.582		1.1210		0.0000		875.804		3.374		13.955		5.605079		13.480
5.590		1.1247		0.0000		875.800		3.378		13.975		5.623669		13.520
5.600		1.1278		0.0000		875.797		3.381		14.000		5.638815		13.560
5.606		1.1309		0.0000		875.794		3.384		14.015		5.654651		13.600
5.608		1.1342		0.0000		875.790		3.387		14.020		5.671175		13.640
5.610		1.1374		0.0000		875.787		3.390		14.025		5.687010		13.680
5.614		1.1406		0.0000		875.784		3.393		14.035		5.702846		13.720
5.616		1.1437		0.0000		875.781		3.397		14.040		5.718682		13.760
5.618		1.1470		0.0000		875.778		3.400		14.045		5.735206		13.800
5.622		1.1505		0.0000		875.774		3.403		14.055		5.752418		13.840
5.626		1.1542		0.0000		875.770		3.407		14.065		5.771008		13.880
5.634		1.1581		0.0000		875.767		3.411		14.085		5.790285		13.920
5.644		1.1612		0.0000		875.763		3.414		14.110		5.806121		13.960
5.650		1.1644		0.0000		875.760		3.417		14.125		5.821957		14.000
5.654		1.1677		0.0000		875.757		3.421		14.135		5.838480		14.040
5.656		1.1709		0.0000		875.754		3.424		14.140		5.854316		14.080
5.658		1.1740		0.0000		875.751		3.427		14.145		5.870152		14.120
5.660		1.1772		0.0000		875.747		3.430		14.150		5.885987		14.160
5.662		1.1804		0.0000		875.744		3.433		14.155		5.901822		14.200
5.666		1.1837		0.0000		875.741		3.437		14.165		5.918346		14.240
5.668		1.1874		0.0000		875.737		3.440		14.170		5.936936		14.280
5.676		1.1914		0.0000		875.733		3.444		14.190		5.956903		14.320
5.686		1.1947		0.0000		875.730		3.448		14.215		5.973426		14.360
5.694		1.1979		0.0000		875.727		3.451		14.235		5.989262		14.400
5.698		1.2010		0.0000		875.724		3.454		14.245		6.005097		14.440
5.700		1.2042		0.0000		875.720		3.457		14.250		6.020933		14.480
5.702		1.2075		0.0000		875.717		3.460		14.255		6.037457		14.520
5.704		1.2107		0.0000		875.714		3.464		14.260		6.053293		14.560
5.706		1.2138		0.0000		875.711		3.467		14.265		6.069127		14.600
5.708		1.2170		0.0000		875.708		3.470		14.270		6.084963		14.640
5.710		1.2206		0.0000		875.704		3.473		14.275		6.102865		14.680
5.716		1.2246		0.0000		875.700		3.477		14.290		6.122831		14.720
5.724		1.2281		0.0000		875.696		3.481		14.310		6.140732		14.760
5.734		1.2313		0.0000		875.693		3.484		14.335		6.156568		14.800
5.740		1.2345		0.0000		875.690		3.487		14.350		6.172403		14.840
5.742		1.2375		0.0000		875.687		3.490		14.355		6.187550		14.880
5.742		1.2408		0.0000		875.684		3.494		14.355		6.204073		14.920
5.744		1.2440		0.0000		875.681		3.497		14.360		6.219909		14.960
5.746		1.2471		0.0000		875.677		3.500		14.365		6.235745		15.000
5.748		1.2503		0.0000		875.674		3.503		14.370		6.251581		15.040
5.750		1.2539		0.0000		875.671		3.507		14.375		6.269481		15.080
5.752		1.2578		0.0000		875.667		3.511		14.380		6.288760		15.120
5.760		1.2615		0.0000		875.663		3.514		14.400		6.307349		15.160
5.770		1.2646		0.0000		875.660		3.518		14.425		6.323184		15.200
5.776		1.2678		0.0000		875.657		3.521		14.440		6.339020		15.240
5.776		1.2710		0.0000		875.654		3.524		14.440		6.354856		15.280
5.778		1.2743		0.0000		875.650		3.527		14.445		6.371379		15.320
5.780		1.2774		0.0000		875.647		3.530		14.450		6.387215		15.360
5.782		1.2806		0.0000		875.644		3.534		14.455		6.403050		15.400
5.782		1.2838		0.0000		875.641		3.537		14.455		6.418886		15.440
5.784		1.2871		0.0000		875.638		3.540		14.460		6.435410		15.480
5.786		1.2909		0.0000		875.634		3.544		14.465		6.454688		15.520
5.792		1.2948		0.0000		875.630		3.548		14.480		6.473966		15.560
5.800		1.2981		0.0000		875.626		3.551		14.500		6.490489		15.600
5.808		1.3013		0.0000		875.623		3.554		14.520		6.506325		15.640
5.810		1.3043		0.0000		875.620		3.557		14.525		6.521472		15.680
5.810		1.3076		0.0000		875.617		3.561		14.525		6.537996		15.720
5.810		1.3108		0.0000		875.614		3.564		14.525		6.553832		15.760
5.812		1.3139		0.0000		875.611		3.567		14.530		6.569667		15.800
5.812		1.3171		0.0000		875.607		3.570		14.530		6.585503		15.840
5.814		1.3204		0.0000		875.604		3.573		14.535		6.602026		15.880
5.816		1.3241		0.0000		875.600		3.577		14.540		6.620616		15.920
5.820		1.3280		0.0000		875.597		3.581		14.550		6.639894		15.960
5.828		1.3316		0.0000		875.593		3.584		14.570		6.657795		16.000
5.838		1.3346		0.0000		875.590		3.587		14.595		6.672943		16.040
5.842		1.3378		0.0000		875.587		3.591		14.605		6.688777		16.080
5.842		1.3411		0.0000		875.583		3.594		14.605		6.705302		16.120
5.844		1.3442		0.0000		875.580		3.597		14.610		6.721138		16.160
5.844		1.3474		0.0000		875.577		3.600		14.610		6.736972		16.200
5.846		1.3506		0.0000		875.574		3.603		14.615		6.752808		16.240
5.846		1.3539		0.0000		875.571		3.607		14.615		6.769333		16.280
5.848		1.3573		0.0000		875.567		3.610		14.620		6.786544		16.320
5.852		1.3612		0.0000		875.563		3.614		14.630		6.805823		16.360
5.858		1.3649		0.0000		875.560		3.618		14.645		6.824412		16.400
5.868		1.3680		0.0000		875.557		3.621		14.670		6.840248		16.440
5.874		1.3711		0.0000		875.554		3.624		14.685		6.855395		16.480
5.874		1.3744		0.0000		875.550		3.627		14.685		6.871919		16.520
5.874		1.3777		0.0000		875.547		3.631		14.685		6.888443		16.560
5.876		1.3809		0.0000		875.544		3.634		14.690		6.904278		16.600
5.876		1.3840		0.0000		875.541		3.637		14.690		6.920114		16.640
5.876		1.3871		0.0000		875.538		3.640		14.690		6.935260		16.680
5.878		1.3906		0.0000		875.534		3.644		14.695		6.953162		16.720
5.880		1.3944		0.0000		875.530		3.647		14.700		6.971751		16.760
5.884		1.3982		0.0000		875.526		3.651		14.710		6.991029		16.800
5.894		1.4015		0.0000		875.523		3.654		14.735		7.007554		16.840
5.900		1.4045		0.0000		875.520		3.657		14.750		7.022700		16.880
5.902		1.4078		0.0000		875.517		3.661		14.755		7.039224		16.920
5.902		1.4110		0.0000		875.514		3.664		14.755		7.055059		16.960
5.904		1.4142		0.0000		875.510		3.667		14.760		7.070895		17.000
5.904		1.4173		0.0000		875.507		3.670		14.760		7.086731		17.040
5.904		1.4207		0.0000		875.504		3.674		14.760		7.103255		17.080
5.906		1.4238		0.0000		875.501		3.677		14.765		7.119091		17.120
5.906		1.4275		0.0000		875.497		3.680		14.765		7.137680		17.160
5.910		1.4315		0.0000		875.493		3.684		14.775		7.157646		17.200
5.918		1.4348		0.0000		875.490		3.688		14.795		7.174170		17.240
5.924		1.4380		0.0000		875.487		3.691		14.810		7.190006		17.280
5.928		1.4413		0.0000		875.483		3.694		14.820		7.206530		17.320
5.928		1.4445		0.0000		875.480		3.697		14.820		7.222365		17.360
5.928		1.4476		0.0000		875.477		3.701		14.820		7.238201		17.400
5.928		1.4508		0.0000		875.474		3.704		14.820		7.254037		17.440
5.930		1.4540		0.0000		875.471		3.707		14.825		7.269871		17.480
5.930		1.4571		0.0000		875.467		3.710		14.825		7.285707		17.520
5.932		1.4607		0.0000		875.464		3.714		14.830		7.303609		17.560
5.936		1.4647		0.0000		875.460		3.718		14.840		7.323575		17.600
5.942		1.4683		0.0000		875.456		3.721		14.855		7.341475		17.640
5.952		1.4715		0.0000		875.453		3.724		14.880		7.357311		17.680
5.956		1.4746		0.0000		875.450		3.728		14.890		7.373147		17.720
5.958		1.4778		0.0000		875.447		3.731		14.895		7.388983		17.760
5.958		1.4810		0.0000		875.444		3.734		14.895		7.404818		17.800
5.958		1.4843		0.0000		875.440		3.737		14.895		7.421342		17.840
5.958		1.4874		0.0000		875.437		3.740		14.895		7.437178		17.880
5.960		1.4906		0.0000		875.434		3.744		14.900		7.453012		17.920
5.960		1.4940		0.0000		875.431		3.747		14.900		7.470225		17.960
5.962		1.4978		0.0000		875.427		3.751		14.905		7.488814		18.000
5.968		1.5016		0.0000		875.423		3.755		14.920		7.508093		18.040
5.976		1.5049		0.0000		875.420		3.758		14.940		7.524617		18.080
5.984		1.5081		0.0000		875.417		3.761		14.960		7.540452		18.120
5.986		1.5113		0.0000		875.413		3.764		14.965		7.556288		18.160
5.988		1.5144		0.0000		875.410		3.767		14.970		7.572123		18.200
5.988		1.5176		0.0000		875.407		3.771		14.970		7.587958		18.240
5.988		1.5208		0.0000		875.404		3.774		14.970		7.603794		18.280
5.990		1.5239		0.0000		875.401		3.777		14.975		7.619630		18.320
5.990		1.5272		0.0000		875.397		3.780		14.975		7.636154		18.360
5.992		1.5311		0.0000		875.393		3.784		14.980		7.655432		18.400
5.996		1.5348		0.0000		875.390		3.788		14.990		7.674022		18.440
6.004		1.5382		0.0000		875.386		3.791		15.010		7.691235		18.480
6.012		1.5414		0.0000		875.383		3.794		15.030		7.707069		18.520
6.014		1.5446		0.0000		875.380		3.797		15.035		7.722905		18.560
6.014		1.5479		0.0000		875.377		3.801		15.035		7.739429		18.600
6.014		1.5511		0.0000		875.374		3.804		15.035		7.755264		18.640
6.016		1.5542		0.0000		875.370		3.807		15.040		7.771100		18.680
6.016		1.5574		0.0000		875.367		3.810		15.040		7.786936		18.720
6.016		1.5606		0.0000		875.364		3.813		15.040		7.802772		18.760
6.018		1.5643		0.0000		875.360		3.817		15.045		7.821361		18.800
6.020		1.5680		0.0000		875.357		3.821		15.050		7.839951		18.840
6.026		1.5717		0.0000		875.353		3.825		15.065		7.858540		18.880
6.034		1.5749		0.0000		875.350		3.828		15.085		7.874374		18.920
6.040		1.5780		0.0000		875.347		3.831		15.100		7.890210		18.960
6.040		1.5812		0.0000		875.343		3.834		15.100		7.906046		19.000
6.040		1.5844		0.0000		875.340		3.837		15.100		7.921882		19.040
6.040		1.5875		0.0000		875.337		3.840		15.100		7.937716		19.080
6.040		1.5907		0.0000		875.334		3.844		15.100		7.953552		19.120
6.040		1.5940		0.0000		875.331		3.847		15.100		7.970077		19.160
6.042		1.5975		0.0000		875.327		3.850		15.105		7.987288		19.200
6.044		1.6012		0.0000		875.323		3.854		15.110		8.005877		19.240
6.048		1.6050		0.0000		875.320		3.858		15.120		8.025156		19.280
6.056		1.6083		0.0000		875.316		3.861		15.140		8.041679		19.320
6.062		1.6114		0.0000		875.313		3.864		15.155		8.056828		19.360
6.064		1.6147		0.0000		875.310		3.868		15.160		8.073351		19.400
6.064		1.6178		0.0000		875.307		3.871		15.160		8.089188		19.440
6.064		1.6210		0.0000		875.304		3.874		15.160		8.105021		19.480
6.064		1.6242		0.0000		875.300		3.877		15.160		8.120857		19.520
6.064		1.6273		0.0000		875.297		3.880		15.160		8.136693		19.560
6.066		1.6306		0.0000		875.294		3.884		15.165		8.153217		19.600
6.068		1.6344		0.0000		875.290		3.887		15.170		8.171806		19.640
6.072		1.6382		0.0000		875.286		3.891		15.180		8.191085		19.680
6.080		1.6417		0.0000		875.283		3.895		15.200		8.208298		19.720
6.088		1.6448		0.0000		875.280		3.898		15.220		8.224133		19.760
6.090		1.6480		0.0000		875.277		3.901		15.225		8.239967		19.800
6.090		1.6513		0.0000		875.273		3.904		15.225		8.256493		19.840
6.090		1.6545		0.0000		875.270		3.907		15.225		8.272328		19.880
6.090		1.6576		0.0000		875.267		3.911		15.225		8.288163		19.920
6.090		1.6608		0.0000		875.264		3.914		15.225		8.303999		19.960
6.092		1.6640		0.0000		875.261		3.917		15.230		8.319835		20.000
6.092		1.6677		0.0000		875.257		3.921		15.230		8.338424		20.040
6.094		1.6715		0.0000		875.253		3.924		15.235		8.357701		20.080
6.102		1.6751		0.0000		875.249		3.928		15.255		8.375603		20.120
6.110		1.6781		0.0000		875.246		3.931		15.275		8.390750		20.160
6.114		1.6815		0.0000		875.243		3.934		15.285		8.407273		20.200
6.114		1.6846		0.0000		875.240		3.938		15.285		8.423109		20.240
6.114		1.6878		0.0000		875.237		3.941		15.285		8.438945		20.280
6.116		1.6910		0.0000		875.234		3.944		15.290		8.454781		20.320
6.116		1.6941		0.0000		875.230		3.947		15.290		8.470616		20.360
6.116		1.6974		0.0000		875.227		3.950		15.290		8.487140		20.400
6.118		1.7009		0.0000		875.224		3.954		15.295		8.504353		20.440
6.120		1.7047		0.0000		875.220		3.958		15.300		8.523630		20.480
6.126		1.7084		0.0000		875.216		3.961		15.315		8.542219		20.520
6.134		1.7116		0.0000		875.213		3.965		15.335		8.558055		20.560
6.140		1.7149		0.0000		875.210		3.968		15.350		8.574579		20.600
6.142		1.7181		0.0000		875.206		3.971		15.355		8.590414		20.640
6.142		1.7213		0.0000		875.203		3.974		15.355		8.606251		20.680
6.142		1.7244		0.0000		875.200		3.977		15.355		8.622086		20.720
6.142		1.7276		0.0000		875.197		3.980		15.355		8.637922		20.760
6.144		1.7308		0.0000		875.194		3.984		15.360		8.653756		20.800
6.144		1.7341		0.0000		875.191		3.987		15.360		8.670281		20.840
6.146		1.7379		0.0000		875.187		3.991		15.365		8.689558		20.880
6.150		1.7418		0.0000		875.183		3.995		15.375		8.708838		20.920
6.158		1.7451		0.0000		875.180		3.998		15.395		8.725361		20.960
6.166		1.7482		0.0000		875.176		4.001		15.415		8.741196		21.000
6.168		1.7514		0.0000		875.173		4.004		15.420		8.757030		21.040
6.166		1.7546		0.0000		875.170		4.007		15.415		8.772867		21.080
6.166		1.7579		0.0000		875.167		4.011		15.415		8.789392		21.120
6.166		1.7610		0.0000		875.164		4.014		15.415		8.805227		21.160
6.168		1.7642		0.0000		875.160		4.017		15.420		8.821063		21.200
6.168		1.7674		0.0000		875.157		4.020		15.420		8.836899		21.240
6.170		1.7710		0.0000		875.154		4.024		15.425		8.854799		21.280
6.172		1.7750		0.0000		875.150		4.028		15.430		8.874764		21.320
6.180		1.7785		0.0000		875.146		4.031		15.450		8.892668		21.360
6.188		1.7817		0.0000		875.143		4.035		15.470		8.908501		21.400
6.192		1.7849		0.0000		875.140		4.038		15.480		8.924336		21.440
6.194		1.7880		0.0000		875.137		4.041		15.485		8.940172		21.480
6.194		1.7912		0.0000		875.133		4.044		15.485		8.956008		21.520
6.194		1.7944		0.0000		875.130		4.047		15.485		8.971844		21.560
6.194		1.7977		0.0000		875.127		4.051		15.485		8.988369		21.600
6.194		1.8007		0.0000		875.124		4.054		15.485		9.003515		21.640
6.194		1.8043		0.0000		875.120		4.057		15.485		9.021416		21.680
6.198		1.8081		0.0000		875.116		4.061		15.495		9.040694		21.720
6.204		1.8119		0.0000		875.113		4.065		15.510		9.059284		21.760
6.212		1.8150		0.0000		875.110		4.068		15.530		9.075119		21.800
6.218		1.8182		0.0000		875.106		4.071		15.545		9.090956		21.840
6.220		1.8214		0.0000		875.103		4.074		15.550		9.106789		21.880
6.218		1.8247		0.0000		875.100		4.078		15.545		9.123314		21.920
6.218		1.8278		0.0000		875.097		4.081		15.545		9.139149		21.960
6.218		1.8310		0.0000		875.094		4.084		15.545		9.154985		22.000
6.218		1.8342		0.0000		875.090		4.087		15.545		9.170820		22.040
6.218		1.8376		0.0000		875.087		4.091		15.545		9.188032		22.080
6.218		1.8413		0.0000		875.083		4.094		15.545		9.206621		22.120
6.222		1.8450		0.0000		875.080		4.098		15.555		9.225211		22.160
6.230		1.8485		0.0000		875.076		4.101		15.575		9.242425		22.200
6.236		1.8517		0.0000		875.073		4.105		15.590		9.258261		22.240
6.240		1.8548		0.0000		875.070		4.108		15.600		9.274096		22.280
6.240		1.8580		0.0000		875.067		4.111		15.600		9.289930		22.320
6.240		1.8612		0.0000		875.063		4.114		15.600		9.305765		22.360
6.240		1.8643		0.0000		875.060		4.117		15.600		9.321602		22.400
6.238		1.8675		0.0000		875.057		4.120		15.595		9.337437		22.440
6.238		1.8708		0.0000		875.054		4.124		15.595		9.353962		22.480
6.238		1.8745		0.0000		875.050		4.127		15.595		9.372551		22.520
6.240		1.8784		0.0000		875.046		4.131		15.600		9.391830		22.560
6.248		1.8819		0.0000		875.043		4.135		15.620		9.409731		22.600
6.256		1.8851		0.0000		875.039		4.138		15.640		9.425566		22.640
6.260		1.8883		0.0000		875.036		4.141		15.650		9.441402		22.680
6.258		1.8914		0.0000		875.033		4.144		15.645		9.457235		22.720
6.258		1.8946		0.0000		875.030		4.148		15.645		9.473071		22.760
6.258		1.8978		0.0000		875.027		4.151		15.645		9.488907		22.800
6.258		1.9009		0.0000		875.024		4.154		15.645		9.504743		22.840
6.258		1.9043		0.0000		875.020		4.157		15.645		9.521267		22.880
6.258		1.9077		0.0000		875.017		4.161		15.645		9.538479		22.920
6.260		1.9114		0.0000		875.013		4.164		15.650		9.557068		22.960
6.266		1.9154		0.0000		875.009		4.168		15.665		9.577036		23.000
6.274		1.9184		0.0000		875.006		4.171		15.685		9.592182		23.040
6.280		1.9216		0.0000		875.003		4.175		15.700		9.608019		23.080
6.282		1.9248		0.0000		875.000		4.178		15.705		9.623854		23.120
6.280		1.9281		0.0000		874.997		4.181		15.700		9.640377		23.160
6.280		1.9312		0.0000		874.993		4.184		15.700		9.656212		23.200
6.280		1.9344		0.0000		874.990		4.187		15.700		9.672049		23.240
6.280		1.9376		0.0000		874.987		4.190		15.700		9.687883		23.280
6.280		1.9409		0.0000		874.984		4.194		15.700		9.704409		23.320
6.282		1.9447		0.0000		874.980		4.198		15.705		9.723684		23.360
6.286		1.9486		0.0000		874.976		4.202		15.715		9.742964		23.400
6.294		1.9519		0.0000		874.973		4.205		15.735		9.759488		23.440
6.302		1.9551		0.0000		874.970		4.208		15.755		9.775324		23.480
6.304		1.9582		0.0000		874.966		4.211		15.760		9.791160		23.520
6.302		1.9614		0.0000		874.963		4.214		15.755		9.806995		23.560
6.302		1.9646		0.0000		874.960		4.217		15.755		9.822828		23.600
6.302		1.9677		0.0000		874.957		4.221		15.755		9.838665		23.640
6.302		1.9709		0.0000		874.954		4.224		15.755		9.854500		23.680
6.302		1.9742		0.0000		874.950		4.227		15.755		9.871025		23.720
6.302		1.9779		0.0000		874.947		4.231		15.755		9.889614		23.760
6.306		1.9818		0.0000		874.943		4.235		15.765		9.908894		23.800
6.312		1.9854		0.0000		874.939		4.238		15.780		9.926794		23.840
6.320		1.9885		0.0000		874.936		4.241		15.800		9.942629		23.880
6.324		1.9917		0.0000		874.933		4.245		15.810		9.958466		23.920
6.324		1.9949		0.0000		874.930		4.248		15.810		9.974300		23.960
6.324		1.9980		0.0000		874.927		4.251		15.810		9.990134		24.000
6.324		2.0012		0.0000		874.923		4.254		15.810		10.005970		24.040
6.326		2.0044		0.0000		874.920		4.257		15.815		10.021806		24.080
6.326		2.0075		0.0000		874.917		4.260		15.815		10.037642		24.120
6.326		2.0111		0.0000		874.913		4.264		15.815		10.055542		24.160
6.328		2.0150		0.0000		874.910		4.268		15.820		10.074821		24.200
6.334		2.0188		0.0000		874.906		4.272		15.835		10.094099		24.240
6.342		2.0218		0.0000		874.903		4.275		15.855		10.109245		24.280
6.348		2.0250		0.0000		874.900		4.278		15.870		10.125082		24.320
6.348		2.0283		0.0000		874.896		4.281		15.870		10.141606		24.360
6.348		2.0315		0.0000		874.893		4.284		15.870		10.157440		24.400
6.348		2.0347		0.0000		874.890		4.288		15.870		10.173275		24.440
6.348		2.0378		0.0000		874.887		4.291		15.870		10.189112		24.480
6.348		2.0410		0.0000		874.884		4.294		15.870		10.204947		24.520
6.348		2.0444		0.0000		874.880		4.297		15.870		10.222160		24.560
6.350		2.0482		0.0000		874.876		4.301		15.875		10.240750		24.600
6.354		2.0520		0.0000		874.873		4.305		15.885		10.260027		24.640
6.362		2.0553		0.0000		874.869		4.308		15.905		10.276551		24.680
6.370		2.0585		0.0000		874.866		4.311		15.925		10.292387		24.720
6.372		2.0616		0.0000		874.863		4.315		15.930		10.308223		24.760
6.372		2.0649		0.0000		874.860		4.318		15.930		10.324745		24.800
6.370		2.0680		0.0000		874.857		4.321		15.925		10.339894		24.840
6.370		2.0713		0.0000		874.853		4.324		15.925		10.356417		24.880
6.370		2.0743		0.0000		874.850		4.327		15.925		10.371563		24.920
6.370		2.0775		0.0000		874.847		4.330		15.925		10.387400		24.960
6.370		2.0813		0.0000		874.843		4.334		15.925		10.406677		25.000
6.374		2.0852		0.0000		874.839		4.338		15.935		10.425957		25.040
6.382		2.0888		0.0000		874.836		4.342		15.955		10.443857		25.080
6.392		2.0918		0.0000		874.833		4.345		15.980		10.459003		25.120
6.396		2.0951		0.0000		874.829		4.348		15.990		10.475529		25.160
6.396		2.0983		0.0000		874.826		4.351		15.990		10.491364		25.200
6.394		2.1014		0.0000		874.823		4.354		15.985		10.507200		25.240
6.394		2.1046		0.0000		874.820		4.358		15.985		10.523033		25.280
6.394		2.1078		0.0000		874.817		4.361		15.985		10.538869		25.320
6.394		2.1109		0.0000		874.814		4.364		15.985		10.554705		25.360
6.392		2.1145		0.0000		874.810		4.367		15.980		10.572605		25.400
6.394		2.1184		0.0000		874.806		4.371		15.985		10.591884		25.440
6.400		2.1221		0.0000		874.802		4.375		16.000		10.610474		25.480
6.408		2.1254		0.0000		874.799		4.378		16.020		10.626998		25.520
6.414		2.1284		0.0000		874.796		4.381		16.035		10.642145		25.560
6.414		2.1316		0.0000		874.793		4.385		16.035		10.657980		25.600
6.412		2.1349		0.0000		874.790		4.388		16.030		10.674505		25.640
6.412		2.1381		0.0000		874.786		4.391		16.030		10.690341		25.680
6.412		2.1412		0.0000		874.783		4.394		16.030		10.706175		25.720
6.412		2.1443		0.0000		874.780		4.397		16.030		10.721323		25.760
6.410		2.1477		0.0000		874.777		4.401		16.025		10.738535		25.800
6.412		2.1516		0.0000		874.773		4.404		16.030		10.757813		25.840
6.416		2.1554		0.0000		874.769		4.408		16.040		10.777092		25.880
6.424		2.1589		0.0000		874.766		4.412		16.060		10.794304		25.920
6.430		2.1619		0.0000		874.763		4.415		16.075		10.809450		25.960
6.432		2.1651		0.0000		874.760		4.418		16.080		10.825286		26.000
6.430		2.1684		0.0000		874.756		4.421		16.075		10.841810		26.040
6.428		2.1714		0.0000		874.753		4.424		16.070		10.856957		26.080
6.428		2.1747		0.0000		874.750		4.428		16.070		10.873480		26.120
6.428		2.1779		0.0000		874.747		4.431		16.070		10.889316		26.160
6.428		2.1810		0.0000		874.744		4.434		16.070		10.905151		26.200
6.428		2.1847		0.0000		874.740		4.438		16.070		10.923740		26.240
6.430		2.1886		0.0000		874.736		4.442		16.075		10.943020		26.280
6.438		2.1922		0.0000		874.732		4.445		16.095		10.960920		26.320
6.446		2.1954		0.0000		874.729		4.448		16.115		10.976755		26.360
6.448		2.1985		0.0000		874.726		4.451		16.120		10.992592		26.400
6.448		2.2017		0.0000		874.723		4.455		16.120		11.008427		26.440
6.446		2.2049		0.0000		874.720		4.458		16.115		11.024263		26.480
6.446		2.2080		0.0000		874.717		4.461		16.115		11.040098		26.520
6.446		2.2112		0.0000		874.713		4.464		16.115		11.055935		26.560
6.444		2.2144		0.0000		874.710		4.467		16.110		11.071768		26.600
6.446		2.2179		0.0000		874.707		4.471		16.115		11.089670		26.640
6.448		2.2218		0.0000		874.703		4.475		16.120		11.108947		26.680
6.454		2.2256		0.0000		874.699		4.479		16.135		11.128225		26.720
6.464		2.2287		0.0000		874.696		4.482		16.160		11.143372		26.760
6.468		2.2320		0.0000		874.693		4.485		16.170		11.159897		26.800
6.468		2.2350		0.0000		874.690		4.488		16.170		11.175043		26.840
6.466		2.2382		0.0000		874.686		4.491		16.165		11.190880		26.880
6.466		2.2415		0.0000		874.683		4.494		16.165		11.207404		26.920
6.466		2.2446		0.0000		874.680		4.498		16.165		11.223240		26.960
6.464		2.2478		0.0000		874.677		4.501		16.160		11.239073		27.000
6.464		2.2513		0.0000		874.673		4.504		16.160		11.256287		27.040
6.464		2.2550		0.0000		874.670		4.508		16.160		11.274877		27.080
6.470		2.2590		0.0000		874.666		4.512		16.175		11.294842		27.120
6.478		2.2621		0.0000		874.662		4.515		16.195		11.310678		27.160
6.484		2.2653		0.0000		874.659		4.518		16.210		11.326513		27.200
6.486		2.2685		0.0000		874.656		4.521		16.215		11.342349		27.240
6.484		2.2716		0.0000		874.653		4.525		16.210		11.358185		27.280
6.482		2.2748		0.0000		874.650		4.528		16.205		11.374021		27.320
6.482		2.2780		0.0000		874.647		4.531		16.205		11.389856		27.360
6.482		2.2811		0.0000		874.643		4.534		16.205		11.405692		27.400
6.480		2.2843		0.0000		874.640		4.537		16.200		11.421528		27.440
6.480		2.2882		0.0000		874.636		4.541		16.200		11.440804		27.480
6.484		2.2923		0.0000		874.632		4.545		16.210		11.461460		27.520
6.492		2.2956		0.0000		874.629		4.549		16.230		11.477983		27.560
6.500		2.2988		0.0000		874.626		4.552		16.250		11.493818		27.600
6.504		2.3019		0.0000		874.623		4.555		16.260		11.509655		27.640
6.502		2.3051		0.0000		874.620		4.558		16.255		11.525490		27.680
6.500		2.3083		0.0000		874.616		4.561		16.250		11.541327		27.720
6.500		2.3114		0.0000		874.613		4.564		16.250		11.557161		27.760
6.500		2.3146		0.0000		874.610		4.568		16.250		11.572998		27.800
6.498		2.3178		0.0000		874.607		4.571		16.245		11.588833		27.840
6.498		2.3213		0.0000		874.603		4.574		16.245		11.606733		27.880
6.500		2.3253		0.0000		874.599		4.578		16.250		11.626699		27.920
6.506		2.3291		0.0000		874.596		4.582		16.265		11.645288		27.960
6.514		2.3321		0.0000		874.592		4.585		16.285		11.660435		28.000
6.518		2.3354		0.0000		874.589		4.588		16.295		11.676960		28.040
6.518		2.3386		0.0000		874.586		4.591		16.295		11.692796		28.080
6.516		2.3417		0.0000		874.583		4.595		16.290		11.708632		28.120
6.516		2.3449		0.0000		874.580		4.598		16.290		11.724467		28.160
6.516		2.3481		0.0000		874.577		4.601		16.290		11.740303		28.200
6.516		2.3512		0.0000		874.573		4.604		16.290		11.756139		28.240
6.514		2.3547		0.0000		874.570		4.608		16.285		11.773350		28.280
6.516		2.3585		0.0000		874.566		4.611		16.290		11.792629		28.320
6.522		2.3624		0.0000		874.562		4.615		16.305		11.811907		28.360
6.530		2.3655		0.0000		874.559		4.618		16.325		11.827741		28.400
6.536		2.3687		0.0000		874.556		4.622		16.340		11.843576		28.440
6.538		2.3719		0.0000		874.553		4.625		16.345		11.859412		28.480
6.536		2.3750		0.0000		874.550		4.628		16.340		11.875248		28.520
6.534		2.3784		0.0000		874.546		4.631		16.335		11.891773		28.560
6.534		2.3814		0.0000		874.543		4.634		16.335		11.906919		28.600
6.534		2.3846		0.0000		874.540		4.637		16.335		11.922755		28.640
6.532		2.3880		0.0000		874.537		4.641		16.330		11.939966		28.680
6.534		2.3917		0.0000		874.533		4.645		16.335		11.958556		28.720
6.536		2.3956		0.0000		874.529		4.648		16.340		11.977835		28.760
6.544		2.3990		0.0000		874.526		4.652		16.360		11.995047		28.800
6.552		2.4022		0.0000		874.522		4.655		16.380		12.010881		28.840
6.554		2.4052		0.0000		874.519		4.658		16.385		12.026031		28.880
6.552		2.4085		0.0000		874.516		4.661		16.380		12.042553		28.920
6.550		2.4117		0.0000		874.513		4.665		16.375		12.058390		28.960
6.550		2.4148		0.0000		874.510		4.668		16.375		12.074224		29.000
6.548		2.4180		0.0000		874.507		4.671		16.370		12.090061		29.040
6.546		2.4212		0.0000		874.503		4.674		16.365		12.105896		29.080
6.546		2.4249		0.0000		874.500		4.678		16.365		12.124486		29.120
6.546		2.4288		0.0000		874.496		4.682		16.365		12.143764		29.160
6.552		2.4325		0.0000		874.492		4.685		16.380		12.162354		29.200
6.560		2.4355		0.0000		874.489		4.688		16.400		12.177501		29.240
6.566		2.4387		0.0000		874.486		4.692		16.415		12.193336		29.280
6.564		2.4418		0.0000		874.483		4.695		16.410		12.209169		29.320
6.562		2.4451		0.0000		874.479		4.698		16.405		12.225695		29.360
6.560		2.4483		0.0000		874.476		4.701		16.400		12.241530		29.400
6.560		2.4515		0.0000		874.473		4.704		16.400		12.257366		29.440
6.558		2.4546		0.0000		874.470		4.708		16.395		12.273202		29.480
6.556		2.4581		0.0000		874.466		4.711		16.390		12.290413		29.520
6.556		2.4619		0.0000		874.463		4.715		16.390		12.309692		29.560
6.560		2.4658		0.0000		874.459		4.719		16.400		12.328970		29.600
6.568		2.4690		0.0000		874.456		4.722		16.420		12.344807		29.640
6.574		2.4721		0.0000		874.452		4.725		16.435		12.360641		29.680
6.574		2.4753		0.0000		874.449		4.728		16.435		12.376475		29.720
6.572		2.4785		0.0000		874.446		4.731		16.430		12.392311		29.760
6.570		2.4816		0.0000		874.443		4.735		16.425		12.408147		29.800
6.570		2.4848		0.0000		874.440		4.738		16.425		12.423983		29.840
6.568		2.4880		0.0000		874.437		4.741		16.420		12.439818		29.880
6.568		2.4911		0.0000		874.433		4.744		16.420		12.455654		29.920
6.568		2.4950		0.0000		874.430		4.748		16.420		12.474933		29.960
6.570		2.4991		0.0000		874.425		4.752		16.425		12.495586		30.000
6.578		2.5024		0.0000		874.422		4.755		16.445		12.512112		30.040
6.586		2.5055		0.0000		874.419		4.758		16.465		12.527258		30.080
6.588		2.5088		0.0000		874.416		4.762		16.470		12.543781		30.120
6.586		2.5119		0.0000		874.413		4.765		16.465		12.559616		30.160
6.584		2.5151		0.0000		874.409		4.768		16.460		12.575453		30.200
6.582		2.5183		0.0000		874.406		4.771		16.455		12.591288		30.240
6.582		2.5214		0.0000		874.403		4.774		16.455		12.607124		30.280
6.580		2.5246		0.0000		874.400		4.778		16.450		12.622959		30.320
6.580		2.5283		0.0000		874.396		4.781		16.450		12.641549		30.360
6.582		2.5322		0.0000		874.392		4.785		16.455		12.660828		30.400
6.588		2.5359		0.0000		874.389		4.789		16.470		12.679417		30.440
6.596		2.5389		0.0000		874.386		4.792		16.490		12.694564		30.480
6.600		2.5421		0.0000		874.383		4.795		16.500		12.710400		30.520
6.600		2.5452		0.0000		874.379		4.798		16.500		12.726235		30.560
6.598		2.5486		0.0000		874.376		4.801		16.495		12.742758		30.600
6.596		2.5517		0.0000		874.373		4.805		16.490		12.758594		30.640
6.594		2.5547		0.0000		874.370		4.808		16.485		12.773741		30.680
6.594		2.5581		0.0000		874.367		4.811		16.485		12.790265		30.720
6.592		2.5615		0.0000		874.363		4.814		16.480		12.807476		30.760
6.592		2.5654		0.0000		874.359		4.818		16.480		12.826756		30.800
6.596		2.5692		0.0000		874.355		4.822		16.490		12.846033		30.840
6.604		2.5724		0.0000		874.352		4.825		16.510		12.861870		30.880
6.610		2.5755		0.0000		874.349		4.828		16.525		12.877705		30.920
6.610		2.5787		0.0000		874.346		4.832		16.525		12.893541		30.960
6.608		2.5819		0.0000		874.343		4.835		16.520		12.909374		31.000
6.608		2.5850		0.0000		874.340		4.838		16.520		12.925210		31.040
6.606		2.5882		0.0000		874.336		4.841		16.515		12.941046		31.080
6.606		2.5914		0.0000		874.333		4.844		16.515		12.956882		31.120
6.604		2.5947		0.0000		874.330		4.848		16.510		12.973406		31.160
6.604		2.5985		0.0000		874.326		4.851		16.510		12.992685		31.200
6.606		2.6024		0.0000		874.322		4.855		16.515		13.011961		31.240
6.614		2.6058		0.0000		874.319		4.859		16.535		13.029175		31.280
6.620		2.6090		0.0000		874.316		4.862		16.550		13.045011		31.320
6.622		2.6120		0.0000		874.313		4.865		16.555		13.060158		31.360
6.620		2.6153		0.0000		874.309		4.868		16.550		13.076679		31.400
6.618		2.6185		0.0000		874.306		4.871		16.545		13.092516		31.440
6.618		2.6217		0.0000		874.303		4.875		16.545		13.108351		31.480
6.616		2.6247		0.0000		874.300		4.878		16.540		13.123498		31.520
6.614		2.6280		0.0000		874.297		4.881		16.535		13.140022		31.560
6.612		2.6317		0.0000		874.293		4.885		16.530		13.158612		31.600
6.614		2.6356		0.0000		874.289		4.888		16.535		13.177891		31.640
6.622		2.6392		0.0000		874.285		4.892		16.555		13.195791		31.680
6.630		2.6425		0.0000		874.282		4.895		16.575		13.212317		31.720
6.632		2.6455		0.0000		874.279		4.898		16.580		13.227463		31.760
6.630		2.6487		0.0000		874.276		4.902		16.575		13.243299		31.800
6.626		2.6520		0.0000		874.273		4.905		16.565		13.259821		31.840
6.626		2.6550		0.0000		874.270		4.908		16.565		13.274967		31.880
6.624		2.6582		0.0000		874.266		4.911		16.560		13.290804		31.920
6.624		2.6615		0.0000		874.263		4.914		16.560		13.307328		31.960
6.622		2.6649		0.0000		874.260		4.918		16.555		13.324539		32.000
6.622		2.6688		0.0000		874.256		4.922		16.555		13.343819		32.040
6.628		2.6726		0.0000		874.252		4.926		16.570		13.363096		32.080
6.636		2.6758		0.0000		874.249		4.929		16.590		13.378933		32.120
6.642		2.6790		0.0000		874.246		4.932		16.605		13.394768		32.160
6.642		2.6821		0.0000		874.242		4.935		16.605		13.410604		32.200
6.638		2.6853		0.0000		874.239		4.938		16.595		13.426439		32.240
6.636		2.6885		0.0000		874.236		4.941		16.590		13.442276		32.280
6.634		2.6916		0.0000		874.233		4.945		16.585		13.458109		32.320
6.632		2.6948		0.0000		874.230		4.948		16.580		13.473945		32.360
6.628		2.6981		0.0000		874.227		4.951		16.570		13.490469		32.400
6.628		2.7019		0.0000		874.223		4.955		16.570		13.509748		32.440
6.630		2.7059		0.0000		874.219		4.959		16.575		13.529713		32.480
6.638		2.7092		0.0000		874.215		4.962		16.595		13.546238		32.520
6.646		2.7124		0.0000		874.212		4.965		16.615		13.562074		32.560
6.646		2.7154		0.0000		874.209		4.968		16.615		13.577221		32.600
6.642		2.7187		0.0000		874.206		4.972		16.605		13.593745		32.640
6.640		2.7219		0.0000		874.203		4.975		16.600		13.609581		32.680
6.636		2.7251		0.0000		874.200		4.978		16.590		13.625414		32.720
6.634		2.7283		0.0000		874.196		4.981		16.585		13.641251		32.760
6.630		2.7316		0.0000		874.193		4.984		16.575		13.657775		32.800
6.628		2.7351		0.0000		874.189		4.988		16.570		13.675675		32.840
6.628		2.7390		0.0000		874.186		4.992		16.570		13.694954		32.880
6.634		2.7427		0.0000		874.182		4.996		16.585		13.713543		32.920
6.640		2.7457		0.0000		874.179		4.999		16.600		13.728690		32.960
6.640		2.7489		0.0000		874.176		5.002		16.600		13.744526		33.000
6.638		2.7521		0.0000		874.172		5.005		16.595		13.760362		33.040
6.636		2.7552		0.0000		874.169		5.008		16.590		13.776197		33.080
6.632		2.7584		0.0000		874.166		5.011		16.580		13.792033		33.120
6.630		2.7616		0.0000		874.163		5.014		16.575		13.807869		33.160
6.628		2.7647		0.0000		874.160		5.018		16.570		13.823702		33.200
6.626		2.7683		0.0000		874.156		5.021		16.565		13.841605		33.240
6.624		2.7722		0.0000		874.152		5.025		16.560		13.860882		33.280
6.630		2.7760		0.0000		874.149		5.029		16.575		13.880159		33.320
6.638		2.7792		0.0000		874.145		5.032		16.595		13.895996		33.360
6.642		2.7824		0.0000		874.142		5.035		16.605		13.911831		33.400
6.640		2.7855		0.0000		874.139		5.038		16.600		13.927668		33.440
6.636		2.7886		0.0000		874.136		5.041		16.590		13.942814		33.480
6.634		2.7919		0.0000		874.133		5.045		16.585		13.959339		33.520
6.632		2.7950		0.0000		874.130		5.048		16.580		13.975174		33.560
6.630		2.7982		0.0000		874.126		5.051		16.575		13.991008		33.600
6.628		2.8016		0.0000		874.123		5.055		16.570		14.008222		33.640
6.628		2.8054		0.0000		874.119		5.058		16.570		14.026812		33.680
6.630		2.8094		0.0000		874.115		5.062		16.575		14.046776		33.720
6.638		2.8127		0.0000		874.112		5.066		16.595		14.063301		33.760
6.644		2.8158		0.0000		874.109		5.069		16.610		14.079137		33.800
6.644		2.8189		0.0000		874.106		5.072		16.610		14.094284		33.840
6.640		2.8222		0.0000		874.102		5.075		16.600		14.110808		33.880
6.636		2.8253		0.0000		874.099		5.078		16.590		14.126644		33.920
6.634		2.8285		0.0000		874.096		5.081		16.585		14.142480		33.960
6.632		2.8317		0.0000		874.093		5.085		16.580		14.158314		34.000
6.630		2.8348		0.0000		874.090		5.088		16.575		14.174149		34.040
6.628		2.8384		0.0000		874.086		5.091		16.570		14.192052		34.080
6.630		2.8425		0.0000		874.082		5.095		16.575		14.212706		34.120
6.638		2.8460		0.0000		874.079		5.099		16.595		14.229918		34.160
6.644		2.8492		0.0000		874.075		5.102		16.610		14.245753		34.200
6.646		2.8523		0.0000		874.072		5.105		16.615		14.261589		34.240
6.644		2.8555		0.0000		874.069		5.108		16.610		14.277425		34.280
6.640		2.8587		0.0000		874.066		5.112		16.600		14.293261		34.320
6.638		2.8618		0.0000		874.063		5.115		16.595		14.309096		34.360
6.636		2.8650		0.0000		874.060		5.118		16.590		14.324932		34.400
6.634		2.8683		0.0000		874.056		5.121		16.585		14.341455		34.440
6.632		2.8717		0.0000		874.053		5.125		16.580		14.358668		34.480
6.632		2.8757		0.0000		874.049		5.129		16.580		14.378633		34.520
6.638		2.8794		0.0000		874.045		5.132		16.595		14.397223		34.560
6.644		2.8826		0.0000		874.042		5.136		16.610		14.413059		34.600
6.648		2.8858		0.0000		874.039		5.139		16.620		14.428894		34.640
6.646		2.8889		0.0000		874.036		5.142		16.615		14.444731		34.680
6.644		2.8921		0.0000		874.032		5.145		16.610		14.460566		34.720
6.642		2.8953		0.0000		874.029		5.148		16.605		14.476402		34.760
6.640		2.8984		0.0000		874.026		5.151		16.600		14.492237		34.800
6.636		2.9016		0.0000		874.023		5.155		16.590		14.508074		34.840
6.634		2.9049		0.0000		874.020		5.158		16.585		14.524595		34.880
6.634		2.9089		0.0000		874.016		5.162		16.585		14.544563		34.920
6.636		2.9128		0.0000		874.012		5.166		16.590		14.563842		34.960
6.644		2.9159		0.0000		874.009		5.169		16.610		14.579676		35.000
6.648		2.9191		0.0000		874.005		5.172		16.620		14.595510		35.040
6.648		2.9223		0.0000		874.002		5.175		16.620		14.611347		35.080
6.644		2.9254		0.0000		873.999		5.178		16.610		14.627182		35.120
6.642		2.9287		0.0000		873.996		5.182		16.605		14.643707		35.160
6.640		2.9319		0.0000		873.993		5.185		16.600		14.659543		35.200
6.638		2.9351		0.0000		873.990		5.188		16.595		14.675379		35.240
6.636		2.9384		0.0000		873.986		5.191		16.590		14.691901		35.280
6.634		2.9420		0.0000		873.983		5.195		16.585		14.709802		35.320
6.636		2.9458		0.0000		873.979		5.199		16.590		14.729080		35.360
6.642		2.9494		0.0000		873.975		5.202		16.605		14.746981		35.400
6.648		2.9526		0.0000		873.972		5.205		16.620		14.762816		35.440
6.650		2.9557		0.0000		873.969		5.209		16.625		14.778652		35.480
6.648		2.9589		0.0000		873.966		5.212		16.620		14.794488		35.520
6.644		2.9621		0.0000		873.963		5.215		16.610		14.810324		35.560
6.640		2.9652		0.0000		873.959		5.218		16.600		14.826159		35.600
6.638		2.9684		0.0000		873.956		5.221		16.595		14.841995		35.640
6.636		2.9716		0.0000		873.953		5.224		16.590		14.857831		35.680
6.634		2.9751		0.0000		873.949		5.228		16.585		14.875731		35.720
6.634		2.9790		0.0000		873.946		5.232		16.585		14.895010		35.760
6.638		2.9829		0.0000		873.942		5.236		16.595		14.914289		35.800
6.644		2.9859		0.0000		873.939		5.239		16.610		14.929436		35.840
6.646		2.9891		0.0000		873.936		5.242		16.615		14.945271		35.880
6.644		2.9924		0.0000		873.932		5.245		16.610		14.961794		35.920
6.640		2.9955		0.0000		873.929		5.248		16.600		14.977629		35.960
6.638		2.9987		0.0000		873.926		5.252		16.595		14.993465		36.000
6.634		3.0019		0.0000		873.923		5.255		16.585		15.009300		36.040
6.630		3.0050		0.0000		873.920		5.258		16.575		15.025137		36.080
6.628		3.0085		0.0000		873.916		5.261		16.570		15.042348		36.120
6.626		3.0122		0.0000		873.912		5.265		16.565		15.060938		36.160
6.626		3.0160		0.0000		873.909		5.269		16.565		15.080215		36.200
6.630		3.0193		0.0000		873.905		5.272		16.575		15.096741		36.240
6.634		3.0225		0.0000		873.902		5.275		16.585		15.112576		36.280
6.632		3.0257		0.0000		873.899		5.279		16.580		15.128410		36.320
6.626		3.0288		0.0000		873.896		5.282		16.565		15.144245		36.360
6.622		3.0322		0.0000		873.892		5.285		16.555		15.160770		36.400
6.616		3.0352		0.0000		873.889		5.288		16.540		15.175917		36.440
6.610		3.0385		0.0000		873.886		5.291		16.525		15.192442		36.480
6.604		3.0417		0.0000		873.883		5.295		16.510		15.208278		36.520
6.600		3.0454		0.0000		873.879		5.298		16.500		15.226868		36.560
6.600		3.0494		0.0000		873.875		5.302		16.500		15.246832		36.600
6.604		3.0528		0.0000		873.872		5.306		16.510		15.264046		36.640
6.606		3.0558		0.0000		873.869		5.309		16.515		15.279193		36.680
6.606		3.0591		0.0000		873.865		5.312		16.515		15.295715		36.720
6.600		3.0623		0.0000		873.862		5.315		16.500		15.311551		36.760
6.596		3.0655		0.0000		873.859		5.318		16.490		15.327387		36.800
6.592		3.0686		0.0000		873.856		5.322		16.480		15.343223		36.840
6.590		3.0718		0.0000		873.853		5.325		16.475		15.359058		36.880
6.586		3.0751		0.0000		873.849		5.328		16.465		15.375584		36.920
6.582		3.0786		0.0000		873.846		5.331		16.455		15.392795		36.960
6.582		3.0824		0.0000		873.842		5.335		16.455		15.412073		37.000
6.584		3.0861		0.0000		873.838		5.339		16.460		15.430662		37.040
6.590		3.0893		0.0000		873.835		5.342		16.475		15.446499		37.080
6.592		3.0925		0.0000		873.832		5.345		16.480		15.462334		37.120
6.588		3.0958		0.0000		873.829		5.349		16.470		15.478857		37.160
6.584		3.0989		0.0000		873.826		5.352		16.460		15.494692		37.200
6.580		3.1021		0.0000		873.822		5.355		16.450		15.510529		37.240
6.576		3.1053		0.0000		873.819		5.358		16.440		15.526363		37.280
6.574		3.1084		0.0000		873.816		5.361		16.435		15.542200		37.320
6.570		3.1119		0.0000		873.813		5.365		16.425		15.559411		37.360
6.568		3.1156		0.0000		873.809		5.369		16.420		15.578001		37.400
6.570		3.1196		0.0000		873.805		5.373		16.425		15.597968		37.440
6.576		3.1228		0.0000		873.802		5.376		16.440		15.613804		37.480
6.578		3.1259		0.0000		873.799		5.379		16.445		15.629640		37.520
6.576		3.1291		0.0000		873.795		5.382		16.440		15.645475		37.560
6.572		3.1323		0.0000		873.792		5.385		16.430		15.661308		37.600
6.570		3.1354		0.0000		873.789		5.388		16.425		15.677145		37.640
6.566		3.1387		0.0000		873.786		5.392		16.415		15.693669		37.680
6.562		3.1419		0.0000		873.783		5.395		16.405		15.709505		37.720
6.558		3.1451		0.0000		873.780		5.398		16.395		15.725341		37.760
6.556		3.1488		0.0000		873.776		5.402		16.390		15.743931		37.800
6.556		3.1528		0.0000		873.772		5.406		16.390		15.763895		37.840
6.560		3.1562		0.0000		873.768		5.409		16.400		15.781109		37.880
6.564		3.1594		0.0000		873.765		5.412		16.410		15.796946		37.920
6.564		3.1626		0.0000		873.762		5.415		16.410		15.812780		37.960
6.560		3.1657		0.0000		873.759		5.419		16.400		15.828614		38.000
6.556		3.1689		0.0000		873.756		5.422		16.390		15.844450		38.040
6.552		3.1721		0.0000		873.753		5.425		16.380		15.860286		38.080
6.550		3.1752		0.0000		873.749		5.428		16.375		15.876122		38.120
6.546		3.1784		0.0000		873.746		5.431		16.365		15.891957		38.160
6.542		3.1821		0.0000		873.742		5.435		16.355		15.910547		38.200
6.540		3.1860		0.0000		873.739		5.439		16.350		15.929825		38.240
6.544		3.1895		0.0000		873.735		5.442		16.360		15.947725		38.280
6.550		3.1927		0.0000		873.732		5.446		16.375		15.963562		38.320
6.552		3.1959		0.0000		873.729		5.449		16.380		15.979397		38.360
6.548		3.1990		0.0000		873.726		5.452		16.370		15.995234		38.400
6.544		3.2024		0.0000		873.722		5.455		16.360		16.011755		38.440
6.542		3.2055		0.0000		873.719		5.458		16.355		16.027592		38.480
6.538		3.2087		0.0000		873.716		5.462		16.345		16.043427		38.521
6.536		3.2119		0.0000		873.713		5.465		16.340		16.059263		38.561
6.532		3.2153		0.0000		873.709		5.468		16.330		16.076473		38.601
6.530		3.2192		0.0000		873.705		5.472		16.325		16.095753		38.641
6.532		3.2229		0.0000		873.702		5.476		16.330		16.114342		38.681
6.538		3.2262		0.0000		873.698		5.479		16.345		16.130867		38.721
6.540		3.2293		0.0000		873.695		5.482		16.350		16.146702		38.761
6.538		3.2325		0.0000		873.692		5.485		16.345		16.162539		38.801
6.534		3.2357		0.0000		873.689		5.489		16.335		16.178375		38.841
6.532		3.2388		0.0000		873.686		5.492		16.330		16.194208		38.881
6.528		3.2420		0.0000		873.683		5.495		16.320		16.210043		38.921
6.526		3.2452		0.0000		873.679		5.498		16.315		16.225880		38.961
6.522		3.2485		0.0000		873.676		5.501		16.305		16.242405		39.001
6.520		3.2522		0.0000		873.672		5.505		16.300		16.260994		39.041
6.522		3.2562		0.0000		873.668		5.509		16.305		16.280960		39.081
6.528		3.2596		0.0000		873.665		5.513		16.320		16.298172		39.121
6.532		3.2627		0.0000		873.662		5.516		16.330		16.313320		39.161
6.532		3.2658		0.0000		873.659		5.519		16.330		16.329155		39.201
6.528		3.2691		0.0000		873.655		5.522		16.320		16.345680		39.241
6.524		3.2723		0.0000		873.652		5.525		16.310		16.361515		39.281
6.520		3.2755		0.0000		873.649		5.528		16.300		16.377350		39.321
6.518		3.2786		0.0000		873.646		5.532		16.295		16.393185		39.361
6.514		3.2819		0.0000		873.643		5.535		16.285		16.409710		39.401
6.512		3.2855		0.0000		873.639		5.538		16.280		16.427610		39.441
6.512		3.2894		0.0000		873.635		5.542		16.280		16.446888		39.481
6.514		3.2930		0.0000		873.632		5.546		16.285		16.464788		39.521
6.520		3.2961		0.0000		873.628		5.549		16.300		16.480625		39.561
6.522		3.2993		0.0000		873.625		5.552		16.305		16.496460		39.601
6.518		3.3025		0.0000		873.622		5.555		16.295		16.512297		39.641
6.514		3.3058		0.0000		873.619		5.559		16.285		16.528820		39.681
6.512		3.3089		0.0000		873.616		5.562		16.280		16.544655		39.721
6.508		3.3121		0.0000		873.612		5.565		16.270		16.560490		39.761
6.504		3.3153		0.0000		873.609		5.568		16.260		16.576326		39.801
6.500		3.3187		0.0000		873.606		5.572		16.250		16.593540		39.841
6.498		3.3226		0.0000		873.602		5.575		16.245		16.612816		39.881
6.498		3.3263		0.0000		873.598		5.579		16.245		16.631405		39.921
6.504		3.3296		0.0000		873.595		5.582		16.260		16.647930		39.961
6.506		3.3326		0.0000		873.592		5.586		16.265		16.663076		40.001
6.504		3.3359		0.0000		873.589		5.589		16.260		16.679602		40.041
6.500		3.3391		0.0000		873.586		5.592		16.250		16.695438		40.081
6.496		3.3423		0.0000		873.582		5.595		16.240		16.711273		40.121
6.494		3.3454		0.0000		873.579		5.598		16.235		16.727108		40.161
6.490		3.3487		0.0000		873.576		5.602		16.225		16.743631		40.201
6.486		3.3520		0.0000		873.573		5.605		16.215		16.760157		40.241
6.484		3.3557		0.0000		873.569		5.609		16.210		16.778746		40.281
6.486		3.3596		0.0000		873.565		5.613		16.215		16.798023		40.321
6.490		3.3629		0.0000		873.562		5.616		16.225		16.814547		40.361
6.494		3.3662		0.0000		873.558		5.619		16.235		16.831072		40.401
6.494		3.3692		0.0000		873.555		5.622		16.235		16.846218		40.441
6.490		3.3725		0.0000		873.552		5.625		16.225		16.862743		40.481
6.486		3.3757		0.0000		873.549		5.629		16.215		16.878578		40.521
6.484		3.3789		0.0000		873.546		5.632		16.210		16.894415		40.561
6.480		3.3820		0.0000		873.543		5.635		16.200		16.910248		40.601
6.478		3.3852		0.0000		873.539		5.638		16.195		16.926083		40.641
6.476		3.3889		0.0000		873.536		5.642		16.190		16.944674		40.681
6.476		3.3928		0.0000		873.532		5.646		16.190		16.963951		40.721
6.480		3.3964		0.0000		873.528		5.649		16.200		16.981852		40.761
6.486		3.3995		0.0000		873.525		5.652		16.215		16.997688		40.801
6.488		3.4027		0.0000		873.522		5.656		16.220		17.013523		40.841
6.484		3.4059		0.0000		873.519		5.659		16.210		17.029360		40.881
6.480		3.4092		0.0000		873.515		5.662		16.200		17.045883		40.921
6.476		3.4123		0.0000		873.512		5.665		16.190		17.061720		40.961
6.474		3.4155		0.0000		873.509		5.668		16.185		17.077553		41.001
6.470		3.4187		0.0000		873.506		5.672		16.175		17.093390		41.041
6.468		3.4221		0.0000		873.502		5.675		16.170		17.110603		41.081
6.468		3.4260		0.0000		873.499		5.679		16.170		17.129881		41.121
6.470		3.4297		0.0000		873.495		5.683		16.175		17.148472		41.161
6.476		3.4330		0.0000		873.492		5.686		16.190		17.164993		41.201
6.480		3.4362		0.0000		873.488		5.689		16.200		17.180828		41.241
6.478		3.4393		0.0000		873.485		5.692		16.195		17.196665		41.281
6.474		3.4425		0.0000		873.482		5.695		16.185		17.212502		41.321
6.470		3.4457		0.0000		873.479		5.699		16.175		17.228336		41.361
6.468		3.4488		0.0000		873.476		5.702		16.170		17.244171		41.401
6.464		3.4520		0.0000		873.473		5.705		16.160		17.260008		41.441
6.460		3.4553		0.0000		873.469		5.708		16.150		17.276531		41.481
6.458		3.4592		0.0000		873.465		5.712		16.145		17.295809		41.521
6.460		3.4630		0.0000		873.462		5.716		16.150		17.315086		41.561
6.466		3.4663		0.0000		873.458		5.719		16.165		17.331610		41.601
6.470		3.4695		0.0000		873.455		5.722		16.175		17.347446		41.641
6.470		3.4727		0.0000		873.452		5.726		16.175		17.363281		41.681
6.466		3.4760		0.0000		873.449		5.729		16.165		17.379807		41.721
6.462		3.4791		0.0000		873.445		5.732		16.155		17.395641		41.761
6.460		3.4823		0.0000		873.442		5.735		16.150		17.411478		41.801
6.458		3.4855		0.0000		873.439		5.738		16.145		17.427313		41.841
6.454		3.4888		0.0000		873.436		5.742		16.135		17.443836		41.881
6.452		3.4923		0.0000		873.432		5.745		16.130		17.461737		41.921
6.452		3.4962		0.0000		873.428		5.749		16.130		17.481014		41.961
6.456		3.4998		0.0000		873.425		5.753		16.140		17.498915		42.001
6.460		3.5030		0.0000		873.422		5.756		16.150		17.514751		42.041
6.462		3.5061		0.0000		873.418		5.759		16.155		17.530586		42.081
6.460		3.5093		0.0000		873.415		5.762		16.150		17.546423		42.121
6.456		3.5125		0.0000		873.412		5.765		16.140		17.562258		42.161
6.454		3.5158		0.0000		873.409		5.769		16.135		17.578783		42.201
6.452		3.5189		0.0000		873.406		5.772		16.130		17.594620		42.241
6.450		3.5221		0.0000		873.402		5.775		16.125		17.610453		42.281
6.448		3.5255		0.0000		873.399		5.778		16.120		17.627666		42.321
6.446		3.5294		0.0000		873.395		5.782		16.115		17.646944		42.361
6.450		3.5331		0.0000		873.391		5.786		16.125		17.665535		42.401
6.456		3.5364		0.0000		873.388		5.789		16.140		17.682056		42.441
6.460		3.5394		0.0000		873.385		5.792		16.150		17.697205		42.481
6.456		3.5427		0.0000		873.382		5.796		16.140		17.713728		42.521
6.452		3.5459		0.0000		873.379		5.799		16.130		17.729565		42.561
6.450		3.5492		0.0000		873.375		5.802		16.125		17.746088		42.601
6.448		3.5522		0.0000		873.372		5.805		16.120		17.761234		42.641
6.444		3.5554		0.0000		873.369		5.808		16.110		17.777071		42.681
6.442		3.5589		0.0000		873.366		5.812		16.105		17.794283		42.721
6.440		3.5626		0.0000		873.362		5.815		16.100		17.812872		42.761
6.442		3.5664		0.0000		873.358		5.819		16.105		17.832150		42.801
6.448		3.5697		0.0000		873.355		5.823		16.120		17.848675		42.841
6.452		3.5730		0.0000		873.352		5.826		16.130		17.865198		42.881
6.452		3.5762		0.0000		873.348		5.829		16.130		17.881033		42.921
6.450		3.5794		0.0000		873.345		5.832		16.125		17.896870		42.961
6.446		3.5825		0.0000		873.342		5.835		16.115		17.912704		43.001
6.442		3.5857		0.0000		873.339		5.839		16.105		17.928541		43.041
6.440		3.5889		0.0000		873.336		5.842		16.100		17.944376		43.081
6.436		3.5920		0.0000		873.333		5.845		16.090		17.960213		43.121
6.434		3.5958		0.0000		873.329		5.849		16.085		17.978802		43.161
6.434		3.5996		0.0000		873.325		5.853		16.085		17.998077		43.201
6.438		3.6032		0.0000		873.321		5.856		16.095		18.015980		43.241
6.444		3.6062		0.0000		873.318		5.859		16.110		18.031128		43.281
6.444		3.6095		0.0000		873.315		5.862		16.110		18.047649		43.321
6.440		3.6128		0.0000		873.312		5.866		16.100		18.064175		43.361
6.436		3.6159		0.0000		873.309		5.869		16.090		18.079321		43.401
6.432		3.6190		0.0000		873.306		5.872		16.080		18.095158		43.441
6.428		3.6222		0.0000		873.302		5.875		16.070		18.110992		43.481
6.424		3.6255		0.0000		873.299		5.878		16.060		18.127518		43.521
6.422		3.6291		0.0000		873.295		5.882		16.055		18.145418		43.561
6.420		3.6328		0.0000		873.292		5.886		16.050		18.164007		43.601
6.422		3.6367		0.0000		873.288		5.890		16.055		18.183287		43.641
6.428		3.6397		0.0000		873.285		5.893		16.070		18.198433		43.681
6.430		3.6429		0.0000		873.282		5.896		16.075		18.214268		43.721
6.428		3.6462		0.0000		873.278		5.899		16.070		18.230791		43.761
6.424		3.6493		0.0000		873.275		5.902		16.060		18.246628		43.801
6.422		3.6525		0.0000		873.272		5.905		16.055		18.262463		43.841
6.418		3.6557		0.0000		873.269		5.909		16.045		18.278297		43.881
6.416		3.6590		0.0000		873.266		5.912		16.040		18.294823		43.921
6.412		3.6621		0.0000		873.262		5.915		16.030		18.310659		43.961
6.410		3.6661		0.0000		873.258		5.919		16.025		18.330624		44.001
6.412		3.6700		0.0000		873.255		5.923		16.030		18.349903		44.041
6.418		3.6731		0.0000		873.251		5.926		16.045		18.365738		44.081
6.422		3.6763		0.0000		873.248		5.929		16.055		18.381575		44.121
6.420		3.6795		0.0000		873.245		5.932		16.050		18.397409		44.161
6.416		3.6828		0.0000		873.242		5.936		16.040		18.413933		44.201
6.412		3.6860		0.0000		873.239		5.939		16.030		18.429768		44.241
6.410		3.6891		0.0000		873.235		5.942		16.025		18.445604		44.281
6.408		3.6923		0.0000		873.232		5.945		16.020		18.461439		44.321
6.404		3.6956		0.0000		873.229		5.949		16.010		18.477964		44.361
6.402		3.6993		0.0000		873.225		5.952		16.005		18.496553		44.401
6.402		3.7032		0.0000		873.221		5.956		16.005		18.515831		44.441
6.406		3.7066		0.0000		873.218		5.960		16.015		18.533043		44.481
6.412		3.7098		0.0000		873.215		5.963		16.030		18.548880		44.521
6.412		3.7129		0.0000		873.212		5.966		16.030		18.564716		44.561
6.408		3.7162		0.0000		873.208		5.969		16.020		18.581238		44.601
6.404		3.7194		0.0000		873.205		5.972		16.010		18.597073		44.641
6.400		3.7224		0.0000		873.202		5.975		16.000		18.612221		44.681
6.398		3.7256		0.0000		873.199		5.979		15.995		18.628056		44.721
6.394		3.7289		0.0000		873.196		5.982		15.985		18.644581		44.761
6.390		3.7324		0.0000		873.192		5.985		15.975		18.661793		44.801
6.390		3.7364		0.0000		873.188		5.989		15.975		18.681759		44.841
6.392		3.7399		0.0000		873.185		5.993		15.980		18.699661		44.881
6.398		3.7432		0.0000		873.181		5.996		15.995		18.716185		44.921
6.400		3.7464		0.0000		873.178		5.999		16.000		18.732021		44.961
6.396		3.7496		0.0000		873.175		6.002		15.990		18.747854		45.001
6.392		3.7527		0.0000		873.172		6.006		15.980		18.763691		45.041
6.388		3.7560		0.0000		873.169		6.009		15.970		18.780214		45.081
6.386		3.7592		0.0000		873.165		6.012		15.965		18.796051		45.121
6.382		3.7624		0.0000		873.162		6.015		15.955		18.811886		45.161
6.378		3.7658		0.0000		873.159		6.019		15.945		18.829098		45.201
6.374		3.7694		0.0000		873.155		6.022		15.935		18.846998		45.241
6.376		3.7733		0.0000		873.151		6.026		15.940		18.866276		45.281
6.380		3.7766		0.0000		873.148		6.029		15.950		18.882801		45.321
6.384		3.7799		0.0000		873.145		6.033		15.960		18.899326		45.361
6.382		3.7830		0.0000		873.142		6.036		15.955		18.915159		45.401
6.378		3.7861		0.0000		873.138		6.039		15.945		18.930309		45.441
6.374		3.7892		0.0000		873.135		6.042		15.935		18.946142		45.481
6.370		3.7925		0.0000		873.132		6.045		15.925		18.962667		45.521
6.366		3.7957		0.0000		873.129		6.049		15.915		18.978502		45.561
6.362		3.7990		0.0000		873.126		6.052		15.905		18.995028		45.601
6.360		3.8027		0.0000		873.122		6.056		15.900		19.013617		45.641
6.360		3.8064		0.0000		873.118		6.059		15.900		19.032207		45.681
6.364		3.8102		0.0000		873.114		6.063		15.910		19.050797		45.721
6.368		3.8131		0.0000		873.112		6.066		15.920		19.065254		45.761
6.368		3.8164		0.0000		873.108		6.069		15.920		19.081779		45.801
6.362		3.8195		0.0000		873.105		6.072		15.905		19.097614		45.841
6.358		3.8228		0.0000		873.102		6.076		15.895		19.114136		45.881
6.356		3.8260		0.0000		873.099		6.079		15.890		19.129972		45.921
6.352		3.8290		0.0000		873.096		6.082		15.880		19.145119		45.961
6.350		3.8323		0.0000		873.092		6.085		15.875		19.161644		46.001
6.346		3.8359		0.0000		873.089		6.089		15.865		19.179544		46.041
6.344		3.8398		0.0000		873.085		6.093		15.860		19.198822		46.081
6.348		3.8435		0.0000		873.081		6.096		15.870		19.217413		46.121
6.354		3.8466		0.0000		873.078		6.100		15.885		19.233248		46.161
6.354		3.8498		0.0000		873.075		6.103		15.885		19.249084		46.201
6.352		3.8530		0.0000		873.072		6.106		15.880		19.264919		46.241
6.346		3.8562		0.0000		873.068		6.109		15.865		19.280756		46.281
6.342		3.8593		0.0000		873.065		6.112		15.855		19.296589		46.321
6.340		3.8625		0.0000		873.062		6.115		15.850		19.312424		46.361
6.336		3.8657		0.0000		873.059		6.119		15.840		19.328260		46.401
6.332		3.8690		0.0000		873.056		6.122		15.830		19.344786		46.441
6.330		3.8730		0.0000		873.052		6.126		15.825		19.364750		46.481
6.332		3.8768		0.0000		873.048		6.130		15.830		19.384029		46.521
6.338		3.8801		0.0000		873.044		6.133		15.845		19.400555		46.561
6.342		3.8831		0.0000		873.041		6.136		15.855		19.415701		46.601
6.338		3.8863		0.0000		873.038		6.139		15.845		19.431536		46.641
6.334		3.8896		0.0000		873.035		6.143		15.835		19.448061		46.681
6.330		3.8928		0.0000		873.032		6.146		15.825		19.463894		46.721
6.326		3.8959		0.0000		873.029		6.149		15.815		19.479731		46.761
6.320		3.8991		0.0000		873.025		6.152		15.800		19.495565		46.801
6.316		3.9024		0.0000		873.022		6.155		15.790		19.512091		46.841
6.312		3.9061		0.0000		873.018		6.159		15.780		19.530680		46.881
6.312		3.9100		0.0000		873.015		6.163		15.780		19.549959		46.921
6.314		3.9134		0.0000		873.011		6.166		15.785		19.567169		46.961
6.318		3.9166		0.0000		873.008		6.170		15.795		19.583006		47.001
