数据量:1108
试验力		变形		扩展变形		位置		位移		应力		应变		时间
0.010		0.0019		0.0000		876.958		2.325		0.025		0.009639		0.040
0.010		0.0051		0.0000		876.955		2.328		0.025		0.025475		0.080
0.010		0.0084		0.0000		876.952		2.331		0.025		0.041999		0.120
0.010		0.0117		0.0000		876.949		2.334		0.025		0.058523		0.160
0.012		0.0150		0.0000		876.945		2.338		0.030		0.075047		0.200
0.012		0.0186		0.0000		876.942		2.341		0.030		0.092947		0.240
0.012		0.0223		0.0000		876.938		2.345		0.030		0.111537		0.280
0.014		0.0256		0.0000		876.935		2.348		0.035		0.128062		0.320
0.014		0.0288		0.0000		876.932		2.351		0.035		0.143898		0.360
0.014		0.0321		0.0000		876.928		2.355		0.035		0.160421		0.400
0.016		0.0354		0.0000		876.925		2.358		0.040		0.176945		0.440
0.016		0.0386		0.0000		876.922		2.361		0.040		0.192780		0.480
0.016		0.0417		0.0000		876.919		2.364		0.040		0.208616		0.520
0.018		0.0450		0.0000		876.915		2.368		0.045		0.225140		0.560
0.018		0.0483		0.0000		876.912		2.371		0.045		0.241663		0.600
0.020		0.0519		0.0000		876.908		2.374		0.050		0.259565		0.640
0.022		0.0556		0.0000		876.905		2.378		0.055		0.278155		0.680
0.024		0.0591		0.0000		876.901		2.382		0.060		0.295367		0.720
0.026		0.0622		0.0000		876.898		2.385		0.065		0.311203		0.760
0.028		0.0654		0.0000		876.895		2.388		0.070		0.327038		0.800
0.030		0.0687		0.0000		876.892		2.391		0.075		0.343562		0.840
0.032		0.0719		0.0000		876.888		2.394		0.080		0.359397		0.880
0.034		0.0752		0.0000		876.885		2.398		0.085		0.375922		0.920
0.036		0.0784		0.0000		876.882		2.401		0.090		0.391757		0.960
0.040		0.0817		0.0000		876.879		2.404		0.100		0.408281		1.000
0.042		0.0851		0.0000		876.875		2.408		0.105		0.425494		1.040
0.046		0.0888		0.0000		876.872		2.411		0.115		0.444083		1.080
0.050		0.0924		0.0000		876.868		2.415		0.125		0.461984		1.120
0.054		0.0956		0.0000		876.865		2.418		0.135		0.477819		1.160
0.058		0.0989		0.0000		876.862		2.421		0.145		0.494343		1.200
0.062		0.1020		0.0000		876.858		2.425		0.155		0.510179		1.240
0.066		0.1053		0.0000		876.855		2.428		0.165		0.526702		1.280
0.070		0.1086		0.0000		876.852		2.431		0.175		0.543227		1.320
0.074		0.1118		0.0000		876.849		2.434		0.185		0.559063		1.360
0.080		0.1150		0.0000		876.845		2.438		0.200		0.574898		1.400
0.086		0.1184		0.0000		876.842		2.441		0.215		0.592110		1.440
0.090		0.1220		0.0000		876.838		2.445		0.225		0.610012		1.480
0.098		0.1259		0.0000		876.835		2.448		0.245		0.629289		1.520
0.104		0.1290		0.0000		876.831		2.452		0.260		0.645125		1.560
0.112		0.1322		0.0000		876.828		2.455		0.280		0.660961		1.600
0.120		0.1355		0.0000		876.825		2.458		0.300		0.677484		1.640
0.126		0.1387		0.0000		876.822		2.461		0.315		0.693320		1.680
0.134		0.1420		0.0000		876.818		2.465		0.335		0.709844		1.720
0.142		0.1451		0.0000		876.815		2.468		0.355		0.725679		1.760
0.150		0.1484		0.0000		876.812		2.471		0.375		0.742203		1.800
0.160		0.1517		0.0000		876.809		2.474		0.400		0.758728		1.840
0.168		0.1553		0.0000		876.805		2.478		0.420		0.776628		1.880
0.178		0.1590		0.0000		876.801		2.482		0.445		0.795218		1.920
0.188		0.1623		0.0000		876.798		2.485		0.470		0.811743		1.960
0.200		0.1657		0.0000		876.795		2.488		0.500		0.828266		2.000
0.210		0.1688		0.0000		876.792		2.491		0.525		0.844102		2.040
0.220		0.1721		0.0000		876.788		2.495		0.550		0.860626		2.080
0.230		0.1753		0.0000		876.785		2.498		0.575		0.876461		2.120
0.240		0.1786		0.0000		876.782		2.501		0.600		0.892985		2.160
0.252		0.1818		0.0000		876.779		2.504		0.630		0.908821		2.200
0.262		0.1851		0.0000		876.775		2.508		0.655		0.925344		2.240
0.274		0.1886		0.0000		876.772		2.511		0.685		0.943246		2.280
0.286		0.1922		0.0000		876.768		2.515		0.715		0.961146		2.320
0.298		0.1958		0.0000		876.765		2.518		0.745		0.979048		2.360
0.312		0.1990		0.0000		876.761		2.522		0.780		0.994883		2.400
0.324		0.2023		0.0000		876.758		2.525		0.810		1.011407		2.440
0.334		0.2054		0.0000		876.755		2.528		0.835		1.027242		2.480
0.344		0.2088		0.0000		876.752		2.531		0.860		1.043767		2.520
0.356		0.2119		0.0000		876.748		2.535		0.890		1.059602		2.560
0.368		0.2152		0.0000		876.745		2.538		0.920		1.076126		2.600
0.380		0.2184		0.0000		876.742		2.541		0.950		1.091962		2.640
0.396		0.2218		0.0000		876.739		2.544		0.990		1.109174		2.680
0.410		0.2254		0.0000		876.735		2.548		1.025		1.127075		2.720
0.428		0.2291		0.0000		876.731		2.552		1.070		1.145664		2.760
0.446		0.2324		0.0000		876.728		2.555		1.115		1.162188		2.800
0.462		0.2356		0.0000		876.725		2.558		1.155		1.178024		2.840
0.478		0.2389		0.0000		876.721		2.561		1.195		1.194547		2.880
0.492		0.2421		0.0000		876.718		2.565		1.230		1.210383		2.920
0.508		0.2454		0.0000		876.715		2.568		1.270		1.226908		2.960
0.524		0.2485		0.0000		876.712		2.571		1.310		1.242743		3.000
0.540		0.2517		0.0000		876.709		2.574		1.350		1.258578		3.040
0.558		0.2552		0.0000		876.705		2.578		1.395		1.275791		3.080
0.574		0.2587		0.0000		876.702		2.581		1.435		1.293691		3.120
0.594		0.2625		0.0000		876.698		2.585		1.485		1.312281		3.160
0.614		0.2659		0.0000		876.694		2.588		1.535		1.329494		3.200
0.634		0.2691		0.0000		876.691		2.592		1.585		1.345329		3.240
0.650		0.2722		0.0000		876.688		2.595		1.625		1.361165		3.280
0.664		0.2755		0.0000		876.685		2.598		1.660		1.377689		3.320
0.678		0.2787		0.0000		876.682		2.601		1.695		1.393524		3.360
0.692		0.2819		0.0000		876.679		2.604		1.730		1.409360		3.400
0.708		0.2852		0.0000		876.675		2.608		1.770		1.425884		3.440
0.724		0.2885		0.0000		876.672		2.611		1.810		1.442409		3.480
0.742		0.2919		0.0000		876.668		2.615		1.855		1.459620		3.520
0.760		0.2956		0.0000		876.665		2.618		1.900		1.478209		3.560
0.780		0.2992		0.0000		876.661		2.622		1.950		1.496111		3.600
0.800		0.3024		0.0000		876.658		2.625		2.000		1.511947		3.640
0.820		0.3057		0.0000		876.655		2.628		2.050		1.528471		3.680
0.838		0.3089		0.0000		876.651		2.631		2.095		1.544306		3.720
0.856		0.3122		0.0000		876.648		2.635		2.140		1.560830		3.760
0.874		0.3153		0.0000		876.645		2.638		2.185		1.576666		3.800
0.892		0.3185		0.0000		876.642		2.641		2.230		1.592501		3.840
0.910		0.3218		0.0000		876.639		2.644		2.275		1.609025		3.880
0.930		0.3252		0.0000		876.635		2.648		2.325		1.626238		3.920
0.950		0.3288		0.0000		876.632		2.651		2.375		1.644138		3.960
0.970		0.3325		0.0000		876.628		2.655		2.425		1.662728		4.000
0.994		0.3359		0.0000		876.625		2.658		2.485		1.679252		4.040
1.016		0.3390		0.0000		876.621		2.662		2.540		1.695087		4.080
1.036		0.3423		0.0000		876.618		2.665		2.590		1.711612		4.120
1.056		0.3455		0.0000		876.615		2.668		2.640		1.727448		4.160
1.078		0.3488		0.0000		876.612		2.671		2.695		1.743971		4.200
1.098		0.3520		0.0000		876.608		2.675		2.745		1.759807		4.240
1.120		0.3553		0.0000		876.605		2.678		2.800		1.776330		4.280
1.140		0.3586		0.0000		876.602		2.681		2.850		1.792854		4.320
1.162		0.3622		0.0000		876.598		2.685		2.905		1.810756		4.360
1.186		0.3657		0.0000		876.595		2.688		2.965		1.828656		4.400
1.212		0.3692		0.0000		876.591		2.692		3.030		1.845869		4.440
1.238		0.3725		0.0000		876.588		2.695		3.095		1.862392		4.480
1.264		0.3756		0.0000		876.585		2.698		3.160		1.878228		4.520
1.288		0.3790		0.0000		876.581		2.702		3.220		1.894753		4.560
1.312		0.3821		0.0000		876.578		2.705		3.280		1.910588		4.600
1.338		0.3854		0.0000		876.575		2.708		3.345		1.927112		4.640
1.364		0.3886		0.0000		876.572		2.711		3.410		1.942947		4.680
1.390		0.3918		0.0000		876.569		2.714		3.475		1.958783		4.720
1.416		0.3953		0.0000		876.565		2.718		3.540		1.976684		4.760
1.442		0.3991		0.0000		876.561		2.722		3.605		1.995274		4.800
1.472		0.4026		0.0000		876.558		2.725		3.680		2.013174		4.840
1.504		0.4058		0.0000		876.555		2.728		3.760		2.029010		4.880
1.532		0.4091		0.0000		876.551		2.732		3.830		2.045534		4.920
1.558		0.4123		0.0000		876.548		2.735		3.895		2.061369		4.960
1.584		0.4154		0.0000		876.545		2.738		3.960		2.077205		5.000
1.610		0.4189		0.0000		876.542		2.741		4.025		2.094418		5.040
1.636		0.4219		0.0000		876.538		2.744		4.090		2.109565		5.080
1.662		0.4252		0.0000		876.535		2.748		4.155		2.126088		5.120
1.690		0.4287		0.0000		876.532		2.751		4.225		2.143301		5.160
1.716		0.4324		0.0000		876.528		2.755		4.290		2.161890		5.200
1.746		0.4361		0.0000		876.524		2.759		4.365		2.180480		5.240
1.778		0.4393		0.0000		876.521		2.762		4.445		2.196316		5.280
1.808		0.4424		0.0000		876.518		2.765		4.520		2.212151		5.320
1.834		0.4457		0.0000		876.515		2.768		4.585		2.228675		5.360
1.860		0.4489		0.0000		876.511		2.771		4.650		2.244511		5.400
1.888		0.4522		0.0000		876.508		2.775		4.720		2.261034		5.440
1.916		0.4554		0.0000		876.505		2.778		4.790		2.276870		5.480
1.942		0.4585		0.0000		876.502		2.781		4.855		2.292706		5.520
1.970		0.4618		0.0000		876.499		2.784		4.925		2.309229		5.560
1.998		0.4656		0.0000		876.495		2.788		4.995		2.327819		5.600
2.028		0.4693		0.0000		876.491		2.792		5.070		2.346408		5.640
2.062		0.4727		0.0000		876.488		2.795		5.155		2.363621		5.680
2.094		0.4759		0.0000		876.484		2.798		5.235		2.379457		5.720
2.124		0.4791		0.0000		876.481		2.802		5.310		2.395293		5.760
2.150		0.4822		0.0000		876.478		2.805		5.375		2.411127		5.800
2.178		0.4855		0.0000		876.475		2.808		5.445		2.427652		5.840
2.206		0.4888		0.0000		876.472		2.811		5.515		2.444175		5.880
2.236		0.4920		0.0000		876.468		2.815		5.590		2.460011		5.920
2.264		0.4952		0.0000		876.465		2.818		5.660		2.475847		5.960
2.292		0.4987		0.0000		876.462		2.821		5.730		2.493747		6.000
2.322		0.5025		0.0000		876.458		2.825		5.805		2.512337		6.040
2.354		0.5060		0.0000		876.454		2.829		5.885		2.530237		6.080
2.388		0.5092		0.0000		876.451		2.832		5.970		2.546073		6.120
2.420		0.5125		0.0000		876.448		2.835		6.050		2.562598		6.160
2.448		0.5157		0.0000		876.445		2.838		6.120		2.578433		6.200
2.476		0.5190		0.0000		876.441		2.842		6.190		2.594957		6.240
2.504		0.5223		0.0000		876.438		2.845		6.260		2.611481		6.280
2.532		0.5253		0.0000		876.435		2.848		6.330		2.626628		6.320
2.560		0.5286		0.0000		876.432		2.851		6.400		2.643152		6.360
2.588		0.5321		0.0000		876.428		2.855		6.470		2.660364		6.400
2.618		0.5358		0.0000		876.425		2.858		6.545		2.678953		6.440
2.648		0.5395		0.0000		876.421		2.862		6.620		2.697543		6.480
2.682		0.5427		0.0000		876.418		2.865		6.705		2.713379		6.520
2.714		0.5458		0.0000		876.415		2.868		6.785		2.729214		6.560
2.742		0.5491		0.0000		876.411		2.872		6.855		2.745738		6.600
2.768		0.5523		0.0000		876.408		2.875		6.920		2.761574		6.640
2.796		0.5556		0.0000		876.405		2.878		6.990		2.778097		6.680
2.824		0.5588		0.0000		876.402		2.881		7.060		2.793933		6.720
2.852		0.5620		0.0000		876.398		2.885		7.130		2.809769		6.760
2.880		0.5654		0.0000		876.395		2.888		7.200		2.826982		6.800
2.908		0.5690		0.0000		876.391		2.892		7.270		2.844882		6.840
2.938		0.5728		0.0000		876.388		2.895		7.345		2.864161		6.880
2.972		0.5761		0.0000		876.384		2.899		7.430		2.880684		6.920
3.004		0.5793		0.0000		876.381		2.902		7.510		2.896520		6.960
3.032		0.5826		0.0000		876.378		2.905		7.580		2.913043		7.000
3.058		0.5858		0.0000		876.375		2.908		7.645		2.928879		7.040
3.084		0.5889		0.0000		876.371		2.912		7.710		2.944715		7.080
3.112		0.5921		0.0000		876.368		2.915		7.780		2.960551		7.120
3.140		0.5954		0.0000		876.365		2.918		7.850		2.977074		7.160
3.166		0.5987		0.0000		876.362		2.921		7.915		2.993598		7.200
3.194		0.6023		0.0000		876.358		2.925		7.985		3.011500		7.240
3.224		0.6060		0.0000		876.354		2.929		8.060		3.030089		7.280
3.256		0.6096		0.0000		876.351		2.932		8.140		3.047990		7.320
3.288		0.6128		0.0000		876.348		2.935		8.220		3.063825		7.360
3.318		0.6159		0.0000		876.344		2.939		8.295		3.079661		7.400
3.344		0.6191		0.0000		876.341		2.942		8.360		3.095497		7.440
3.368		0.6224		0.0000		876.338		2.945		8.420		3.112020		7.480
3.396		0.6256		0.0000		876.335		2.948		8.490		3.127856		7.520
3.422		0.6289		0.0000		876.331		2.951		8.555		3.144380		7.560
3.448		0.6320		0.0000		876.328		2.955		8.620		3.160216		7.600
3.476		0.6356		0.0000		876.325		2.958		8.690		3.178116		7.640
3.502		0.6392		0.0000		876.321		2.962		8.755		3.196018		7.680
3.532		0.6428		0.0000		876.318		2.965		8.830		3.213918		7.720
3.564		0.6462		0.0000		876.314		2.969		8.910		3.231131		7.760
3.594		0.6494		0.0000		876.311		2.972		8.985		3.246967		7.800
3.622		0.6524		0.0000		876.308		2.975		9.055		3.262113		7.840
3.646		0.6557		0.0000		876.305		2.978		9.115		3.278637		7.880
3.672		0.6589		0.0000		876.301		2.981		9.180		3.294473		7.920
3.696		0.6622		0.0000		876.298		2.985		9.240		3.310997		7.960
3.722		0.6654		0.0000		876.295		2.988		9.305		3.326832		8.000
3.746		0.6688		0.0000		876.292		2.991		9.365		3.344045		8.040
3.770		0.6725		0.0000		876.288		2.995		9.425		3.362634		8.080
3.798		0.6762		0.0000		876.284		2.999		9.495		3.381224		8.120
3.830		0.6795		0.0000		876.281		3.002		9.575		3.397748		8.160
3.858		0.6827		0.0000		876.278		3.005		9.645		3.413583		8.200
3.884		0.6859		0.0000		876.274		3.008		9.710		3.429419		8.240
3.906		0.6892		0.0000		876.271		3.012		9.765		3.445942		8.280
3.930		0.6924		0.0000		876.268		3.015		9.825		3.461778		8.320
3.954		0.6957		0.0000		876.265		3.018		9.885		3.478303		8.360
3.976		0.6988		0.0000		876.262		3.021		9.940		3.494138		8.400
4.000		0.7021		0.0000		876.258		3.025		10.000		3.510662		8.440
4.024		0.7057		0.0000		876.255		3.028		10.060		3.528563		8.480
4.048		0.7094		0.0000		876.251		3.032		10.120		3.547152		8.520
4.076		0.7130		0.0000		876.247		3.036		10.190		3.565054		8.560
4.104		0.7162		0.0000		876.244		3.039		10.260		3.580889		8.600
4.128		0.7192		0.0000		876.241		3.042		10.320		3.596036		8.640
4.150		0.7226		0.0000		876.238		3.045		10.375		3.613249		8.680
4.172		0.7258		0.0000		876.235		3.048		10.430		3.629084		8.720
4.194		0.7290		0.0000		876.231		3.052		10.485		3.644919		8.760
4.214		0.7322		0.0000		876.228		3.055		10.535		3.660755		8.800
4.236		0.7355		0.0000		876.225		3.058		10.590		3.677279		8.840
4.256		0.7389		0.0000		876.221		3.061		10.640		3.694491		8.880
4.278		0.7426		0.0000		876.218		3.065		10.695		3.713081		8.920
4.304		0.7463		0.0000		876.214		3.069		10.760		3.731670		8.960
4.330		0.7495		0.0000		876.211		3.072		10.825		3.747506		9.000
4.354		0.7527		0.0000		876.208		3.075		10.885		3.763342		9.040
4.374		0.7560		0.0000		876.204		3.079		10.935		3.779866		9.080
4.392		0.7591		0.0000		876.201		3.082		10.980		3.795701		9.120
4.412		0.7624		0.0000		876.198		3.085		11.030		3.812225		9.160
4.430		0.7656		0.0000		876.195		3.088		11.075		3.828061		9.200
4.450		0.7688		0.0000		876.192		3.091		11.125		3.843896		9.240
4.468		0.7722		0.0000		876.188		3.095		11.170		3.861109		9.280
4.486		0.7758		0.0000		876.185		3.098		11.215		3.879009		9.320
4.508		0.7797		0.0000		876.181		3.102		11.270		3.898288		9.360
4.532		0.7830		0.0000		876.177		3.106		11.330		3.914812		9.400
4.556		0.7861		0.0000		876.174		3.109		11.390		3.930647		9.440
4.574		0.7893		0.0000		876.171		3.112		11.435		3.946482		9.480
4.590		0.7926		0.0000		876.168		3.115		11.475		3.963007		9.520
4.608		0.7958		0.0000		876.165		3.118		11.520		3.978842		9.560
4.624		0.7989		0.0000		876.161		3.122		11.560		3.994677		9.600
4.640		0.8022		0.0000		876.158		3.125		11.600		4.011202		9.640
4.656		0.8054		0.0000		876.155		3.128		11.640		4.027037		9.680
4.672		0.8090		0.0000		876.151		3.132		11.680		4.044938		9.720
4.690		0.8130		0.0000		876.147		3.136		11.725		4.064904		9.760
4.712		0.8164		0.0000		876.144		3.139		11.780		4.082117		9.800
4.734		0.8196		0.0000		876.141		3.142		11.835		4.097953		9.840
4.750		0.8228		0.0000		876.138		3.145		11.875		4.113788		9.880
4.764		0.8259		0.0000		876.134		3.149		11.910		4.129623		9.920
4.778		0.8292		0.0000		876.131		3.152		11.945		4.146148		9.960
4.792		0.8324		0.0000		876.128		3.155		11.980		4.161983		10.000
4.804		0.8356		0.0000		876.125		3.158		12.010		4.177818		10.040
4.818		0.8389		0.0000		876.122		3.161		12.045		4.194342		10.080
4.830		0.8423		0.0000		876.118		3.165		12.075		4.211555		10.120
4.844		0.8462		0.0000		876.114		3.169		12.110		4.230833		10.160
4.862		0.8497		0.0000		876.111		3.172		12.155		4.248734		10.200
4.882		0.8531		0.0000		876.107		3.176		12.205		4.265258		10.240
4.896		0.8562		0.0000		876.104		3.179		12.240		4.281094		10.280
4.908		0.8592		0.0000		876.101		3.182		12.270		4.296241		10.320
4.920		0.8627		0.0000		876.098		3.185		12.300		4.313454		10.360
4.932		0.8659		0.0000		876.095		3.188		12.330		4.329288		10.400
4.944		0.8689		0.0000		876.091		3.191		12.360		4.344436		10.440
4.954		0.8722		0.0000		876.088		3.195		12.385		4.360960		10.480
4.966		0.8756		0.0000		876.085		3.198		12.415		4.378172		10.520
4.978		0.8794		0.0000		876.081		3.202		12.445		4.396762		10.560
4.992		0.8831		0.0000		876.077		3.206		12.480		4.415351		10.600
5.010		0.8864		0.0000		876.074		3.209		12.525		4.431875		10.640
5.026		0.8894		0.0000		876.071		3.212		12.565		4.447021		10.680
5.036		0.8927		0.0000		876.068		3.215		12.590		4.463546		10.720
5.044		0.8960		0.0000		876.064		3.219		12.610		4.480070		10.760
5.054		0.8992		0.0000		876.061		3.222		12.635		4.495906		10.800
5.064		0.9023		0.0000		876.058		3.225		12.660		4.511742		10.840
5.074		0.9055		0.0000		876.055		3.228		12.685		4.527576		10.880
5.082		0.9090		0.0000		876.051		3.232		12.705		4.544788		10.920
5.092		0.9125		0.0000		876.048		3.235		12.730		4.562690		10.960
5.104		0.9164		0.0000		876.044		3.239		12.760		4.581967		11.000
5.118		0.9198		0.0000		876.041		3.242		12.795		4.599180		11.040
5.134		0.9230		0.0000		876.037		3.246		12.835		4.615016		11.080
5.144		0.9260		0.0000		876.034		3.249		12.860		4.630163		11.120
5.152		0.9293		0.0000		876.031		3.252		12.880		4.646688		11.160
5.158		0.9326		0.0000		876.028		3.255		12.895		4.663211		11.200
5.166		0.9358		0.0000		876.025		3.258		12.915		4.679047		11.240
5.174		0.9390		0.0000		876.021		3.262		12.935		4.694881		11.280
5.182		0.9421		0.0000		876.018		3.265		12.955		4.710717		11.320
5.190		0.9457		0.0000		876.015		3.268		12.975		4.728619		11.360
5.200		0.9496		0.0000		876.011		3.272		13.000		4.747896		11.400
5.212		0.9533		0.0000		876.007		3.276		13.030		4.766486		11.440
5.228		0.9565		0.0000		876.004		3.279		13.070		4.782321		11.480
5.238		0.9595		0.0000		876.001		3.282		13.095		4.797468		11.520
5.244		0.9628		0.0000		875.998		3.285		13.110		4.813993		11.560
5.250		0.9660		0.0000		875.994		3.289		13.125		4.829827		11.600
5.258		0.9693		0.0000		875.991		3.292		13.145		4.846353		11.640
5.264		0.9724		0.0000		875.988		3.295		13.160		4.862187		11.680
5.270		0.9756		0.0000		875.985		3.298		13.175		4.878023		11.720
5.276		0.9789		0.0000		875.981		3.301		13.190		4.894547		11.760
5.284		0.9828		0.0000		875.978		3.305		13.210		4.913825		11.800
5.294		0.9865		0.0000		875.974		3.309		13.235		4.932414		11.840
5.306		0.9898		0.0000		875.971		3.312		13.265		4.948938		11.880
5.318		0.9930		0.0000		875.967		3.316		13.295		4.964774		11.920
5.324		0.9961		0.0000		875.964		3.319		13.310		4.980609		11.960
5.328		0.9994		0.0000		875.961		3.322		13.320		4.997133		12.000
5.334		1.0026		0.0000		875.958		3.325		13.335		5.012969		12.040
5.340		1.0058		0.0000		875.955		3.328		13.350		5.028805		12.080
5.344		1.0088		0.0000		875.952		3.331		13.360		5.043951		12.120
5.348		1.0122		0.0000		875.948		3.335		13.370		5.061164		12.160
5.354		1.0160		0.0000		875.944		3.339		13.385		5.079753		12.200
5.362		1.0198		0.0000		875.941		3.342		13.405		5.099032		12.240
5.374		1.0232		0.0000		875.937		3.346		13.435		5.116244		12.280
5.384		1.0264		0.0000		875.934		3.349		13.460		5.132079		12.320
5.390		1.0296		0.0000		875.931		3.352		13.475		5.147915		12.360
5.392		1.0328		0.0000		875.928		3.355		13.480		5.163751		12.400
5.396		1.0359		0.0000		875.924		3.359		13.490		5.179586		12.440
5.400		1.0392		0.0000		875.921		3.362		13.500		5.196110		12.480
5.404		1.0424		0.0000		875.918		3.365		13.510		5.211946		12.520
5.408		1.0456		0.0000		875.915		3.368		13.520		5.227781		12.560
5.412		1.0491		0.0000		875.911		3.372		13.530		5.245682		12.600
5.420		1.0530		0.0000		875.907		3.376		13.550		5.264960		12.640
5.430		1.0566		0.0000		875.904		3.379		13.575		5.282861		12.680
5.440		1.0599		0.0000		875.901		3.382		13.600		5.299385		12.720
5.448		1.0629		0.0000		875.897		3.385		13.620		5.314532		12.760
5.450		1.0662		0.0000		875.894		3.389		13.625		5.331056		12.800
5.454		1.0694		0.0000		875.891		3.392		13.635		5.346892		12.840
5.456		1.0725		0.0000		875.888		3.395		13.640		5.362726		12.880
5.460		1.0757		0.0000		875.885		3.398		13.650		5.378562		12.920
5.464		1.0790		0.0000		875.881		3.402		13.660		5.395087		12.960
5.468		1.0825		0.0000		875.878		3.405		13.670		5.412298		13.000
5.472		1.0862		0.0000		875.874		3.409		13.680		5.430888		13.040
5.482		1.0900		0.0000		875.870		3.413		13.705		5.450167		13.080
5.494		1.0933		0.0000		875.867		3.416		13.735		5.466690		13.120
5.502		1.0964		0.0000		875.864		3.419		13.755		5.481838		13.160
5.506		1.0995		0.0000		875.861		3.422		13.765		5.497673		13.200
5.508		1.1028		0.0000		875.858		3.425		13.770		5.514197		13.240
5.512		1.1060		0.0000		875.854		3.429		13.780		5.530032		13.280
5.514		1.1092		0.0000		875.851		3.432		13.785		5.545868		13.320
5.518		1.1123		0.0000		875.848		3.435		13.795		5.561704		13.360
5.520		1.1156		0.0000		875.845		3.438		13.800		5.578227		13.400
5.524		1.1194		0.0000		875.841		3.442		13.810		5.596817		13.440
5.530		1.1232		0.0000		875.837		3.446		13.825		5.616095		13.480
5.540		1.1265		0.0000		875.834		3.449		13.850		5.632619		13.520
5.550		1.1298		0.0000		875.831		3.452		13.875		5.649143		13.560
5.554		1.1330		0.0000		875.827		3.456		13.885		5.664978		13.600
5.556		1.1362		0.0000		875.824		3.459		13.890		5.680814		13.640
5.560		1.1395		0.0000		875.821		3.462		13.900		5.697339		13.680
5.562		1.1425		0.0000		875.818		3.465		13.905		5.712485		13.720
5.566		1.1458		0.0000		875.815		3.468		13.915		5.729009		13.760
5.568		1.1490		0.0000		875.811		3.472		13.920		5.744844		13.800
5.572		1.1525		0.0000		875.808		3.475		13.930		5.762745		13.840
5.576		1.1564		0.0000		875.804		3.479		13.940		5.782023		13.880
5.586		1.1601		0.0000		875.800		3.483		13.965		5.800613		13.920
5.596		1.1632		0.0000		875.797		3.486		13.990		5.815760		13.960
5.602		1.1663		0.0000		875.794		3.489		14.005		5.831595		14.000
5.604		1.1696		0.0000		875.791		3.492		14.010		5.848119		14.040
5.606		1.1728		0.0000		875.788		3.495		14.015		5.863955		14.080
5.608		1.1760		0.0000		875.784		3.499		14.020		5.879791		14.120
5.612		1.1791		0.0000		875.781		3.502		14.030		5.895627		14.160
5.614		1.1824		0.0000		875.778		3.505		14.035		5.912150		14.200
5.618		1.1857		0.0000		875.775		3.508		14.045		5.928674		14.240
5.622		1.1895		0.0000		875.771		3.512		14.055		5.947263		14.280
5.630		1.1933		0.0000		875.767		3.516		14.075		5.966542		14.320
5.640		1.1966		0.0000		875.764		3.519		14.100		5.983066		14.360
5.648		1.1998		0.0000		875.761		3.522		14.120		5.998901		14.400
5.652		1.2029		0.0000		875.757		3.526		14.130		6.014737		14.440
5.654		1.2063		0.0000		875.754		3.529		14.135		6.031260		14.480
5.656		1.2094		0.0000		875.751		3.532		14.140		6.047096		14.520
5.658		1.2126		0.0000		875.748		3.535		14.145		6.062932		14.560
5.660		1.2158		0.0000		875.745		3.538		14.150		6.078767		14.600
5.664		1.2191		0.0000		875.741		3.542		14.160		6.095291		14.640
5.666		1.2228		0.0000		875.738		3.545		14.165		6.113881		14.680
5.674		1.2268		0.0000		875.734		3.549		14.185		6.133847		14.720
5.684		1.2301		0.0000		875.730		3.553		14.210		6.150371		14.760
5.694		1.2331		0.0000		875.727		3.556		14.235		6.165518		14.800
5.698		1.2364		0.0000		875.724		3.559		14.245		6.182042		14.840
5.700		1.2396		0.0000		875.721		3.562		14.250		6.197877		14.880
5.702		1.2427		0.0000		875.718		3.565		14.255		6.213713		14.920
5.704		1.2460		0.0000		875.714		3.569		14.260		6.230237		14.960
5.706		1.2492		0.0000		875.711		3.572		14.265		6.246072		15.000
5.708		1.2524		0.0000		875.708		3.575		14.270		6.261908		15.040
5.710		1.2560		0.0000		875.704		3.579		14.275		6.279809		15.080
5.716		1.2600		0.0000		875.700		3.583		14.290		6.299776		15.120
5.724		1.2634		0.0000		875.697		3.586		14.310		6.316988		15.160
5.734		1.2666		0.0000		875.694		3.589		14.335		6.332823		15.200
5.740		1.2697		0.0000		875.691		3.592		14.350		6.348659		15.240
5.742		1.2730		0.0000		875.687		3.596		14.355		6.365184		15.280
5.744		1.2762		0.0000		875.684		3.599		14.360		6.381018		15.320
5.746		1.2794		0.0000		875.681		3.602		14.365		6.396854		15.360
5.748		1.2825		0.0000		875.678		3.605		14.370		6.412690		15.400
5.748		1.2857		0.0000		875.675		3.608		14.370		6.428525		15.440
5.750		1.2893		0.0000		875.671		3.612		14.375		6.446426		15.480
5.754		1.2931		0.0000		875.667		3.616		14.385		6.465704		15.520
5.762		1.2969		0.0000		875.664		3.619		14.405		6.484294		15.560
5.772		1.3000		0.0000		875.660		3.623		14.430		6.500129		15.600
5.778		1.3032		0.0000		875.657		3.626		14.445		6.515965		15.640
5.780		1.3064		0.0000		875.654		3.629		14.450		6.531800		15.680
5.780		1.3097		0.0000		875.651		3.632		14.450		6.548324		15.720
5.784		1.3128		0.0000		875.648		3.635		14.460		6.564159		15.760
5.784		1.3160		0.0000		875.644		3.639		14.460		6.579995		15.800
5.786		1.3192		0.0000		875.641		3.642		14.465		6.595831		15.840
5.788		1.3225		0.0000		875.638		3.645		14.470		6.612354		15.880
5.790		1.3262		0.0000		875.634		3.649		14.475		6.630944		15.920
5.794		1.3300		0.0000		875.630		3.653		14.485		6.650223		15.960
5.804		1.3335		0.0000		875.627		3.656		14.510		6.667434		16.000
5.812		1.3367		0.0000		875.624		3.659		14.530		6.683270		16.040
5.814		1.3398		0.0000		875.621		3.662		14.535		6.699105		16.080
5.814		1.3430		0.0000		875.617		3.666		14.535		6.714941		16.120
5.816		1.3462		0.0000		875.614		3.669		14.540		6.730777		16.160
5.816		1.3493		0.0000		875.611		3.672		14.540		6.746612		16.200
5.818		1.3525		0.0000		875.608		3.675		14.545		6.762447		16.240
5.818		1.3558		0.0000		875.605		3.678		14.545		6.778971		16.280
5.820		1.3594		0.0000		875.601		3.682		14.550		6.796873		16.320
5.824		1.3632		0.0000		875.597		3.686		14.560		6.816150		16.360
5.832		1.3669		0.0000		875.593		3.690		14.580		6.834740		16.400
5.842		1.3700		0.0000		875.590		3.693		14.605		6.849887		16.440
5.848		1.3731		0.0000		875.587		3.696		14.620		6.865722		16.480
5.848		1.3764		0.0000		875.584		3.699		14.620		6.882247		16.520
5.848		1.3796		0.0000		875.581		3.702		14.620		6.898083		16.560
5.850		1.3828		0.0000		875.578		3.705		14.625		6.913917		16.600
5.850		1.3860		0.0000		875.574		3.709		14.625		6.929753		16.640
5.852		1.3893		0.0000		875.571		3.712		14.630		6.946277		16.680
5.854		1.3926		0.0000		875.568		3.715		14.635		6.962801		16.720
5.856		1.3964		0.0000		875.564		3.719		14.640		6.982079		16.760
5.862		1.4003		0.0000		875.560		3.723		14.655		7.001357		16.800
5.872		1.4034		0.0000		875.557		3.726		14.680		7.017193		16.840
5.878		1.4066		0.0000		875.554		3.729		14.695		7.033028		16.880
5.878		1.4098		0.0000		875.551		3.732		14.695		7.048863		16.920
5.878		1.4129		0.0000		875.547		3.736		14.695		7.064699		16.960
5.880		1.4161		0.0000		875.544		3.739		14.700		7.080535		17.000
5.880		1.4193		0.0000		875.541		3.742		14.700		7.096371		17.040
5.882		1.4226		0.0000		875.538		3.745		14.705		7.112894		17.080
5.882		1.4257		0.0000		875.535		3.748		14.705		7.128730		17.120
5.884		1.4296		0.0000		875.531		3.752		14.710		7.148007		17.160
5.888		1.4336		0.0000		875.527		3.756		14.720		7.167974		17.200
5.898		1.4369		0.0000		875.523		3.759		14.745		7.184498		17.240
5.904		1.4399		0.0000		875.520		3.763		14.760		7.199645		17.280
5.906		1.4432		0.0000		875.517		3.766		14.765		7.216168		17.320
5.906		1.4464		0.0000		875.514		3.769		14.765		7.232004		17.360
5.906		1.4496		0.0000		875.511		3.772		14.765		7.247840		17.400
5.908		1.4527		0.0000		875.508		3.775		14.770		7.263676		17.440
5.908		1.4560		0.0000		875.504		3.779		14.770		7.280200		17.480
5.908		1.4592		0.0000		875.501		3.782		14.770		7.296035		17.520
5.910		1.4628		0.0000		875.498		3.785		14.775		7.313936		17.560
5.914		1.4668		0.0000		875.494		3.789		14.785		7.333902		17.600
5.920		1.4702		0.0000		875.490		3.793		14.800		7.351115		17.640
5.930		1.4734		0.0000		875.487		3.796		14.825		7.366951		17.680
5.934		1.4766		0.0000		875.484		3.799		14.835		7.382786		17.720
5.934		1.4799		0.0000		875.481		3.802		14.835		7.399310		17.760
5.934		1.4830		0.0000		875.477		3.806		14.835		7.415146		17.800
5.934		1.4862		0.0000		875.474		3.809		14.835		7.430982		17.840
5.936		1.4894		0.0000		875.471		3.812		14.840		7.446816		17.880
5.936		1.4925		0.0000		875.468		3.815		14.840		7.462652		17.920
5.938		1.4961		0.0000		875.464		3.819		14.845		7.480554		17.960
5.940		1.5000		0.0000		875.460		3.823		14.850		7.499831		18.000
5.948		1.5037		0.0000		875.457		3.826		14.870		7.518420		18.040
5.958		1.5069		0.0000		875.454		3.829		14.895		7.534256		18.080
5.962		1.5100		0.0000		875.450		3.833		14.905		7.550092		18.120
5.964		1.5132		0.0000		875.447		3.836		14.910		7.565928		18.160
5.964		1.5164		0.0000		875.444		3.839		14.910		7.581762		18.200
5.964		1.5195		0.0000		875.441		3.842		14.910		7.597598		18.240
5.966		1.5228		0.0000		875.438		3.845		14.915		7.614121		18.280
5.966		1.5260		0.0000		875.434		3.849		14.915		7.629957		18.320
5.968		1.5293		0.0000		875.431		3.852		14.920		7.646482		18.360
5.970		1.5330		0.0000		875.427		3.856		14.925		7.665071		18.400
5.974		1.5369		0.0000		875.424		3.859		14.935		7.684349		18.440
5.984		1.5402		0.0000		875.420		3.863		14.960		7.700872		18.480
5.992		1.5435		0.0000		875.417		3.866		14.980		7.717397		18.520
5.994		1.5466		0.0000		875.414		3.869		14.985		7.733233		18.560
5.994		1.5498		0.0000		875.411		3.872		14.985		7.749067		18.600
5.994		1.5530		0.0000		875.407		3.876		14.985		7.764903		18.640
5.996		1.5561		0.0000		875.404		3.879		14.990		7.780739		18.680
5.996		1.5593		0.0000		875.401		3.882		14.990		7.796575		18.720
5.998		1.5626		0.0000		875.398		3.885		14.995		7.813098		18.760
5.998		1.5663		0.0000		875.394		3.889		14.995		7.831688		18.800
6.002		1.5702		0.0000		875.390		3.893		15.005		7.850966		18.840
6.010		1.5736		0.0000		875.387		3.896		15.025		7.868179		18.880
6.020		1.5768		0.0000		875.384		3.899		15.050		7.884014		18.920
6.022		1.5800		0.0000		875.380		3.903		15.055		7.899849		18.960
6.022		1.5831		0.0000		875.377		3.906		15.055		7.915685		19.000
6.024		1.5864		0.0000		875.374		3.909		15.060		7.932209		19.040
6.026		1.5896		0.0000		875.371		3.912		15.065		7.948045		19.080
6.026		1.5928		0.0000		875.368		3.915		15.065		7.963881		19.120
6.026		1.5959		0.0000		875.364		3.919		15.065		7.979716		19.160
6.028		1.5995		0.0000		875.361		3.922		15.070		7.997617		19.200
6.030		1.6032		0.0000		875.357		3.926		15.075		8.016206		19.240
6.036		1.6071		0.0000		875.353		3.930		15.090		8.035484		19.280
6.044		1.6103		0.0000		875.350		3.933		15.110		8.051319		19.320
6.050		1.6134		0.0000		875.347		3.936		15.125		8.067155		19.360
6.048		1.6166		0.0000		875.344		3.939		15.120		8.082991		19.400
6.048		1.6198		0.0000		875.341		3.942		15.120		8.098826		19.440
6.050		1.6229		0.0000		875.337		3.946		15.125		8.114661		19.480
6.050		1.6261		0.0000		875.334		3.949		15.125		8.130497		19.520
6.050		1.6294		0.0000		875.331		3.952		15.125		8.147021		19.560
6.052		1.6327		0.0000		875.328		3.955		15.130		8.163546		19.600
6.052		1.6366		0.0000		875.324		3.959		15.130		8.182822		19.640
6.058		1.6404		0.0000		875.320		3.963		15.145		8.202101		19.680
6.066		1.6437		0.0000		875.317		3.966		15.165		8.218624		19.720
6.074		1.6468		0.0000		875.314		3.969		15.185		8.233772		19.760
6.074		1.6499		0.0000		875.310		3.973		15.185		8.249607		19.800
6.074		1.6532		0.0000		875.307		3.976		15.185		8.266132		19.840
6.074		1.6564		0.0000		875.304		3.979		15.185		8.281966		19.880
6.074		1.6596		0.0000		875.301		3.982		15.185		8.297802		19.920
6.076		1.6627		0.0000		875.298		3.985		15.190		8.313638		19.960
6.076		1.6660		0.0000		875.294		3.989		15.190		8.330162		20.000
6.078		1.6696		0.0000		875.291		3.992		15.195		8.348063		20.040
6.082		1.6736		0.0000		875.287		3.996		15.205		8.368030		20.080
6.090		1.6770		0.0000		875.283		4.000		15.225		8.385242		20.120
6.098		1.6802		0.0000		875.280		4.003		15.245		8.401078		20.160
6.102		1.6834		0.0000		875.277		4.006		15.255		8.416914		20.200
6.102		1.6865		0.0000		875.274		4.009		15.255		8.432750		20.240
6.102		1.6899		0.0000		875.271		4.012		15.255		8.449272		20.280
6.102		1.6930		0.0000		875.267		4.016		15.255		8.465108		20.320
6.102		1.6962		0.0000		875.264		4.019		15.255		8.480944		20.360
6.102		1.6994		0.0000		875.261		4.022		15.255		8.496779		20.400
6.102		1.7029		0.0000		875.257		4.026		15.255		8.514680		20.440
6.104		1.7068		0.0000		875.254		4.029		15.260		8.533958		20.480
6.112		1.7105		0.0000		875.250		4.033		15.280		8.552547		20.520
6.120		1.7135		0.0000		875.247		4.036		15.300		8.567695		20.560
6.126		1.7167		0.0000		875.244		4.039		15.315		8.583530		20.600
6.126		1.7200		0.0000		875.240		4.043		15.315		8.600055		20.640
6.126		1.7232		0.0000		875.237		4.046		15.315		8.615889		20.680
6.126		1.7263		0.0000		875.234		4.049		15.315		8.631724		20.720
6.128		1.7295		0.0000		875.231		4.052		15.320		8.647560		20.760
6.128		1.7328		0.0000		875.228		4.055		15.320		8.664084		20.800
6.128		1.7361		0.0000		875.224		4.059		15.320		8.680610		20.840
6.130		1.7400		0.0000		875.220		4.063		15.325		8.699885		20.880
6.136		1.7438		0.0000		875.217		4.066		15.340		8.719164		20.920
6.144		1.7470		0.0000		875.213		4.070		15.360		8.735000		20.960
6.150		1.7502		0.0000		875.210		4.073		15.375		8.750835		21.000
6.152		1.7533		0.0000		875.207		4.076		15.380		8.766671		21.040
6.152		1.7566		0.0000		875.204		4.079		15.380		8.783194		21.080
6.152		1.7598		0.0000		875.201		4.082		15.380		8.799029		21.120
6.154		1.7630		0.0000		875.197		4.086		15.385		8.814865		21.160
6.154		1.7661		0.0000		875.194		4.089		15.385		8.830701		21.200
6.154		1.7694		0.0000		875.191		4.092		15.385		8.847226		21.240
6.156		1.7732		0.0000		875.187		4.096		15.390		8.865815		21.280
6.160		1.7772		0.0000		875.183		4.100		15.400		8.885780		21.320
6.168		1.7805		0.0000		875.180		4.103		15.420		8.902306		21.360
6.176		1.7836		0.0000		875.177		4.106		15.440		8.918141		21.400
6.178		1.7868		0.0000		875.174		4.109		15.445		8.933977		21.440
6.178		1.7900		0.0000		875.170		4.113		15.445		8.949813		21.480
6.178		1.7931		0.0000		875.167		4.116		15.445		8.965649		21.520
6.178		1.7964		0.0000		875.164		4.119		15.445		8.982171		21.560
6.178		1.7996		0.0000		875.161		4.122		15.445		8.998007		21.600
6.178		1.8028		0.0000		875.158		4.125		15.445		9.013843		21.640
6.180		1.8063		0.0000		875.154		4.129		15.450		9.031743		21.680
6.182		1.8102		0.0000		875.150		4.133		15.455		9.051022		21.720
6.190		1.8138		0.0000		875.147		4.136		15.475		9.068922		21.760
6.200		1.8171		0.0000		875.143		4.140		15.500		9.085446		21.800
6.204		1.8203		0.0000		875.140		4.143		15.510		9.101282		21.840
6.204		1.8234		0.0000		875.137		4.146		15.510		9.117118		21.880
6.204		1.8266		0.0000		875.134		4.149		15.510		9.132954		21.920
6.204		1.8298		0.0000		875.131		4.152		15.510		9.148789		21.960
6.204		1.8329		0.0000		875.127		4.156		15.510		9.164623		22.000
6.204		1.8361		0.0000		875.124		4.159		15.510		9.180459		22.040
6.204		1.8395		0.0000		875.121		4.162		15.510		9.197673		22.080
6.206		1.8434		0.0000		875.117		4.166		15.515		9.216951		22.120
6.212		1.8472		0.0000		875.113		4.170		15.530		9.236227		22.160
6.222		1.8504		0.0000		875.110		4.173		15.555		9.252063		22.200
6.230		1.8536		0.0000		875.107		4.176		15.575		9.267899		22.240
6.230		1.8567		0.0000		875.104		4.179		15.575		9.283734		22.280
6.230		1.8601		0.0000		875.100		4.183		15.575		9.300260		22.320
6.230		1.8632		0.0000		875.097		4.186		15.575		9.316095		22.360
6.230		1.8664		0.0000		875.094		4.189		15.575		9.331928		22.400
6.230		1.8696		0.0000		875.091		4.192		15.575		9.347764		22.440
6.230		1.8729		0.0000		875.088		4.195		15.575		9.364289		22.480
6.230		1.8766		0.0000		875.084		4.199		15.575		9.382878		22.520
6.234		1.8804		0.0000		875.080		4.203		15.585		9.402157		22.560
6.242		1.8839		0.0000		875.076		4.206		15.605		9.419369		22.600
6.250		1.8872		0.0000		875.073		4.210		15.625		9.435893		22.640
6.254		1.8903		0.0000		875.070		4.213		15.635		9.451729		22.680
6.252		1.8934		0.0000		875.067		4.216		15.630		9.466876		22.720
6.252		1.8965		0.0000		875.064		4.219		15.630		9.482712		22.760
6.252		1.8997		0.0000		875.061		4.222		15.630		9.498548		22.800
6.252		1.9029		0.0000		875.057		4.225		15.630		9.514383		22.840
6.252		1.9062		0.0000		875.054		4.229		15.630		9.530906		22.880
6.252		1.9098		0.0000		875.051		4.232		15.630		9.548806		22.920
6.254		1.9138		0.0000		875.047		4.236		15.635		9.568773		22.960
6.260		1.9173		0.0000		875.043		4.240		15.650		9.586674		23.000
6.270		1.9205		0.0000		875.040		4.243		15.675		9.602509		23.040
6.272		1.9235		0.0000		875.037		4.246		15.680		9.617657		23.080
6.272		1.9268		0.0000		875.034		4.249		15.680		9.634181		23.120
6.270		1.9301		0.0000		875.030		4.253		15.675		9.650706		23.160
6.270		1.9332		0.0000		875.027		4.256		15.675		9.665853		23.200
6.270		1.9365		0.0000		875.024		4.259		15.675		9.682375		23.240
6.270		1.9395		0.0000		875.021		4.262		15.675		9.697522		23.280
6.270		1.9431		0.0000		875.017		4.266		15.675		9.715425		23.320
6.272		1.9468		0.0000		875.014		4.269		15.680		9.734015		23.360
6.278		1.9507		0.0000		875.010		4.273		15.695		9.753290		23.400
6.286		1.9540		0.0000		875.006		4.277		15.715		9.769815		23.440
6.292		1.9570		0.0000		875.003		4.280		15.730		9.784962		23.480
6.292		1.9602		0.0000		875.000		4.283		15.730		9.800797		23.520
6.292		1.9635		0.0000		874.997		4.286		15.730		9.817323		23.560
6.292		1.9666		0.0000		874.994		4.289		15.730		9.833158		23.600
6.292		1.9698		0.0000		874.991		4.292		15.730		9.848994		23.640
6.292		1.9730		0.0000		874.987		4.296		15.730		9.864827		23.680
6.292		1.9763		0.0000		874.984		4.299		15.730		9.881352		23.720
6.292		1.9800		0.0000		874.980		4.303		15.730		9.899941		23.760
6.296		1.9838		0.0000		874.977		4.306		15.740		9.919220		23.800
6.306		1.9873		0.0000		874.973		4.310		15.765		9.936432		23.840
6.314		1.9905		0.0000		874.970		4.313		15.785		9.952268		23.880
6.316		1.9936		0.0000		874.967		4.316		15.790		9.968103		23.920
6.314		1.9968		0.0000		874.964		4.319		15.785		9.983939		23.960
6.314		2.0000		0.0000		874.960		4.323		15.785		9.999775		24.000
6.314		2.0033		0.0000		874.957		4.326		15.785		10.016299		24.040
6.314		2.0063		0.0000		874.954		4.329		15.785		10.031446		24.080
6.314		2.0096		0.0000		874.951		4.332		15.785		10.047969		24.120
6.314		2.0133		0.0000		874.947		4.336		15.785		10.066558		24.160
6.316		2.0172		0.0000		874.943		4.340		15.790		10.085836		24.200
6.324		2.0207		0.0000		874.940		4.343		15.810		10.103737		24.240
6.332		2.0239		0.0000		874.936		4.347		15.830		10.119573		24.280
6.338		2.0269		0.0000		874.933		4.350		15.845		10.134720		24.320
6.338		2.0302		0.0000		874.930		4.353		15.845		10.151244		24.360
6.336		2.0334		0.0000		874.927		4.356		15.840		10.167080		24.400
6.336		2.0366		0.0000		874.924		4.359		15.840		10.182916		24.440
6.336		2.0398		0.0000		874.921		4.362		15.840		10.198751		24.480
6.336		2.0429		0.0000		874.917		4.366		15.840		10.214587		24.520
6.336		2.0465		0.0000		874.914		4.369		15.840		10.232488		24.560
6.338		2.0502		0.0000		874.910		4.373		15.845		10.251078		24.600
6.344		2.0542		0.0000		874.906		4.377		15.860		10.271043		24.640
6.354		2.0572		0.0000		874.903		4.380		15.885		10.286192		24.680
6.360		2.0604		0.0000		874.900		4.383		15.900		10.302025		24.720
6.360		2.0637		0.0000		874.897		4.386		15.900		10.318550		24.760
6.358		2.0669		0.0000		874.893		4.389		15.895		10.334386		24.800
6.358		2.0699		0.0000		874.890		4.392		15.895		10.349532		24.840
6.358		2.0732		0.0000		874.887		4.396		15.895		10.366057		24.880
6.358		2.0764		0.0000		874.884		4.399		15.895		10.381893		24.920
6.358		2.0797		0.0000		874.881		4.402		15.895		10.398416		24.960
6.358		2.0834		0.0000		874.877		4.406		15.895		10.417005		25.000
6.362		2.0874		0.0000		874.873		4.410		15.905		10.436973		25.040
6.370		2.0907		0.0000		874.870		4.413		15.925		10.453497		25.080
6.378		2.0939		0.0000		874.867		4.416		15.945		10.469331		25.120
6.380		2.0970		0.0000		874.863		4.420		15.950		10.485167		25.160
6.378		2.1003		0.0000		874.860		4.423		15.945		10.501691		25.200
6.378		2.1035		0.0000		874.857		4.426		15.945		10.517527		25.240
6.378		2.1067		0.0000		874.854		4.429		15.945		10.533362		25.280
6.378		2.1097		0.0000		874.851		4.432		15.945		10.548510		25.320
6.378		2.1129		0.0000		874.848		4.435		15.945		10.564345		25.360
6.378		2.1167		0.0000		874.844		4.439		15.945		10.583624		25.400
6.380		2.1204		0.0000		874.840		4.443		15.950		10.602213		25.440
6.388		2.1242		0.0000		874.836		4.447		15.970		10.620803		25.480
6.398		2.1273		0.0000		874.833		4.450		15.995		10.636636		25.520
6.402		2.1305		0.0000		874.830		4.453		16.005		10.652472		25.560
6.400		2.1337		0.0000		874.827		4.456		16.000		10.668307		25.600
6.400		2.1368		0.0000		874.824		4.459		16.000		10.684143		25.640
6.400		2.1400		0.0000		874.820		4.463		16.000		10.699979		25.680
6.400		2.1432		0.0000		874.817		4.466		16.000		10.715815		25.720
6.400		2.1465		0.0000		874.814		4.469		16.000		10.732340		25.760
6.400		2.1499		0.0000		874.810		4.472		16.000		10.749551		25.800
6.402		2.1538		0.0000		874.807		4.476		16.005		10.768829		25.840
6.408		2.1575		0.0000		874.803		4.480		16.020		10.787419		25.880
6.418		2.1607		0.0000		874.800		4.483		16.045		10.803255		25.920
6.424		2.1640		0.0000		874.796		4.487		16.060		10.819777		25.960
6.424		2.1671		0.0000		874.793		4.490		16.060		10.835613		26.000
6.422		2.1703		0.0000		874.790		4.493		16.055		10.851449		26.040
6.422		2.1733		0.0000		874.787		4.496		16.055		10.866595		26.080
6.422		2.1765		0.0000		874.784		4.499		16.055		10.882431		26.120
6.422		2.1798		0.0000		874.781		4.502		16.055		10.898956		26.160
6.420		2.1830		0.0000		874.777		4.506		16.050		10.914792		26.200
6.420		2.1870		0.0000		874.773		4.510		16.050		10.934757		26.240
6.424		2.1908		0.0000		874.770		4.513		16.060		10.954036		26.280
6.434		2.1942		0.0000		874.766		4.517		16.085		10.971247		26.320
6.440		2.1973		0.0000		874.763		4.520		16.100		10.986396		26.360
6.440		2.2004		0.0000		874.760		4.523		16.100		11.002230		26.400
6.438		2.2036		0.0000		874.757		4.526		16.095		11.018065		26.440
6.438		2.2069		0.0000		874.753		4.530		16.095		11.034590		26.480
6.438		2.2099		0.0000		874.750		4.533		16.095		11.049737		26.520
6.438		2.2131		0.0000		874.747		4.536		16.095		11.065573		26.560
6.436		2.2163		0.0000		874.744		4.539		16.090		11.081409		26.600
6.436		2.2200		0.0000		874.740		4.543		16.090		11.099998		26.640
6.438		2.2240		0.0000		874.736		4.547		16.095		11.119963		26.680
6.446		2.2276		0.0000		874.733		4.550		16.115		11.137866		26.720
6.456		2.2307		0.0000		874.730		4.553		16.140		11.153702		26.760
6.458		2.2339		0.0000		874.726		4.556		16.145		11.169535		26.800
6.456		2.2371		0.0000		874.723		4.560		16.140		11.185370		26.840
6.454		2.2402		0.0000		874.720		4.563		16.135		11.201206		26.880
6.454		2.2434		0.0000		874.717		4.566		16.135		11.217042		26.920
6.454		2.2466		0.0000		874.714		4.569		16.135		11.232878		26.960
6.452		2.2497		0.0000		874.711		4.572		16.130		11.248713		27.000
6.452		2.2533		0.0000		874.707		4.576		16.130		11.266614		27.040
6.454		2.2570		0.0000		874.703		4.580		16.135		11.285204		27.080
6.460		2.2609		0.0000		874.699		4.583		16.150		11.304482		27.120
6.470		2.2641		0.0000		874.696		4.587		16.175		11.320318		27.160
6.476		2.2672		0.0000		874.693		4.590		16.190		11.336154		27.200
6.474		2.2705		0.0000		874.690		4.593		16.185		11.352676		27.240
6.474		2.2737		0.0000		874.687		4.596		16.185		11.368512		27.280
6.472		2.2767		0.0000		874.684		4.599		16.180		11.383658		27.320
6.472		2.2800		0.0000		874.680		4.603		16.180		11.400184		27.360
6.470		2.2832		0.0000		874.677		4.606		16.175		11.416019		27.400
6.470		2.2865		0.0000		874.674		4.609		16.175		11.432544		27.440
6.470		2.2904		0.0000		874.670		4.613		16.175		11.451820		27.480
6.474		2.2942		0.0000		874.666		4.617		16.185		11.471099		27.520
6.484		2.2975		0.0000		874.663		4.620		16.210		11.487623		27.560
6.492		2.3007		0.0000		874.660		4.623		16.230		11.503459		27.600
6.492		2.3039		0.0000		874.656		4.626		16.230		11.519295		27.640
6.490		2.3070		0.0000		874.653		4.630		16.225		11.535129		27.680
6.490		2.3102		0.0000		874.650		4.633		16.225		11.550964		27.720
6.490		2.3134		0.0000		874.647		4.636		16.225		11.566800		27.760
6.488		2.3165		0.0000		874.644		4.639		16.220		11.582636		27.800
6.488		2.3198		0.0000		874.641		4.642		16.220		11.599160		27.840
6.488		2.3235		0.0000		874.637		4.646		16.220		11.617750		27.880
6.490		2.3274		0.0000		874.633		4.650		16.225		11.637029		27.920
6.498		2.3310		0.0000		874.629		4.654		16.245		11.654929		27.960
6.508		2.3342		0.0000		874.626		4.657		16.270		11.670765		28.000
6.510		2.3373		0.0000		874.623		4.660		16.275		11.686601		28.040
6.508		2.3405		0.0000		874.620		4.663		16.270		11.702436		28.080
6.506		2.3437		0.0000		874.617		4.666		16.265		11.718269		28.120
6.506		2.3468		0.0000		874.614		4.669		16.265		11.734105		28.160
6.506		2.3500		0.0000		874.610		4.673		16.265		11.749941		28.200
6.506		2.3532		0.0000		874.607		4.676		16.265		11.765777		28.240
6.504		2.3567		0.0000		874.604		4.679		16.260		11.783677		28.280
6.506		2.3606		0.0000		874.600		4.683		16.265		11.802956		28.320
6.512		2.3644		0.0000		874.596		4.687		16.280		11.822234		28.360
6.522		2.3676		0.0000		874.593		4.690		16.305		11.838070		28.400
6.526		2.3706		0.0000		874.590		4.693		16.315		11.853217		28.440
6.524		2.3738		0.0000		874.587		4.696		16.310		11.869053		28.480
6.520		2.3770		0.0000		874.583		4.700		16.300		11.884889		28.520
6.520		2.3803		0.0000		874.580		4.703		16.300		11.901411		28.560
6.520		2.3834		0.0000		874.577		4.706		16.300		11.917247		28.600
6.518		2.3866		0.0000		874.574		4.709		16.295		11.933083		28.640
6.518		2.3899		0.0000		874.570		4.713		16.295		11.949607		28.680
6.518		2.3938		0.0000		874.567		4.716		16.295		11.968885		28.720
6.522		2.3978		0.0000		874.563		4.720		16.305		11.988851		28.760
6.532		2.4009		0.0000		874.559		4.724		16.330		12.004686		28.800
6.540		2.4041		0.0000		874.556		4.727		16.350		12.020522		28.840
6.540		2.4073		0.0000		874.553		4.730		16.350		12.036358		28.880
6.536		2.4104		0.0000		874.550		4.733		16.340		12.052194		28.920
6.536		2.4136		0.0000		874.547		4.736		16.340		12.068029		28.960
6.536		2.4168		0.0000		874.544		4.739		16.340		12.083863		29.000
6.534		2.4199		0.0000		874.540		4.743		16.335		12.099699		29.040
6.534		2.4232		0.0000		874.537		4.746		16.335		12.116223		29.080
6.534		2.4268		0.0000		874.534		4.749		16.335		12.134124		29.120
6.536		2.4308		0.0000		874.530		4.753		16.340		12.154092		29.160
6.544		2.4344		0.0000		874.526		4.757		16.360		12.171992		29.200
6.554		2.4376		0.0000		874.523		4.760		16.385		12.187828		29.240
6.556		2.4407		0.0000		874.520		4.763		16.390		12.203664		29.280
6.554		2.4439		0.0000		874.516		4.766		16.385		12.219500		29.320
6.552		2.4471		0.0000		874.513		4.770		16.380		12.235335		29.360
6.552		2.4502		0.0000		874.510		4.773		16.380		12.251168		29.400
6.550		2.4534		0.0000		874.507		4.776		16.375		12.267004		29.440
6.548		2.4566		0.0000		874.504		4.779		16.370		12.282840		29.480
6.548		2.4600		0.0000		874.500		4.783		16.370		12.300054		29.520
6.550		2.4640		0.0000		874.496		4.787		16.375		12.320019		29.560
6.556		2.4679		0.0000		874.492		4.790		16.390		12.339297		29.600
6.564		2.4709		0.0000		874.490		4.793		16.410		12.354445		29.640
6.568		2.4741		0.0000		874.486		4.797		16.420		12.370280		29.680
6.566		2.4772		0.0000		874.483		4.800		16.415		12.386116		29.720
6.564		2.4805		0.0000		874.480		4.803		16.410		12.402640		29.760
6.562		2.4837		0.0000		874.477		4.806		16.405		12.418474		29.800
6.560		2.4869		0.0000		874.474		4.809		16.400		12.434310		29.840
6.558		2.4900		0.0000		874.470		4.813		16.395		12.450146		29.880
6.556		2.4933		0.0000		874.467		4.816		16.390		12.466670		29.920
6.556		2.4972		0.0000		874.463		4.820		16.390		12.485949		29.960
6.560		2.5012		0.0000		874.459		4.824		16.400		12.505914		30.000
6.568		2.5043		0.0000		874.456		4.827		16.420		12.521749		30.040
6.574		2.5075		0.0000		874.453		4.830		16.435		12.537585		30.080
6.574		2.5105		0.0000		874.450		4.833		16.435		12.552732		30.120
6.570		2.5139		0.0000		874.447		4.836		16.425		12.569257		30.160
6.568		2.5170		0.0000		874.443		4.840		16.420		12.585093		30.200
6.566		2.5202		0.0000		874.440		4.843		16.415		12.600928		30.240
6.566		2.5234		0.0000		874.437		4.846		16.415		12.616762		30.280
6.564		2.5267		0.0000		874.434		4.849		16.410		12.633286		30.320
6.562		2.5304		0.0000		874.430		4.853		16.405		12.651876		30.360
6.566		2.5344		0.0000		874.426		4.857		16.415		12.671844		30.400
6.574		2.5378		0.0000		874.423		4.860		16.435		12.689055		30.440
6.582		2.5410		0.0000		874.419		4.864		16.455		12.704891		30.480
6.584		2.5440		0.0000		874.416		4.867		16.460		12.720037		30.520
6.582		2.5473		0.0000		874.413		4.870		16.455		12.736563		30.560
6.580		2.5505		0.0000		874.410		4.873		16.450		12.752398		30.600
6.578		2.5536		0.0000		874.407		4.876		16.445		12.768234		30.640
6.578		2.5568		0.0000		874.404		4.879		16.445		12.784067		30.680
6.576		2.5600		0.0000		874.400		4.883		16.440		12.799903		30.720
6.576		2.5634		0.0000		874.397		4.886		16.440		12.817117		30.760
6.576		2.5674		0.0000		874.393		4.890		16.440		12.837082		30.800
6.582		2.5711		0.0000		874.389		4.894		16.455		12.855672		30.840
6.592		2.5743		0.0000		874.386		4.897		16.480		12.871508		30.880
6.594		2.5775		0.0000		874.383		4.900		16.485		12.887343		30.920
6.592		2.5806		0.0000		874.380		4.903		16.480		12.903179		30.960
6.590		2.5839		0.0000		874.376		4.907		16.475		12.919703		31.000
6.586		2.5871		0.0000		874.373		4.910		16.465		12.935539		31.040
6.586		2.5901		0.0000		874.370		4.913		16.465		12.950686		31.080
6.584		2.5933		0.0000		874.367		4.916		16.460		12.966522		31.120
6.582		2.5967		0.0000		874.364		4.919		16.455		12.983733		31.160
6.580		2.6006		0.0000		874.360		4.923		16.450		13.003012		31.200
6.586		2.6046		0.0000		874.356		4.927		16.465		13.022977		31.240
6.596		2.6078		0.0000		874.353		4.930		16.490		13.038813		31.280
6.602		2.6108		0.0000		874.350		4.933		16.505		13.053960		31.320
6.602		2.6141		0.0000		874.346		4.937		16.505		13.070484		31.360
6.598		2.6173		0.0000		874.343		4.940		16.495		13.086320		31.400
6.598		2.6204		0.0000		874.340		4.943		16.495		13.102156		31.440
6.596		2.6236		0.0000		874.337		4.946		16.490		13.117991		31.480
6.596		2.6268		0.0000		874.334		4.949		16.490		13.133827		31.520
6.594		2.6301		0.0000		874.330		4.953		16.485		13.150350		31.560
6.592		2.6338		0.0000		874.327		4.956		16.480		13.168940		31.600
6.594		2.6378		0.0000		874.323		4.960		16.485		13.188907		31.640
6.602		2.6412		0.0000		874.319		4.964		16.505		13.206119		31.680
6.608		2.6443		0.0000		874.316		4.967		16.520		13.221265		31.720
6.610		2.6474		0.0000		874.313		4.970		16.525		13.237101		31.760
6.606		2.6507		0.0000		874.310		4.973		16.515		13.253626		31.800
6.604		2.6539		0.0000		874.306		4.976		16.510		13.269462		31.840
6.602		2.6571		0.0000		874.303		4.980		16.505		13.285297		31.880
6.600		2.6601		0.0000		874.300		4.983		16.500		13.300444		31.920
6.598		2.6633		0.0000		874.297		4.986		16.495		13.316279		31.960
6.596		2.6670		0.0000		874.293		4.990		16.490		13.334869		32.000
6.598		2.6710		0.0000		874.289		4.994		16.495		13.354835		32.040
6.604		2.6747		0.0000		874.286		4.997		16.510		13.373424		32.080
6.614		2.6777		0.0000		874.283		5.000		16.535		13.388571		32.120
6.616		2.6809		0.0000		874.279		5.003		16.540		13.404407		32.160
6.614		2.6840		0.0000		874.276		5.007		16.535		13.420242		32.200
6.610		2.6872		0.0000		874.273		5.010		16.525		13.436078		32.240
6.610		2.6905		0.0000		874.270		5.013		16.525		13.452602		32.280
6.608		2.6935		0.0000		874.267		5.016		16.520		13.467750		32.320
6.606		2.6967		0.0000		874.264		5.019		16.515		13.483585		32.360
6.604		2.7002		0.0000		874.260		5.023		16.510		13.500796		32.400
6.604		2.7040		0.0000		874.256		5.027		16.510		13.520075		32.440
6.608		2.7079		0.0000		874.253		5.030		16.520		13.539353		32.480
6.618		2.7112		0.0000		874.249		5.034		16.545		13.555876		32.520
6.624		2.7143		0.0000		874.246		5.037		16.560		13.571712		32.560
6.622		2.7175		0.0000		874.243		5.040		16.555		13.587547		32.600
6.620		2.7207		0.0000		874.240		5.043		16.550		13.603383		32.640
6.618		2.7238		0.0000		874.237		5.046		16.545		13.619219		32.680
6.616		2.7270		0.0000		874.233		5.050		16.540		13.635055		32.720
6.614		2.7302		0.0000		874.230		5.053		16.535		13.650890		32.760
6.612		2.7335		0.0000		874.227		5.056		16.530		13.667413		32.800
6.610		2.7372		0.0000		874.223		5.060		16.525		13.686003		32.840
6.612		2.7412		0.0000		874.219		5.064		16.530		13.705970		32.880
6.622		2.7446		0.0000		874.216		5.067		16.555		13.723182		32.920
6.630		2.7478		0.0000		874.213		5.070		16.575		13.739017		32.960
6.630		2.7508		0.0000		874.210		5.073		16.575		13.754164		33.000
6.624		2.7541		0.0000		874.206		5.077		16.560		13.770689		33.040
6.622		2.7573		0.0000		874.203		5.080		16.555		13.786525		33.080
6.620		2.7605		0.0000		874.200		5.083		16.550		13.802361		33.120
6.616		2.7636		0.0000		874.197		5.086		16.540		13.818196		33.160
6.614		2.7668		0.0000		874.194		5.089		16.535		13.834032		33.200
6.612		2.7704		0.0000		874.190		5.093		16.530		13.851933		33.240
6.612		2.7742		0.0000		874.186		5.097		16.530		13.871211		33.280
6.616		2.7780		0.0000		874.182		5.101		16.540		13.889800		33.320
6.622		2.7811		0.0000		874.179		5.104		16.555		13.905636		33.360
6.624		2.7843		0.0000		874.176		5.107		16.560		13.921470		33.400
6.622		2.7875		0.0000		874.173		5.110		16.555		13.937305		33.440
6.618		2.7906		0.0000		874.170		5.113		16.545		13.953141		33.480
6.616		2.7938		0.0000		874.167		5.116		16.540		13.968977		33.520
6.614		2.7970		0.0000		874.163		5.120		16.535		13.984813		33.560
6.610		2.8001		0.0000		874.160		5.123		16.525		14.000648		33.600
6.608		2.8036		0.0000		874.157		5.126		16.520		14.017859		33.640
6.606		2.8074		0.0000		874.153		5.130		16.515		14.037138		33.680
6.610		2.8114		0.0000		874.149		5.134		16.525		14.057106		33.720
6.618		2.8145		0.0000		874.146		5.137		16.545		14.072252		33.760
6.622		2.8178		0.0000		874.143		5.140		16.555		14.088775		33.800
6.618		2.8209		0.0000		874.139		5.144		16.545		14.104610		33.840
6.614		2.8241		0.0000		874.136		5.147		16.535		14.120446		33.880
6.612		2.8273		0.0000		874.133		5.150		16.530		14.136282		33.920
6.610		2.8304		0.0000		874.130		5.153		16.525		14.152118		33.960
6.608		2.8336		0.0000		874.127		5.156		16.520		14.167953		34.000
6.606		2.8369		0.0000		874.123		5.159		16.515		14.184479		34.040
6.604		2.8406		0.0000		874.120		5.163		16.510		14.203068		34.080
6.608		2.8446		0.0000		874.116		5.167		16.520		14.223033		34.120
6.616		2.8479		0.0000		874.112		5.170		16.540		14.239558		34.160
6.622		2.8511		0.0000		874.109		5.174		16.555		14.255394		34.200
6.622		2.8542		0.0000		874.106		5.177		16.555		14.271230		34.240
6.618		2.8574		0.0000		874.103		5.180		16.545		14.287063		34.280
6.614		2.8607		0.0000		874.100		5.183		16.535		14.303588		34.320
6.612		2.8639		0.0000		874.096		5.186		16.530		14.319424		34.360
6.610		2.8671		0.0000		874.093		5.190		16.525		14.335259		34.400
6.606		2.8702		0.0000		874.090		5.193		16.515		14.351095		34.440
6.604		2.8738		0.0000		874.087		5.196		16.510		14.368996		34.480
6.606		2.8778		0.0000		874.083		5.200		16.515		14.388963		34.520
6.612		2.8814		0.0000		874.079		5.204		16.530		14.406863		34.560
6.620		2.8845		0.0000		874.076		5.207		16.550		14.422699		34.600
6.622		2.8877		0.0000		874.073		5.210		16.555		14.438535		34.640
6.620		2.8909		0.0000		874.070		5.213		16.550		14.454369		34.680
6.618		2.8940		0.0000		874.066		5.217		16.545		14.470204		34.720
6.614		2.8972		0.0000		874.063		5.220		16.535		14.486040		34.760
6.612		2.9004		0.0000		874.060		5.223		16.530		14.501876		34.800
6.610		2.9035		0.0000		874.057		5.226		16.525		14.517712		34.840
6.608		2.9070		0.0000		874.053		5.230		16.520		14.534925		34.880
6.606		2.9110		0.0000		874.049		5.234		16.515		14.554891		34.920
6.610		2.9147		0.0000		874.046		5.237		16.525		14.573480		34.960
6.618		2.9180		0.0000		874.042		5.241		16.545		14.590005		35.000
6.622		2.9212		0.0000		874.039		5.244		16.555		14.605841		35.040
6.620		2.9242		0.0000		874.036		5.247		16.550		14.620987		35.080
6.616		2.9275		0.0000		874.033		5.250		16.540		14.637509		35.120
6.612		2.9307		0.0000		874.030		5.253		16.530		14.653345		35.160
6.610		2.9338		0.0000		874.027		5.256		16.525		14.669181		35.200
6.608		2.9370		0.0000		874.023		5.260		16.520		14.685017		35.240
6.604		2.9403		0.0000		874.020		5.263		16.510		14.701542		35.280
6.602		2.9442		0.0000		874.016		5.267		16.505		14.720820		35.320
6.604		2.9480		0.0000		874.012		5.271		16.510		14.740096		35.360
6.612		2.9513		0.0000		874.009		5.274		16.530		14.756621		35.400
6.616		2.9545		0.0000		874.006		5.277		16.540		14.772457		35.440
6.616		2.9577		0.0000		874.003		5.280		16.540		14.788293		35.480
6.610		2.9608		0.0000		874.000		5.283		16.525		14.804129		35.520
6.608		2.9641		0.0000		873.996		5.287		16.520		14.820651		35.560
6.606		2.9673		0.0000		873.993		5.290		16.515		14.836487		35.600
6.604		2.9703		0.0000		873.990		5.293		16.510		14.851633		35.640
6.600		2.9736		0.0000		873.987		5.296		16.500		14.868158		35.680
6.598		2.9773		0.0000		873.983		5.300		16.495		14.886747		35.720
6.600		2.9811		0.0000		873.979		5.304		16.500		14.905337		35.760
6.604		2.9848		0.0000		873.976		5.307		16.510		14.923926		35.800
6.612		2.9880		0.0000		873.972		5.311		16.530		14.939762		35.840
6.612		2.9911		0.0000		873.969		5.314		16.530		14.955598		35.880
6.608		2.9943		0.0000		873.966		5.317		16.520		14.971434		35.920
6.604		2.9975		0.0000		873.963		5.320		16.510		14.987269		35.960
6.602		3.0006		0.0000		873.960		5.323		16.505		15.003103		36.000
6.598		3.0038		0.0000		873.957		5.326		16.495		15.018939		36.040
6.594		3.0070		0.0000		873.953		5.330		16.485		15.034775		36.080
6.592		3.0105		0.0000		873.950		5.333		16.480		15.052675		36.120
6.592		3.0143		0.0000		873.946		5.337		16.480		15.071264		36.160
6.594		3.0181		0.0000		873.942		5.341		16.485		15.090543		36.200
6.600		3.0213		0.0000		873.939		5.344		16.500		15.106379		36.240
6.602		3.0244		0.0000		873.936		5.347		16.505		15.122214		36.280
6.596		3.0276		0.0000		873.933		5.350		16.490		15.138050		36.320
6.590		3.0309		0.0000		873.929		5.354		16.475		15.154575		36.360
6.586		3.0341		0.0000		873.926		5.357		16.465		15.170408		36.400
6.580		3.0372		0.0000		873.923		5.360		16.450		15.186244		36.440
6.576		3.0404		0.0000		873.920		5.363		16.440		15.202080		36.480
6.570		3.0439		0.0000		873.917		5.366		16.425		15.219294		36.520
6.566		3.0474		0.0000		873.913		5.370		16.415		15.237194		36.560
6.566		3.0514		0.0000		873.909		5.374		16.415		15.257159		36.600
6.570		3.0547		0.0000		873.906		5.377		16.425		15.273685		36.640
6.574		3.0579		0.0000		873.902		5.380		16.435		15.289520		36.680
6.570		3.0611		0.0000		873.899		5.384		16.425		15.305356		36.720
6.564		3.0642		0.0000		873.896		5.387		16.410		15.321192		36.760
6.560		3.0674		0.0000		873.893		5.390		16.400		15.337028		36.800
6.554		3.0706		0.0000		873.890		5.393		16.385		15.352863		36.840
6.550		3.0737		0.0000		873.887		5.396		16.375		15.368696		36.880
6.546		3.0770		0.0000		873.883		5.400		16.365		15.385221		36.920
6.540		3.0808		0.0000		873.880		5.403		16.350		15.403811		36.960
6.540		3.0846		0.0000		873.876		5.407		16.350		15.423089		37.000
6.544		3.0882		0.0000		873.872		5.411		16.360		15.440989		37.040
6.548		3.0912		0.0000		873.869		5.414		16.370		15.456137		37.080
6.548		3.0944		0.0000		873.866		5.417		16.370		15.471972		37.120
6.542		3.0977		0.0000		873.863		5.420		16.355		15.488497		37.160
6.538		3.1009		0.0000		873.859		5.423		16.345		15.504333		37.200
6.532		3.1040		0.0000		873.856		5.427		16.330		15.520168		37.240
6.530		3.1072		0.0000		873.853		5.430		16.325		15.536002		37.280
6.526		3.1105		0.0000		873.850		5.433		16.315		15.552526		37.320
6.522		3.1139		0.0000		873.846		5.437		16.305		15.569740		37.360
6.520		3.1178		0.0000		873.843		5.440		16.300		15.589017		37.400
6.522		3.1215		0.0000		873.839		5.444		16.305		15.607606		37.440
6.528		3.1247		0.0000		873.836		5.447		16.320		15.623442		37.480
6.530		3.1279		0.0000		873.833		5.450		16.325		15.639277		37.520
6.526		3.1310		0.0000		873.829		5.454		16.315		15.655113		37.560
6.522		3.1342		0.0000		873.826		5.457		16.305		15.670949		37.600
6.518		3.1375		0.0000		873.823		5.460		16.295		15.687474		37.640
6.514		3.1407		0.0000		873.820		5.463		16.285		15.703307		37.680
6.512		3.1438		0.0000		873.817		5.466		16.280		15.719143		37.720
6.508		3.1471		0.0000		873.813		5.470		16.270		15.735668		37.760
6.506		3.1510		0.0000		873.809		5.474		16.265		15.754947		37.800
6.508		3.1548		0.0000		873.806		5.477		16.270		15.774225		37.840
6.514		3.1581		0.0000		873.802		5.481		16.285		15.790748		37.880
6.518		3.1613		0.0000		873.799		5.484		16.295		15.806583		37.920
6.516		3.1645		0.0000		873.796		5.487		16.290		15.822419		37.960
6.510		3.1677		0.0000		873.793		5.490		16.275		15.838255		38.000
6.506		3.1708		0.0000		873.790		5.493		16.265		15.854091		38.040
6.504		3.1741		0.0000		873.786		5.497		16.260		15.870613		38.080
6.500		3.1773		0.0000		873.783		5.500		16.250		15.886449		38.120
6.496		3.1805		0.0000		873.780		5.503		16.240		15.902285		38.160
6.494		3.1840		0.0000		873.776		5.507		16.235		15.920187		38.200
6.494		3.1880		0.0000		873.772		5.511		16.235		15.940152		38.240
6.500		3.1915		0.0000		873.769		5.514		16.250		15.957366		38.280
6.504		3.1946		0.0000		873.766		5.517		16.260		15.973200		38.320
6.504		3.1978		0.0000		873.763		5.520		16.260		15.989036		38.360
6.500		3.2011		0.0000		873.759		5.524		16.250		16.005560		38.400
6.496		3.2043		0.0000		873.756		5.527		16.240		16.021397		38.440
6.494		3.2074		0.0000		873.753		5.530		16.235		16.037231		38.480
6.490		3.2106		0.0000		873.750		5.533		16.225		16.053068		38.521
6.486		3.2138		0.0000		873.747		5.536		16.215		16.068903		38.561
6.484		3.2174		0.0000		873.743		5.540		16.210		16.086803		38.601
6.482		3.2212		0.0000		873.739		5.544		16.205		16.106083		38.641
6.486		3.2249		0.0000		873.735		5.548		16.215		16.124672		38.681
6.492		3.2281		0.0000		873.732		5.551		16.230		16.140505		38.721
6.492		3.2313		0.0000		873.729		5.554		16.230		16.156342		38.761
6.490		3.2344		0.0000		873.726		5.557		16.225		16.172176		38.801
6.486		3.2377		0.0000		873.723		5.560		16.215		16.188702		38.841
6.482		3.2409		0.0000		873.719		5.563		16.205		16.204536		38.881
6.480		3.2441		0.0000		873.716		5.567		16.200		16.220373		38.921
6.476		3.2472		0.0000		873.713		5.570		16.190		16.236208		38.961
6.472		3.2505		0.0000		873.710		5.573		16.180		16.252731		39.001
6.470		3.2544		0.0000		873.706		5.577		16.175		16.272009		39.041
6.472		3.2583		0.0000		873.702		5.581		16.180		16.291288		39.081
6.480		3.2616		0.0000		873.699		5.584		16.200		16.307810		39.121
6.482		3.2647		0.0000		873.696		5.587		16.205		16.323647		39.161
6.480		3.2679		0.0000		873.693		5.590		16.200		16.339481		39.201
6.476		3.2711		0.0000		873.689		5.594		16.190		16.355318		39.241
6.474		3.2742		0.0000		873.686		5.597		16.185		16.371153		39.281
6.470		3.2775		0.0000		873.683		5.600		16.175		16.387678		39.321
6.468		3.2806		0.0000		873.680		5.603		16.170		16.402824		39.361
6.464		3.2839		0.0000		873.677		5.606		16.160		16.419348		39.401
6.462		3.2876		0.0000		873.673		5.610		16.155		16.437937		39.441
6.462		3.2914		0.0000		873.669		5.614		16.155		16.457216		39.481
6.468		3.2950		0.0000		873.665		5.618		16.170		16.475117		39.521
6.474		3.2981		0.0000		873.662		5.621		16.185		16.490265		39.561
6.472		3.3012		0.0000		873.659		5.624		16.180		16.506098		39.601
6.468		3.3045		0.0000		873.656		5.627		16.170		16.522623		39.641
6.464		3.3077		0.0000		873.653		5.630		16.160		16.538460		39.681
6.462		3.3109		0.0000		873.650		5.633		16.155		16.554295		39.721
6.458		3.3140		0.0000		873.646		5.637		16.145		16.570131		39.761
6.456		3.3172		0.0000		873.643		5.640		16.140		16.585966		39.801
6.452		3.3208		0.0000		873.640		5.643		16.130		16.603867		39.841
6.452		3.3246		0.0000		873.636		5.647		16.130		16.623146		39.881
6.454		3.3283		0.0000		873.632		5.651		16.135		16.641735		39.921
6.460		3.3315		0.0000		873.629		5.654		16.150		16.657570		39.961
6.462		3.3347		0.0000		873.626		5.657		16.155		16.673405		40.001
6.456		3.3378		0.0000		873.622		5.660		16.140		16.689240		40.041
6.452		3.3412		0.0000		873.619		5.664		16.130		16.705765		40.081
6.450		3.3443		0.0000		873.616		5.667		16.125		16.721600		40.121
6.446		3.3475		0.0000		873.613		5.670		16.115		16.737436		40.161
6.442		3.3507		0.0000		873.610		5.673		16.105		16.753271		40.201
6.438		3.3540		0.0000		873.606		5.677		16.095		16.769794		40.241
6.436		3.3578		0.0000		873.603		5.680		16.090		16.789072		40.281
6.438		3.3617		0.0000		873.599		5.684		16.095		16.808352		40.321
6.444		3.3650		0.0000		873.595		5.688		16.110		16.824877		40.361
6.446		3.3681		0.0000		873.592		5.691		16.115		16.840710		40.401
6.444		3.3713		0.0000		873.589		5.694		16.110		16.856544		40.441
6.438		3.3745		0.0000		873.586		5.697		16.095		16.872381		40.481
6.436		3.3776		0.0000		873.583		5.700		16.090		16.888216		40.521
6.432		3.3808		0.0000		873.580		5.703		16.080		16.904053		40.561
6.428		3.3841		0.0000		873.576		5.707		16.070		16.920578		40.601
6.424		3.3873		0.0000		873.573		5.710		16.060		16.936413		40.641
6.422		3.3910		0.0000		873.569		5.714		16.055		16.955002		40.681
6.422		3.3949		0.0000		873.565		5.717		16.055		16.974279		40.721
6.426		3.3983		0.0000		873.562		5.721		16.065		16.991493		40.761
6.430		3.4016		0.0000		873.559		5.724		16.075		17.008015		40.801
6.430		3.4048		0.0000		873.556		5.727		16.075		17.023851		40.841
6.424		3.4079		0.0000		873.552		5.731		16.060		17.039686		40.881
6.420		3.4111		0.0000		873.549		5.734		16.050		17.055523		40.921
6.416		3.4143		0.0000		873.546		5.737		16.040		17.071358		40.961
6.414		3.4174		0.0000		873.543		5.740		16.035		17.087194		41.001
6.410		3.4206		0.0000		873.540		5.743		16.025		17.103029		41.041
6.406		3.4242		0.0000		873.536		5.747		16.015		17.120930		41.081
6.406		3.4280		0.0000		873.532		5.751		16.015		17.140209		41.121
6.410		3.4318		0.0000		873.529		5.754		16.025		17.158798		41.161
6.416		3.4349		0.0000		873.525		5.758		16.040		17.174633		41.201
6.416		3.4381		0.0000		873.522		5.761		16.040		17.190470		41.241
6.412		3.4414		0.0000		873.519		5.764		16.030		17.206991		41.281
6.408		3.4444		0.0000		873.516		5.767		16.020		17.222139		41.321
6.404		3.4477		0.0000		873.513		5.770		16.010		17.238663		41.361
6.402		3.4509		0.0000		873.509		5.773		16.005		17.254499		41.401
6.398		3.4541		0.0000		873.506		5.777		15.995		17.270334		41.441
6.394		3.4574		0.0000		873.503		5.780		15.985		17.286858		41.481
6.392		3.4612		0.0000		873.499		5.784		15.980		17.306135		41.521
6.394		3.4651		0.0000		873.495		5.788		15.985		17.325415		41.561
6.400		3.4683		0.0000		873.492		5.791		16.000		17.341249		41.601
6.402		3.4716		0.0000		873.489		5.794		16.005		17.357775		41.641
6.400		3.4747		0.0000		873.486		5.797		16.000		17.373611		41.681
6.396		3.4779		0.0000		873.482		5.800		15.990		17.389444		41.721
6.392		3.4811		0.0000		873.479		5.804		15.980		17.405279		41.761
6.388		3.4842		0.0000		873.476		5.807		15.970		17.421116		41.801
6.386		3.4875		0.0000		873.473		5.810		15.965		17.437641		41.841
6.382		3.4907		0.0000		873.470		5.813		15.955		17.453476		41.881
6.378		3.4944		0.0000		873.466		5.817		15.945		17.472065		41.921
6.380		3.4983		0.0000		873.462		5.821		15.950		17.491344		41.961
6.384		3.5017		0.0000		873.459		5.824		15.960		17.508556		42.001
6.390		3.5049		0.0000		873.456		5.827		15.975		17.524391		42.041
6.388		3.5080		0.0000		873.452		5.831		15.970		17.540228		42.081
6.382		3.5113		0.0000		873.449		5.834		15.955		17.556749		42.121
6.380		3.5145		0.0000		873.446		5.837		15.950		17.572586		42.161
6.376		3.5177		0.0000		873.443		5.840		15.940		17.588421		42.201
6.372		3.5209		0.0000		873.440		5.843		15.930		17.604258		42.241
6.370		3.5240		0.0000		873.436		5.847		15.925		17.620092		42.281
6.366		3.5276		0.0000		873.433		5.850		15.915		17.637993		42.321
6.366		3.5315		0.0000		873.429		5.854		15.915		17.657272		42.361
6.368		3.5352		0.0000		873.425		5.858		15.920		17.675861		42.401
6.374		3.5383		0.0000		873.422		5.861		15.935		17.691696		42.441
6.374		3.5415		0.0000		873.419		5.864		15.935		17.707533		42.481
6.370		3.5447		0.0000		873.416		5.867		15.925		17.723368		42.521
6.366		3.5478		0.0000		873.413		5.870		15.915		17.739204		42.561
6.364		3.5511		0.0000		873.409		5.874		15.910		17.755726		42.601
6.360		3.5542		0.0000		873.406		5.877		15.900		17.770874		42.641
6.356		3.5575		0.0000		873.403		5.880		15.890		17.787397		42.681
6.354		3.5608		0.0000		873.400		5.883		15.885		17.803923		42.721
6.352		3.5648		0.0000		873.396		5.887		15.880		17.823889		42.761
6.354		3.5686		0.0000		873.392		5.891		15.885		17.843166		42.801
6.360		3.5718		0.0000		873.389		5.894		15.900		17.859003		42.841
6.362		3.5748		0.0000		873.386		5.897		15.905		17.874149		42.881
6.358		3.5780		0.0000		873.382		5.901		15.895		17.889984		42.921
6.354		3.5813		0.0000		873.379		5.904		15.885		17.906509		42.961
6.350		3.5845		0.0000		873.376		5.907		15.875		17.922342		43.001
6.348		3.5876		0.0000		873.373		5.910		15.870		17.938179		43.041
6.344		3.5908		0.0000		873.370		5.913		15.860		17.954014		43.081
6.342		3.5941		0.0000		873.366		5.917		15.855		17.970539		43.121
6.340		3.5978		0.0000		873.363		5.920		15.850		17.989128		43.161
6.340		3.6018		0.0000		873.359		5.924		15.850		18.009094		43.201
6.348		3.6053		0.0000		873.355		5.928		15.870		18.026308		43.241
6.352		3.6084		0.0000		873.352		5.931		15.880		18.042143		43.281
6.350		3.6115		0.0000		873.349		5.934		15.875		18.057291		43.321
6.346		3.6148		0.0000		873.346		5.937		15.865		18.073814		43.361
6.342		3.6179		0.0000		873.342		5.941		15.855		18.089649		43.401
6.336		3.6211		0.0000		873.339		5.944		15.840		18.105484		43.441
6.332		3.6243		0.0000		873.336		5.947		15.830		18.121321		43.481
6.328		3.6274		0.0000		873.333		5.950		15.820		18.137156		43.521
6.324		3.6310		0.0000		873.329		5.954		15.810		18.155056		43.561
6.322		3.6349		0.0000		873.326		5.957		15.805		18.174335		43.601
6.326		3.6387		0.0000		873.322		5.961		15.815		18.193613		43.641
6.332		3.6418		0.0000		873.319		5.964		15.830		18.208759		43.681
6.332		3.6449		0.0000		873.315		5.968		15.830		18.224596		43.721
6.328		3.6481		0.0000		873.312		5.971		15.820		18.240431		43.761
6.324		3.6514		0.0000		873.309		5.974		15.810		18.256954		43.801
6.320		3.6546		0.0000		873.306		5.977		15.800		18.272789		43.841
6.316		3.6577		0.0000		873.303		5.980		15.790		18.288626		43.881
6.312		3.6609		0.0000		873.299		5.983		15.780		18.304461		43.921
6.308		3.6643		0.0000		873.296		5.987		15.770		18.321674		43.961
6.306		3.6682		0.0000		873.292		5.991		15.765		18.340952		44.001
6.308		3.6719		0.0000		873.288		5.994		15.770		18.359541		44.041
6.312		3.6752		0.0000		873.285		5.998		15.780		18.376066		44.081
6.314		3.6782		0.0000		873.282		6.001		15.785		18.391212		44.121
6.312		3.6815		0.0000		873.279		6.004		15.780		18.407738		44.161
6.308		3.6847		0.0000		873.276		6.007		15.770		18.423573		44.201
6.304		3.6879		0.0000		873.272		6.010		15.760		18.439409		44.241
6.300		3.6910		0.0000		873.269		6.014		15.750		18.455242		44.281
6.296		3.6944		0.0000		873.266		6.017		15.740		18.471767		44.321
