数据量:1091
试验力		变形		扩展变形		位置		位移		应力		应变		时间
0.010		0.0014		0.0000		876.903		2.428		0.025		0.006886		0.040
0.010		0.0045		0.0000		876.899		2.431		0.025		0.022720		0.080
0.012		0.0077		0.0000		876.896		2.435		0.030		0.038556		0.120
0.014		0.0110		0.0000		876.893		2.438		0.035		0.055079		0.160
0.016		0.0142		0.0000		876.890		2.441		0.040		0.070915		0.200
0.018		0.0175		0.0000		876.887		2.444		0.045		0.087440		0.240
0.020		0.0208		0.0000		876.883		2.448		0.050		0.103964		0.280
0.022		0.0240		0.0000		876.880		2.451		0.055		0.119799		0.320
0.024		0.0274		0.0000		876.877		2.454		0.060		0.137012		0.360
0.026		0.0310		0.0000		876.873		2.458		0.065		0.154912		0.400
0.030		0.0347		0.0000		876.869		2.462		0.075		0.173502		0.440
0.032		0.0380		0.0000		876.866		2.465		0.080		0.190026		0.480
0.036		0.0412		0.0000		876.863		2.468		0.090		0.205861		0.520
0.040		0.0445		0.0000		876.860		2.471		0.100		0.222386		0.560
0.044		0.0476		0.0000		876.856		2.474		0.110		0.238221		0.600
0.048		0.0508		0.0000		876.853		2.478		0.120		0.254056		0.640
0.052		0.0541		0.0000		876.850		2.481		0.130		0.270580		0.680
0.056		0.0574		0.0000		876.847		2.484		0.140		0.287105		0.720
0.060		0.0606		0.0000		876.843		2.487		0.150		0.302941		0.760
0.066		0.0642		0.0000		876.840		2.491		0.165		0.320841		0.800
0.072		0.0679		0.0000		876.836		2.495		0.180		0.339431		0.840
0.080		0.0713		0.0000		876.833		2.498		0.200		0.356643		0.880
0.086		0.0746		0.0000		876.829		2.501		0.215		0.373167		0.920
0.094		0.0778		0.0000		876.826		2.505		0.235		0.389003		0.960
0.100		0.0810		0.0000		876.823		2.508		0.250		0.404838		1.000
0.108		0.0843		0.0000		876.820		2.511		0.270		0.421362		1.040
0.116		0.0874		0.0000		876.817		2.514		0.290		0.437198		1.080
0.124		0.0907		0.0000		876.813		2.518		0.310		0.453721		1.120
0.132		0.0940		0.0000		876.810		2.521		0.330		0.470246		1.160
0.142		0.0975		0.0000		876.807		2.524		0.355		0.487458		1.200
0.152		0.1012		0.0000		876.803		2.528		0.380		0.506047		1.240
0.162		0.1047		0.0000		876.799		2.531		0.405		0.523260		1.280
0.172		0.1080		0.0000		876.796		2.535		0.430		0.539784		1.320
0.184		0.1113		0.0000		876.793		2.538		0.460		0.556308		1.360
0.194		0.1143		0.0000		876.790		2.541		0.485		0.571455		1.400
0.204		0.1177		0.0000		876.786		2.545		0.510		0.588667		1.440
0.214		0.1209		0.0000		876.783		2.548		0.535		0.604503		1.480
0.226		0.1241		0.0000		876.780		2.551		0.565		0.620339		1.520
0.238		0.1274		0.0000		876.777		2.554		0.595		0.636863		1.560
0.248		0.1307		0.0000		876.773		2.558		0.620		0.653386		1.600
0.262		0.1344		0.0000		876.770		2.561		0.655		0.671976		1.640
0.276		0.1380		0.0000		876.766		2.565		0.690		0.689877		1.680
0.290		0.1413		0.0000		876.763		2.568		0.725		0.706401		1.720
0.302		0.1446		0.0000		876.759		2.571		0.755		0.722924		1.760
0.314		0.1478		0.0000		876.756		2.575		0.785		0.738760		1.800
0.326		0.1511		0.0000		876.753		2.578		0.815		0.755285		1.840
0.338		0.1544		0.0000		876.750		2.581		0.845		0.771809		1.880
0.348		0.1575		0.0000		876.747		2.584		0.870		0.787644		1.920
0.360		0.1607		0.0000		876.743		2.588		0.900		0.803479		1.960
0.372		0.1640		0.0000		876.740		2.591		0.930		0.820004		2.000
0.388		0.1677		0.0000		876.736		2.595		0.970		0.838593		2.040
0.404		0.1713		0.0000		876.733		2.598		1.010		0.856494		2.080
0.422		0.1747		0.0000		876.729		2.602		1.055		0.873706		2.120
0.442		0.1780		0.0000		876.726		2.605		1.105		0.890230		2.160
0.458		0.1811		0.0000		876.723		2.608		1.145		0.905378		2.200
0.476		0.1845		0.0000		876.720		2.611		1.190		0.922590		2.240
0.492		0.1877		0.0000		876.716		2.615		1.230		0.938425		2.280
0.510		0.1910		0.0000		876.713		2.618		1.275		0.954950		2.320
0.528		0.1942		0.0000		876.710		2.621		1.320		0.970786		2.360
0.544		0.1973		0.0000		876.707		2.624		1.360		0.986620		2.400
0.562		0.2009		0.0000		876.703		2.628		1.405		1.004522		2.440
0.582		0.2046		0.0000		876.699		2.631		1.455		1.023111		2.480
0.602		0.2082		0.0000		876.696		2.635		1.505		1.041012		2.520
0.622		0.2114		0.0000		876.693		2.638		1.555		1.056848		2.560
0.638		0.2145		0.0000		876.690		2.641		1.595		1.072683		2.600
0.652		0.2178		0.0000		876.686		2.645		1.630		1.089207		2.640
0.666		0.2211		0.0000		876.683		2.648		1.665		1.105731		2.680
0.680		0.2243		0.0000		876.680		2.651		1.700		1.121566		2.720
0.694		0.2275		0.0000		876.677		2.654		1.735		1.137402		2.760
0.710		0.2306		0.0000		876.673		2.657		1.775		1.153238		2.800
0.728		0.2342		0.0000		876.670		2.661		1.820		1.171138		2.840
0.748		0.2378		0.0000		876.666		2.665		1.870		1.189040		2.880
0.768		0.2414		0.0000		876.663		2.668		1.920		1.206940		2.920
0.788		0.2448		0.0000		876.659		2.672		1.970		1.224153		2.960
0.808		0.2479		0.0000		876.656		2.675		2.020		1.239300		3.000
0.826		0.2512		0.0000		876.653		2.678		2.065		1.255825		3.040
0.844		0.2545		0.0000		876.650		2.681		2.110		1.272348		3.080
0.862		0.2578		0.0000		876.646		2.685		2.155		1.288872		3.120
0.882		0.2609		0.0000		876.643		2.688		2.205		1.304708		3.160
0.900		0.2641		0.0000		876.640		2.691		2.250		1.320543		3.200
0.920		0.2674		0.0000		876.637		2.694		2.300		1.337067		3.240
0.940		0.2711		0.0000		876.633		2.698		2.350		1.355656		3.280
0.962		0.2747		0.0000		876.629		2.702		2.405		1.373558		3.320
0.984		0.2782		0.0000		876.626		2.705		2.460		1.390769		3.360
1.008		0.2813		0.0000		876.623		2.708		2.520		1.406605		3.400
1.028		0.2846		0.0000		876.619		2.711		2.570		1.423130		3.440
1.050		0.2878		0.0000		876.616		2.715		2.625		1.438965		3.480
1.072		0.2911		0.0000		876.613		2.718		2.680		1.455489		3.520
1.092		0.2943		0.0000		876.610		2.721		2.730		1.471324		3.560
1.116		0.2974		0.0000		876.607		2.724		2.790		1.487160		3.600
1.138		0.3009		0.0000		876.603		2.728		2.845		1.504372		3.640
1.160		0.3043		0.0000		876.600		2.731		2.900		1.521585		3.680
1.184		0.3079		0.0000		876.596		2.735		2.960		1.539485		3.720
1.212		0.3115		0.0000		876.593		2.738		3.030		1.557387		3.760
1.238		0.3148		0.0000		876.589		2.742		3.095		1.573911		3.800
1.264		0.3179		0.0000		876.586		2.745		3.160		1.589746		3.840
1.290		0.3213		0.0000		876.583		2.748		3.225		1.606270		3.880
1.316		0.3246		0.0000		876.579		2.751		3.290		1.622795		3.920
1.340		0.3277		0.0000		876.576		2.755		3.350		1.638631		3.960
1.366		0.3308		0.0000		876.573		2.758		3.415		1.653777		4.000
1.392		0.3341		0.0000		876.570		2.761		3.480		1.670301		4.040
1.418		0.3375		0.0000		876.567		2.764		3.545		1.687514		4.080
1.444		0.3412		0.0000		876.563		2.768		3.610		1.706103		4.120
1.474		0.3449		0.0000		876.559		2.772		3.685		1.724693		4.160
1.506		0.3481		0.0000		876.556		2.775		3.765		1.740528		4.200
1.534		0.3514		0.0000		876.553		2.778		3.835		1.757052		4.240
1.560		0.3546		0.0000		876.549		2.781		3.900		1.772888		4.280
1.586		0.3579		0.0000		876.546		2.785		3.965		1.789411		4.320
1.614		0.3610		0.0000		876.543		2.788		4.035		1.805247		4.360
1.640		0.3642		0.0000		876.540		2.791		4.100		1.821083		4.400
1.668		0.3675		0.0000		876.536		2.794		4.170		1.837606		4.440
1.694		0.3708		0.0000		876.533		2.798		4.235		1.854130		4.480
1.722		0.3744		0.0000		876.530		2.801		4.305		1.872032		4.520
1.752		0.3783		0.0000		876.526		2.805		4.380		1.891309		4.560
1.784		0.3816		0.0000		876.522		2.808		4.460		1.907834		4.600
1.814		0.3849		0.0000		876.519		2.812		4.535		1.924357		4.640
1.842		0.3880		0.0000		876.516		2.815		4.605		1.940193		4.680
1.868		0.3912		0.0000		876.513		2.818		4.670		1.956029		4.720
1.894		0.3945		0.0000		876.510		2.821		4.735		1.972553		4.760
1.922		0.3977		0.0000		876.506		2.825		4.805		1.988388		4.800
1.948		0.4008		0.0000		876.503		2.828		4.870		2.004224		4.840
1.974		0.4041		0.0000		876.500		2.831		4.935		2.020748		4.880
2.002		0.4076		0.0000		876.496		2.834		5.005		2.037960		4.920
2.032		0.4114		0.0000		876.493		2.838		5.080		2.057238		4.960
2.064		0.4150		0.0000		876.489		2.842		5.160		2.075139		5.000
2.096		0.4182		0.0000		876.486		2.845		5.240		2.090975		5.040
2.126		0.4214		0.0000		876.483		2.848		5.315		2.106810		5.080
2.152		0.4247		0.0000		876.479		2.851		5.380		2.123334		5.120
2.180		0.4278		0.0000		876.476		2.855		5.450		2.139169		5.160
2.208		0.4311		0.0000		876.473		2.858		5.520		2.155694		5.200
2.236		0.4343		0.0000		876.470		2.861		5.590		2.171530		5.240
2.262		0.4375		0.0000		876.467		2.864		5.655		2.187364		5.280
2.290		0.4409		0.0000		876.463		2.868		5.725		2.204577		5.320
2.320		0.4446		0.0000		876.459		2.871		5.800		2.223166		5.360
2.352		0.4482		0.0000		876.456		2.875		5.880		2.241068		5.400
2.386		0.4517		0.0000		876.452		2.878		5.965		2.258281		5.440
2.418		0.4548		0.0000		876.449		2.882		6.045		2.274115		5.480
2.446		0.4580		0.0000		876.446		2.885		6.115		2.289951		5.520
2.472		0.4613		0.0000		876.443		2.888		6.180		2.306474		5.560
2.502		0.4645		0.0000		876.440		2.891		6.255		2.322310		5.600
2.530		0.4676		0.0000		876.436		2.894		6.325		2.338146		5.640
2.556		0.4709		0.0000		876.433		2.898		6.390		2.354670		5.680
2.584		0.4742		0.0000		876.430		2.901		6.460		2.371194		5.720
2.612		0.4780		0.0000		876.426		2.905		6.530		2.389784		5.760
2.644		0.4815		0.0000		876.422		2.908		6.610		2.407684		5.800
2.676		0.4851		0.0000		876.419		2.912		6.690		2.425586		5.840
2.708		0.4883		0.0000		876.416		2.915		6.770		2.441421		5.880
2.736		0.4913		0.0000		876.413		2.918		6.840		2.456568		5.920
2.764		0.4946		0.0000		876.409		2.921		6.910		2.473092		5.960
2.790		0.4979		0.0000		876.406		2.925		6.975		2.489616		6.000
2.818		0.5011		0.0000		876.403		2.928		7.045		2.505451		6.040
2.846		0.5043		0.0000		876.400		2.931		7.115		2.521287		6.080
2.874		0.5076		0.0000		876.396		2.934		7.185		2.537811		6.120
2.902		0.5111		0.0000		876.393		2.938		7.255		2.555712		6.160
2.932		0.5147		0.0000		876.389		2.942		7.330		2.573613		6.200
2.966		0.5184		0.0000		876.386		2.945		7.415		2.592202		6.240
2.998		0.5216		0.0000		876.382		2.948		7.495		2.608038		6.280
3.028		0.5248		0.0000		876.379		2.952		7.570		2.623874		6.320
3.054		0.5281		0.0000		876.376		2.955		7.635		2.640398		6.360
3.080		0.5312		0.0000		876.373		2.958		7.700		2.656233		6.400
3.108		0.5346		0.0000		876.370		2.961		7.770		2.672757		6.440
3.136		0.5377		0.0000		876.366		2.965		7.840		2.688593		6.480
3.162		0.5409		0.0000		876.363		2.968		7.905		2.704428		6.520
3.190		0.5443		0.0000		876.360		2.971		7.975		2.721641		6.560
3.218		0.5480		0.0000		876.356		2.975		8.045		2.740231		6.600
3.248		0.5518		0.0000		876.352		2.979		8.120		2.758820		6.640
3.282		0.5551		0.0000		876.349		2.982		8.205		2.775344		6.680
3.310		0.5582		0.0000		876.346		2.985		8.275		2.791179		6.720
3.336		0.5614		0.0000		876.343		2.988		8.340		2.807014		6.760
3.362		0.5646		0.0000		876.339		2.991		8.405		2.822850		6.800
3.388		0.5679		0.0000		876.336		2.995		8.470		2.839375		6.840
3.414		0.5710		0.0000		876.333		2.998		8.535		2.855209		6.880
3.440		0.5743		0.0000		876.330		3.001		8.600		2.871734		6.920
3.466		0.5777		0.0000		876.326		3.004		8.665		2.888258		6.960
3.492		0.5812		0.0000		876.323		3.008		8.730		2.906158		7.000
3.520		0.5851		0.0000		876.319		3.012		8.800		2.925436		7.040
3.552		0.5884		0.0000		876.316		3.015		8.880		2.941960		7.080
3.580		0.5917		0.0000		876.312		3.019		8.950		2.958485		7.120
3.606		0.5949		0.0000		876.309		3.022		9.015		2.974319		7.160
3.632		0.5980		0.0000		876.306		3.025		9.080		2.990155		7.200
3.656		0.6013		0.0000		876.303		3.028		9.140		3.006680		7.240
3.680		0.6045		0.0000		876.300		3.031		9.200		3.022515		7.280
3.704		0.6077		0.0000		876.296		3.034		9.260		3.038350		7.320
3.728		0.6110		0.0000		876.293		3.038		9.320		3.054875		7.360
3.752		0.6144		0.0000		876.290		3.041		9.380		3.072087		7.400
3.778		0.6183		0.0000		876.286		3.045		9.445		3.091365		7.440
3.808		0.6219		0.0000		876.282		3.049		9.520		3.109266		7.480
3.836		0.6250		0.0000		876.279		3.052		9.590		3.125101		7.520
3.862		0.6282		0.0000		876.276		3.055		9.655		3.140937		7.560
3.884		0.6315		0.0000		876.273		3.058		9.710		3.157461		7.600
3.906		0.6347		0.0000		876.269		3.061		9.765		3.173296		7.640
3.930		0.6380		0.0000		876.266		3.065		9.825		3.189820		7.680
3.952		0.6411		0.0000		876.263		3.068		9.880		3.205656		7.720
3.974		0.6443		0.0000		876.260		3.071		9.935		3.221492		7.760
3.996		0.6477		0.0000		876.256		3.075		9.990		3.238704		7.800
4.020		0.6515		0.0000		876.253		3.078		10.050		3.257294		7.840
4.046		0.6552		0.0000		876.249		3.082		10.115		3.275883		7.880
4.074		0.6585		0.0000		876.246		3.085		10.185		3.292407		7.920
4.098		0.6616		0.0000		876.242		3.088		10.245		3.308243		7.960
4.120		0.6648		0.0000		876.239		3.092		10.300		3.324078		8.000
4.140		0.6681		0.0000		876.236		3.095		10.350		3.340602		8.040
4.162		0.6713		0.0000		876.233		3.098		10.405		3.356438		8.080
4.182		0.6745		0.0000		876.230		3.101		10.455		3.372273		8.120
4.204		0.6776		0.0000		876.226		3.104		10.510		3.388108		8.160
4.224		0.6811		0.0000		876.223		3.108		10.560		3.405321		8.200
4.244		0.6848		0.0000		876.219		3.112		10.610		3.423910		8.240
4.268		0.6885		0.0000		876.216		3.115		10.670		3.442500		8.280
4.294		0.6918		0.0000		876.212		3.119		10.735		3.459024		8.320
4.318		0.6950		0.0000		876.209		3.122		10.795		3.474859		8.360
4.336		0.6981		0.0000		876.206		3.125		10.840		3.490695		8.400
4.354		0.7014		0.0000		876.203		3.128		10.885		3.507220		8.440
4.372		0.7047		0.0000		876.199		3.132		10.930		3.523743		8.480
4.390		0.7079		0.0000		876.196		3.135		10.975		3.539579		8.520
4.408		0.7111		0.0000		876.193		3.138		11.020		3.555413		8.560
4.426		0.7142		0.0000		876.190		3.141		11.065		3.571249		8.600
4.444		0.7180		0.0000		876.186		3.145		11.110		3.589839		8.640
4.464		0.7217		0.0000		876.182		3.149		11.160		3.608428		8.680
4.488		0.7253		0.0000		876.179		3.152		11.220		3.626330		8.720
4.510		0.7284		0.0000		876.176		3.155		11.275		3.642164		8.760
4.528		0.7316		0.0000		876.172		3.158		11.320		3.658000		8.800
4.544		0.7349		0.0000		876.169		3.162		11.360		3.674525		8.840
4.560		0.7381		0.0000		876.166		3.165		11.400		3.690360		8.880
4.576		0.7412		0.0000		876.163		3.168		11.440		3.706195		8.920
4.592		0.7444		0.0000		876.160		3.171		11.480		3.722031		8.960
4.606		0.7477		0.0000		876.156		3.175		11.515		3.738555		9.000
4.620		0.7512		0.0000		876.153		3.178		11.550		3.755767		9.040
4.638		0.7549		0.0000		876.149		3.182		11.595		3.774357		9.080
4.656		0.7586		0.0000		876.145		3.185		11.640		3.792946		9.120
4.678		0.7619		0.0000		876.142		3.189		11.695		3.809471		9.160
4.696		0.7649		0.0000		876.139		3.192		11.740		3.824618		9.200
4.708		0.7682		0.0000		876.136		3.195		11.770		3.841141		9.240
4.722		0.7715		0.0000		876.133		3.198		11.805		3.857665		9.280
4.736		0.7747		0.0000		876.129		3.202		11.840		3.873501		9.320
4.748		0.7779		0.0000		876.126		3.205		11.870		3.889337		9.360
4.762		0.7810		0.0000		876.123		3.208		11.905		3.905172		9.400
4.774		0.7845		0.0000		876.120		3.211		11.935		3.922385		9.440
4.788		0.7882		0.0000		876.116		3.215		11.970		3.940974		9.480
4.804		0.7919		0.0000		876.112		3.219		12.010		3.959564		9.520
4.824		0.7952		0.0000		876.109		3.222		12.060		3.976088		9.560
4.840		0.7984		0.0000		876.106		3.225		12.100		3.991923		9.600
4.852		0.8017		0.0000		876.102		3.229		12.130		4.008447		9.640
4.862		0.8049		0.0000		876.099		3.232		12.155		4.024282		9.680
4.874		0.8082		0.0000		876.096		3.235		12.185		4.040806		9.720
4.886		0.8112		0.0000		876.093		3.238		12.215		4.055953		9.760
4.898		0.8145		0.0000		876.090		3.241		12.245		4.072478		9.800
4.908		0.8177		0.0000		876.086		3.244		12.270		4.088314		9.840
4.920		0.8214		0.0000		876.083		3.248		12.300		4.106903		9.880
4.934		0.8252		0.0000		876.079		3.252		12.335		4.126181		9.920
4.952		0.8287		0.0000		876.075		3.256		12.380		4.143393		9.960
4.968		0.8318		0.0000		876.072		3.259		12.420		4.159229		10.000
4.978		0.8350		0.0000		876.069		3.262		12.445		4.175065		10.040
4.986		0.8383		0.0000		876.066		3.265		12.465		4.191588		10.080
4.994		0.8415		0.0000		876.063		3.268		12.485		4.207424		10.120
5.004		0.8447		0.0000		876.059		3.271		12.510		4.223258		10.160
5.014		0.8478		0.0000		876.056		3.275		12.535		4.239094		10.200
5.022		0.8511		0.0000		876.053		3.278		12.555		4.255619		10.240
5.032		0.8546		0.0000		876.049		3.281		12.580		4.272830		10.280
5.042		0.8583		0.0000		876.046		3.285		12.605		4.291420		10.320
5.056		0.8620		0.0000		876.042		3.289		12.640		4.310009		10.360
5.070		0.8653		0.0000		876.039		3.292		12.675		4.326534		10.400
5.080		0.8685		0.0000		876.036		3.295		12.700		4.342370		10.440
5.088		0.8716		0.0000		876.032		3.298		12.720		4.358205		10.480
5.096		0.8749		0.0000		876.029		3.302		12.740		4.374729		10.520
5.104		0.8781		0.0000		876.026		3.305		12.760		4.390564		10.560
5.110		0.8813		0.0000		876.023		3.308		12.775		4.406400		10.600
5.118		0.8844		0.0000		876.020		3.311		12.795		4.422235		10.640
5.124		0.8878		0.0000		876.016		3.315		12.810		4.438759		10.680
5.134		0.8916		0.0000		876.012		3.318		12.835		4.458037		10.720
5.146		0.8953		0.0000		876.009		3.322		12.865		4.476627		10.760
5.160		0.8988		0.0000		876.005		3.326		12.900		4.493840		10.800
5.172		0.9018		0.0000		876.002		3.329		12.930		4.508986		10.840
5.178		0.9050		0.0000		875.999		3.332		12.945		4.524822		10.880
5.182		0.9083		0.0000		875.996		3.335		12.955		4.541346		10.920
5.190		0.9114		0.0000		875.993		3.338		12.975		4.557181		10.960
5.196		0.9147		0.0000		875.989		3.342		12.990		4.573705		11.000
5.202		0.9179		0.0000		875.986		3.345		13.005		4.589541		11.040
5.208		0.9211		0.0000		875.983		3.348		13.020		4.605377		11.080
5.214		0.9248		0.0000		875.979		3.352		13.035		4.623966		11.120
5.224		0.9286		0.0000		875.975		3.355		13.060		4.643244		11.160
5.236		0.9321		0.0000		875.972		3.359		13.090		4.660456		11.200
5.246		0.9353		0.0000		875.969		3.362		13.115		4.676292		11.240
5.252		0.9384		0.0000		875.966		3.365		13.130		4.692128		11.280
5.258		0.9417		0.0000		875.962		3.369		13.145		4.708652		11.320
5.262		0.9449		0.0000		875.959		3.372		13.155		4.724487		11.360
5.266		0.9481		0.0000		875.956		3.375		13.165		4.740323		11.400
5.272		0.9512		0.0000		875.953		3.378		13.180		4.756159		11.440
5.276		0.9544		0.0000		875.950		3.381		13.190		4.771993		11.480
5.280		0.9580		0.0000		875.946		3.385		13.200		4.789895		11.520
5.288		0.9618		0.0000		875.942		3.389		13.220		4.809172		11.560
5.300		0.9656		0.0000		875.938		3.392		13.250		4.827762		11.600
5.310		0.9687		0.0000		875.935		3.396		13.275		4.843597		11.640
5.318		0.9719		0.0000		875.932		3.399		13.295		4.859433		11.680
5.320		0.9751		0.0000		875.929		3.402		13.300		4.875269		11.720
5.324		0.9782		0.0000		875.926		3.405		13.310		4.891104		11.760
5.328		0.9815		0.0000		875.923		3.408		13.320		4.907628		11.800
5.332		0.9847		0.0000		875.919		3.412		13.330		4.923464		11.840
5.334		0.9879		0.0000		875.916		3.415		13.335		4.939299		11.880
5.338		0.9912		0.0000		875.913		3.418		13.345		4.955823		11.920
5.344		0.9950		0.0000		875.909		3.422		13.360		4.975101		11.960
5.352		0.9987		0.0000		875.905		3.426		13.380		4.993690		12.000
5.362		1.0020		0.0000		875.902		3.429		13.405		5.010215		12.040
5.370		1.0053		0.0000		875.899		3.432		13.425		5.026739		12.080
5.374		1.0085		0.0000		875.896		3.435		13.435		5.042574		12.120
5.378		1.0117		0.0000		875.892		3.439		13.445		5.058409		12.160
5.380		1.0148		0.0000		875.889		3.442		13.450		5.074244		12.200
5.384		1.0180		0.0000		875.886		3.445		13.460		5.090080		12.240
5.386		1.0212		0.0000		875.883		3.448		13.465		5.105916		12.280
5.390		1.0245		0.0000		875.880		3.451		13.475		5.122440		12.320
5.394		1.0282		0.0000		875.876		3.455		13.485		5.141029		12.360
5.402		1.0321		0.0000		875.872		3.459		13.505		5.160308		12.400
5.412		1.0355		0.0000		875.869		3.462		13.530		5.177521		12.440
5.422		1.0387		0.0000		875.865		3.465		13.555		5.193355		12.480
5.424		1.0418		0.0000		875.862		3.469		13.560		5.209191		12.520
5.426		1.0451		0.0000		875.859		3.472		13.565		5.225716		12.560
5.430		1.0483		0.0000		875.856		3.475		13.575		5.241550		12.600
5.432		1.0515		0.0000		875.853		3.478		13.580		5.257386		12.640
5.436		1.0546		0.0000		875.849		3.481		13.590		5.273222		12.680
5.438		1.0579		0.0000		875.846		3.485		13.595		5.289745		12.720
5.442		1.0614		0.0000		875.843		3.488		13.605		5.306958		12.760
5.446		1.0652		0.0000		875.839		3.492		13.615		5.326237		12.800
5.456		1.0688		0.0000		875.835		3.496		13.640		5.344137		12.840
5.464		1.0721		0.0000		875.832		3.499		13.660		5.360661		12.880
5.470		1.0753		0.0000		875.829		3.502		13.675		5.376496		12.920
5.472		1.0785		0.0000		875.826		3.505		13.680		5.392332		12.960
5.474		1.0816		0.0000		875.822		3.508		13.685		5.408168		13.000
5.478		1.0848		0.0000		875.819		3.512		13.695		5.424004		13.040
5.480		1.0880		0.0000		875.816		3.515		13.700		5.439838		13.080
5.482		1.0913		0.0000		875.813		3.518		13.705		5.456363		13.120
5.486		1.0946		0.0000		875.809		3.521		13.715		5.472887		13.160
5.490		1.0984		0.0000		875.806		3.525		13.725		5.492165		13.200
5.500		1.1023		0.0000		875.802		3.529		13.750		5.511442		13.240
5.510		1.1056		0.0000		875.798		3.532		13.775		5.527966		13.280
5.518		1.1086		0.0000		875.795		3.535		13.795		5.543114		13.320
5.520		1.1118		0.0000		875.792		3.539		13.800		5.558949		13.360
5.522		1.1151		0.0000		875.789		3.542		13.805		5.575473		13.400
5.524		1.1183		0.0000		875.786		3.545		13.810		5.591309		13.440
5.528		1.1214		0.0000		875.783		3.548		13.820		5.607143		13.480
5.530		1.1246		0.0000		875.779		3.551		13.825		5.622979		13.520
5.534		1.1279		0.0000		875.776		3.555		13.835		5.639503		13.560
5.536		1.1316		0.0000		875.772		3.558		13.840		5.658092		13.600
5.544		1.1355		0.0000		875.769		3.562		13.860		5.677371		13.640
5.554		1.1389		0.0000		875.765		3.566		13.885		5.694584		13.680
5.562		1.1421		0.0000		875.762		3.569		13.905		5.710420		13.720
5.564		1.1453		0.0000		875.759		3.572		13.910		5.726254		13.760
5.566		1.1484		0.0000		875.756		3.575		13.915		5.742090		13.800
5.568		1.1516		0.0000		875.752		3.578		13.920		5.757926		13.840
5.570		1.1549		0.0000		875.749		3.582		13.925		5.774449		13.880
5.574		1.1581		0.0000		875.746		3.585		13.935		5.790285		13.920
5.576		1.1612		0.0000		875.743		3.588		13.940		5.806121		13.960
5.578		1.1648		0.0000		875.739		3.592		13.945		5.824021		14.000
5.584		1.1687		0.0000		875.735		3.595		13.960		5.843300		14.040
5.594		1.1724		0.0000		875.732		3.599		13.985		5.861889		14.080
5.604		1.1754		0.0000		875.729		3.602		14.010		5.877036		14.120
5.608		1.1787		0.0000		875.725		3.606		14.020		5.893560		14.160
5.610		1.1819		0.0000		875.722		3.609		14.025		5.909395		14.200
5.612		1.1850		0.0000		875.719		3.612		14.030		5.925231		14.240
5.614		1.1882		0.0000		875.716		3.615		14.035		5.941067		14.280
5.616		1.1915		0.0000		875.713		3.618		14.040		5.957590		14.320
5.618		1.1947		0.0000		875.709		3.622		14.045		5.973426		14.360
5.620		1.1980		0.0000		875.706		3.625		14.050		5.989950		14.400
5.624		1.2018		0.0000		875.702		3.629		14.060		6.009228		14.440
5.632		1.2057		0.0000		875.698		3.633		14.080		6.028505		14.480
5.642		1.2089		0.0000		875.695		3.636		14.105		6.044341		14.520
5.650		1.2120		0.0000		875.692		3.639		14.125		6.060177		14.560
5.650		1.2152		0.0000		875.689		3.642		14.125		6.076013		14.600
5.652		1.2185		0.0000		875.686		3.645		14.130		6.092536		14.640
5.654		1.2217		0.0000		875.682		3.648		14.135		6.108372		14.680
5.656		1.2248		0.0000		875.679		3.652		14.140		6.124208		14.720
5.656		1.2280		0.0000		875.676		3.655		14.140		6.140042		14.760
5.658		1.2313		0.0000		875.673		3.658		14.145		6.156568		14.800
5.662		1.2350		0.0000		875.669		3.662		14.155		6.175157		14.840
5.668		1.2389		0.0000		875.665		3.666		14.170		6.194434		14.880
5.678		1.2423		0.0000		875.662		3.669		14.195		6.211647		14.920
5.684		1.2455		0.0000		875.659		3.672		14.210		6.227483		14.960
5.686		1.2487		0.0000		875.655		3.675		14.215		6.243319		15.000
5.688		1.2518		0.0000		875.652		3.679		14.220		6.259154		15.040
5.690		1.2551		0.0000		875.649		3.682		14.225		6.275678		15.080
5.692		1.2583		0.0000		875.646		3.685		14.230		6.291513		15.120
5.694		1.2615		0.0000		875.643		3.688		14.235		6.307348		15.160
5.696		1.2646		0.0000		875.639		3.691		14.240		6.323184		15.200
5.698		1.2682		0.0000		875.636		3.695		14.245		6.341085		15.240
5.702		1.2721		0.0000		875.632		3.699		14.255		6.360363		15.280
5.710		1.2757		0.0000		875.628		3.702		14.275		6.378264		15.320
5.718		1.2790		0.0000		875.625		3.706		14.295		6.394788		15.360
5.722		1.2821		0.0000		875.622		3.709		14.305		6.410624		15.400
5.722		1.2853		0.0000		875.619		3.712		14.305		6.426459		15.440
5.722		1.2885		0.0000		875.616		3.715		14.305		6.442294		15.480
5.724		1.2918		0.0000		875.612		3.719		14.310		6.458819		15.520
5.724		1.2948		0.0000		875.609		3.722		14.310		6.473966		15.560
5.726		1.2980		0.0000		875.606		3.725		14.315		6.489801		15.600
5.728		1.3014		0.0000		875.603		3.728		14.320		6.507014		15.640
5.732		1.3053		0.0000		875.599		3.732		14.330		6.526291		15.680
5.740		1.3091		0.0000		875.595		3.736		14.350		6.545570		15.720
5.748		1.3124		0.0000		875.592		3.739		14.370		6.562094		15.760
5.754		1.3154		0.0000		875.589		3.742		14.385		6.577240		15.800
5.754		1.3186		0.0000		875.585		3.745		14.385		6.593076		15.840
5.754		1.3219		0.0000		875.582		3.749		14.385		6.609600		15.880
5.756		1.3251		0.0000		875.579		3.752		14.390		6.625435		15.920
5.756		1.3283		0.0000		875.576		3.755		14.390		6.641271		15.960
5.756		1.3314		0.0000		875.573		3.758		14.390		6.657107		16.000
5.758		1.3347		0.0000		875.569		3.762		14.395		6.673631		16.040
5.760		1.3384		0.0000		875.566		3.765		14.400		6.692220		16.080
5.766		1.3423		0.0000		875.562		3.769		14.415		6.711498		16.120
5.774		1.3457		0.0000		875.558		3.773		14.435		6.728711		16.160
5.782		1.3489		0.0000		875.555		3.776		14.455		6.744546		16.200
5.784		1.3521		0.0000		875.552		3.779		14.460		6.760382		16.240
5.784		1.3552		0.0000		875.549		3.782		14.460		6.776217		16.280
5.784		1.3585		0.0000		875.545		3.785		14.460		6.792741		16.320
5.786		1.3616		0.0000		875.542		3.788		14.465		6.807888		16.360
5.786		1.3649		0.0000		875.539		3.792		14.465		6.824412		16.400
5.788		1.3680		0.0000		875.536		3.795		14.470		6.840248		16.440
5.788		1.3716		0.0000		875.532		3.798		14.470		6.858149		16.480
5.794		1.3756		0.0000		875.528		3.802		14.485		6.878115		16.520
5.802		1.3793		0.0000		875.525		3.806		14.505		6.896705		16.560
5.810		1.3822		0.0000		875.522		3.809		14.525		6.911163		16.600
5.814		1.3854		0.0000		875.519		3.812		14.535		6.926999		16.640
5.814		1.3887		0.0000		875.515		3.816		14.535		6.943522		16.680
5.816		1.3920		0.0000		875.512		3.819		14.540		6.960046		16.720
5.816		1.3952		0.0000		875.509		3.822		14.540		6.975882		16.760
5.818		1.3982		0.0000		875.506		3.825		14.545		6.991029		16.800
5.820		1.4015		0.0000		875.503		3.828		14.550		7.007554		16.840
5.820		1.4048		0.0000		875.499		3.832		14.550		7.024077		16.880
5.824		1.4088		0.0000		875.495		3.836		14.560		7.044044		16.920
5.832		1.4125		0.0000		875.492		3.839		14.580		7.062633		16.960
5.840		1.4157		0.0000		875.488		3.843		14.600		7.078469		17.000
5.844		1.4189		0.0000		875.485		3.846		14.610		7.094305		17.040
5.846		1.4222		0.0000		875.482		3.849		14.615		7.110828		17.080
5.846		1.4253		0.0000		875.479		3.852		14.615		7.126664		17.120
5.846		1.4285		0.0000		875.476		3.855		14.615		7.142498		17.160
5.848		1.4317		0.0000		875.472		3.858		14.620		7.158334		17.200
5.848		1.4348		0.0000		875.469		3.862		14.620		7.174170		17.240
5.850		1.4381		0.0000		875.466		3.865		14.625		7.190694		17.280
5.852		1.4419		0.0000		875.462		3.869		14.630		7.209283		17.320
5.858		1.4458		0.0000		875.458		3.873		14.645		7.229249		17.360
5.868		1.4492		0.0000		875.455		3.876		14.670		7.245774		17.400
5.874		1.4523		0.0000		875.452		3.879		14.685		7.261610		17.440
5.876		1.4555		0.0000		875.449		3.882		14.690		7.277445		17.480
5.876		1.4588		0.0000		875.445		3.886		14.690		7.293969		17.520
5.876		1.4620		0.0000		875.442		3.889		14.690		7.309805		17.560
5.878		1.4651		0.0000		875.439		3.892		14.695		7.325640		17.600
5.878		1.4683		0.0000		875.436		3.895		14.695		7.341475		17.640
5.880		1.4715		0.0000		875.433		3.898		14.700		7.357311		17.680
5.880		1.4750		0.0000		875.429		3.902		14.700		7.375212		17.720
5.886		1.4790		0.0000		875.425		3.906		14.715		7.395178		17.760
5.894		1.4825		0.0000		875.422		3.909		14.735		7.412391		17.800
5.902		1.4858		0.0000		875.418		3.913		14.755		7.428916		17.840
5.906		1.4888		0.0000		875.415		3.916		14.765		7.444062		17.880
5.906		1.4921		0.0000		875.412		3.919		14.765		7.460586		17.920
5.906		1.4953		0.0000		875.409		3.922		14.765		7.476421		17.960
5.906		1.4985		0.0000		875.406		3.925		14.765		7.492257		18.000
5.908		1.5018		0.0000		875.402		3.929		14.770		7.508781		18.040
5.908		1.5048		0.0000		875.399		3.932		14.770		7.523928		18.080
5.908		1.5084		0.0000		875.396		3.935		14.770		7.541829		18.120
5.912		1.5121		0.0000		875.392		3.939		14.780		7.560419		18.160
5.920		1.5158		0.0000		875.388		3.943		14.800		7.579008		18.200
5.928		1.5191		0.0000		875.385		3.946		14.820		7.595532		18.240
5.932		1.5223		0.0000		875.382		3.949		14.830		7.611368		18.280
5.932		1.5256		0.0000		875.378		3.952		14.830		7.627892		18.320
5.932		1.5287		0.0000		875.375		3.956		14.830		7.643727		18.360
5.934		1.5319		0.0000		875.372		3.959		14.835		7.659563		18.400
5.936		1.5351		0.0000		875.369		3.962		14.840		7.675399		18.440
5.936		1.5382		0.0000		875.366		3.965		14.840		7.691233		18.480
5.938		1.5417		0.0000		875.362		3.969		14.845		7.708446		18.520
5.940		1.5454		0.0000		875.359		3.972		14.850		7.727036		18.560
5.946		1.5491		0.0000		875.355		3.976		14.865		7.745625		18.600
5.956		1.5526		0.0000		875.352		3.979		14.890		7.762837		18.640
5.962		1.5557		0.0000		875.348		3.983		14.905		7.778673		18.680
5.962		1.5589		0.0000		875.345		3.986		14.905		7.794509		18.720
5.962		1.5622		0.0000		875.342		3.989		14.905		7.811032		18.760
5.962		1.5652		0.0000		875.339		3.992		14.905		7.826180		18.800
5.962		1.5685		0.0000		875.336		3.995		14.905		7.842704		18.840
5.964		1.5717		0.0000		875.332		3.999		14.910		7.858539		18.880
5.964		1.5750		0.0000		875.329		4.002		14.910		7.875062		18.920
5.966		1.5786		0.0000		875.325		4.005		14.915		7.892965		18.960
5.970		1.5823		0.0000		875.322		4.009		14.925		7.911554		19.000
5.978		1.5860		0.0000		875.318		4.013		14.945		7.930144		19.040
5.986		1.5892		0.0000		875.315		4.016		14.965		7.945977		19.080
5.988		1.5924		0.0000		875.312		4.019		14.970		7.961813		19.120
5.988		1.5955		0.0000		875.309		4.022		14.970		7.977649		19.160
5.988		1.5987		0.0000		875.305		4.026		14.970		7.993484		19.200
5.988		1.6020		0.0000		875.302		4.029		14.970		8.010010		19.240
5.990		1.6050		0.0000		875.299		4.032		14.975		8.025156		19.280
5.990		1.6083		0.0000		875.296		4.035		14.975		8.041681		19.320
5.992		1.6118		0.0000		875.292		4.039		14.980		8.058892		19.360
5.994		1.6155		0.0000		875.289		4.042		14.985		8.077482		19.400
6.002		1.6194		0.0000		875.285		4.046		15.005		8.096761		19.440
6.010		1.6225		0.0000		875.282		4.049		15.025		8.112597		19.480
6.014		1.6257		0.0000		875.278		4.053		15.035		8.128432		19.520
6.014		1.6290		0.0000		875.275		4.056		15.035		8.144955		19.560
6.014		1.6322		0.0000		875.272		4.059		15.035		8.160790		19.600
6.014		1.6353		0.0000		875.269		4.062		15.035		8.176626		19.640
6.014		1.6385		0.0000		875.266		4.065		15.035		8.192462		19.680
6.014		1.6417		0.0000		875.262		4.068		15.035		8.208298		19.720
6.014		1.6451		0.0000		875.259		4.072		15.035		8.225509		19.760
6.016		1.6488		0.0000		875.255		4.076		15.040		8.244099		19.800
6.022		1.6527		0.0000		875.251		4.080		15.055		8.263377		19.840
6.030		1.6560		0.0000		875.248		4.083		15.075		8.279902		19.880
6.036		1.6591		0.0000		875.245		4.086		15.090		8.295737		19.920
6.038		1.6623		0.0000		875.242		4.089		15.095		8.311571		19.960
6.038		1.6655		0.0000		875.239		4.092		15.095		8.327407		20.000
6.038		1.6688		0.0000		875.235		4.096		15.095		8.343931		20.040
6.040		1.6720		0.0000		875.232		4.099		15.100		8.359767		20.080
6.040		1.6751		0.0000		875.229		4.102		15.100		8.375603		20.120
6.042		1.6783		0.0000		875.226		4.105		15.105		8.391438		20.160
6.044		1.6820		0.0000		875.222		4.109		15.110		8.410028		20.200
6.048		1.6859		0.0000		875.218		4.113		15.120		8.429307		20.240
6.056		1.6894		0.0000		875.215		4.116		15.140		8.447207		20.280
6.064		1.6926		0.0000		875.211		4.119		15.160		8.463043		20.320
6.066		1.6958		0.0000		875.208		4.123		15.165		8.478879		20.360
6.066		1.6989		0.0000		875.205		4.126		15.165		8.494712		20.400
6.066		1.7021		0.0000		875.202		4.129		15.165		8.510548		20.440
6.068		1.7053		0.0000		875.199		4.132		15.170		8.526383		20.480
6.068		1.7084		0.0000		875.196		4.135		15.170		8.542219		20.520
6.068		1.7117		0.0000		875.192		4.139		15.170		8.558744		20.560
6.070		1.7152		0.0000		875.189		4.142		15.175		8.575955		20.600
6.074		1.7190		0.0000		875.185		4.146		15.185		8.595234		20.640
6.082		1.7228		0.0000		875.181		4.150		15.205		8.613824		20.680
6.090		1.7259		0.0000		875.178		4.153		15.225		8.629660		20.720
6.094		1.7291		0.0000		875.175		4.156		15.235		8.645495		20.760
6.092		1.7324		0.0000		875.172		4.159		15.230		8.662018		20.800
6.092		1.7356		0.0000		875.168		4.162		15.230		8.677854		20.840
6.094		1.7387		0.0000		875.165		4.166		15.235		8.693689		20.880
6.096		1.7419		0.0000		875.162		4.169		15.240		8.709525		20.920
6.096		1.7451		0.0000		875.159		4.172		15.240		8.725361		20.960
6.098		1.7485		0.0000		875.156		4.175		15.245		8.742572		21.000
6.100		1.7522		0.0000		875.152		4.179		15.250		8.761162		21.040
6.106		1.7561		0.0000		875.148		4.183		15.265		8.780440		21.080
6.116		1.7594		0.0000		875.145		4.186		15.290		8.796965		21.120
6.120		1.7626		0.0000		875.141		4.189		15.300		8.812800		21.160
6.120		1.7657		0.0000		875.138		4.193		15.300		8.828636		21.200
6.120		1.7689		0.0000		875.135		4.196		15.300		8.844472		21.240
6.120		1.7722		0.0000		875.132		4.199		15.300		8.860994		21.280
6.120		1.7754		0.0000		875.129		4.202		15.300		8.876830		21.320
6.120		1.7785		0.0000		875.125		4.205		15.300		8.892666		21.360
6.120		1.7817		0.0000		875.122		4.209		15.300		8.908502		21.400
6.120		1.7854		0.0000		875.119		4.212		15.300		8.927092		21.440
6.126		1.7893		0.0000		875.115		4.216		15.315		8.946370		21.480
6.134		1.7929		0.0000		875.111		4.220		15.335		8.964271		21.520
6.142		1.7959		0.0000		875.108		4.223		15.355		8.979417		21.560
6.142		1.7992		0.0000		875.105		4.226		15.355		8.995942		21.600
6.142		1.8024		0.0000		875.102		4.229		15.355		9.011778		21.640
6.142		1.8055		0.0000		875.099		4.232		15.355		9.027611		21.680
6.142		1.8087		0.0000		875.095		4.236		15.355		9.043447		21.720
6.142		1.8119		0.0000		875.092		4.239		15.355		9.059282		21.760
6.142		1.8150		0.0000		875.089		4.242		15.355		9.075118		21.800
6.142		1.8187		0.0000		875.085		4.246		15.355		9.093708		21.840
6.146		1.8225		0.0000		875.082		4.249		15.365		9.112297		21.880
6.152		1.8262		0.0000		875.078		4.253		15.380		9.130887		21.920
6.160		1.8293		0.0000		875.075		4.256		15.400		9.146723		21.960
6.164		1.8325		0.0000		875.072		4.259		15.410		9.162559		22.000
6.164		1.8358		0.0000		875.068		4.263		15.410		9.179083		22.040
6.164		1.8390		0.0000		875.065		4.266		15.410		9.194917		22.080
6.164		1.8422		0.0000		875.062		4.269		15.410		9.210752		22.120
6.164		1.8453		0.0000		875.059		4.272		15.410		9.226588		22.160
6.164		1.8483		0.0000		875.056		4.275		15.410		9.241735		22.200
6.164		1.8519		0.0000		875.052		4.279		15.410		9.259638		22.240
6.166		1.8556		0.0000		875.048		4.282		15.415		9.278227		22.280
6.172		1.8595		0.0000		875.045		4.286		15.430		9.297503		22.320
6.180		1.8628		0.0000		875.041		4.290		15.450		9.314028		22.360
6.184		1.8658		0.0000		875.038		4.293		15.460		9.329175		22.400
6.184		1.8691		0.0000		875.035		4.296		15.460		9.345699		22.440
6.182		1.8723		0.0000		875.032		4.299		15.455		9.361535		22.480
6.182		1.8755		0.0000		875.029		4.302		15.455		9.377371		22.520
6.182		1.8788		0.0000		875.025		4.306		15.455		9.393893		22.560
6.182		1.8819		0.0000		875.022		4.309		15.455		9.409729		22.600
6.184		1.8853		0.0000		875.019		4.312		15.460		9.426254		22.640
6.184		1.8888		0.0000		875.015		4.316		15.460		9.444155		22.680
6.190		1.8927		0.0000		875.011		4.320		15.475		9.463433		22.720
6.198		1.8963		0.0000		875.008		4.323		15.495		9.481334		22.760
6.204		1.8994		0.0000		875.005		4.326		15.510		9.497169		22.800
6.204		1.9026		0.0000		875.001		4.329		15.510		9.513005		22.840
6.204		1.9058		0.0000		874.998		4.333		15.510		9.528841		22.880
6.204		1.9089		0.0000		874.995		4.336		15.510		9.544677		22.920
6.204		1.9121		0.0000		874.992		4.339		15.510		9.560510		22.960
6.202		1.9151		0.0000		874.989		4.342		15.505		9.575659		23.000
6.202		1.9184		0.0000		874.986		4.345		15.505		9.592181		23.040
6.202		1.9222		0.0000		874.982		4.349		15.505		9.610771		23.080
6.206		1.9259		0.0000		874.978		4.353		15.515		9.629360		23.120
6.214		1.9296		0.0000		874.974		4.356		15.535		9.647950		23.160
6.222		1.9326		0.0000		874.971		4.359		15.555		9.663096		23.200
6.224		1.9359		0.0000		874.968		4.363		15.560		9.679622		23.240
6.224		1.9391		0.0000		874.965		4.366		15.560		9.695457		23.280
6.222		1.9424		0.0000		874.962		4.369		15.555		9.711982		23.320
6.222		1.9456		0.0000		874.958		4.372		15.555		9.727818		23.360
6.222		1.9486		0.0000		874.955		4.375		15.555		9.742965		23.400
6.222		1.9519		0.0000		874.952		4.379		15.555		9.759487		23.440
6.222		1.9553		0.0000		874.949		4.382		15.555		9.776701		23.480
6.224		1.9591		0.0000		874.945		4.386		15.560		9.795290		23.520
6.230		1.9629		0.0000		874.941		4.390		15.575		9.814569		23.560
6.240		1.9662		0.0000		874.938		4.393		15.600		9.831091		23.600
6.244		1.9694		0.0000		874.935		4.396		15.610		9.846927		23.640
6.244		1.9726		0.0000		874.932		4.399		15.610		9.862762		23.680
6.244		1.9757		0.0000		874.928		4.403		15.610		9.878598		23.720
6.244		1.9789		0.0000		874.925		4.406		15.610		9.894434		23.760
6.244		1.9821		0.0000		874.922		4.409		15.610		9.910270		23.800
6.244		1.9852		0.0000		874.919		4.412		15.610		9.926105		23.840
6.244		1.9885		0.0000		874.916		4.415		15.610		9.942628		23.880
6.246		1.9922		0.0000		874.912		4.419		15.615		9.961218		23.920
6.250		1.9962		0.0000		874.908		4.423		15.625		9.981185		23.960
6.260		1.9997		0.0000		874.904		4.427		15.650		9.998397		24.000
6.266		2.0027		0.0000		874.901		4.430		15.665		10.013543		24.040
6.266		2.0059		0.0000		874.898		4.433		15.665		10.029379		24.080
6.266		2.0092		0.0000		874.895		4.436		15.665		10.045904		24.120
6.266		2.0123		0.0000		874.892		4.439		15.665		10.061740		24.160
6.266		2.0154		0.0000		874.889		4.442		15.665		10.076886		24.200
6.268		2.0187		0.0000		874.885		4.446		15.670		10.093411		24.240
6.268		2.0218		0.0000		874.882		4.449		15.670		10.109244		24.280
6.268		2.0254		0.0000		874.879		4.452		15.670		10.127148		24.320
6.272		2.0294		0.0000		874.875		4.456		15.680		10.147113		24.360
6.282		2.0330		0.0000		874.871		4.460		15.705		10.165013		24.400
6.290		2.0362		0.0000		874.868		4.463		15.725		10.180849		24.440
6.292		2.0393		0.0000		874.865		4.466		15.730		10.196685		24.480
6.292		2.0425		0.0000		874.862		4.469		15.730		10.212521		24.520
6.290		2.0458		0.0000		874.858		4.473		15.725		10.229045		24.560
6.290		2.0488		0.0000		874.855		4.476		15.725		10.244192		24.600
6.290		2.0520		0.0000		874.852		4.479		15.725		10.260028		24.640
6.288		2.0553		0.0000		874.849		4.482		15.720		10.276550		24.680
6.288		2.0586		0.0000		874.845		4.485		15.720		10.293075		24.720
6.290		2.0626		0.0000		874.841		4.489		15.725		10.313043		24.760
6.298		2.0665		0.0000		874.838		4.493		15.745		10.332318		24.800
6.306		2.0696		0.0000		874.834		4.496		15.765		10.348154		24.840
6.310		2.0728		0.0000		874.831		4.500		15.775		10.363990		24.880
6.310		2.0760		0.0000		874.828		4.503		15.775		10.379826		24.920
6.308		2.0791		0.0000		874.825		4.506		15.770		10.395661		24.960
6.308		2.0823		0.0000		874.822		4.509		15.770		10.411497		25.000
6.306		2.0855		0.0000		874.819		4.512		15.765		10.427333		25.040
6.306		2.0886		0.0000		874.815		4.515		15.765		10.443169		25.080
6.304		2.0919		0.0000		874.812		4.519		15.760		10.459691		25.120
6.306		2.0957		0.0000		874.808		4.522		15.765		10.478281		25.160
6.310		2.0996		0.0000		874.804		4.526		15.775		10.498248		25.200
6.320		2.1031		0.0000		874.801		4.530		15.800		10.515460		25.240
6.326		2.1063		0.0000		874.798		4.533		15.815		10.531296		25.280
6.326		2.1093		0.0000		874.795		4.536		15.815		10.546442		25.320
6.326		2.1126		0.0000		874.791		4.539		15.815		10.562967		25.360
6.326		2.1158		0.0000		874.788		4.543		15.815		10.578803		25.400
6.326		2.1189		0.0000		874.785		4.546		15.815		10.594639		25.440
6.324		2.1221		0.0000		874.782		4.549		15.810		10.610475		25.480
6.324		2.1253		0.0000		874.779		4.552		15.810		10.626310		25.520
6.324		2.1290		0.0000		874.775		4.556		15.810		10.644899		25.560
6.328		2.1328		0.0000		874.771		4.560		15.820		10.664176		25.600
6.336		2.1366		0.0000		874.768		4.563		15.840		10.682765		25.640
6.344		2.1396		0.0000		874.764		4.566		15.860		10.697912		25.680
6.346		2.1427		0.0000		874.761		4.570		15.865		10.713748		25.720
6.344		2.1459		0.0000		874.758		4.573		15.860		10.729584		25.760
6.344		2.1491		0.0000		874.755		4.576		15.860		10.745420		25.800
6.344		2.1524		0.0000		874.752		4.579		15.860		10.761944		25.840
6.342		2.1554		0.0000		874.749		4.582		15.855		10.777091		25.880
6.342		2.1587		0.0000		874.745		4.586		15.855		10.793615		25.920
6.342		2.1622		0.0000		874.742		4.589		15.855		10.810827		25.960
6.344		2.1659		0.0000		874.738		4.593		15.860		10.829416		26.000
6.350		2.1699		0.0000		874.734		4.597		15.875		10.849384		26.040
6.360		2.1730		0.0000		874.731		4.600		15.900		10.865217		26.080
6.364		2.1762		0.0000		874.728		4.603		15.910		10.881053		26.120
6.362		2.1794		0.0000		874.725		4.606		15.905		10.896889		26.160
6.360		2.1825		0.0000		874.721		4.609		15.900		10.912724		26.200
6.360		2.1857		0.0000		874.718		4.613		15.900		10.928560		26.240
6.358		2.1889		0.0000		874.715		4.616		15.895		10.944396		26.280
6.358		2.1920		0.0000		874.712		4.619		15.895		10.960232		26.320
6.358		2.1954		0.0000		874.709		4.622		15.895		10.976754		26.360
6.358		2.1991		0.0000		874.705		4.626		15.895		10.995344		26.400
6.364		2.2031		0.0000		874.701		4.630		15.910		11.015311		26.440
6.374		2.2065		0.0000		874.698		4.633		15.935		11.032523		26.480
6.378		2.2095		0.0000		874.695		4.636		15.945		11.047672		26.520
6.378		2.2127		0.0000		874.691		4.640		15.945		11.063505		26.560
6.378		2.2160		0.0000		874.688		4.643		15.945		11.080030		26.600
6.376		2.2192		0.0000		874.685		4.646		15.940		11.095866		26.640
6.376		2.2223		0.0000		874.682		4.649		15.940		11.111702		26.680
6.374		2.2255		0.0000		874.679		4.652		15.935		11.127538		26.720
6.374		2.2287		0.0000		874.675		4.655		15.935		11.143373		26.760
6.374		2.2324		0.0000		874.672		4.659		15.935		11.161963		26.800
6.378		2.2362		0.0000		874.668		4.663		15.945		11.181241		26.840
6.386		2.2398		0.0000		874.664		4.667		15.965		11.199142		26.880
6.394		2.2430		0.0000		874.661		4.670		15.985		11.214977		26.920
6.396		2.2462		0.0000		874.658		4.673		15.990		11.230813		26.960
6.394		2.2493		0.0000		874.655		4.676		15.985		11.246647		27.000
6.394		2.2525		0.0000		874.652		4.679		15.985		11.262483		27.040
6.392		2.2557		0.0000		874.648		4.682		15.980		11.278318		27.080
6.392		2.2588		0.0000		874.645		4.686		15.980		11.294154		27.120
6.392		2.2620		0.0000		874.642		4.689		15.980		11.309990		27.160
6.390		2.2654		0.0000		874.639		4.692		15.975		11.327201		27.200
6.392		2.2694		0.0000		874.635		4.696		15.980		11.347169		27.240
6.400		2.2733		0.0000		874.631		4.700		16.000		11.366447		27.280
6.408		2.2765		0.0000		874.628		4.703		16.020		11.382283		27.320
6.412		2.2796		0.0000		874.624		4.706		16.030		11.398119		27.360
6.410		2.2828		0.0000		874.621		4.710		16.025		11.413952		27.400
6.408		2.2860		0.0000		874.618		4.713		16.020		11.429788		27.440
6.408		2.2891		0.0000		874.615		4.716		16.020		11.445623		27.480
6.408		2.2923		0.0000		874.612		4.719		16.020		11.461459		27.520
6.408		2.2955		0.0000		874.609		4.722		16.020		11.477295		27.560
6.406		2.2988		0.0000		874.605		4.726		16.015		11.493820		27.600
6.408		2.3025		0.0000		874.602		4.729		16.020		11.512409		27.640
6.414		2.3065		0.0000		874.598		4.733		16.035		11.532374		27.680
6.422		2.3099		0.0000		874.594		4.737		16.055		11.549588		27.720
6.428		2.3129		0.0000		874.591		4.740		16.070		11.564735		27.760
6.428		2.3161		0.0000		874.588		4.743		16.070		11.580571		27.800
6.426		2.3193		0.0000		874.585		4.746		16.065		11.596407		27.840
6.424		2.3226		0.0000		874.581		4.749		16.060		11.612929		27.880
6.424		2.3258		0.0000		874.578		4.753		16.060		11.628765		27.920
6.424		2.3288		0.0000		874.575		4.756		16.060		11.643911		27.960
6.424		2.3321		0.0000		874.572		4.759		16.060		11.660437		28.000
6.424		2.3358		0.0000		874.568		4.763		16.060		11.679026		28.040
6.428		2.3398		0.0000		874.564		4.767		16.070		11.698991		28.080
6.436		2.3432		0.0000		874.561		4.770		16.090		11.716205		28.120
6.444		2.3464		0.0000		874.558		4.773		16.110		11.732040		28.160
6.444		2.3496		0.0000		874.554		4.776		16.110		11.747876		28.200
6.440		2.3527		0.0000		874.551		4.780		16.100		11.763712		28.240
6.440		2.3559		0.0000		874.548		4.783		16.100		11.779546		28.280
6.438		2.3591		0.0000		874.545		4.786		16.095		11.795382		28.320
6.436		2.3622		0.0000		874.542		4.789		16.090		11.811217		28.360
6.434		2.3655		0.0000		874.539		4.792		16.085		11.827742		28.400
6.434		2.3690		0.0000		874.535		4.796		16.085		11.844954		28.440
6.436		2.3728		0.0000		874.531		4.800		16.090		11.864232		28.480
6.442		2.3766		0.0000		874.527		4.803		16.105		11.882821		28.520
6.450		2.3799		0.0000		874.524		4.807		16.125		11.899346		28.560
6.452		2.3830		0.0000		874.521		4.810		16.130		11.915182		28.600
6.450		2.3862		0.0000		874.518		4.813		16.125		11.931018		28.640
6.448		2.3894		0.0000		874.515		4.816		16.120		11.946851		28.680
6.448		2.3925		0.0000		874.512		4.819		16.120		11.962687		28.720
6.446		2.3957		0.0000		874.508		4.823		16.115		11.978522		28.760
6.444		2.3989		0.0000		874.505		4.826		16.110		11.994358		28.800
6.444		2.4022		0.0000		874.502		4.829		16.110		12.010883		28.840
6.444		2.4060		0.0000		874.498		4.833		16.110		12.030162		28.880
6.448		2.4099		0.0000		874.494		4.837		16.120		12.049438		28.920
6.458		2.4133		0.0000		874.491		4.840		16.145		12.066651		28.960
6.464		2.4164		0.0000		874.488		4.843		16.160		12.081799		29.000
6.462		2.4195		0.0000		874.484		4.846		16.155		12.097634		29.040
6.460		2.4227		0.0000		874.481		4.850		16.150		12.113470		29.080
6.460		2.4260		0.0000		874.478		4.853		16.150		12.129992		29.120
6.458		2.4292		0.0000		874.475		4.856		16.145		12.145828		29.160
6.456		2.4323		0.0000		874.472		4.859		16.140		12.161664		29.200
6.456		2.4355		0.0000		874.469		4.862		16.140		12.177500		29.240
6.456		2.4392		0.0000		874.465		4.866		16.140		12.196089		29.280
6.458		2.4431		0.0000		874.461		4.870		16.145		12.215367		29.320
6.466		2.4467		0.0000		874.457		4.873		16.165		12.233268		29.360
6.474		2.4498		0.0000		874.454		4.877		16.185		12.249104		29.400
6.474		2.4530		0.0000		874.451		4.880		16.185		12.264939		29.440
6.472		2.4562		0.0000		874.448		4.883		16.180		12.280775		29.480
6.470		2.4593		0.0000		874.445		4.886		16.175		12.296611		29.520
6.468		2.4625		0.0000		874.442		4.889		16.170		12.312445		29.560
6.468		2.4657		0.0000		874.438		4.892		16.170		12.328280		29.600
6.466		2.4688		0.0000		874.435		4.896		16.165		12.344116		29.640
6.466		2.4724		0.0000		874.432		4.899		16.165		12.362017		29.680
6.468		2.4763		0.0000		874.428		4.903		16.170		12.381295		29.720
6.474		2.4801		0.0000		874.424		4.907		16.185		12.400574		29.760
6.482		2.4831		0.0000		874.421		4.910		16.205		12.415720		29.800
6.484		2.4863		0.0000		874.418		4.913		16.210		12.431556		29.840
6.482		2.4896		0.0000		874.414		4.916		16.205		12.448081		29.880
6.480		2.4928		0.0000		874.411		4.920		16.200		12.463917		29.920
6.478		2.4959		0.0000		874.408		4.923		16.195		12.479750		29.960
6.476		2.4991		0.0000		874.405		4.926		16.190		12.495585		30.000
6.474		2.5023		0.0000		874.402		4.929		16.185		12.511421		30.040
6.474		2.5056		0.0000		874.398		4.932		16.185		12.527946		30.080
6.474		2.5094		0.0000		874.395		4.936		16.185		12.547225		30.120
6.480		2.5133		0.0000		874.391		4.940		16.200		12.566504		30.160
6.490		2.5166		0.0000		874.387		4.943		16.225		12.583026		30.200
6.494		2.5198		0.0000		874.384		4.947		16.235		12.598862		30.240
6.492		2.5229		0.0000		874.381		4.950		16.230		12.614697		30.280
6.490		2.5261		0.0000		874.378		4.953		16.225		12.630533		30.320
6.488		2.5293		0.0000		874.375		4.956		16.220		12.646369		30.360
6.488		2.5324		0.0000		874.372		4.959		16.220		12.662205		30.400
6.486		2.5356		0.0000		874.368		4.962		16.215		12.678041		30.440
6.484		2.5389		0.0000		874.365		4.966		16.210		12.694563		30.480
6.484		2.5426		0.0000		874.361		4.969		16.210		12.713152		30.520
6.488		2.5465		0.0000		874.358		4.973		16.220		12.732430		30.560
6.498		2.5501		0.0000		874.354		4.977		16.245		12.750331		30.600
6.504		2.5532		0.0000		874.351		4.980		16.260		12.766167		30.640
6.506		2.5564		0.0000		874.348		4.983		16.265		12.782002		30.680
6.502		2.5596		0.0000		874.344		4.986		16.255		12.797838		30.720
6.500		2.5627		0.0000		874.341		4.990		16.250		12.813674		30.760
6.500		2.5659		0.0000		874.338		4.993		16.250		12.829510		30.800
6.498		2.5691		0.0000		874.335		4.996		16.245		12.845345		30.840
6.496		2.5722		0.0000		874.332		4.999		16.240		12.861179		30.880
6.496		2.5758		0.0000		874.328		5.003		16.240		12.879082		30.920
6.498		2.5797		0.0000		874.324		5.006		16.245		12.898358		30.960
6.504		2.5834		0.0000		874.321		5.010		16.260		12.916947		31.000
6.512		2.5866		0.0000		874.318		5.013		16.280		12.932783		31.040
6.516		2.5897		0.0000		874.314		5.017		16.290		12.948619		31.080
6.514		2.5929		0.0000		874.311		5.020		16.285		12.964455		31.120
6.512		2.5962		0.0000		874.308		5.023		16.280		12.980980		31.160
6.510		2.5994		0.0000		874.305		5.026		16.275		12.996816		31.200
6.510		2.6024		0.0000		874.302		5.029		16.275		13.011962		31.240
6.508		2.6056		0.0000		874.298		5.032		16.270		13.027798		31.280
6.506		2.6090		0.0000		874.295		5.036		16.265		13.045010		31.320
6.508		2.6129		0.0000		874.291		5.040		16.270		13.064288		31.360
6.514		2.6169		0.0000		874.287		5.044		16.285		13.084253		31.400
6.524		2.6200		0.0000		874.284		5.047		16.310		13.100089		31.440
6.526		2.6232		0.0000		874.281		5.050		16.315		13.115925		31.480
6.524		2.6264		0.0000		874.278		5.053		16.310		13.131761		31.520
6.522		2.6295		0.0000		874.275		5.056		16.305		13.147596		31.560
6.520		2.6328		0.0000		874.271		5.060		16.300		13.164121		31.600
6.518		2.6359		0.0000		874.268		5.063		16.295		13.179268		31.640
6.516		2.6390		0.0000		874.265		5.066		16.290		13.195104		31.680
6.514		2.6423		0.0000		874.262		5.069		16.285		13.211626		31.720
6.512		2.6460		0.0000		874.258		5.073		16.280		13.230215		31.760
6.516		2.6499		0.0000		874.254		5.077		16.290		13.249494		31.800
6.522		2.6535		0.0000		874.251		5.080		16.305		13.267394		31.840
6.528		2.6566		0.0000		874.247		5.083		16.320		13.283230		31.880
6.528		2.6598		0.0000		874.244		5.087		16.320		13.299066		31.920
6.524		2.6630		0.0000		874.241		5.090		16.310		13.314901		31.960
6.522		2.6661		0.0000		874.238		5.093		16.305		13.330737		32.000
6.520		2.6693		0.0000		874.235		5.096		16.300		13.346573		32.040
6.518		2.6725		0.0000		874.232		5.099		16.295		13.362409		32.080
6.514		2.6756		0.0000		874.228		5.102		16.285		13.378244		32.120
6.512		2.6792		0.0000		874.225		5.106		16.280		13.396145		32.160
6.514		2.6831		0.0000		874.221		5.110		16.285		13.415423		32.200
6.522		2.6869		0.0000		874.217		5.114		16.305		13.434700		32.240
6.530		2.6901		0.0000		874.214		5.117		16.325		13.450536		32.280
6.532		2.6931		0.0000		874.211		5.120		16.330		13.465682		32.320
6.528		2.6963		0.0000		874.208		5.123		16.320		13.481518		32.360
6.524		2.6996		0.0000		874.204		5.126		16.310		13.498043		32.400
6.522		2.7028		0.0000		874.201		5.130		16.305		13.513879		32.440
6.520		2.7059		0.0000		874.198		5.133		16.300		13.529715		32.480
6.518		2.7091		0.0000		874.195		5.136		16.295		13.545550		32.520
6.516		2.7126		0.0000		874.191		5.139		16.290		13.562761		32.560
6.516		2.7163		0.0000		874.188		5.143		16.290		13.581351		32.600
6.520		2.7201		0.0000		874.184		5.147		16.300		13.600630		32.640
6.526		2.7234		0.0000		874.181		5.150		16.315		13.617152		32.680
6.530		2.7266		0.0000		874.177		5.153		16.325		13.632988		32.720
6.526		2.7298		0.0000		874.174		5.157		16.315		13.648824		32.760
6.524		2.7329		0.0000		874.171		5.160		16.310		13.664660		32.800
6.522		2.7361		0.0000		874.168		5.163		16.305		13.680495		32.840
6.518		2.7393		0.0000		874.165		5.166		16.295		13.696331		32.880
6.516		2.7424		0.0000		874.162		5.169		16.290		13.712167		32.920
6.514		2.7457		0.0000		874.158		5.173		16.285		13.728689		32.960
6.512		2.7495		0.0000		874.155		5.176		16.280		13.747278		33.000
6.514		2.7534		0.0000		874.151		5.180		16.285		13.767246		33.040
6.524		2.7569		0.0000		874.147		5.184		16.310		13.784457		33.080
6.528		2.7599		0.0000		874.144		5.187		16.320		13.799606		33.120
6.526		2.7632		0.0000		874.141		5.190		16.315		13.816129		33.160
6.522		2.7664		0.0000		874.138		5.193		16.305		13.831964		33.200
6.520		2.7696		0.0000		874.134		5.196		16.300		13.847800		33.240
6.516		2.7727		0.0000		874.131		5.200		16.290		13.863636		33.280
6.514		2.7759		0.0000		874.128		5.203		16.285		13.879472		33.320
6.512		2.7791		0.0000		874.125		5.206		16.280		13.895308		33.360
6.510		2.7826		0.0000		874.121		5.209		16.275		13.913208		33.400
6.510		2.7865		0.0000		874.118		5.213		16.275		13.932487		33.440
6.516		2.7902		0.0000		874.114		5.217		16.290		13.951077		33.480
6.522		2.7934		0.0000		874.111		5.220		16.305		13.966912		33.520
6.522		2.7965		0.0000		874.107		5.223		16.305		13.982748		33.560
6.520		2.7997		0.0000		874.104		5.227		16.300		13.998581		33.600
6.516		2.8029		0.0000		874.101		5.230		16.290		14.014417		33.640
6.512		2.8062		0.0000		874.098		5.233		16.280		14.030942		33.680
6.510		2.8094		0.0000		874.095		5.236		16.275		14.046778		33.720
6.506		2.8124		0.0000		874.092		5.239		16.265		14.061924		33.760
6.502		2.8158		0.0000		874.088		5.243		16.255		14.079136		33.800
6.502		2.8197		0.0000		874.084		5.247		16.255		14.098414		33.840
6.506		2.8235		0.0000		874.081		5.250		16.265		14.117693		33.880
6.514		2.8268		0.0000		874.077		5.254		16.285		14.134217		33.920
6.516		2.8300		0.0000		874.074		5.257		16.290		14.150053		33.960
6.512		2.8332		0.0000		874.071		5.260		16.280		14.165887		34.000
6.508		2.8363		0.0000		874.068		5.263		16.270		14.181723		34.040
6.504		2.8395		0.0000		874.065		5.266		16.260		14.197558		34.080
6.500		2.8427		0.0000		874.061		5.270		16.250		14.213394		34.120
6.496		2.8458		0.0000		874.058		5.273		16.240		14.229230		34.160
6.490		2.8492		0.0000		874.055		5.276		16.225		14.245754		34.200
6.488		2.8529		0.0000		874.051		5.280		16.220		14.264344		34.240
6.488		2.8569		0.0000		874.047		5.284		16.220		14.284309		34.280
6.494		2.8603		0.0000		874.044		5.287		16.235		14.301523		34.320
6.496		2.8635		0.0000		874.041		5.290		16.240		14.317359		34.360
6.492		2.8665		0.0000		874.038		5.293		16.230		14.332505		34.400
6.488		2.8698		0.0000		874.034		5.297		16.220		14.349028		34.440
6.482		2.8730		0.0000		874.031		5.300		16.205		14.364863		34.480
6.480		2.8761		0.0000		874.028		5.303		16.200		14.380699		34.520
6.476		2.8792		0.0000		874.025		5.306		16.190		14.395846		34.560
6.472		2.8825		0.0000		874.022		5.309		16.180		14.412371		34.600
6.468		2.8862		0.0000		874.018		5.313		16.170		14.430961		34.640
6.470		2.8900		0.0000		874.014		5.317		16.175		14.450239		34.680
6.476		2.8936		0.0000		874.010		5.320		16.190		14.468140		34.720
6.480		2.8968		0.0000		874.007		5.324		16.200		14.483975		34.760
6.478		2.9000		0.0000		874.004		5.327		16.195		14.499811		34.800
6.474		2.9033		0.0000		874.001		5.330		16.185		14.516334		34.840
6.470		2.9063		0.0000		873.998		5.333		16.175		14.531480		34.880
6.468		2.9096		0.0000		873.994		5.336		16.170		14.548005		34.920
6.464		2.9126		0.0000		873.991		5.339		16.160		14.563151		34.960
6.460		2.9159		0.0000		873.988		5.343		16.150		14.579677		35.000
6.456		2.9194		0.0000		873.985		5.346		16.140		14.596888		35.040
6.456		2.9232		0.0000		873.981		5.350		16.140		14.616166		35.080
6.460		2.9270		0.0000		873.977		5.354		16.150		14.634756		35.120
6.464		2.9303		0.0000		873.974		5.357		16.160		14.651280		35.160
6.466		2.9334		0.0000		873.971		5.360		16.165		14.667116		35.200
6.460		2.9366		0.0000		873.967		5.363		16.150		14.682952		35.240
6.456		2.9398		0.0000		873.964		5.367		16.140		14.698786		35.280
6.450		2.9431		0.0000		873.961		5.370		16.125		14.715310		35.320
6.446		2.9461		0.0000		873.958		5.373		16.115		14.730457		35.360
6.442		2.9493		0.0000		873.955		5.376		16.105		14.746293		35.400
6.438		2.9527		0.0000		873.951		5.380		16.095		14.763507		35.440
6.436		2.9563		0.0000		873.948		5.383		16.090		14.781407		35.480
6.438		2.9603		0.0000		873.944		5.387		16.095		14.801373		35.520
6.444		2.9637		0.0000		873.940		5.391		16.110		14.818586		35.560
6.446		2.9667		0.0000		873.937		5.394		16.115		14.833733		35.600
6.442		2.9699		0.0000		873.934		5.397		16.105		14.849568		35.640
6.436		2.9732		0.0000		873.931		5.400		16.090		14.866091		35.680
6.434		2.9764		0.0000		873.928		5.403		16.085		14.881927		35.720
6.430		2.9796		0.0000		873.924		5.406		16.075		14.897762		35.760
6.426		2.9827		0.0000		873.921		5.410		16.065		14.913598		35.800
6.422		2.9859		0.0000		873.918		5.413		16.055		14.929434		35.840
6.418		2.9895		0.0000		873.915		5.416		16.045		14.947334		35.880
6.418		2.9935		0.0000		873.911		5.420		16.045		14.967302		35.920
6.424		2.9972		0.0000		873.907		5.424		16.060		14.985891		35.960
6.430		3.0002		0.0000		873.904		5.427		16.075		15.001039		36.000
6.428		3.0034		0.0000		873.901		5.430		16.070		15.016874		36.040
6.424		3.0065		0.0000		873.898		5.433		16.060		15.032710		36.080
6.420		3.0098		0.0000		873.894		5.437		16.050		15.049232		36.120
6.416		3.0130		0.0000		873.891		5.440		16.040		15.065068		36.160
6.414		3.0160		0.0000		873.888		5.443		16.035		15.080215		36.200
6.410		3.0193		0.0000		873.885		5.446		16.025		15.096740		36.240
6.406		3.0228		0.0000		873.881		5.450		16.015		15.113951		36.280
6.406		3.0266		0.0000		873.877		5.453		16.015		15.133229		36.320
6.410		3.0304		0.0000		873.874		5.457		16.025		15.151819		36.360
6.416		3.0335		0.0000		873.871		5.460		16.040		15.167655		36.400
6.416		3.0368		0.0000		873.867		5.464		16.040		15.184179		36.440
6.412		3.0400		0.0000		873.864		5.467		16.030		15.200015		36.480
6.410		3.0433		0.0000		873.861		5.470		16.025		15.216537		36.520
6.406		3.0465		0.0000		873.858		5.473		16.015		15.232373		36.560
6.404		3.0495		0.0000		873.855		5.476		16.010		15.247520		36.600
6.400		3.0528		0.0000		873.851		5.480		16.000		15.264045		36.640
6.398		3.0560		0.0000		873.848		5.483		15.995		15.279881		36.680
6.396		3.0598		0.0000		873.844		5.487		15.990		15.299159		36.720
6.398		3.0637		0.0000		873.840		5.491		15.995		15.318436		36.760
6.404		3.0670		0.0000		873.837		5.494		16.010		15.334960		36.800
6.406		3.0702		0.0000		873.834		5.497		16.015		15.350796		36.840
6.404		3.0735		0.0000		873.831		5.500		16.010		15.367321		36.880
6.398		3.0765		0.0000		873.828		5.503		15.995		15.382467		36.920
6.394		3.0798		0.0000		873.824		5.507		15.985		15.398993		36.960
6.392		3.0830		0.0000		873.821		5.510		15.980		15.414825		37.000
6.388		3.0861		0.0000		873.818		5.513		15.970		15.430661		37.040
6.386		3.0893		0.0000		873.815		5.516		15.965		15.446497		37.080
6.382		3.0930		0.0000		873.811		5.520		15.955		15.465087		37.120
6.384		3.0969		0.0000		873.807		5.524		15.960		15.484365		37.160
6.390		3.1006		0.0000		873.803		5.527		15.975		15.502954		37.200
6.394		3.1036		0.0000		873.800		5.530		15.985		15.518102		37.240
6.394		3.1068		0.0000		873.797		5.534		15.985		15.533937		37.280
6.388		3.1100		0.0000		873.794		5.537		15.970		15.549773		37.320
6.384		3.1133		0.0000		873.791		5.540		15.960		15.566298		37.360
6.382		3.1164		0.0000		873.788		5.543		15.955		15.582131		37.400
6.378		3.1196		0.0000		873.784		5.546		15.945		15.597967		37.440
6.376		3.1228		0.0000		873.781		5.550		15.940		15.613803		37.480
6.372		3.1262		0.0000		873.778		5.553		15.930		15.631017		37.520
6.372		3.1301		0.0000		873.774		5.557		15.930		15.650292		37.560
6.378		3.1338		0.0000		873.770		5.561		15.945		15.668882		37.600
6.384		3.1371		0.0000		873.767		5.564		15.960		15.685407		37.640
6.384		3.1401		0.0000		873.764		5.567		15.960		15.700554		37.680
6.380		3.1434		0.0000		873.761		5.570		15.950		15.717078		37.720
6.376		3.1466		0.0000		873.757		5.573		15.940		15.732914		37.760
6.374		3.1497		0.0000		873.754		5.577		15.935		15.748750		37.800
6.370		3.1529		0.0000		873.751		5.580		15.925		15.764585		37.840
6.366		3.1561		0.0000		873.748		5.583		15.915		15.780419		37.880
6.364		3.1595		0.0000		873.745		5.586		15.910		15.797633		37.920
6.362		3.1632		0.0000		873.741		5.590		15.905		15.816222		37.960
6.366		3.1671		0.0000		873.737		5.594		15.915		15.835501		38.000
6.374		3.1705		0.0000		873.734		5.597		15.935		15.852713		38.040
6.378		3.1736		0.0000		873.730		5.600		15.945		15.867859		38.080
6.376		3.1767		0.0000		873.727		5.604		15.940		15.883695		38.120
6.372		3.1799		0.0000		873.724		5.607		15.930		15.899530		38.160
6.370		3.1832		0.0000		873.721		5.610		15.925		15.916056		38.200
6.368		3.1864		0.0000		873.718		5.613		15.920		15.931891		38.240
6.364		3.1895		0.0000		873.714		5.616		15.910		15.947724		38.280
6.362		3.1928		0.0000		873.711		5.620		15.905		15.964250		38.320
6.360		3.1964		0.0000		873.708		5.623		15.900		15.982150		38.360
6.362		3.2003		0.0000		873.704		5.627		15.905		16.001429		38.400
6.368		3.2039		0.0000		873.700		5.631		15.920		16.019329		38.440
6.372		3.2070		0.0000		873.697		5.634		15.930		16.035164		38.480
6.370		3.2102		0.0000		873.694		5.637		15.925		16.051001		38.521
6.366		3.2134		0.0000		873.691		5.640		15.915		16.066835		38.561
6.362		3.2165		0.0000		873.688		5.643		15.905		16.082672		38.601
6.358		3.2198		0.0000		873.684		5.647		15.895		16.099197		38.641
6.354		3.2229		0.0000		873.681		5.650		15.885		16.114344		38.681
6.352		3.2260		0.0000		873.678		5.653		15.880		16.130178		38.721
6.348		3.2296		0.0000		873.674		5.656		15.870		16.148079		38.761
6.348		3.2335		0.0000		873.671		5.660		15.870		16.167358		38.801
6.352		3.2373		0.0000		873.667		5.664		15.880		16.186634		38.841
6.356		3.2405		0.0000		873.664		5.667		15.890		16.202471		38.881
6.356		3.2435		0.0000		873.661		5.670		15.890		16.217617		38.921
6.352		3.2468		0.0000		873.657		5.674		15.880		16.234142		38.961
6.348		3.2500		0.0000		873.654		5.677		15.870		16.249977		39.001
6.344		3.2533		0.0000		873.651		5.680		15.860		16.266502		39.041
6.340		3.2563		0.0000		873.648		5.683		15.850		16.281649		39.081
6.336		3.2596		0.0000		873.644		5.686		15.840		16.298172		39.121
6.334		3.2629		0.0000		873.641		5.690		15.835		16.314695		39.161
6.332		3.2667		0.0000		873.637		5.693		15.830		16.333286		39.201
6.334		3.2705		0.0000		873.634		5.697		15.835		16.352564		39.241
6.340		3.2740		0.0000		873.630		5.701		15.850		16.369776		39.281
6.342		3.2770		0.0000		873.627		5.704		15.855		16.384922		39.321
6.338		3.2802		0.0000		873.624		5.707		15.845		16.400759		39.361
6.334		3.2833		0.0000		873.621		5.710		15.835		16.416594		39.401
6.330		3.2866		0.0000		873.617		5.713		15.825		16.433119		39.441
6.326		3.2898		0.0000		873.614		5.717		15.815		16.448954		39.481
6.322		3.2930		0.0000		873.611		5.720		15.805		16.464790		39.521
6.320		3.2963		0.0000		873.608		5.723		15.800		16.481312		39.561
6.316		3.2998		0.0000		873.604		5.727		15.790		16.499212		39.601
6.318		3.3037		0.0000		873.600		5.731		15.795		16.518492		39.641
6.324		3.3073		0.0000		873.597		5.734		15.810		16.536392		39.681
6.328		3.3104		0.0000		873.594		5.737		15.820		16.552227		39.721
6.326		3.3136		0.0000		873.590		5.740		15.815		16.568064		39.761
6.320		3.3168		0.0000		873.587		5.744		15.800		16.583899		39.801
6.316		3.3201		0.0000		873.584		5.747		15.790		16.600424		39.841
6.314		3.3233		0.0000		873.581		5.750		15.785		16.616261		39.881
6.310		3.3264		0.0000		873.578		5.753		15.775		16.632095		39.921
6.306		3.3296		0.0000		873.574		5.756		15.765		16.647928		39.961
6.304		3.3330		0.0000		873.571		5.760		15.760		16.665142		40.001
6.304		3.3369		0.0000		873.567		5.764		15.760		16.684422		40.041
6.308		3.3406		0.0000		873.563		5.767		15.770		16.703011		40.081
6.312		3.3439		0.0000		873.560		5.771		15.780		16.719534		40.121
6.312		3.3471		0.0000		873.557		5.774		15.780		16.735369		40.161
6.308		3.3501		0.0000		873.554		5.777		15.770		16.750515		40.201
6.304		3.3534		0.0000		873.551		5.780		15.760		16.767040		40.241
6.300		3.3566		0.0000		873.547		5.783		15.750		16.782877		40.281
6.296		3.3597		0.0000		873.544		5.787		15.740		16.798712		40.321
6.294		3.3630		0.0000		873.541		5.790		15.735		16.815237		40.361
6.290		3.3662		0.0000		873.538		5.793		15.725		16.831070		40.401
6.288		3.3701		0.0000		873.534		5.797		15.720		16.850349		40.441
6.292		3.3739		0.0000		873.530		5.801		15.730		16.869627		40.481
6.298		3.3774		0.0000		873.527		5.804		15.745		16.886839		40.521
6.300		3.3804		0.0000		873.524		5.807		15.750		16.901987		40.561
6.296		3.3836		0.0000		873.521		5.810		15.740		16.917822		40.601
6.290		3.3869		0.0000		873.517		5.814		15.725		16.934345		40.641
6.286		3.3900		0.0000		873.514		5.817		15.715		16.950182		40.681
6.284		3.3932		0.0000		873.511		5.820		15.710		16.966017		40.721
6.280		3.3964		0.0000		873.508		5.823		15.700		16.981853		40.761
6.276		3.3997		0.0000		873.504		5.826		15.690		16.998375		40.801
6.274		3.4033		0.0000		873.501		5.830		15.685		17.016279		40.841
6.276		3.4072		0.0000		873.497		5.834		15.690		17.036243		40.881
6.282		3.4107		0.0000		873.493		5.838		15.705		17.053457		40.921
6.286		3.4139		0.0000		873.490		5.841		15.715		17.069294		40.961
6.284		3.4170		0.0000		873.487		5.844		15.710		17.085127		41.001
6.280		3.4202		0.0000		873.484		5.847		15.700		17.100962		41.041
6.276		3.4235		0.0000		873.481		5.850		15.690		17.117487		41.081
6.272		3.4265		0.0000		873.478		5.853		15.680		17.132633		41.121
6.268		3.4298		0.0000		873.474		5.857		15.670		17.149158		41.161
6.264		3.4330		0.0000		873.471		5.860		15.660		17.164995		41.201
6.262		3.4366		0.0000		873.467		5.863		15.655		17.182896		41.241
6.262		3.4404		0.0000		873.464		5.867		15.655		17.202173		41.281
6.268		3.4440		0.0000		873.460		5.871		15.670		17.220074		41.321
6.272		3.4472		0.0000		873.457		5.874		15.680		17.235910		41.361
6.272		3.4503		0.0000		873.454		5.877		15.680		17.251745		41.401
6.268		3.4537		0.0000		873.450		5.880		15.670		17.268269		41.441
6.266		3.4568		0.0000		873.447		5.884		15.665		17.284103		41.481
6.262		3.4600		0.0000		873.444		5.887		15.655		17.299940		41.521
6.260		3.4632		0.0000		873.441		5.890		15.650		17.315775		41.561
6.256		3.4665		0.0000		873.438		5.893		15.640		17.332300		41.601
6.254		3.4698		0.0000		873.434		5.897		15.635		17.348822		41.641
6.254		3.4736		0.0000		873.430		5.900		15.635		17.368101		41.681
6.258		3.4773		0.0000		873.427		5.904		15.645		17.386690		41.721
6.262		3.4806		0.0000		873.423		5.907		15.655		17.403215		41.761
6.264		3.4838		0.0000		873.420		5.911		15.660		17.419050		41.801
6.262		3.4870		0.0000		873.417		5.914		15.655		17.434887		41.841
6.258		3.4903		0.0000		873.414		5.917		15.645		17.451408		41.881
6.256		3.4934		0.0000		873.411		5.920		15.640		17.467245		41.921
6.252		3.4966		0.0000		873.407		5.923		15.630		17.483080		41.961
6.250		3.4998		0.0000		873.404		5.927		15.625		17.498917		42.001
6.248		3.5031		0.0000		873.401		5.930		15.620		17.515442		42.041
6.246		3.5068		0.0000		873.397		5.934		15.615		17.534031		42.081
6.248		3.5107		0.0000		873.393		5.937		15.620		17.553307		42.121
6.254		3.5141		0.0000		873.390		5.941		15.635		17.570520		42.161
6.258		3.5171		0.0000		873.387		5.944		15.645		17.585667		42.201
6.254		3.5204		0.0000		873.384		5.947		15.635		17.602192		42.241
6.250		3.5236		0.0000		873.380		5.950		15.625		17.618025		42.281
6.246		3.5269		0.0000		873.377		5.954		15.615		17.634550		42.321
6.244		3.5301		0.0000		873.374		5.957		15.610		17.650387		42.361
6.240		3.5331		0.0000		873.371		5.960		15.600		17.665533		42.401
6.238		3.5364		0.0000		873.368		5.963		15.595		17.682058		42.441
6.236		3.5400		0.0000		873.364		5.967		15.590		17.699959		42.481
6.236		3.5437		0.0000		873.360		5.971		15.590		17.718548		42.521
6.242		3.5474		0.0000		873.357		5.974		15.605		17.737137		42.561
6.246		3.5507		0.0000		873.353		5.978		15.615		17.753662		42.601
6.246		3.5539		0.0000		873.350		5.981		15.615		17.769497		42.641
6.242		3.5571		0.0000		873.347		5.984		15.605		17.785332		42.681
6.238		3.5602		0.0000		873.344		5.987		15.595		17.801167		42.721
6.234		3.5634		0.0000		873.341		5.990		15.585		17.817003		42.761
6.230		3.5664		0.0000		873.338		5.993		15.575		17.832150		42.801
6.226		3.5697		0.0000		873.334		5.997		15.565		17.848675		42.841
6.224		3.5732		0.0000		873.331		6.000		15.560		17.865885		42.881
6.222		3.5770		0.0000		873.327		6.004		15.555		17.885164		42.921
6.226		3.5808		0.0000		873.323		6.008		15.565		17.903753		42.961
6.234		3.5841		0.0000		873.320		6.011		15.585		17.920279		43.001
6.234		3.5871		0.0000		873.317		6.014		15.585		17.935425		43.041
6.230		3.5904		0.0000		873.314		6.017		15.575		17.951950		43.081
6.226		3.5937		0.0000		873.310		6.021		15.565		17.968472		43.121
6.224		3.5969		0.0000		873.307		6.024		15.560		17.984308		43.161
6.220		3.5999		0.0000		873.304		6.027		15.550		17.999454		43.201
6.216		3.6032		0.0000		873.301		6.030		15.540		18.015980		43.241
6.212		3.6065		0.0000		873.298		6.033		15.530		18.032505		43.281
6.210		3.6101		0.0000		873.294		6.037		15.525		18.050406		43.321
6.212		3.6141		0.0000		873.290		6.041		15.530		18.070370		43.361
6.216		3.6175		0.0000		873.287		6.044		15.540		18.087584		43.401
6.220		3.6207		0.0000		873.283		6.048		15.550		18.103420		43.441
6.218		3.6239		0.0000		873.280		6.051		15.545		18.119255		43.481
6.214		3.6270		0.0000		873.277		6.054		15.535		18.135092		43.521
6.210		3.6302		0.0000		873.274		6.057		15.525		18.150925		43.561
6.208		3.6334		0.0000		873.271		6.060		15.520		18.166759		43.601
6.204		3.6365		0.0000		873.268		6.063		15.510		18.182596		43.641
