数据量:1155
试验力		变形		扩展变形		位置		位移		应力		应变		时间
0.010		0.0007		0.0000		876.949		2.386		0.025		0.003443		0.040
0.010		0.0040		0.0000		876.945		2.389		0.025		0.019966		0.080
0.010		0.0077		0.0000		876.942		2.393		0.025		0.038556		0.120
0.012		0.0113		0.0000		876.938		2.397		0.030		0.056456		0.160
0.012		0.0146		0.0000		876.935		2.400		0.030		0.072981		0.200
0.014		0.0179		0.0000		876.931		2.403		0.035		0.089505		0.240
0.016		0.0211		0.0000		876.928		2.406		0.040		0.105340		0.280
0.016		0.0244		0.0000		876.925		2.410		0.040		0.121864		0.320
0.018		0.0275		0.0000		876.922		2.413		0.045		0.137700		0.360
0.020		0.0307		0.0000		876.919		2.416		0.050		0.153536		0.400
0.022		0.0340		0.0000		876.915		2.419		0.055		0.170059		0.440
0.024		0.0373		0.0000		876.912		2.423		0.060		0.186583		0.480
0.026		0.0409		0.0000		876.908		2.426		0.065		0.204484		0.520
0.028		0.0446		0.0000		876.905		2.430		0.070		0.223074		0.560
0.030		0.0481		0.0000		876.901		2.433		0.075		0.240287		0.600
0.034		0.0512		0.0000		876.898		2.437		0.085		0.256121		0.640
0.036		0.0545		0.0000		876.895		2.440		0.090		0.272646		0.680
0.038		0.0577		0.0000		876.892		2.443		0.095		0.288482		0.720
0.042		0.0610		0.0000		876.888		2.446		0.105		0.305005		0.760
0.044		0.0643		0.0000		876.885		2.450		0.110		0.321529		0.800
0.048		0.0675		0.0000		876.882		2.453		0.120		0.337365		0.840
0.052		0.0706		0.0000		876.879		2.456		0.130		0.353200		0.880
0.056		0.0742		0.0000		876.875		2.460		0.140		0.371101		0.920
0.060		0.0778		0.0000		876.872		2.463		0.150		0.389003		0.960
0.066		0.0814		0.0000		876.868		2.467		0.165		0.406903		1.000
0.072		0.0847		0.0000		876.865		2.470		0.180		0.423428		1.040
0.076		0.0879		0.0000		876.862		2.473		0.190		0.439262		1.080
0.082		0.0912		0.0000		876.858		2.477		0.205		0.455787		1.120
0.088		0.0943		0.0000		876.855		2.480		0.220		0.471622		1.160
0.094		0.0976		0.0000		876.852		2.483		0.235		0.488147		1.200
0.100		0.1008		0.0000		876.849		2.486		0.250		0.503982		1.240
0.106		0.1040		0.0000		876.845		2.489		0.265		0.519817		1.280
0.112		0.1074		0.0000		876.842		2.493		0.280		0.537030		1.320
0.120		0.1111		0.0000		876.838		2.497		0.300		0.555619		1.360
0.130		0.1148		0.0000		876.834		2.500		0.325		0.574208		1.400
0.138		0.1180		0.0000		876.831		2.503		0.345		0.590044		1.440
0.148		0.1213		0.0000		876.828		2.507		0.370		0.606568		1.480
0.156		0.1245		0.0000		876.825		2.510		0.390		0.622404		1.520
0.166		0.1278		0.0000		876.822		2.513		0.415		0.638927		1.560
0.174		0.1310		0.0000		876.818		2.516		0.435		0.654763		1.600
0.184		0.1343		0.0000		876.815		2.520		0.460		0.671288		1.640
0.196		0.1374		0.0000		876.812		2.523		0.490		0.687122		1.680
0.206		0.1407		0.0000		876.809		2.526		0.515		0.703647		1.720
0.216		0.1444		0.0000		876.805		2.530		0.540		0.722237		1.760
0.228		0.1480		0.0000		876.801		2.533		0.570		0.740137		1.800
0.240		0.1513		0.0000		876.798		2.537		0.600		0.756661		1.840
0.254		0.1546		0.0000		876.795		2.540		0.635		0.773185		1.880
0.264		0.1579		0.0000		876.791		2.543		0.660		0.789709		1.920
0.276		0.1611		0.0000		876.788		2.546		0.690		0.805545		1.960
0.288		0.1644		0.0000		876.785		2.550		0.720		0.822068		2.000
0.298		0.1676		0.0000		876.782		2.553		0.745		0.837904		2.040
0.310		0.1707		0.0000		876.779		2.556		0.775		0.853740		2.080
0.320		0.1741		0.0000		876.775		2.559		0.800		0.870264		2.120
0.332		0.1778		0.0000		876.772		2.563		0.830		0.888853		2.160
0.344		0.1812		0.0000		876.768		2.567		0.860		0.906066		2.200
0.358		0.1848		0.0000		876.765		2.570		0.895		0.923966		2.240
0.372		0.1881		0.0000		876.761		2.573		0.930		0.940491		2.280
0.386		0.1913		0.0000		876.758		2.577		0.965		0.956327		2.320
0.402		0.1944		0.0000		876.755		2.580		1.005		0.972161		2.360
0.418		0.1977		0.0000		876.752		2.583		1.045		0.988686		2.400
0.434		0.2010		0.0000		876.748		2.586		1.085		1.005210		2.440
0.450		0.2042		0.0000		876.745		2.590		1.125		1.021045		2.480
0.466		0.2074		0.0000		876.742		2.593		1.165		1.036881		2.520
0.482		0.2108		0.0000		876.739		2.596		1.205		1.054093		2.560
0.500		0.2145		0.0000		876.735		2.600		1.250		1.072682		2.600
0.520		0.2181		0.0000		876.731		2.603		1.300		1.090584		2.640
0.540		0.2216		0.0000		876.728		2.607		1.350		1.107796		2.680
0.558		0.2247		0.0000		876.725		2.610		1.395		1.123632		2.720
0.576		0.2279		0.0000		876.721		2.613		1.440		1.139467		2.760
0.594		0.2312		0.0000		876.718		2.617		1.485		1.155992		2.800
0.610		0.2345		0.0000		876.715		2.620		1.525		1.172515		2.840
0.628		0.2377		0.0000		876.712		2.623		1.570		1.188351		2.880
0.646		0.2408		0.0000		876.708		2.626		1.615		1.204187		2.920
0.662		0.2441		0.0000		876.705		2.630		1.655		1.220710		2.960
0.678		0.2477		0.0000		876.702		2.633		1.695		1.238611		3.000
0.692		0.2516		0.0000		876.698		2.637		1.730		1.257889		3.040
0.710		0.2549		0.0000		876.694		2.640		1.775		1.274413		3.080
0.726		0.2580		0.0000		876.691		2.643		1.815		1.290249		3.120
0.740		0.2612		0.0000		876.688		2.647		1.850		1.306084		3.160
0.756		0.2647		0.0000		876.685		2.650		1.890		1.323297		3.200
0.774		0.2678		0.0000		876.682		2.653		1.935		1.339133		3.240
0.792		0.2710		0.0000		876.678		2.656		1.980		1.354967		3.280
0.808		0.2742		0.0000		876.675		2.660		2.020		1.370803		3.320
0.826		0.2776		0.0000		876.672		2.663		2.065		1.388016		3.360
0.842		0.2810		0.0000		876.668		2.666		2.105		1.405228		3.400
0.862		0.2846		0.0000		876.665		2.670		2.155		1.423129		3.440
0.882		0.2882		0.0000		876.661		2.674		2.205		1.441031		3.480
0.902		0.2915		0.0000		876.658		2.677		2.255		1.457554		3.520
0.920		0.2947		0.0000		876.655		2.680		2.300		1.473390		3.560
0.938		0.2978		0.0000		876.651		2.683		2.345		1.489226		3.600
0.958		0.3013		0.0000		876.648		2.687		2.395		1.506438		3.640
0.976		0.3045		0.0000		876.645		2.690		2.440		1.522273		3.680
0.996		0.3076		0.0000		876.642		2.693		2.490		1.538109		3.720
1.016		0.3109		0.0000		876.638		2.696		2.540		1.554632		3.760
1.036		0.3142		0.0000		876.635		2.700		2.590		1.571157		3.800
1.058		0.3179		0.0000		876.631		2.703		2.645		1.589746		3.840
1.082		0.3217		0.0000		876.628		2.707		2.705		1.608336		3.880
1.106		0.3248		0.0000		876.625		2.710		2.765		1.624172		3.920
1.128		0.3281		0.0000		876.621		2.714		2.820		1.640695		3.960
1.148		0.3313		0.0000		876.618		2.717		2.870		1.656531		4.000
1.170		0.3346		0.0000		876.615		2.720		2.925		1.673055		4.040
1.192		0.3378		0.0000		876.612		2.723		2.980		1.688890		4.080
1.216		0.3411		0.0000		876.608		2.726		3.040		1.705414		4.120
1.240		0.3442		0.0000		876.605		2.730		3.100		1.721250		4.160
1.264		0.3476		0.0000		876.602		2.733		3.160		1.737773		4.200
1.288		0.3511		0.0000		876.598		2.737		3.220		1.755675		4.240
1.314		0.3549		0.0000		876.594		2.740		3.285		1.774265		4.280
1.342		0.3583		0.0000		876.591		2.744		3.355		1.791477		4.320
1.370		0.3616		0.0000		876.588		2.747		3.425		1.808001		4.360
1.396		0.3646		0.0000		876.585		2.750		3.490		1.823148		4.400
1.420		0.3679		0.0000		876.581		2.753		3.550		1.839672		4.440
1.446		0.3712		0.0000		876.578		2.757		3.615		1.856196		4.480
1.472		0.3744		0.0000		876.575		2.760		3.680		1.872032		4.520
1.498		0.3776		0.0000		876.572		2.763		3.745		1.887866		4.560
1.524		0.3807		0.0000		876.569		2.766		3.810		1.903702		4.600
1.550		0.3843		0.0000		876.565		2.770		3.875		1.921604		4.640
1.578		0.3882		0.0000		876.561		2.774		3.945		1.940881		4.680
1.608		0.3918		0.0000		876.558		2.777		4.020		1.958783		4.720
1.638		0.3949		0.0000		876.554		2.780		4.095		1.974617		4.760
1.666		0.3981		0.0000		876.551		2.783		4.165		1.990453		4.800
1.692		0.4013		0.0000		876.548		2.787		4.230		2.006289		4.840
1.718		0.4046		0.0000		876.545		2.790		4.295		2.022812		4.880
1.746		0.4077		0.0000		876.542		2.793		4.365		2.038648		4.920
1.772		0.4110		0.0000		876.538		2.796		4.430		2.055172		4.960
1.798		0.4142		0.0000		876.535		2.800		4.495		2.071007		5.000
1.824		0.4176		0.0000		876.532		2.803		4.560		2.088220		5.040
1.852		0.4215		0.0000		876.528		2.807		4.630		2.107499		5.080
1.884		0.4251		0.0000		876.524		2.810		4.710		2.125399		5.120
1.914		0.4284		0.0000		876.521		2.814		4.785		2.141923		5.160
1.942		0.4314		0.0000		876.518		2.817		4.855		2.157071		5.200
1.970		0.4347		0.0000		876.515		2.820		4.925		2.173594		5.240
1.996		0.4379		0.0000		876.511		2.823		4.990		2.189430		5.280
2.022		0.4412		0.0000		876.508		2.827		5.055		2.205954		5.320
2.050		0.4444		0.0000		876.505		2.830		5.125		2.221789		5.360
2.076		0.4475		0.0000		876.502		2.833		5.190		2.237625		5.400
2.102		0.4510		0.0000		876.498		2.836		5.255		2.254838		5.440
2.130		0.4547		0.0000		876.495		2.840		5.325		2.273427		5.480
2.160		0.4584		0.0000		876.491		2.844		5.400		2.292017		5.520
2.194		0.4618		0.0000		876.487		2.847		5.485		2.309228		5.560
2.224		0.4649		0.0000		876.484		2.850		5.560		2.324376		5.600
2.250		0.4680		0.0000		876.481		2.853		5.625		2.340211		5.640
2.276		0.4713		0.0000		876.478		2.857		5.690		2.356735		5.680
2.304		0.4747		0.0000		876.475		2.860		5.760		2.373259		5.720
2.332		0.4778		0.0000		876.471		2.863		5.830		2.389095		5.760
2.358		0.4810		0.0000		876.468		2.866		5.895		2.404931		5.800
2.386		0.4843		0.0000		876.465		2.870		5.965		2.421454		5.840
2.412		0.4879		0.0000		876.461		2.873		6.030		2.439355		5.880
2.442		0.4916		0.0000		876.458		2.877		6.105		2.457944		5.920
2.474		0.4950		0.0000		876.454		2.880		6.185		2.475157		5.960
2.506		0.4983		0.0000		876.451		2.884		6.265		2.491682		6.000
2.534		0.5015		0.0000		876.448		2.887		6.335		2.507516		6.040
2.560		0.5048		0.0000		876.445		2.890		6.400		2.524041		6.080
2.588		0.5080		0.0000		876.441		2.893		6.470		2.539877		6.120
2.616		0.5113		0.0000		876.438		2.897		6.540		2.556400		6.160
2.642		0.5143		0.0000		876.435		2.900		6.605		2.571547		6.200
2.668		0.5176		0.0000		876.432		2.903		6.670		2.588072		6.240
2.696		0.5212		0.0000		876.428		2.907		6.740		2.605972		6.280
2.724		0.5249		0.0000		876.424		2.910		6.810		2.624562		6.320
2.756		0.5286		0.0000		876.421		2.914		6.890		2.643151		6.360
2.788		0.5318		0.0000		876.418		2.917		6.970		2.658987		6.400
2.816		0.5348		0.0000		876.414		2.920		7.040		2.674134		6.440
2.842		0.5381		0.0000		876.411		2.924		7.105		2.690657		6.480
2.868		0.5414		0.0000		876.408		2.927		7.170		2.707182		6.520
2.896		0.5446		0.0000		876.405		2.930		7.240		2.723017		6.560
2.922		0.5478		0.0000		876.402		2.933		7.305		2.738853		6.600
2.948		0.5511		0.0000		876.398		2.936		7.370		2.755377		6.640
2.976		0.5544		0.0000		876.395		2.940		7.440		2.771901		6.680
3.002		0.5580		0.0000		876.391		2.943		7.505		2.789801		6.720
3.032		0.5617		0.0000		876.388		2.947		7.580		2.808391		6.760
3.064		0.5653		0.0000		876.384		2.951		7.660		2.826293		6.800
3.092		0.5684		0.0000		876.381		2.954		7.730		2.842128		6.840
3.118		0.5716		0.0000		876.378		2.957		7.795		2.857963		6.880
3.142		0.5748		0.0000		876.375		2.960		7.855		2.873799		6.920
3.168		0.5781		0.0000		876.371		2.963		7.920		2.890322		6.960
3.194		0.5812		0.0000		876.368		2.967		7.985		2.906158		7.000
3.218		0.5843		0.0000		876.365		2.970		8.045		2.921305		7.040
3.244		0.5876		0.0000		876.362		2.973		8.110		2.937829		7.080
3.270		0.5913		0.0000		876.358		2.977		8.175		2.956419		7.120
3.298		0.5951		0.0000		876.354		2.981		8.245		2.975696		7.160
3.330		0.5986		0.0000		876.351		2.984		8.325		2.992909		7.200
3.360		0.6017		0.0000		876.348		2.987		8.400		3.008745		7.240
3.386		0.6049		0.0000		876.344		2.990		8.465		3.024580		7.280
3.410		0.6082		0.0000		876.341		2.994		8.525		3.041104		7.320
3.434		0.6114		0.0000		876.338		2.997		8.585		3.056940		7.360
3.458		0.6147		0.0000		876.335		3.000		8.645		3.073463		7.400
3.482		0.6179		0.0000		876.331		3.003		8.705		3.089299		7.440
3.508		0.6210		0.0000		876.328		3.006		8.770		3.105135		7.480
3.532		0.6245		0.0000		876.325		3.010		8.830		3.122348		7.520
3.558		0.6283		0.0000		876.321		3.014		8.895		3.141625		7.560
3.586		0.6319		0.0000		876.317		3.017		8.965		3.159527		7.600
3.616		0.6352		0.0000		876.314		3.021		9.040		3.176050		7.640
3.642		0.6384		0.0000		876.311		3.024		9.105		3.191886		7.680
3.664		0.6415		0.0000		876.308		3.027		9.160		3.207722		7.720
3.688		0.6448		0.0000		876.305		3.030		9.220		3.224245		7.760
3.710		0.6480		0.0000		876.301		3.033		9.275		3.240081		7.800
3.734		0.6512		0.0000		876.298		3.037		9.335		3.255917		7.840
3.756		0.6544		0.0000		876.295		3.040		9.390		3.271751		7.880
3.778		0.6578		0.0000		876.292		3.043		9.445		3.288964		7.920
3.802		0.6615		0.0000		876.288		3.047		9.505		3.307554		7.960
3.828		0.6654		0.0000		876.284		3.051		9.570		3.326832		8.000
3.856		0.6685		0.0000		876.281		3.054		9.640		3.342668		8.040
3.882		0.6717		0.0000		876.278		3.057		9.705		3.358502		8.080
3.902		0.6749		0.0000		876.274		3.060		9.755		3.374338		8.120
3.922		0.6782		0.0000		876.271		3.064		9.805		3.390862		8.160
3.944		0.6815		0.0000		876.268		3.067		9.860		3.407387		8.200
3.964		0.6846		0.0000		876.265		3.070		9.910		3.423222		8.240
3.986		0.6878		0.0000		876.262		3.073		9.965		3.439057		8.280
4.006		0.6911		0.0000		876.258		3.076		10.015		3.455582		8.320
4.028		0.6947		0.0000		876.255		3.080		10.070		3.473482		8.360
4.050		0.6986		0.0000		876.251		3.084		10.125		3.492761		8.400
4.078		0.7020		0.0000		876.247		3.087		10.195		3.509973		8.440
4.102		0.7052		0.0000		876.244		3.091		10.255		3.525808		8.480
4.122		0.7083		0.0000		876.241		3.094		10.305		3.541644		8.520
4.142		0.7116		0.0000		876.238		3.097		10.355		3.558167		8.560
4.160		0.7148		0.0000		876.235		3.100		10.400		3.574003		8.600
4.180		0.7180		0.0000		876.231		3.103		10.450		3.589839		8.640
4.198		0.7211		0.0000		876.228		3.107		10.495		3.605675		8.680
4.216		0.7243		0.0000		876.225		3.110		10.540		3.621510		8.720
4.234		0.7280		0.0000		876.221		3.113		10.585		3.640100		8.760
4.254		0.7317		0.0000		876.218		3.117		10.635		3.658689		8.800
4.278		0.7355		0.0000		876.214		3.121		10.695		3.677279		8.840
4.302		0.7386		0.0000		876.211		3.124		10.755		3.693113		8.880
4.320		0.7418		0.0000		876.208		3.127		10.800		3.708949		8.920
4.336		0.7450		0.0000		876.204		3.130		10.840		3.724785		8.960
4.352		0.7481		0.0000		876.201		3.134		10.880		3.740621		9.000
4.370		0.7514		0.0000		876.198		3.137		10.925		3.757144		9.040
4.386		0.7546		0.0000		876.195		3.140		10.965		3.772980		9.080
4.402		0.7578		0.0000		876.192		3.143		11.005		3.788816		9.120
4.418		0.7612		0.0000		876.188		3.147		11.045		3.806027		9.160
4.434		0.7648		0.0000		876.185		3.150		11.085		3.823929		9.200
4.454		0.7686		0.0000		876.181		3.154		11.135		3.843206		9.240
4.476		0.7719		0.0000		876.177		3.157		11.190		3.859731		9.280
4.496		0.7753		0.0000		876.174		3.161		11.240		3.876255		9.320
4.510		0.7784		0.0000		876.171		3.164		11.275		3.892090		9.360
4.524		0.7816		0.0000		876.168		3.167		11.310		3.907926		9.400
4.538		0.7849		0.0000		876.164		3.170		11.345		3.924450		9.440
4.552		0.7881		0.0000		876.161		3.173		11.380		3.940285		9.480
4.564		0.7912		0.0000		876.158		3.177		11.410		3.956121		9.520
4.578		0.7945		0.0000		876.155		3.180		11.445		3.972645		9.560
4.592		0.7981		0.0000		876.151		3.183		11.480		3.990545		9.600
4.608		0.8020		0.0000		876.147		3.187		11.520		4.009824		9.640
4.628		0.8054		0.0000		876.144		3.191		11.570		4.027037		9.680
4.646		0.8086		0.0000		876.141		3.194		11.615		4.042872		9.720
4.658		0.8117		0.0000		876.138		3.197		11.645		4.058707		9.760
4.670		0.8149		0.0000		876.134		3.200		11.675		4.074543		9.800
4.680		0.8182		0.0000		876.131		3.204		11.700		4.091067		9.840
4.694		0.8214		0.0000		876.128		3.207		11.735		4.106902		9.880
4.704		0.8245		0.0000		876.125		3.210		11.760		4.122738		9.920
4.716		0.8279		0.0000		876.121		3.213		11.790		4.139261		9.960
4.728		0.8314		0.0000		876.118		3.217		11.820		4.157163		10.000
4.742		0.8352		0.0000		876.114		3.221		11.855		4.175753		10.040
4.758		0.8389		0.0000		876.110		3.224		11.895		4.194342		10.080
4.774		0.8420		0.0000		876.107		3.227		11.935		4.210177		10.120
4.786		0.8452		0.0000		876.104		3.231		11.965		4.226012		10.160
4.796		0.8484		0.0000		876.101		3.234		11.990		4.241848		10.200
4.804		0.8517		0.0000		876.098		3.237		12.010		4.258373		10.240
4.814		0.8548		0.0000		876.094		3.240		12.035		4.274207		10.280
4.824		0.8580		0.0000		876.091		3.243		12.060		4.290043		10.320
4.834		0.8612		0.0000		876.088		3.247		12.085		4.305879		10.360
4.842		0.8645		0.0000		876.085		3.250		12.105		4.322402		10.400
4.854		0.8683		0.0000		876.081		3.254		12.135		4.341681		10.440
4.868		0.8722		0.0000		876.077		3.258		12.170		4.360958		10.480
4.882		0.8755		0.0000		876.074		3.261		12.205		4.377483		10.520
4.894		0.8785		0.0000		876.071		3.264		12.235		4.392630		10.560
4.902		0.8817		0.0000		876.068		3.267		12.255		4.408465		10.600
4.908		0.8850		0.0000		876.064		3.270		12.270		4.424989		10.640
4.918		0.8883		0.0000		876.061		3.274		12.295		4.441513		10.680
4.926		0.8913		0.0000		876.058		3.277		12.315		4.456661		10.720
4.934		0.8946		0.0000		876.055		3.280		12.335		4.473185		10.760
4.942		0.8978		0.0000		876.052		3.283		12.355		4.489020		10.800
4.952		0.9015		0.0000		876.048		3.287		12.380		4.507609		10.840
4.964		0.9054		0.0000		876.044		3.291		12.410		4.526887		10.880
4.978		0.9088		0.0000		876.041		3.294		12.445		4.544100		10.920
4.990		0.9120		0.0000		876.037		3.297		12.475		4.559936		10.960
4.998		0.9152		0.0000		876.034		3.301		12.495		4.575771		11.000
5.004		0.9185		0.0000		876.031		3.304		12.510		4.592295		11.040
5.010		0.9216		0.0000		876.028		3.307		12.525		4.608130		11.080
5.016		0.9248		0.0000		876.025		3.310		12.540		4.623966		11.120
5.022		0.9280		0.0000		876.021		3.313		12.555		4.639801		11.160
5.030		0.9311		0.0000		876.018		3.317		12.575		4.655637		11.200
5.036		0.9347		0.0000		876.015		3.320		12.590		4.673538		11.240
5.046		0.9386		0.0000		876.011		3.324		12.615		4.692816		11.280
5.058		0.9423		0.0000		876.007		3.328		12.645		4.711405		11.320
5.072		0.9454		0.0000		876.004		3.331		12.680		4.727241		11.360
5.080		0.9485		0.0000		876.001		3.334		12.700		4.742388		11.400
5.084		0.9518		0.0000		875.998		3.337		12.710		4.758912		11.440
5.090		0.9551		0.0000		875.994		3.340		12.725		4.775436		11.480
5.096		0.9583		0.0000		875.991		3.344		12.740		4.791272		11.520
5.100		0.9614		0.0000		875.988		3.347		12.750		4.807106		11.560
5.106		0.9646		0.0000		875.985		3.350		12.765		4.822942		11.600
5.112		0.9680		0.0000		875.981		3.353		12.780		4.840155		11.640
5.118		0.9717		0.0000		875.978		3.357		12.795		4.858744		11.680
5.130		0.9756		0.0000		875.974		3.361		12.825		4.878023		11.720
5.142		0.9788		0.0000		875.971		3.364		12.855		4.893857		11.760
5.150		0.9819		0.0000		875.967		3.367		12.875		4.909693		11.800
5.154		0.9852		0.0000		875.964		3.371		12.885		4.926218		11.840
5.160		0.9884		0.0000		875.961		3.374		12.900		4.942052		11.880
5.164		0.9916		0.0000		875.958		3.377		12.910		4.957888		11.920
5.170		0.9947		0.0000		875.955		3.380		12.925		4.973724		11.960
5.174		0.9979		0.0000		875.951		3.383		12.935		4.989560		12.000
5.178		1.0012		0.0000		875.948		3.387		12.945		5.006083		12.040
5.182		1.0051		0.0000		875.944		3.390		12.955		5.025362		12.080
5.192		1.0088		0.0000		875.941		3.394		12.980		5.043951		12.120
5.204		1.0122		0.0000		875.937		3.398		13.010		5.061163		12.160
5.212		1.0154		0.0000		875.934		3.401		13.030		5.076999		12.200
5.216		1.0186		0.0000		875.931		3.404		13.040		5.092834		12.240
5.218		1.0219		0.0000		875.927		3.407		13.045		5.109358		12.280
5.222		1.0250		0.0000		875.924		3.410		13.055		5.125194		12.320
5.226		1.0282		0.0000		875.921		3.414		13.065		5.141029		12.360
5.230		1.0314		0.0000		875.918		3.417		13.075		5.156865		12.400
5.234		1.0347		0.0000		875.915		3.420		13.085		5.173388		12.440
5.238		1.0381		0.0000		875.911		3.423		13.095		5.190601		12.480
5.246		1.0420		0.0000		875.907		3.427		13.115		5.209879		12.520
5.256		1.0457		0.0000		875.904		3.431		13.140		5.228468		12.560
5.266		1.0487		0.0000		875.901		3.434		13.165		5.243616		12.600
5.272		1.0520		0.0000		875.897		3.437		13.180		5.260139		12.640
5.274		1.0552		0.0000		875.894		3.441		13.185		5.275975		12.680
5.278		1.0584		0.0000		875.891		3.444		13.195		5.291811		12.720
5.282		1.0617		0.0000		875.888		3.447		13.205		5.308335		12.760
5.284		1.0647		0.0000		875.885		3.450		13.210		5.323482		12.800
5.286		1.0680		0.0000		875.881		3.453		13.215		5.340005		12.840
5.290		1.0714		0.0000		875.878		3.457		13.225		5.357218		12.880
5.296		1.0752		0.0000		875.874		3.461		13.240		5.375807		12.920
5.306		1.0790		0.0000		875.870		3.464		13.265		5.395086		12.960
5.316		1.0823		0.0000		875.867		3.468		13.290		5.411610		13.000
5.324		1.0854		0.0000		875.864		3.471		13.310		5.426757		13.040
5.326		1.0885		0.0000		875.861		3.474		13.315		5.442592		13.080
5.328		1.0918		0.0000		875.858		3.477		13.320		5.459117		13.120
5.332		1.0950		0.0000		875.854		3.480		13.330		5.474951		13.160
5.334		1.0982		0.0000		875.851		3.484		13.335		5.490787		13.200
5.336		1.1015		0.0000		875.848		3.487		13.340		5.507312		13.240
5.340		1.1048		0.0000		875.845		3.490		13.350		5.523835		13.280
5.342		1.1083		0.0000		875.841		3.494		13.355		5.541736		13.320
5.350		1.1122		0.0000		875.837		3.498		13.375		5.561014		13.360
5.362		1.1156		0.0000		875.834		3.501		13.405		5.578227		13.400
5.370		1.1188		0.0000		875.831		3.504		13.425		5.594063		13.440
5.372		1.1220		0.0000		875.827		3.507		13.430		5.609898		13.480
5.376		1.1253		0.0000		875.824		3.511		13.440		5.626422		13.520
5.378		1.1285		0.0000		875.821		3.514		13.445		5.642257		13.560
5.382		1.1315		0.0000		875.818		3.517		13.455		5.657405		13.600
5.384		1.1348		0.0000		875.815		3.520		13.460		5.673928		13.640
5.388		1.1380		0.0000		875.811		3.523		13.470		5.689764		13.680
5.392		1.1417		0.0000		875.808		3.527		13.480		5.708354		13.720
5.398		1.1455		0.0000		875.804		3.531		13.495		5.727631		13.760
5.408		1.1491		0.0000		875.800		3.534		13.520		5.745533		13.800
5.416		1.1521		0.0000		875.797		3.538		13.540		5.760679		13.840
5.420		1.1553		0.0000		875.794		3.541		13.550		5.776515		13.880
5.422		1.1586		0.0000		875.791		3.544		13.555		5.793038		13.920
5.424		1.1618		0.0000		875.788		3.547		13.560		5.808874		13.960
5.426		1.1649		0.0000		875.784		3.550		13.565		5.824710		14.000
5.430		1.1681		0.0000		875.781		3.553		13.575		5.840545		14.040
5.432		1.1714		0.0000		875.778		3.557		13.580		5.857069		14.080
5.434		1.1749		0.0000		875.774		3.560		13.585		5.874282		14.120
5.440		1.1786		0.0000		875.771		3.564		13.600		5.892872		14.160
5.450		1.1823		0.0000		875.767		3.568		13.625		5.911461		14.200
5.460		1.1856		0.0000		875.764		3.571		13.650		5.927985		14.240
5.466		1.1888		0.0000		875.761		3.574		13.665		5.943820		14.280
5.468		1.1921		0.0000		875.757		3.577		13.670		5.960344		14.320
5.470		1.1952		0.0000		875.754		3.581		13.675		5.976180		14.360
5.472		1.1984		0.0000		875.751		3.584		13.680		5.992016		14.400
5.476		1.2016		0.0000		875.748		3.587		13.690		6.007850		14.440
5.478		1.2047		0.0000		875.745		3.590		13.695		6.023686		14.480
5.480		1.2080		0.0000		875.741		3.593		13.700		6.040211		14.520
5.484		1.2118		0.0000		875.738		3.597		13.710		6.058800		14.560
5.492		1.2158		0.0000		875.734		3.601		13.730		6.078767		14.600
5.504		1.2191		0.0000		875.730		3.604		13.760		6.095290		14.640
5.512		1.2222		0.0000		875.727		3.608		13.780		6.111126		14.680
5.514		1.2254		0.0000		875.724		3.611		13.785		6.126962		14.720
5.514		1.2286		0.0000		875.721		3.614		13.785		6.142797		14.760
5.516		1.2319		0.0000		875.717		3.617		13.790		6.159321		14.800
5.518		1.2350		0.0000		875.714		3.620		13.795		6.175157		14.840
5.520		1.2382		0.0000		875.711		3.624		13.800		6.190991		14.880
5.522		1.2414		0.0000		875.708		3.627		13.805		6.206827		14.920
5.526		1.2449		0.0000		875.704		3.630		13.815		6.224729		14.960
5.530		1.2489		0.0000		875.700		3.634		13.825		6.244695		15.000
5.540		1.2525		0.0000		875.697		3.638		13.850		6.262596		15.040
5.550		1.2557		0.0000		875.694		3.641		13.875		6.278431		15.080
5.552		1.2589		0.0000		875.690		3.644		13.880		6.294267		15.120
5.554		1.2620		0.0000		875.687		3.647		13.885		6.310102		15.160
5.556		1.2652		0.0000		875.684		3.651		13.890		6.325937		15.200
5.558		1.2684		0.0000		875.681		3.654		13.895		6.341773		15.240
5.560		1.2715		0.0000		875.678		3.657		13.900		6.357609		15.280
5.562		1.2747		0.0000		875.675		3.660		13.905		6.373445		15.320
5.564		1.2783		0.0000		875.671		3.664		13.910		6.391345		15.360
5.570		1.2821		0.0000		875.667		3.668		13.925		6.410624		15.400
5.580		1.2858		0.0000		875.664		3.671		13.950		6.429214		15.440
5.590		1.2890		0.0000		875.660		3.674		13.975		6.445048		15.480
5.594		1.2922		0.0000		875.657		3.678		13.985		6.460884		15.520
5.596		1.2953		0.0000		875.654		3.681		13.990		6.476719		15.560
5.598		1.2986		0.0000		875.651		3.684		13.995		6.493243		15.600
5.602		1.3018		0.0000		875.648		3.687		14.005		6.509079		15.640
5.604		1.3050		0.0000		875.644		3.690		14.010		6.524915		15.680
5.604		1.3082		0.0000		875.641		3.694		14.010		6.540751		15.720
5.608		1.3116		0.0000		875.638		3.697		14.020		6.557961		15.760
5.610		1.3153		0.0000		875.634		3.701		14.025		6.576551		15.800
5.618		1.3190		0.0000		875.630		3.704		14.045		6.595140		15.840
5.628		1.3225		0.0000		875.627		3.708		14.070		6.612353		15.880
5.634		1.3256		0.0000		875.624		3.711		14.085		6.628189		15.920
5.636		1.3288		0.0000		875.621		3.714		14.090		6.644025		15.960
5.636		1.3321		0.0000		875.617		3.717		14.090		6.660548		16.000
5.638		1.3353		0.0000		875.614		3.721		14.095		6.676384		16.040
5.640		1.3383		0.0000		875.611		3.724		14.100		6.691531		16.080
5.640		1.3415		0.0000		875.608		3.727		14.100		6.707367		16.120
5.642		1.3448		0.0000		875.605		3.730		14.105		6.723890		16.160
5.646		1.3485		0.0000		875.601		3.734		14.115		6.742480		16.200
5.652		1.3524		0.0000		875.597		3.738		14.130		6.761758		16.240
5.662		1.3559		0.0000		875.593		3.741		14.155		6.779659		16.280
5.670		1.3590		0.0000		875.590		3.744		14.175		6.794806		16.320
5.672		1.3621		0.0000		875.587		3.748		14.180		6.810641		16.360
5.672		1.3656		0.0000		875.584		3.751		14.180		6.827854		16.400
5.674		1.3686		0.0000		875.581		3.754		14.185		6.843002		16.440
5.676		1.3718		0.0000		875.578		3.757		14.190		6.858836		16.480
5.678		1.3749		0.0000		875.574		3.760		14.195		6.874672		16.520
5.678		1.3782		0.0000		875.571		3.764		14.195		6.891196		16.560
5.680		1.3817		0.0000		875.568		3.767		14.200		6.908408		16.600
5.684		1.3854		0.0000		875.564		3.771		14.210		6.926998		16.640
5.692		1.3893		0.0000		875.560		3.775		14.230		6.946277		16.680
5.702		1.3924		0.0000		875.557		3.778		14.255		6.962112		16.720
5.706		1.3956		0.0000		875.554		3.781		14.265		6.977947		16.760
5.706		1.3989		0.0000		875.550		3.784		14.265		6.994472		16.800
5.706		1.4021		0.0000		875.547		3.787		14.265		7.010307		16.840
5.708		1.4052		0.0000		875.544		3.791		14.270		7.026142		16.880
5.708		1.4084		0.0000		875.541		3.794		14.270		7.041978		16.920
5.710		1.4116		0.0000		875.538		3.797		14.275		7.057814		16.960
5.712		1.4149		0.0000		875.534		3.800		14.280		7.074337		17.000
5.716		1.4187		0.0000		875.531		3.804		14.290		7.093616		17.040
5.722		1.4226		0.0000		875.527		3.808		14.305		7.112893		17.080
5.732		1.4259		0.0000		875.523		3.811		14.330		7.129417		17.120
5.738		1.4291		0.0000		875.520		3.814		14.345		7.145252		17.160
5.738		1.4322		0.0000		875.517		3.818		14.345		7.161088		17.200
5.740		1.4354		0.0000		875.514		3.821		14.350		7.176924		17.240
5.740		1.4386		0.0000		875.511		3.824		14.350		7.192760		17.280
5.742		1.4417		0.0000		875.508		3.827		14.355		7.208595		17.320
5.744		1.4450		0.0000		875.504		3.830		14.360		7.225119		17.360
5.744		1.4482		0.0000		875.501		3.834		14.360		7.240954		17.400
5.746		1.4518		0.0000		875.498		3.837		14.365		7.258855		17.440
5.752		1.4558		0.0000		875.494		3.841		14.380		7.278821		17.480
5.760		1.4592		0.0000		875.490		3.845		14.400		7.296034		17.520
5.768		1.4624		0.0000		875.487		3.848		14.420		7.311870		17.560
5.770		1.4657		0.0000		875.484		3.851		14.425		7.328393		17.600
5.770		1.4688		0.0000		875.480		3.854		14.425		7.344229		17.640
5.772		1.4720		0.0000		875.477		3.857		14.430		7.360065		17.680
5.772		1.4752		0.0000		875.474		3.861		14.430		7.375901		17.720
5.774		1.4783		0.0000		875.471		3.864		14.435		7.391735		17.760
5.776		1.4815		0.0000		875.468		3.867		14.440		7.407571		17.800
5.778		1.4851		0.0000		875.464		3.870		14.445		7.425473		17.840
5.782		1.4890		0.0000		875.460		3.874		14.455		7.444750		17.880
5.790		1.4927		0.0000		875.457		3.878		14.475		7.463340		17.920
5.798		1.4958		0.0000		875.453		3.881		14.495		7.479176		17.960
5.802		1.4990		0.0000		875.450		3.884		14.505		7.495011		18.000
5.802		1.5022		0.0000		875.447		3.888		14.505		7.510847		18.040
5.802		1.5055		0.0000		875.444		3.891		14.505		7.527370		18.080
5.804		1.5086		0.0000		875.441		3.894		14.510		7.543206		18.120
5.804		1.5118		0.0000		875.438		3.897		14.510		7.559041		18.160
5.806		1.5150		0.0000		875.434		3.900		14.515		7.574877		18.200
5.806		1.5183		0.0000		875.431		3.904		14.515		7.591401		18.240
5.810		1.5221		0.0000		875.427		3.908		14.525		7.610679		18.280
5.818		1.5260		0.0000		875.423		3.911		14.545		7.629957		18.320
5.828		1.5293		0.0000		875.420		3.915		14.570		7.646481		18.360
5.832		1.5325		0.0000		875.417		3.918		14.580		7.662316		18.400
5.834		1.5356		0.0000		875.414		3.921		14.585		7.678152		18.440
5.834		1.5388		0.0000		875.411		3.924		14.585		7.693987		18.480
5.834		1.5420		0.0000		875.407		3.927		14.585		7.709823		18.520
5.834		1.5451		0.0000		875.404		3.931		14.585		7.725658		18.560
5.836		1.5483		0.0000		875.401		3.934		14.590		7.741494		18.600
5.836		1.5516		0.0000		875.398		3.937		14.590		7.758018		18.640
5.838		1.5553		0.0000		875.394		3.941		14.595		7.776608		18.680
5.844		1.5592		0.0000		875.390		3.945		14.610		7.795886		18.720
5.852		1.5628		0.0000		875.387		3.948		14.630		7.813787		18.760
5.860		1.5658		0.0000		875.384		3.951		14.650		7.828933		18.800
5.862		1.5690		0.0000		875.380		3.954		14.655		7.844769		18.840
5.862		1.5723		0.0000		875.377		3.958		14.655		7.861292		18.880
5.864		1.5754		0.0000		875.374		3.961		14.660		7.877128		18.920
5.866		1.5786		0.0000		875.371		3.964		14.665		7.892964		18.960
5.866		1.5818		0.0000		875.368		3.967		14.665		7.908800		19.000
5.866		1.5849		0.0000		875.364		3.970		14.665		7.924634		19.040
5.868		1.5885		0.0000		875.361		3.974		14.670		7.942536		19.080
5.872		1.5924		0.0000		875.357		3.978		14.680		7.961813		19.120
5.880		1.5961		0.0000		875.353		3.981		14.700		7.980403		19.160
5.888		1.5992		0.0000		875.350		3.985		14.720		7.996239		19.200
5.890		1.6024		0.0000		875.347		3.988		14.725		8.012074		19.240
5.890		1.6056		0.0000		875.344		3.991		14.725		8.027910		19.280
5.890		1.6089		0.0000		875.340		3.994		14.725		8.044434		19.320
5.892		1.6121		0.0000		875.337		3.997		14.730		8.060269		19.360
5.892		1.6151		0.0000		875.334		4.000		14.730		8.075418		19.400
5.894		1.6184		0.0000		875.331		4.004		14.735		8.091940		19.440
5.896		1.6217		0.0000		875.328		4.007		14.740		8.108464		19.480
5.898		1.6255		0.0000		875.324		4.011		14.745		8.127743		19.520
5.904		1.6294		0.0000		875.320		4.015		14.760		8.147019		19.560
5.912		1.6327		0.0000		875.317		4.018		14.780		8.163544		19.600
5.918		1.6357		0.0000		875.314		4.021		14.795		8.178691		19.640
5.918		1.6390		0.0000		875.310		4.024		14.795		8.195215		19.680
5.918		1.6422		0.0000		875.307		4.028		14.795		8.211051		19.720
5.918		1.6454		0.0000		875.304		4.031		14.795		8.226887		19.760
5.918		1.6485		0.0000		875.301		4.034		14.795		8.242723		19.800
5.920		1.6518		0.0000		875.297		4.037		14.800		8.259245		19.840
5.920		1.6550		0.0000		875.294		4.040		14.800		8.275081		19.880
5.922		1.6587		0.0000		875.291		4.044		14.805		8.293671		19.920
5.928		1.6626		0.0000		875.287		4.048		14.820		8.312949		19.960
5.936		1.6660		0.0000		875.283		4.051		14.840		8.330160		20.000
5.942		1.6692		0.0000		875.280		4.055		14.855		8.345996		20.040
5.944		1.6725		0.0000		875.277		4.058		14.860		8.362521		20.080
5.944		1.6757		0.0000		875.274		4.061		14.860		8.378357		20.120
5.944		1.6788		0.0000		875.271		4.064		14.860		8.394193		20.160
5.944		1.6820		0.0000		875.267		4.067		14.860		8.410028		20.200
5.944		1.6852		0.0000		875.264		4.071		14.860		8.425861		20.240
5.944		1.6883		0.0000		875.261		4.074		14.860		8.441697		20.280
5.944		1.6919		0.0000		875.257		4.077		14.860		8.459600		20.320
5.948		1.6958		0.0000		875.254		4.081		14.870		8.478876		20.360
5.958		1.6995		0.0000		875.250		4.085		14.895		8.497466		20.400
5.966		1.7027		0.0000		875.247		4.088		14.915		8.513302		20.440
5.968		1.7058		0.0000		875.244		4.091		14.920		8.529138		20.480
5.968		1.7090		0.0000		875.240		4.094		14.920		8.544973		20.520
5.968		1.7123		0.0000		875.237		4.098		14.920		8.561498		20.560
5.970		1.7153		0.0000		875.234		4.101		14.925		8.576645		20.600
5.970		1.7186		0.0000		875.231		4.104		14.925		8.593169		20.640
5.972		1.7218		0.0000		875.228		4.107		14.930		8.609003		20.680
5.972		1.7252		0.0000		875.224		4.111		14.930		8.626217		20.720
5.974		1.7290		0.0000		875.220		4.114		14.935		8.644806		20.760
5.982		1.7328		0.0000		875.217		4.118		14.955		8.664084		20.800
5.990		1.7361		0.0000		875.213		4.121		14.975		8.680607		20.840
5.994		1.7393		0.0000		875.210		4.125		14.985		8.696443		20.880
5.996		1.7425		0.0000		875.207		4.128		14.990		8.712278		20.920
5.996		1.7456		0.0000		875.204		4.131		14.990		8.728114		20.960
5.996		1.7488		0.0000		875.201		4.134		14.990		8.743950		21.000
5.998		1.7520		0.0000		875.197		4.137		14.995		8.759786		21.040
5.998		1.7553		0.0000		875.194		4.141		14.995		8.776308		21.080
6.000		1.7584		0.0000		875.191		4.144		15.000		8.792144		21.120
6.002		1.7623		0.0000		875.187		4.148		15.005		8.811422		21.160
6.008		1.7660		0.0000		875.183		4.151		15.020		8.830012		21.200
6.018		1.7696		0.0000		875.180		4.155		15.045		8.847913		21.240
6.024		1.7726		0.0000		875.177		4.158		15.060		8.863059		21.280
6.024		1.7758		0.0000		875.174		4.161		15.060		8.878895		21.320
6.024		1.7791		0.0000		875.170		4.164		15.060		8.895420		21.360
6.024		1.7823		0.0000		875.167		4.168		15.060		8.911256		21.400
6.024		1.7854		0.0000		875.164		4.171		15.060		8.927092		21.440
6.024		1.7886		0.0000		875.161		4.174		15.060		8.942927		21.480
6.024		1.7918		0.0000		875.158		4.177		15.060		8.958763		21.520
6.026		1.7955		0.0000		875.154		4.181		15.065		8.977352		21.560
6.030		1.7992		0.0000		875.150		4.185		15.075		8.995942		21.600
6.038		1.8029		0.0000		875.146		4.188		15.095		9.014531		21.640
6.044		1.8061		0.0000		875.143		4.191		15.110		9.030365		21.680
6.048		1.8092		0.0000		875.140		4.195		15.120		9.046201		21.720
6.048		1.8124		0.0000		875.137		4.198		15.120		9.062037		21.760
6.046		1.8156		0.0000		875.134		4.201		15.115		9.077872		21.800
6.048		1.8189		0.0000		875.130		4.204		15.120		9.094397		21.840
6.046		1.8219		0.0000		875.127		4.207		15.115		9.109544		21.880
6.046		1.8251		0.0000		875.124		4.210		15.115		9.125380		21.920
6.046		1.8285		0.0000		875.121		4.214		15.115		9.142591		21.960
6.050		1.8324		0.0000		875.117		4.218		15.125		9.161869		22.000
6.056		1.8362		0.0000		875.113		4.222		15.140		9.181148		22.040
6.064		1.8395		0.0000		875.110		4.225		15.160		9.197670		22.080
6.068		1.8426		0.0000		875.107		4.228		15.170		9.212819		22.120
6.068		1.8459		0.0000		875.103		4.231		15.170		9.229342		22.160
6.066		1.8490		0.0000		875.100		4.234		15.165		9.245177		22.200
6.068		1.8522		0.0000		875.097		4.238		15.170		9.261013		22.240
6.068		1.8555		0.0000		875.094		4.241		15.170		9.277538		22.280
6.068		1.8585		0.0000		875.091		4.244		15.170		9.292685		22.320
6.068		1.8620		0.0000		875.087		4.247		15.170		9.309896		22.360
6.070		1.8656		0.0000		875.084		4.251		15.175		9.327797		22.400
6.074		1.8696		0.0000		875.080		4.255		15.185		9.347764		22.440
6.084		1.8730		0.0000		875.076		4.258		15.210		9.364976		22.480
6.090		1.8760		0.0000		875.073		4.261		15.225		9.380125		22.520
6.092		1.8793		0.0000		875.070		4.265		15.230		9.396647		22.560
6.090		1.8824		0.0000		875.067		4.268		15.225		9.411794		22.600
6.090		1.8857		0.0000		875.064		4.271		15.225		9.428319		22.640
6.092		1.8888		0.0000		875.060		4.274		15.230		9.444155		22.680
6.092		1.8920		0.0000		875.057		4.277		15.230		9.459991		22.720
6.092		1.8952		0.0000		875.054		4.281		15.230		9.475826		22.760
6.092		1.8987		0.0000		875.051		4.284		15.230		9.493727		22.800
6.096		1.9027		0.0000		875.047		4.288		15.240		9.513692		22.840
6.104		1.9065		0.0000		875.043		4.292		15.260		9.532281		22.880
6.112		1.9095		0.0000		875.040		4.295		15.280		9.547430		22.920
6.114		1.9127		0.0000		875.037		4.298		15.285		9.563264		22.960
6.112		1.9158		0.0000		875.034		4.301		15.280		9.579100		23.000
6.112		1.9191		0.0000		875.030		4.305		15.280		9.595624		23.040
6.110		1.9222		0.0000		875.027		4.308		15.275		9.610771		23.080
6.110		1.9253		0.0000		875.024		4.311		15.275		9.626607		23.120
6.110		1.9286		0.0000		875.021		4.314		15.275		9.643131		23.160
6.110		1.9319		0.0000		875.017		4.317		15.275		9.659654		23.200
6.112		1.9359		0.0000		875.013		4.321		15.280		9.679622		23.240
6.118		1.9398		0.0000		875.010		4.325		15.295		9.698900		23.280
6.128		1.9429		0.0000		875.006		4.328		15.320		9.714736		23.320
6.132		1.9461		0.0000		875.003		4.331		15.330		9.730569		23.360
6.130		1.9491		0.0000		875.000		4.335		15.325		9.745718		23.400
6.130		1.9524		0.0000		874.997		4.338		15.325		9.762240		23.440
6.130		1.9558		0.0000		874.994		4.341		15.325		9.778766		23.480
6.130		1.9588		0.0000		874.991		4.344		15.325		9.793912		23.520
6.130		1.9619		0.0000		874.987		4.347		15.325		9.809748		23.560
6.130		1.9654		0.0000		874.984		4.351		15.325		9.826960		23.600
6.132		1.9691		0.0000		874.980		4.354		15.330		9.845549		23.640
6.138		1.9730		0.0000		874.976		4.358		15.345		9.864827		23.680
6.148		1.9764		0.0000		874.973		4.362		15.370		9.882041		23.720
6.152		1.9794		0.0000		874.970		4.365		15.380		9.897188		23.760
6.152		1.9826		0.0000		874.967		4.368		15.380		9.913024		23.800
6.152		1.9859		0.0000		874.963		4.371		15.380		9.929546		23.840
6.152		1.9891		0.0000		874.960		4.374		15.380		9.945382		23.880
6.152		1.9922		0.0000		874.957		4.378		15.380		9.961218		23.920
6.152		1.9954		0.0000		874.954		4.381		15.380		9.977054		23.960
6.152		1.9986		0.0000		874.951		4.384		15.380		9.992889		24.000
6.152		2.0023		0.0000		874.947		4.388		15.380		10.011478		24.040
6.156		2.0062		0.0000		874.943		4.392		15.390		10.030757		24.080
6.164		2.0097		0.0000		874.940		4.395		15.410		10.048657		24.120
6.172		2.0129		0.0000		874.936		4.398		15.430		10.064493		24.160
6.174		2.0161		0.0000		874.933		4.401		15.435		10.080329		24.200
6.174		2.0192		0.0000		874.930		4.405		15.435		10.096165		24.240
6.172		2.0225		0.0000		874.927		4.408		15.430		10.112687		24.280
6.174		2.0257		0.0000		874.924		4.411		15.435		10.128523		24.320
6.174		2.0289		0.0000		874.920		4.414		15.435		10.144359		24.360
6.174		2.0320		0.0000		874.917		4.417		15.435		10.160194		24.400
6.174		2.0355		0.0000		874.914		4.421		15.435		10.177406		24.440
6.178		2.0393		0.0000		874.910		4.425		15.445		10.196685		24.480
6.186		2.0432		0.0000		874.906		4.429		15.465		10.215963		24.520
6.194		2.0464		0.0000		874.903		4.432		15.485		10.231799		24.560
6.198		2.0495		0.0000		874.900		4.435		15.495		10.247635		24.600
6.198		2.0527		0.0000		874.897		4.438		15.495		10.263471		24.640
6.198		2.0559		0.0000		874.893		4.441		15.495		10.279304		24.680
6.198		2.0590		0.0000		874.890		4.444		15.495		10.295139		24.720
6.198		2.0622		0.0000		874.887		4.448		15.495		10.310975		24.760
6.198		2.0654		0.0000		874.884		4.451		15.495		10.326811		24.800
6.198		2.0688		0.0000		874.881		4.454		15.495		10.344025		24.840
6.200		2.0725		0.0000		874.877		4.458		15.500		10.362615		24.880
6.206		2.0764		0.0000		874.873		4.462		15.515		10.381890		24.920
6.216		2.0798		0.0000		874.870		4.465		15.540		10.399104		24.960
6.220		2.0830		0.0000		874.866		4.468		15.550		10.414940		25.000
6.220		2.0862		0.0000		874.863		4.472		15.550		10.430776		25.040
6.218		2.0893		0.0000		874.860		4.475		15.545		10.446609		25.080
6.216		2.0925		0.0000		874.857		4.478		15.540		10.462445		25.120
6.216		2.0957		0.0000		874.854		4.481		15.540		10.478281		25.160
6.216		2.0987		0.0000		874.851		4.484		15.540		10.493427		25.200
6.214		2.1020		0.0000		874.847		4.487		15.535		10.509953		25.240
6.214		2.1057		0.0000		874.844		4.491		15.535		10.528542		25.280
6.220		2.1097		0.0000		874.840		4.495		15.550		10.548510		25.320
6.228		2.1131		0.0000		874.836		4.499		15.570		10.565721		25.360
6.236		2.1163		0.0000		874.833		4.502		15.590		10.581556		25.400
6.236		2.1195		0.0000		874.830		4.505		15.590		10.597392		25.440
6.234		2.1226		0.0000		874.827		4.508		15.585		10.613228		25.480
6.232		2.1258		0.0000		874.824		4.511		15.580		10.629064		25.520
6.232		2.1291		0.0000		874.820		4.514		15.580		10.645586		25.560
6.232		2.1321		0.0000		874.817		4.518		15.580		10.660733		25.600
6.232		2.1355		0.0000		874.814		4.521		15.580		10.677258		25.640
6.230		2.1389		0.0000		874.810		4.524		15.575		10.694469		25.680
6.234		2.1427		0.0000		874.807		4.528		15.585		10.713748		25.720
6.240		2.1466		0.0000		874.803		4.532		15.600		10.733027		25.760
6.250		2.1498		0.0000		874.800		4.535		15.625		10.748862		25.800
6.252		2.1529		0.0000		874.796		4.538		15.630		10.764698		25.840
6.252		2.1561		0.0000		874.793		4.541		15.630		10.780534		25.880
6.250		2.1593		0.0000		874.790		4.545		15.625		10.796370		25.920
6.250		2.1624		0.0000		874.787		4.548		15.625		10.812202		25.960
6.250		2.1656		0.0000		874.784		4.551		15.625		10.828038		26.000
6.250		2.1688		0.0000		874.781		4.554		15.625		10.843874		26.040
6.250		2.1721		0.0000		874.777		4.557		15.625		10.860399		26.080
6.250		2.1758		0.0000		874.774		4.561		15.625		10.878988		26.120
6.258		2.1798		0.0000		874.770		4.565		15.645		10.898953		26.160
6.266		2.1831		0.0000		874.766		4.568		15.665		10.915479		26.200
6.272		2.1864		0.0000		874.763		4.572		15.680		10.932003		26.240
6.270		2.1894		0.0000		874.760		4.575		15.675		10.947150		26.280
6.270		2.1927		0.0000		874.757		4.578		15.675		10.963675		26.320
6.268		2.1959		0.0000		874.753		4.581		15.670		10.979508		26.360
6.268		2.1989		0.0000		874.750		4.584		15.670		10.994658		26.400
6.268		2.2022		0.0000		874.747		4.588		15.670		11.011180		26.440
6.266		2.2054		0.0000		874.744		4.591		15.665		11.027016		26.480
6.266		2.2091		0.0000		874.740		4.594		15.665		11.045605		26.520
6.270		2.2130		0.0000		874.736		4.598		15.675		11.064883		26.560
6.278		2.2166		0.0000		874.733		4.602		15.695		11.082784		26.600
6.284		2.2197		0.0000		874.730		4.605		15.710		11.098619		26.640
6.284		2.2229		0.0000		874.726		4.608		15.710		11.114455		26.680
6.282		2.2261		0.0000		874.723		4.611		15.705		11.130291		26.720
6.282		2.2294		0.0000		874.720		4.615		15.705		11.146813		26.760
6.280		2.2324		0.0000		874.717		4.618		15.700		11.161963		26.800
6.280		2.2356		0.0000		874.714		4.621		15.700		11.177796		26.840
6.280		2.2387		0.0000		874.711		4.624		15.700		11.193632		26.880
6.280		2.2423		0.0000		874.707		4.628		15.700		11.211535		26.920
6.282		2.2462		0.0000		874.703		4.632		15.705		11.230811		26.960
6.290		2.2500		0.0000		874.699		4.635		15.725		11.250090		27.000
6.300		2.2530		0.0000		874.696		4.638		15.750		11.265236		27.040
6.302		2.2564		0.0000		874.693		4.642		15.755		11.281761		27.080
6.300		2.2595		0.0000		874.690		4.645		15.750		11.297597		27.120
6.298		2.2627		0.0000		874.687		4.648		15.745		11.313433		27.160
6.298		2.2659		0.0000		874.683		4.651		15.745		11.329268		27.200
6.296		2.2689		0.0000		874.680		4.654		15.740		11.344415		27.240
6.296		2.2722		0.0000		874.677		4.658		15.740		11.360937		27.280
6.294		2.2756		0.0000		874.674		4.661		15.735		11.378151		27.320
6.296		2.2793		0.0000		874.670		4.665		15.740		11.396741		27.360
6.302		2.2832		0.0000		874.666		4.669		15.755		11.416019		27.400
6.312		2.2866		0.0000		874.663		4.672		15.780		11.433230		27.440
6.316		2.2898		0.0000		874.660		4.675		15.790		11.449066		27.480
6.316		2.2928		0.0000		874.656		4.678		15.790		11.464213		27.520
6.316		2.2961		0.0000		874.653		4.682		15.790		11.480738		27.560
6.314		2.2992		0.0000		874.650		4.685		15.785		11.495885		27.600
6.314		2.3025		0.0000		874.647		4.688		15.785		11.512409		27.640
6.314		2.3056		0.0000		874.644		4.691		15.785		11.528243		27.680
6.312		2.3088		0.0000		874.641		4.694		15.780		11.544079		27.720
6.312		2.3125		0.0000		874.637		4.698		15.780		11.562668		27.760
6.318		2.3164		0.0000		874.633		4.702		15.795		11.581946		27.800
6.328		2.3201		0.0000		874.629		4.705		15.820		11.600536		27.840
6.334		2.3231		0.0000		874.626		4.709		15.835		11.615683		27.880
6.336		2.3263		0.0000		874.623		4.712		15.840		11.631518		27.920
6.334		2.3295		0.0000		874.620		4.715		15.835		11.647354		27.960
6.332		2.3326		0.0000		874.617		4.718		15.830		11.663190		28.000
6.334		2.3358		0.0000		874.614		4.721		15.835		11.679026		28.040
6.334		2.3390		0.0000		874.610		4.724		15.835		11.694861		28.080
6.332		2.3423		0.0000		874.607		4.728		15.830		11.711384		28.120
6.332		2.3457		0.0000		874.604		4.731		15.830		11.728598		28.160
6.336		2.3497		0.0000		874.600		4.735		15.840		11.748563		28.200
6.342		2.3534		0.0000		874.596		4.739		15.855		11.767153		28.240
6.350		2.3566		0.0000		874.593		4.742		15.875		11.782989		28.280
6.352		2.3598		0.0000		874.590		4.745		15.880		11.798824		28.320
6.350		2.3629		0.0000		874.586		4.748		15.875		11.814660		28.360
6.348		2.3661		0.0000		874.583		4.751		15.870		11.830496		28.400
6.348		2.3693		0.0000		874.580		4.755		15.870		11.846332		28.440
6.346		2.3724		0.0000		874.577		4.758		15.865		11.862167		28.480
6.344		2.3756		0.0000		874.574		4.761		15.860		11.878003		28.520
6.344		2.3789		0.0000		874.570		4.764		15.860		11.894526		28.560
6.344		2.3828		0.0000		874.567		4.768		15.860		11.913804		28.600
6.350		2.3868		0.0000		874.563		4.772		15.875		11.933771		28.640
6.360		2.3899		0.0000		874.559		4.775		15.900		11.949605		28.680
6.362		2.3931		0.0000		874.556		4.778		15.905		11.965441		28.720
6.360		2.3963		0.0000		874.553		4.782		15.900		11.981277		28.760
6.358		2.3994		0.0000		874.550		4.785		15.895		11.997112		28.800
6.358		2.4027		0.0000		874.547		4.788		15.895		12.013637		28.840
6.356		2.4059		0.0000		874.543		4.791		15.890		12.029472		28.880
6.354		2.4091		0.0000		874.540		4.794		15.885		12.045308		28.920
6.352		2.4122		0.0000		874.537		4.798		15.880		12.061142		28.960
6.352		2.4158		0.0000		874.534		4.801		15.880		12.079044		29.000
6.356		2.4198		0.0000		874.530		4.805		15.890		12.099010		29.040
6.364		2.4234		0.0000		874.526		4.809		15.910		12.116910		29.080
6.370		2.4265		0.0000		874.523		4.812		15.925		12.132746		29.120
6.370		2.4297		0.0000		874.520		4.815		15.925		12.148582		29.160
6.368		2.4327		0.0000		874.517		4.818		15.920		12.163729		29.200
6.366		2.4361		0.0000		874.513		4.821		15.915		12.180253		29.240
6.364		2.4392		0.0000		874.510		4.825		15.910		12.196089		29.280
6.364		2.4424		0.0000		874.507		4.828		15.910		12.211925		29.320
6.362		2.4456		0.0000		874.504		4.831		15.905		12.227760		29.360
6.360		2.4491		0.0000		874.500		4.835		15.900		12.245661		29.400
6.364		2.4530		0.0000		874.496		4.838		15.910		12.264939		29.440
6.370		2.4568		0.0000		874.492		4.842		15.925		12.284216		29.480
6.378		2.4600		0.0000		874.489		4.845		15.945		12.300052		29.520
6.380		2.4630		0.0000		874.486		4.848		15.950		12.315198		29.560
6.378		2.4662		0.0000		874.483		4.852		15.945		12.331034		29.600
6.376		2.4695		0.0000		874.480		4.855		15.940		12.347559		29.640
6.376		2.4727		0.0000		874.477		4.858		15.940		12.363395		29.680
6.374		2.4758		0.0000		874.474		4.861		15.935		12.379230		29.720
6.372		2.4790		0.0000		874.470		4.864		15.930		12.395066		29.760
6.372		2.4823		0.0000		874.467		4.868		15.930		12.411589		29.800
6.372		2.4862		0.0000		874.463		4.872		15.930		12.430867		29.840
6.378		2.4902		0.0000		874.459		4.876		15.945		12.450834		29.880
6.386		2.4935		0.0000		874.456		4.879		15.965		12.467357		29.920
6.388		2.4965		0.0000		874.453		4.882		15.970		12.482504		29.960
6.386		2.4995		0.0000		874.450		4.885		15.965		12.497653		30.000
6.384		2.5028		0.0000		874.447		4.888		15.960		12.514175		30.040
6.382		2.5061		0.0000		874.443		4.892		15.955		12.530700		30.080
6.380		2.5092		0.0000		874.440		4.895		15.950		12.545847		30.120
6.378		2.5123		0.0000		874.437		4.898		15.945		12.561683		30.160
6.376		2.5156		0.0000		874.434		4.901		15.940		12.578207		30.200
6.376		2.5194		0.0000		874.430		4.905		15.940		12.596797		30.240
6.380		2.5232		0.0000		874.426		4.909		15.950		12.616073		30.280
6.388		2.5268		0.0000		874.423		4.912		15.970		12.633976		30.320
6.394		2.5300		0.0000		874.419		4.915		15.985		12.649809		30.360
6.392		2.5331		0.0000		874.416		4.919		15.980		12.665645		30.400
6.390		2.5363		0.0000		874.413		4.922		15.975		12.681480		30.440
6.388		2.5395		0.0000		874.410		4.925		15.970		12.697316		30.480
6.386		2.5426		0.0000		874.407		4.928		15.965		12.713152		30.520
6.384		2.5458		0.0000		874.404		4.931		15.960		12.728988		30.560
6.384		2.5490		0.0000		874.400		4.934		15.960		12.744823		30.600
6.382		2.5525		0.0000		874.397		4.938		15.955		12.762724		30.640
6.386		2.5565		0.0000		874.393		4.942		15.965		12.782692		30.680
6.394		2.5603		0.0000		874.389		4.946		15.985		12.801281		30.720
6.400		2.5634		0.0000		874.386		4.949		16.000		12.817117		30.760
6.402		2.5666		0.0000		874.383		4.952		16.005		12.832951		30.800
6.400		2.5696		0.0000		874.380		4.955		16.000		12.848100		30.840
6.396		2.5729		0.0000		874.376		4.958		15.990		12.864622		30.880
6.394		2.5761		0.0000		874.373		4.961		15.985		12.880458		30.920
6.394		2.5793		0.0000		874.370		4.965		15.985		12.896294		30.960
6.392		2.5824		0.0000		874.367		4.968		15.980		12.912129		31.000
6.390		2.5857		0.0000		874.364		4.971		15.975		12.928654		31.040
6.390		2.5896		0.0000		874.360		4.975		15.975		12.947930		31.080
6.398		2.5936		0.0000		874.356		4.979		15.995		12.967897		31.120
6.408		2.5967		0.0000		874.353		4.982		16.020		12.983733		31.160
6.410		2.5999		0.0000		874.349		4.985		16.025		12.999569		31.200
6.410		2.6031		0.0000		874.346		4.988		16.025		13.015405		31.240
6.408		2.6062		0.0000		874.343		4.992		16.020		13.031239		31.280
6.408		2.6096		0.0000		874.340		4.995		16.020		13.047763		31.320
6.406		2.6127		0.0000		874.337		4.998		16.015		13.063599		31.360
6.406		2.6157		0.0000		874.334		5.001		16.015		13.078746		31.400
6.404		2.6191		0.0000		874.330		5.004		16.010		13.095270		31.440
6.404		2.6228		0.0000		874.327		5.008		16.010		13.113860		31.480
6.408		2.6268		0.0000		874.323		5.012		16.020		13.133825		31.520
6.416		2.6302		0.0000		874.319		5.016		16.040		13.151039		31.560
6.420		2.6334		0.0000		874.316		5.019		16.050		13.166875		31.600
6.420		2.6365		0.0000		874.313		5.022		16.050		13.182711		31.640
6.416		2.6397		0.0000		874.310		5.025		16.040		13.198544		31.680
6.414		2.6429		0.0000		874.306		5.028		16.035		13.214379		31.720
6.414		2.6460		0.0000		874.303		5.031		16.035		13.230215		31.760
6.412		2.6492		0.0000		874.300		5.035		16.030		13.246051		31.800
6.410		2.6524		0.0000		874.297		5.038		16.025		13.261887		31.840
6.408		2.6560		0.0000		874.293		5.041		16.020		13.279787		31.880
6.412		2.6600		0.0000		874.289		5.045		16.030		13.299755		31.920
6.420		2.6637		0.0000		874.286		5.049		16.050		13.318344		31.960
6.426		2.6668		0.0000		874.283		5.052		16.065		13.334180		32.000
6.426		2.6699		0.0000		874.279		5.055		16.065		13.349327		32.040
6.422		2.6730		0.0000		874.276		5.058		16.055		13.365163		32.080
6.418		2.6763		0.0000		874.273		5.062		16.045		13.381685		32.120
6.416		2.6795		0.0000		874.270		5.065		16.040		13.397521		32.160
6.414		2.6827		0.0000		874.267		5.068		16.035		13.413357		32.200
6.410		2.6858		0.0000		874.263		5.071		16.025		13.429193		32.240
6.408		2.6893		0.0000		874.260		5.075		16.020		13.446404		32.280
6.410		2.6930		0.0000		874.256		5.078		16.025		13.464993		32.320
6.414		2.6969		0.0000		874.253		5.082		16.035		13.484272		32.360
6.422		2.7002		0.0000		874.249		5.086		16.055		13.500796		32.400
6.424		2.7033		0.0000		874.246		5.089		16.060		13.516632		32.440
6.420		2.7065		0.0000		874.243		5.092		16.050		13.532468		32.480
6.416		2.7097		0.0000		874.240		5.095		16.040		13.548304		32.520
6.414		2.7128		0.0000		874.237		5.098		16.035		13.564137		32.560
6.412		2.7160		0.0000		874.233		5.101		16.030		13.579973		32.600
6.408		2.7192		0.0000		874.230		5.105		16.020		13.595809		32.640
6.406		2.7225		0.0000		874.227		5.108		16.015		13.612333		32.680
6.406		2.7262		0.0000		874.223		5.112		16.015		13.630923		32.720
6.410		2.7302		0.0000		874.219		5.116		16.025		13.650888		32.760
6.418		2.7336		0.0000		874.216		5.119		16.045		13.668102		32.800
6.422		2.7368		0.0000		874.213		5.122		16.055		13.683938		32.840
6.418		2.7398		0.0000		874.210		5.125		16.045		13.699084		32.880
6.416		2.7431		0.0000		874.206		5.128		16.040		13.715610		32.920
6.412		2.7463		0.0000		874.203		5.132		16.030		13.731442		32.960
6.410		2.7495		0.0000		874.200		5.135		16.025		13.747278		33.000
6.408		2.7526		0.0000		874.197		5.138		16.020		13.763114		33.040
6.406		2.7559		0.0000		874.193		5.141		16.015		13.779639		33.080
6.404		2.7594		0.0000		874.190		5.145		16.010		13.796850		33.120
6.404		2.7634		0.0000		874.186		5.149		16.010		13.816818		33.160
6.412		2.7671		0.0000		874.182		5.152		16.030		13.835407		33.200
6.416		2.7701		0.0000		874.179		5.155		16.040		13.850554		33.240
6.416		2.7733		0.0000		874.176		5.159		16.040		13.866390		33.280
6.412		2.7764		0.0000		874.173		5.162		16.030		13.882226		33.320
6.408		2.7797		0.0000		874.170		5.165		16.020		13.898748		33.360
6.404		2.7829		0.0000		874.166		5.168		16.010		13.914584		33.400
6.402		2.7859		0.0000		874.163		5.171		16.005		13.929730		33.440
6.398		2.7893		0.0000		874.160		5.175		15.995		13.946256		33.480
6.394		2.7927		0.0000		874.157		5.178		15.985		13.963470		33.520
6.394		2.7965		0.0000		874.153		5.182		15.985		13.982745		33.560
6.400		2.8004		0.0000		874.149		5.186		16.000		14.002024		33.600
6.406		2.8036		0.0000		874.146		5.189		16.015		14.017859		33.640
6.406		2.8067		0.0000		874.143		5.192		16.015		14.033695		33.680
6.400		2.8099		0.0000		874.139		5.195		16.000		14.049531		33.720
6.398		2.8131		0.0000		874.136		5.198		15.995		14.065367		33.760
6.394		2.8162		0.0000		874.133		5.202		15.985		14.081203		33.800
6.390		2.8194		0.0000		874.130		5.205		15.975		14.097036		33.840
6.388		2.8226		0.0000		874.127		5.208		15.970		14.112872		33.880
6.386		2.8259		0.0000		874.123		5.211		15.965		14.129396		33.920
6.384		2.8296		0.0000		874.120		5.215		15.960		14.147986		33.960
6.388		2.8336		0.0000		874.116		5.219		15.970		14.167953		34.000
6.394		2.8370		0.0000		874.112		5.222		15.985		14.185165		34.040
6.396		2.8402		0.0000		874.109		5.226		15.990		14.201001		34.080
6.392		2.8434		0.0000		874.106		5.229		15.980		14.216837		34.120
6.386		2.8465		0.0000		874.103		5.232		15.965		14.232673		34.160
6.380		2.8497		0.0000		874.100		5.235		15.950		14.248508		34.200
6.376		2.8529		0.0000		874.096		5.238		15.940		14.264344		34.240
6.370		2.8560		0.0000		874.093		5.241		15.925		14.280177		34.280
6.364		2.8592		0.0000		874.090		5.245		15.910		14.296013		34.320
6.360		2.8628		0.0000		874.087		5.248		15.900		14.313916		34.360
6.362		2.8668		0.0000		874.083		5.252		15.905		14.333881		34.400
6.368		2.8704		0.0000		874.079		5.256		15.920		14.351782		34.440
6.372		2.8735		0.0000		874.076		5.259		15.930		14.367618		34.480
6.370		2.8767		0.0000		874.073		5.262		15.925		14.383453		34.520
6.364		2.8799		0.0000		874.069		5.265		15.910		14.399289		34.560
6.360		2.8830		0.0000		874.066		5.268		15.900		14.415125		34.600
6.356		2.8863		0.0000		874.063		5.272		15.890		14.431649		34.640
6.354		2.8895		0.0000		874.060		5.275		15.885		14.447483		34.680
6.350		2.8927		0.0000		874.057		5.278		15.875		14.463319		34.720
6.346		2.8961		0.0000		874.053		5.281		15.865		14.480533		34.760
6.346		2.9000		0.0000		874.049		5.285		15.865		14.499811		34.800
6.352		2.9037		0.0000		874.046		5.289		15.880		14.518400		34.840
6.358		2.9070		0.0000		874.042		5.292		15.895		14.534923		34.880
6.358		2.9102		0.0000		874.039		5.296		15.895		14.550758		34.920
6.354		2.9133		0.0000		874.036		5.299		15.885		14.566594		34.960
6.348		2.9165		0.0000		874.033		5.302		15.870		14.582430		35.000
6.346		2.9197		0.0000		874.030		5.305		15.865		14.598266		35.040
6.342		2.9228		0.0000		874.026		5.308		15.855		14.614101		35.080
6.338		2.9260		0.0000		874.023		5.311		15.845		14.629937		35.120
6.334		2.9293		0.0000		874.020		5.315		15.835		14.646460		35.160
6.332		2.9331		0.0000		874.016		5.319		15.830		14.665738		35.200
6.336		2.9370		0.0000		874.012		5.322		15.840		14.685017		35.240
6.344		2.9404		0.0000		874.009		5.326		15.860		14.702229		35.280
6.344		2.9435		0.0000		874.006		5.329		15.860		14.717375		35.320
6.340		2.9466		0.0000		874.003		5.332		15.850		14.733211		35.360
6.336		2.9499		0.0000		873.999		5.335		15.840		14.749736		35.400
6.334		2.9531		0.0000		873.996		5.338		15.835		14.765572		35.440
6.330		2.9563		0.0000		873.993		5.342		15.825		14.781407		35.480
6.326		2.9594		0.0000		873.990		5.345		15.815		14.797243		35.520
6.322		2.9626		0.0000		873.987		5.348		15.805		14.813076		35.560
6.320		2.9663		0.0000		873.983		5.352		15.800		14.831666		35.600
6.322		2.9702		0.0000		873.979		5.356		15.805		14.850945		35.640
6.326		2.9738		0.0000		873.976		5.359		15.815		14.868845		35.680
6.328		2.9769		0.0000		873.972		5.362		15.820		14.884681		35.720
6.326		2.9801		0.0000		873.969		5.365		15.815		14.900517		35.760
6.322		2.9833		0.0000		873.966		5.369		15.805		14.916352		35.800
6.318		2.9866		0.0000		873.963		5.372		15.795		14.932877		35.840
6.314		2.9896		0.0000		873.960		5.375		15.785		14.948024		35.880
6.310		2.9928		0.0000		873.957		5.378		15.775		14.963860		35.920
6.306		2.9961		0.0000		873.953		5.381		15.765		14.980382		35.960
6.302		2.9995		0.0000		873.950		5.385		15.755		14.997596		36.000
6.302		3.0034		0.0000		873.946		5.389		15.755		15.016874		36.040
6.306		3.0072		0.0000		873.942		5.393		15.765		15.036150		36.080
6.312		3.0104		0.0000		873.939		5.396		15.780		15.051986		36.120
6.310		3.0134		0.0000		873.936		5.399		15.775		15.067133		36.160
6.306		3.0167		0.0000		873.933		5.402		15.765		15.083657		36.200
6.302		3.0199		0.0000		873.929		5.405		15.755		15.099493		36.240
6.298		3.0231		0.0000		873.926		5.408		15.745		15.115329		36.280
6.294		3.0262		0.0000		873.923		5.412		15.735		15.131165		36.320
6.292		3.0295		0.0000		873.920		5.415		15.730		15.147687		36.360
6.288		3.0328		0.0000		873.917		5.418		15.720		15.164212		36.400
6.286		3.0366		0.0000		873.913		5.422		15.715		15.182801		36.440
6.290		3.0404		0.0000		873.909		5.426		15.725		15.202080		36.480
6.296		3.0437		0.0000		873.906		5.429		15.740		15.218605		36.520
6.298		3.0469		0.0000		873.902		5.432		15.745		15.234438		36.560
6.294		3.0501		0.0000		873.899		5.435		15.735		15.250274		36.600
6.290		3.0534		0.0000		873.896		5.439		15.725		15.266799		36.640
6.286		3.0565		0.0000		873.893		5.442		15.715		15.282635		36.680
6.284		3.0597		0.0000		873.890		5.445		15.710		15.298470		36.720
6.280		3.0629		0.0000		873.886		5.448		15.700		15.314306		36.760
6.276		3.0660		0.0000		873.883		5.451		15.690		15.330142		36.800
6.274		3.0697		0.0000		873.880		5.455		15.685		15.348731		36.840
6.274		3.0736		0.0000		873.876		5.459		15.685		15.368008		36.880
6.280		3.0772		0.0000		873.872		5.463		15.700		15.385910		36.920
6.284		3.0802		0.0000		873.869		5.466		15.710		15.401057		36.960
6.280		3.0835		0.0000		873.866		5.469		15.700		15.417580		37.000
6.276		3.0867		0.0000		873.863		5.472		15.690		15.433415		37.040
6.274		3.0899		0.0000		873.859		5.475		15.685		15.449251		37.080
6.270		3.0930		0.0000		873.856		5.478		15.675		15.465087		37.120
6.268		3.0962		0.0000		873.853		5.482		15.670		15.480923		37.160
6.266		3.0995		0.0000		873.850		5.485		15.665		15.497447		37.200
6.264		3.1029		0.0000		873.846		5.488		15.660		15.514659		37.240
6.264		3.1068		0.0000		873.843		5.492		15.660		15.533937		37.280
6.270		3.1105		0.0000		873.839		5.496		15.675		15.552526		37.320
6.276		3.1137		0.0000		873.836		5.499		15.690		15.568362		37.360
6.276		3.1170		0.0000		873.832		5.502		15.690		15.584885		37.400
6.272		3.1201		0.0000		873.829		5.506		15.680		15.600720		37.440
6.268		3.1233		0.0000		873.826		5.509		15.670		15.616556		37.480
6.266		3.1265		0.0000		873.823		5.512		15.665		15.632392		37.520
6.264		3.1296		0.0000		873.820		5.515		15.660		15.648228		37.560
6.260		3.1328		0.0000		873.817		5.518		15.650		15.664063		37.600
6.258		3.1361		0.0000		873.813		5.521		15.645		15.680589		37.640
6.258		3.1400		0.0000		873.809		5.525		15.645		15.699864		37.680
6.262		3.1438		0.0000		873.805		5.529		15.655		15.719143		37.720
6.270		3.1471		0.0000		873.802		5.533		15.675		15.735668		37.760
6.272		3.1503		0.0000		873.799		5.536		15.680		15.751504		37.800
6.268		3.1535		0.0000		873.796		5.539		15.670		15.767340		37.840
6.266		3.1568		0.0000		873.793		5.542		15.665		15.783862		37.880
6.264		3.1599		0.0000		873.789		5.545		15.660		15.799698		37.920
6.262		3.1631		0.0000		873.786		5.548		15.655		15.815534		37.960
6.258		3.1663		0.0000		873.783		5.552		15.645		15.831369		38.000
6.256		3.1694		0.0000		873.780		5.555		15.640		15.847205		38.040
6.254		3.1732		0.0000		873.776		5.559		15.635		15.865794		38.080
6.258		3.1770		0.0000		873.772		5.562		15.645		15.885073		38.120
6.266		3.1806		0.0000		873.769		5.566		15.665		15.902973		38.160
6.270		3.1838		0.0000		873.766		5.569		15.675		15.918809		38.200
6.268		3.1869		0.0000		873.762		5.572		15.670		15.934645		38.240
6.266		3.1901		0.0000		873.759		5.575		15.665		15.950479		38.280
6.262		3.1933		0.0000		873.756		5.579		15.655		15.966314		38.320
6.260		3.1964		0.0000		873.753		5.582		15.650		15.982150		38.360
6.258		3.1997		0.0000		873.750		5.585		15.645		15.998674		38.400
6.254		3.2028		0.0000		873.747		5.588		15.635		16.013821		38.440
6.252		3.2063		0.0000		873.743		5.592		15.630		16.031721		38.480
6.254		3.2102		0.0000		873.739		5.596		15.635		16.051001		38.521
6.260		3.2139		0.0000		873.735		5.599		15.650		16.069590		38.561
6.266		3.2171		0.0000		873.732		5.602		15.665		16.085426		38.601
6.266		3.2203		0.0000		873.729		5.606		15.665		16.101261		38.641
6.262		3.2236		0.0000		873.726		5.609		15.655		16.117785		38.681
6.260		3.2267		0.0000		873.723		5.612		15.650		16.133619		38.721
6.258		3.2299		0.0000		873.719		5.615		15.645		16.149456		38.761
6.254		3.2331		0.0000		873.716		5.618		15.635		16.165291		38.801
6.252		3.2364		0.0000		873.713		5.622		15.630		16.181816		38.841
6.250		3.2397		0.0000		873.710		5.625		15.625		16.198338		38.881
6.250		3.2434		0.0000		873.706		5.629		15.625		16.216928		38.921
6.254		3.2474		0.0000		873.702		5.633		15.635		16.236895		38.961
6.260		3.2505		0.0000		873.699		5.636		15.650		16.252731		39.001
6.260		3.2537		0.0000		873.696		5.639		15.650		16.268566		39.041
6.258		3.2570		0.0000		873.692		5.642		15.645		16.285089		39.081
6.254		3.2600		0.0000		873.689		5.645		15.635		16.300238		39.121
6.250		3.2634		0.0000		873.686		5.649		15.625		16.316761		39.161
6.248		3.2665		0.0000		873.683		5.652		15.620		16.332596		39.201
6.244		3.2697		0.0000		873.680		5.655		15.610		16.348433		39.241
6.242		3.2729		0.0000		873.677		5.658		15.605		16.364267		39.281
6.240		3.2766		0.0000		873.673		5.662		15.600		16.382858		39.321
6.242		3.2804		0.0000		873.669		5.666		15.605		16.402136		39.361
6.250		3.2840		0.0000		873.665		5.669		15.625		16.420036		39.401
6.252		3.2872		0.0000		873.662		5.673		15.630		16.435873		39.441
6.250		3.2903		0.0000		873.659		5.676		15.625		16.451708		39.481
6.246		3.2935		0.0000		873.656		5.679		15.615		16.467545		39.521
6.242		3.2967		0.0000		873.653		5.682		15.605		16.483377		39.561
6.240		3.2998		0.0000		873.649		5.685		15.600		16.499212		39.601
6.236		3.3031		0.0000		873.646		5.689		15.590		16.515738		39.641
6.234		3.3063		0.0000		873.643		5.692		15.585		16.531574		39.681
6.232		3.3099		0.0000		873.639		5.695		15.580		16.549475		39.721
6.232		3.3136		0.0000		873.636		5.699		15.580		16.568064		39.761
6.238		3.3173		0.0000		873.632		5.703		15.595		16.586653		39.801
6.244		3.3205		0.0000		873.629		5.706		15.610		16.602489		39.841
6.244		3.3238		0.0000		873.626		5.709		15.610		16.619013		39.881
6.240		3.3270		0.0000		873.622		5.712		15.600		16.634850		39.921
6.238		3.3301		0.0000		873.619		5.716		15.595		16.650682		39.961
6.236		3.3333		0.0000		873.616		5.719		15.590		16.666519		40.001
6.232		3.3365		0.0000		873.613		5.722		15.580		16.682354		40.041
6.230		3.3398		0.0000		873.610		5.725		15.575		16.698879		40.081
6.228		3.3431		0.0000		873.606		5.728		15.570		16.715405		40.121
6.228		3.3468		0.0000		873.603		5.732		15.570		16.733994		40.161
6.232		3.3507		0.0000		873.599		5.736		15.580		16.753269		40.201
6.238		3.3541		0.0000		873.595		5.739		15.595		16.770483		40.241
6.238		3.3571		0.0000		873.592		5.743		15.595		16.785629		40.281
6.234		3.3603		0.0000		873.589		5.746		15.585		16.801466		40.321
6.232		3.3636		0.0000		873.586		5.749		15.580		16.817987		40.361
6.228		3.3668		0.0000		873.583		5.752		15.570		16.833824		40.401
6.226		3.3699		0.0000		873.579		5.755		15.565		16.849659		40.441
6.222		3.3731		0.0000		873.576		5.758		15.555		16.865496		40.481
6.220		3.3764		0.0000		873.573		5.762		15.550		16.882021		40.521
6.218		3.3801		0.0000		873.569		5.765		15.545		16.900610		40.561
6.220		3.3838		0.0000		873.565		5.769		15.550		16.919199		40.601
6.224		3.3874		0.0000		873.562		5.773		15.560		16.937099		40.641
6.228		3.3906		0.0000		873.559		5.776		15.570		16.952936		40.681
6.226		3.3938		0.0000		873.556		5.779		15.565		16.968771		40.721
6.222		3.3969		0.0000		873.552		5.782		15.555		16.984608		40.761
6.218		3.4001		0.0000		873.549		5.785		15.545		17.000443		40.801
6.216		3.4034		0.0000		873.546		5.789		15.540		17.016966		40.841
6.214		3.4064		0.0000		873.543		5.792		15.535		17.032112		40.881
6.212		3.4097		0.0000		873.540		5.795		15.530		17.048637		40.921
6.210		3.4132		0.0000		873.536		5.799		15.525		17.065851		40.961
6.214		3.4170		0.0000		873.532		5.802		15.535		17.085127		41.001
6.220		3.4209		0.0000		873.528		5.806		15.550		17.104404		41.041
6.226		3.4239		0.0000		873.525		5.809		15.565		17.119553		41.081
6.226		3.4271		0.0000		873.522		5.812		15.565		17.135387		41.121
6.222		3.4302		0.0000		873.519		5.816		15.555		17.151224		41.161
6.220		3.4335		0.0000		873.516		5.819		15.550		17.167747		41.201
6.216		3.4367		0.0000		873.513		5.822		15.540		17.183584		41.241
6.214		3.4399		0.0000		873.509		5.825		15.535		17.199417		41.281
6.212		3.4431		0.0000		873.506		5.828		15.530		17.215254		41.321
6.210		3.4465		0.0000		873.503		5.832		15.525		17.232468		41.361
6.210		3.4502		0.0000		873.499		5.836		15.525		17.251057		41.401
6.216		3.4542		0.0000		873.495		5.840		15.540		17.271021		41.441
6.222		3.4574		0.0000		873.492		5.843		15.555		17.286858		41.481
6.224		3.4605		0.0000		873.489		5.846		15.560		17.302692		41.521
6.220		3.4638		0.0000		873.485		5.849		15.550		17.319218		41.561
6.218		3.4670		0.0000		873.482		5.852		15.545		17.335054		41.601
6.216		3.4700		0.0000		873.479		5.855		15.540		17.350201		41.641
6.214		3.4733		0.0000		873.476		5.859		15.535		17.366722		41.681
6.210		3.4765		0.0000		873.473		5.862		15.525		17.382559		41.721
6.208		3.4798		0.0000		873.470		5.865		15.520		17.399084		41.761
6.208		3.4834		0.0000		873.466		5.869		15.520		17.416985		41.801
6.210		3.4874		0.0000		873.462		5.873		15.525		17.436951		41.841
6.218		3.4908		0.0000		873.458		5.876		15.545		17.454163		41.881
6.220		3.4940		0.0000		873.455		5.879		15.550		17.469999		41.921
6.218		3.4972		0.0000		873.452		5.883		15.545		17.485834		41.961
6.214		3.5003		0.0000		873.449		5.886		15.535		17.501671		42.001
6.212		3.5036		0.0000		873.446		5.889		15.530		17.518194		42.041
6.208		3.5067		0.0000		873.443		5.892		15.520		17.533342		42.081
6.206		3.5098		0.0000		873.440		5.895		15.515		17.549177		42.121
6.202		3.5131		0.0000		873.436		5.899		15.505		17.565701		42.161
6.200		3.5167		0.0000		873.433		5.902		15.500		17.583601		42.201
6.202		3.5206		0.0000		873.429		5.906		15.505		17.602879		42.241
6.206		3.5242		0.0000		873.425		5.910		15.515		17.620779		42.281
6.212		3.5275		0.0000		873.422		5.913		15.530		17.637304		42.321
6.210		3.5306		0.0000		873.419		5.916		15.525		17.653139		42.361
6.206		3.5337		0.0000		873.416		5.919		15.515		17.668287		42.401
6.204		3.5370		0.0000		873.412		5.922		15.510		17.684811		42.441
6.200		3.5401		0.0000		873.409		5.926		15.500		17.700647		42.481
6.198		3.5433		0.0000		873.406		5.929		15.495		17.716482		42.521
6.194		3.5465		0.0000		873.403		5.932		15.485		17.732317		42.561
6.192		3.5499		0.0000		873.399		5.935		15.480		17.749531		42.601
6.192		3.5538		0.0000		873.396		5.939		15.480		17.768808		42.641
6.194		3.5576		0.0000		873.392		5.943		15.485		17.788084		42.681
6.200		3.5608		0.0000		873.389		5.946		15.500		17.803921		42.721
6.200		3.5640		0.0000		873.385		5.949		15.500		17.819756		42.761
6.194		3.5671		0.0000		873.382		5.952		15.485		17.835592		42.801
6.190		3.5704		0.0000		873.379		5.956		15.475		17.852118		42.841
6.186		3.5736		0.0000		873.376		5.959		15.465		17.867952		42.881
6.184		3.5768		0.0000		873.373		5.962		15.460		17.883789		42.921
6.180		3.5799		0.0000		873.369		5.965		15.450		17.899622		42.961
6.178		3.5831		0.0000		873.366		5.968		15.445		17.915457		43.001
6.176		3.5869		0.0000		873.362		5.972		15.440		17.934736		43.041
6.178		3.5908		0.0000		873.359		5.976		15.445		17.954014		43.081
6.184		3.5942		0.0000		873.355		5.980		15.460		17.971226		43.121
6.186		3.5974		0.0000		873.352		5.983		15.465		17.987062		43.161
6.184		3.6004		0.0000		873.349		5.986		15.460		18.002209		43.201
6.180		3.6037		0.0000		873.346		5.989		15.450		18.018734		43.241
6.176		3.6069		0.0000		873.342		5.992		15.440		18.034569		43.281
6.172		3.6102		0.0000		873.339		5.996		15.430		18.051094		43.321
6.170		3.6134		0.0000		873.336		5.999		15.425		18.066927		43.361
6.166		3.6166		0.0000		873.333		6.002		15.415		18.082764		43.401
6.164		3.6201		0.0000		873.329		6.006		15.410		18.100666		43.441
6.166		3.6240		0.0000		873.325		6.009		15.415		18.119942		43.481
6.172		3.6277		0.0000		873.322		6.013		15.430		18.138531		43.521
6.178		3.6307		0.0000		873.319		6.016		15.445		18.153679		43.561
6.176		3.6339		0.0000		873.315		6.019		15.440		18.169514		43.601
6.172		3.6372		0.0000		873.312		6.023		15.430		18.186039		43.641
6.168		3.6404		0.0000		873.309		6.026		15.420		18.201874		43.681
6.166		3.6435		0.0000		873.306		6.029		15.415		18.217710		43.721
6.162		3.6467		0.0000		873.303		6.032		15.405		18.233545		43.761
6.160		3.6499		0.0000		873.299		6.035		15.400		18.249382		43.801
6.156		3.6535		0.0000		873.296		6.039		15.390		18.267282		43.841
6.156		3.6572		0.0000		873.292		6.043		15.390		18.285872		43.881
6.160		3.6609		0.0000		873.288		6.046		15.400		18.304461		43.921
6.164		3.6642		0.0000		873.285		6.050		15.410		18.320984		43.961
6.164		3.6674		0.0000		873.282		6.053		15.410		18.336819		44.001
6.162		3.6705		0.0000		873.279		6.056		15.405		18.352655		44.041
6.158		3.6738		0.0000		873.276		6.059		15.395		18.369181		44.081
6.156		3.6770		0.0000		873.272		6.062		15.390		18.385015		44.121
6.152		3.6802		0.0000		873.269		6.066		15.380		18.400852		44.161
6.150		3.6833		0.0000		873.266		6.069		15.375		18.416687		44.201
6.146		3.6866		0.0000		873.263		6.072		15.365		18.433210		44.241
6.144		3.6904		0.0000		873.259		6.076		15.360		18.451799		44.281
6.148		3.6942		0.0000		873.255		6.080		15.370		18.471077		44.321
6.154		3.6977		0.0000		873.252		6.083		15.385		18.488291		44.361
6.154		3.7007		0.0000		873.249		6.086		15.385		18.503439		44.401
6.152		3.7040		0.0000		873.245		6.089		15.380		18.519960		44.441
6.146		3.7072		0.0000		873.242		6.093		15.365		18.535797		44.481
6.144		3.7103		0.0000		873.239		6.096		15.360		18.551632		44.521
6.142		3.7135		0.0000		873.236		6.099		15.355		18.567469		44.561
6.140		3.7167		0.0000		873.233		6.102		15.350		18.583303		44.601
6.136		3.7200		0.0000		873.229		6.105		15.340		18.599829		44.641
6.134		3.7235		0.0000		873.226		6.109		15.335		18.617729		44.681
6.136		3.7274		0.0000		873.222		6.113		15.340		18.637007		44.721
6.142		3.7310		0.0000		873.218		6.116		15.355		18.654907		44.761
6.146		3.7341		0.0000		873.215		6.120		15.365		18.670744		44.801
6.146		3.7373		0.0000		873.212		6.123		15.365		18.686579		44.841
6.142		3.7406		0.0000		873.209		6.126		15.355		18.703102		44.881
6.140		3.7438		0.0000		873.206		6.129		15.350		18.718937		44.921
6.136		3.7470		0.0000		873.202		6.132		15.340		18.734774		44.961
6.134		3.7500		0.0000		873.199		6.135		15.335		18.749920		45.001
6.132		3.7533		0.0000		873.196		6.139		15.330		18.766445		45.041
6.130		3.7567		0.0000		873.193		6.142		15.325		18.783657		45.081
6.130		3.7606		0.0000		873.189		6.146		15.325		18.802935		45.121
6.136		3.7644		0.0000		873.185		6.150		15.340		18.822214		45.161
6.142		3.7675		0.0000		873.182		6.153		15.355		18.837360		45.201
6.142		3.7708		0.0000		873.179		6.156		15.355		18.853886		45.241
6.138		3.7739		0.0000		873.175		6.159		15.345		18.869719		45.281
6.134		3.7772		0.0000		873.172		6.163		15.335		18.886244		45.321
6.132		3.7804		0.0000		873.169		6.166		15.330		18.902079		45.361
6.128		3.7836		0.0000		873.166		6.169		15.320		18.917915		45.401
6.124		3.7868		0.0000		873.163		6.172		15.310		18.933750		45.441
6.120		3.7901		0.0000		873.159		6.175		15.300		18.950274		45.481
6.120		3.7939		0.0000		873.155		6.179		15.300		18.969551		45.521
6.122		3.7976		0.0000		873.152		6.183		15.305		18.988140		45.561
6.128		3.8009		0.0000		873.148		6.186		15.320		19.004665		45.601
6.130		3.8042		0.0000		873.145		6.190		15.325		19.021191		45.641
6.126		3.8074		0.0000		873.142		6.193		15.315		19.037024		45.681
6.122		3.8106		0.0000		873.139		6.196		15.305		19.052860		45.721
6.120		3.8137		0.0000		873.136		6.199		15.300		19.068695		45.761
6.118		3.8169		0.0000		873.132		6.202		15.295		19.084532		45.801
6.114		3.8201		0.0000		873.129		6.205		15.285		19.100367		45.841
6.110		3.8234		0.0000		873.126		6.209		15.275		19.116892		45.881
6.108		3.8271		0.0000		873.122		6.212		15.270		19.135481		45.921
6.110		3.8310		0.0000		873.118		6.216		15.275		19.154757		45.961
6.116		3.8344		0.0000		873.115		6.220		15.290		19.171970		46.001
6.118		3.8376		0.0000		873.112		6.223		15.295		19.187807		46.041
6.116		3.8407		0.0000		873.109		6.226		15.290		19.203642		46.081
6.110		3.8440		0.0000		873.105		6.229		15.275		19.220165		46.121
6.106		3.8472		0.0000		873.102		6.233		15.265		19.236000		46.161
6.102		3.8502		0.0000		873.099		6.236		15.255		19.251148		46.201
