数据量:1023
试验力		变形		扩展变形		位置		位移		应力		应变		时间
0.010		0.0019		0.0000		876.888		2.556		0.025		0.009639		0.040
0.010		0.0052		0.0000		876.884		2.559		0.025		0.026163		0.080
0.012		0.0084		0.0000		876.881		2.563		0.030		0.041999		0.120
0.012		0.0118		0.0000		876.878		2.566		0.030		0.059211		0.160
0.014		0.0153		0.0000		876.874		2.569		0.035		0.076424		0.200
0.014		0.0190		0.0000		876.871		2.573		0.035		0.095013		0.240
0.016		0.0224		0.0000		876.867		2.577		0.040		0.112226		0.280
0.018		0.0257		0.0000		876.864		2.580		0.045		0.128750		0.320
0.018		0.0289		0.0000		876.861		2.583		0.045		0.144585		0.360
0.020		0.0322		0.0000		876.857		2.586		0.050		0.161109		0.400
0.022		0.0354		0.0000		876.854		2.590		0.055		0.176945		0.440
0.024		0.0387		0.0000		876.851		2.593		0.060		0.193468		0.480
0.028		0.0417		0.0000		876.848		2.596		0.070		0.208615		0.520
0.030		0.0450		0.0000		876.845		2.599		0.075		0.225140		0.560
0.034		0.0486		0.0000		876.841		2.603		0.085		0.243040		0.600
0.036		0.0522		0.0000		876.837		2.606		0.090		0.260942		0.640
0.042		0.0559		0.0000		876.834		2.610		0.105		0.279531		0.680
0.046		0.0589		0.0000		876.831		2.613		0.115		0.294678		0.720
0.050		0.0622		0.0000		876.827		2.616		0.125		0.311202		0.760
0.056		0.0655		0.0000		876.824		2.620		0.140		0.327727		0.800
0.060		0.0689		0.0000		876.821		2.623		0.150		0.344250		0.840
0.066		0.0720		0.0000		876.818		2.626		0.165		0.360086		0.880
0.072		0.0752		0.0000		876.814		2.629		0.180		0.375921		0.920
0.078		0.0785		0.0000		876.811		2.633		0.195		0.392445		0.960
0.084		0.0818		0.0000		876.808		2.636		0.210		0.408969		1.000
0.090		0.0855		0.0000		876.804		2.640		0.225		0.427558		1.040
0.098		0.0891		0.0000		876.800		2.643		0.245		0.445460		1.080
0.106		0.0924		0.0000		876.797		2.647		0.265		0.461984		1.120
0.114		0.0957		0.0000		876.794		2.650		0.285		0.478507		1.160
0.122		0.0989		0.0000		876.791		2.653		0.305		0.494343		1.200
0.130		0.1022		0.0000		876.787		2.656		0.325		0.510867		1.240
0.140		0.1055		0.0000		876.784		2.660		0.350		0.527391		1.280
0.148		0.1085		0.0000		876.781		2.663		0.370		0.542538		1.320
0.158		0.1118		0.0000		876.778		2.666		0.395		0.559062		1.360
0.166		0.1151		0.0000		876.774		2.669		0.415		0.575587		1.400
0.176		0.1188		0.0000		876.771		2.673		0.440		0.594176		1.440
0.188		0.1224		0.0000		876.767		2.677		0.470		0.612077		1.480
0.200		0.1259		0.0000		876.764		2.680		0.500		0.629289		1.520
0.212		0.1290		0.0000		876.761		2.683		0.530		0.645125		1.560
0.224		0.1323		0.0000		876.757		2.687		0.560		0.661649		1.600
0.236		0.1355		0.0000		876.754		2.690		0.590		0.677484		1.640
0.246		0.1388		0.0000		876.751		2.693		0.615		0.694008		1.680
0.258		0.1420		0.0000		876.748		2.696		0.645		0.709844		1.720
0.270		0.1453		0.0000		876.744		2.699		0.675		0.726367		1.760
0.282		0.1486		0.0000		876.741		2.703		0.705		0.742892		1.800
0.294		0.1520		0.0000		876.738		2.706		0.735		0.760103		1.840
0.306		0.1556		0.0000		876.734		2.710		0.765		0.778005		1.880
0.318		0.1590		0.0000		876.731		2.713		0.795		0.795218		1.920
0.332		0.1625		0.0000		876.727		2.717		0.830		0.812430		1.960
0.344		0.1657		0.0000		876.724		2.720		0.860		0.828265		2.000
0.356		0.1690		0.0000		876.721		2.723		0.890		0.844790		2.040
0.366		0.1721		0.0000		876.717		2.726		0.915		0.860626		2.080
0.378		0.1754		0.0000		876.714		2.730		0.945		0.877149		2.120
0.392		0.1786		0.0000		876.711		2.733		0.980		0.892985		2.160
0.408		0.1819		0.0000		876.708		2.736		1.020		0.909508		2.200
0.424		0.1853		0.0000		876.704		2.740		1.060		0.926721		2.240
0.442		0.1889		0.0000		876.701		2.743		1.105		0.944622		2.280
0.458		0.1926		0.0000		876.697		2.747		1.145		0.963211		2.320
0.478		0.1959		0.0000		876.694		2.750		1.195		0.979736		2.360
0.496		0.1991		0.0000		876.690		2.753		1.240		0.995572		2.400
0.512		0.2023		0.0000		876.687		2.756		1.280		1.011406		2.440
0.526		0.2056		0.0000		876.684		2.760		1.315		1.027931		2.480
0.544		0.2088		0.0000		876.681		2.763		1.360		1.043766		2.520
0.560		0.2121		0.0000		876.678		2.766		1.400		1.060290		2.560
0.576		0.2152		0.0000		876.674		2.769		1.440		1.076126		2.600
0.594		0.2185		0.0000		876.671		2.773		1.485		1.092650		2.640
0.612		0.2221		0.0000		876.667		2.776		1.530		1.110550		2.680
0.628		0.2258		0.0000		876.664		2.780		1.570		1.129140		2.720
0.644		0.2293		0.0000		876.660		2.783		1.610		1.146352		2.760
0.660		0.2324		0.0000		876.657		2.787		1.650		1.162188		2.800
0.672		0.2357		0.0000		876.654		2.790		1.680		1.178712		2.840
0.686		0.2389		0.0000		876.651		2.793		1.715		1.194547		2.880
0.702		0.2422		0.0000		876.647		2.796		1.755		1.211071		2.920
0.718		0.2454		0.0000		876.644		2.800		1.795		1.226907		2.960
0.736		0.2487		0.0000		876.641		2.803		1.840		1.243432		3.000
0.752		0.2520		0.0000		876.638		2.806		1.880		1.259955		3.040
0.770		0.2554		0.0000		876.634		2.810		1.925		1.277168		3.080
0.788		0.2590		0.0000		876.631		2.813		1.970		1.295068		3.120
0.808		0.2627		0.0000		876.627		2.817		2.020		1.313658		3.160
0.830		0.2659		0.0000		876.624		2.820		2.075		1.329494		3.200
0.850		0.2691		0.0000		876.621		2.823		2.125		1.345329		3.240
0.866		0.2724		0.0000		876.617		2.827		2.165		1.361853		3.280
0.886		0.2755		0.0000		876.614		2.830		2.215		1.377689		3.320
0.904		0.2788		0.0000		876.611		2.833		2.260		1.394212		3.360
0.922		0.2820		0.0000		876.608		2.836		2.305		1.410048		3.400
0.942		0.2853		0.0000		876.604		2.840		2.355		1.426572		3.440
0.960		0.2888		0.0000		876.601		2.843		2.400		1.443784		3.480
0.980		0.2923		0.0000		876.597		2.847		2.450		1.461686		3.520
1.002		0.2959		0.0000		876.594		2.850		2.505		1.479586		3.560
1.024		0.2992		0.0000		876.590		2.853		2.560		1.496110		3.600
1.046		0.3025		0.0000		876.587		2.857		2.615		1.512635		3.640
1.068		0.3057		0.0000		876.584		2.860		2.670		1.528471		3.680
1.088		0.3090		0.0000		876.581		2.863		2.720		1.544994		3.720
1.110		0.3122		0.0000		876.577		2.866		2.775		1.560830		3.760
1.130		0.3153		0.0000		876.574		2.870		2.825		1.576664		3.800
1.152		0.3186		0.0000		876.571		2.873		2.880		1.593189		3.840
1.174		0.3219		0.0000		876.568		2.876		2.935		1.609713		3.880
1.196		0.3255		0.0000		876.564		2.880		2.990		1.627614		3.920
1.220		0.3292		0.0000		876.560		2.883		3.050		1.646204		3.960
1.246		0.3327		0.0000		876.557		2.887		3.115		1.663415		4.000
1.274		0.3359		0.0000		876.554		2.890		3.185		1.679251		4.040
1.300		0.3392		0.0000		876.550		2.893		3.250		1.695776		4.080
1.324		0.3423		0.0000		876.547		2.897		3.310		1.711611		4.120
1.350		0.3456		0.0000		876.544		2.900		3.375		1.728135		4.160
1.374		0.3488		0.0000		876.541		2.903		3.435		1.743971		4.200
1.400		0.3520		0.0000		876.538		2.906		3.500		1.759806		4.240
1.426		0.3553		0.0000		876.534		2.909		3.565		1.776330		4.280
1.452		0.3588		0.0000		876.531		2.913		3.630		1.794231		4.320
1.478		0.3626		0.0000		876.527		2.917		3.695		1.812820		4.360
1.508		0.3660		0.0000		876.524		2.920		3.770		1.830033		4.400
1.538		0.3693		0.0000		876.520		2.924		3.845		1.846557		4.440
1.566		0.3725		0.0000		876.517		2.927		3.915		1.862392		4.480
1.592		0.3758		0.0000		876.514		2.930		3.980		1.878916		4.520
1.618		0.3790		0.0000		876.511		2.933		4.045		1.894752		4.560
1.644		0.3823		0.0000		876.507		2.936		4.110		1.911277		4.600
1.670		0.3854		0.0000		876.504		2.940		4.175		1.927111		4.640
1.696		0.3886		0.0000		876.501		2.943		4.240		1.942947		4.680
1.722		0.3920		0.0000		876.498		2.946		4.305		1.960160		4.720
1.750		0.3957		0.0000		876.494		2.950		4.375		1.978749		4.760
1.778		0.3995		0.0000		876.490		2.954		4.445		1.997339		4.800
1.810		0.4028		0.0000		876.487		2.957		4.525		2.013862		4.840
1.840		0.4059		0.0000		876.484		2.960		4.600		2.029698		4.880
1.868		0.4091		0.0000		876.480		2.963		4.670		2.045534		4.920
1.894		0.4124		0.0000		876.477		2.967		4.735		2.062057		4.960
1.920		0.4156		0.0000		876.474		2.970		4.800		2.077893		5.000
1.948		0.4189		0.0000		876.471		2.973		4.870		2.094417		5.040
1.976		0.4221		0.0000		876.468		2.976		4.940		2.110252		5.080
2.002		0.4254		0.0000		876.464		2.980		5.005		2.126776		5.120
2.030		0.4289		0.0000		876.461		2.983		5.075		2.144678		5.160
2.058		0.4327		0.0000		876.457		2.987		5.145		2.163267		5.200
2.090		0.4361		0.0000		876.453		2.990		5.225		2.180480		5.240
2.122		0.4393		0.0000		876.450		2.993		5.305		2.196316		5.280
2.152		0.4426		0.0000		876.447		2.997		5.380		2.212839		5.320
2.180		0.4457		0.0000		876.444		3.000		5.450		2.228675		5.360
2.206		0.4490		0.0000		876.441		3.003		5.515		2.245198		5.400
2.234		0.4522		0.0000		876.437		3.006		5.585		2.261034		5.440
2.262		0.4554		0.0000		876.434		3.010		5.655		2.276870		5.480
2.288		0.4587		0.0000		876.431		3.013		5.720		2.293394		5.520
2.316		0.4623		0.0000		876.427		3.016		5.790		2.311294		5.560
2.346		0.4660		0.0000		876.424		3.020		5.865		2.329884		5.600
2.376		0.4696		0.0000		876.420		3.024		5.940		2.347785		5.640
2.410		0.4727		0.0000		876.417		3.027		6.025		2.363621		5.680
2.440		0.4759		0.0000		876.414		3.030		6.100		2.379456		5.720
2.468		0.4791		0.0000		876.411		3.033		6.170		2.395291		5.760
2.494		0.4824		0.0000		876.407		3.037		6.235		2.411816		5.800
2.524		0.4857		0.0000		876.404		3.040		6.310		2.428340		5.840
2.552		0.4888		0.0000		876.401		3.043		6.380		2.444175		5.880
2.580		0.4920		0.0000		876.398		3.046		6.450		2.460010		5.920
2.608		0.4954		0.0000		876.394		3.050		6.520		2.477223		5.960
2.638		0.4992		0.0000		876.390		3.053		6.595		2.495812		6.000
2.670		0.5029		0.0000		876.387		3.057		6.675		2.514402		6.040
2.704		0.5062		0.0000		876.383		3.060		6.760		2.530926		6.080
2.734		0.5094		0.0000		876.380		3.064		6.835		2.546761		6.120
2.762		0.5125		0.0000		876.377		3.067		6.905		2.562597		6.160
2.790		0.5158		0.0000		876.374		3.070		6.975		2.579122		6.200
2.818		0.5190		0.0000		876.371		3.073		7.045		2.594956		6.240
2.846		0.5222		0.0000		876.367		3.076		7.115		2.610792		6.280
2.874		0.5255		0.0000		876.364		3.080		7.185		2.627316		6.320
2.904		0.5288		0.0000		876.361		3.083		7.260		2.643840		6.360
2.932		0.5325		0.0000		876.357		3.087		7.330		2.662430		6.400
2.962		0.5362		0.0000		876.353		3.090		7.405		2.681019		6.440
2.996		0.5395		0.0000		876.350		3.094		7.490		2.697543		6.480
3.030		0.5427		0.0000		876.347		3.097		7.575		2.713379		6.520
3.058		0.5458		0.0000		876.344		3.100		7.645		2.729214		6.560
3.086		0.5491		0.0000		876.340		3.103		7.715		2.745738		6.600
3.114		0.5525		0.0000		876.337		3.107		7.785		2.762262		6.640
3.140		0.5556		0.0000		876.334		3.110		7.850		2.778097		6.680
3.168		0.5588		0.0000		876.331		3.113		7.920		2.793933		6.720
3.196		0.5621		0.0000		876.328		3.116		7.990		2.810457		6.760
3.224		0.5657		0.0000		876.324		3.120		8.060		2.828358		6.800
3.254		0.5694		0.0000		876.320		3.124		8.135		2.846948		6.840
3.286		0.5728		0.0000		876.317		3.127		8.215		2.864161		6.880
3.318		0.5761		0.0000		876.313		3.130		8.295		2.880684		6.920
3.348		0.5793		0.0000		876.310		3.134		8.370		2.896520		6.960
3.376		0.5826		0.0000		876.307		3.137		8.440		2.913043		7.000
3.404		0.5858		0.0000		876.304		3.140		8.510		2.928879		7.040
3.432		0.5889		0.0000		876.301		3.143		8.580		2.944715		7.080
3.458		0.5922		0.0000		876.297		3.146		8.645		2.961239		7.120
3.486		0.5956		0.0000		876.294		3.150		8.715		2.977762		7.160
3.512		0.5989		0.0000		876.291		3.153		8.780		2.994287		7.200
3.540		0.6026		0.0000		876.287		3.157		8.850		3.012877		7.240
3.570		0.6063		0.0000		876.283		3.160		8.925		3.031466		7.280
3.604		0.6096		0.0000		876.280		3.164		9.010		3.047990		7.320
3.636		0.6128		0.0000		876.277		3.167		9.090		3.063825		7.360
3.662		0.6159		0.0000		876.274		3.170		9.155		3.079660		7.400
3.688		0.6192		0.0000		876.270		3.173		9.220		3.096185		7.440
3.714		0.6224		0.0000		876.267		3.177		9.285		3.112020		7.480
3.740		0.6256		0.0000		876.264		3.180		9.350		3.127855		7.520
3.768		0.6289		0.0000		876.261		3.183		9.420		3.144380		7.560
3.792		0.6322		0.0000		876.257		3.186		9.480		3.160903		7.600
3.818		0.6358		0.0000		876.254		3.190		9.545		3.178805		7.640
3.848		0.6396		0.0000		876.250		3.194		9.620		3.198082		7.680
3.878		0.6431		0.0000		876.247		3.197		9.695		3.215295		7.720
3.908		0.6461		0.0000		876.244		3.200		9.770		3.230442		7.760
3.934		0.6494		0.0000		876.240		3.204		9.835		3.246967		7.800
3.960		0.6526		0.0000		876.237		3.207		9.900		3.262801		7.840
3.984		0.6559		0.0000		876.234		3.210		9.960		3.279326		7.880
4.008		0.6590		0.0000		876.231		3.213		10.020		3.295161		7.920
4.032		0.6622		0.0000		876.227		3.216		10.080		3.310996		7.960
4.056		0.6654		0.0000		876.224		3.220		10.140		3.326832		8.000
4.080		0.6691		0.0000		876.221		3.223		10.200		3.345422		8.040
4.106		0.6728		0.0000		876.217		3.227		10.265		3.364011		8.080
4.134		0.6764		0.0000		876.213		3.231		10.335		3.381912		8.120
4.164		0.6795		0.0000		876.210		3.234		10.410		3.397747		8.160
4.190		0.6827		0.0000		876.207		3.237		10.475		3.413583		8.200
4.212		0.6859		0.0000		876.204		3.240		10.530		3.429419		8.240
4.232		0.6892		0.0000		876.200		3.243		10.580		3.445942		8.280
4.254		0.6924		0.0000		876.197		3.247		10.635		3.461778		8.320
4.278		0.6955		0.0000		876.194		3.250		10.695		3.477614		8.360
4.298		0.6988		0.0000		876.191		3.253		10.745		3.494138		8.400
4.320		0.7023		0.0000		876.187		3.256		10.800		3.511350		8.440
4.344		0.7060		0.0000		876.184		3.260		10.860		3.529940		8.480
4.368		0.7097		0.0000		876.180		3.264		10.920		3.548529		8.520
4.396		0.7130		0.0000		876.177		3.267		10.990		3.565053		8.560
4.422		0.7162		0.0000		876.173		3.270		11.055		3.580889		8.600
4.442		0.7193		0.0000		876.170		3.274		11.105		3.596724		8.640
4.460		0.7225		0.0000		876.167		3.277		11.150		3.612560		8.680
4.480		0.7258		0.0000		876.164		3.280		11.200		3.629084		8.720
4.498		0.7290		0.0000		876.161		3.283		11.245		3.644919		8.760
4.518		0.7322		0.0000		876.157		3.286		11.295		3.660754		8.800
4.536		0.7355		0.0000		876.154		3.290		11.340		3.677279		8.840
4.556		0.7392		0.0000		876.150		3.293		11.390		3.695868		8.880
4.576		0.7430		0.0000		876.147		3.297		11.440		3.715146		8.920
4.602		0.7465		0.0000		876.143		3.301		11.505		3.732358		8.960
4.626		0.7495		0.0000		876.140		3.304		11.565		3.747505		9.000
4.644		0.7527		0.0000		876.137		3.307		11.610		3.763341		9.040
4.660		0.7560		0.0000		876.134		3.310		11.650		3.779866		9.080
4.678		0.7591		0.0000		876.130		3.313		11.695		3.795700		9.120
4.694		0.7624		0.0000		876.127		3.317		11.735		3.812225		9.160
4.712		0.7656		0.0000		876.124		3.320		11.780		3.828061		9.200
4.728		0.7688		0.0000		876.121		3.323		11.820		3.843895		9.240
4.744		0.7725		0.0000		876.117		3.327		11.860		3.862485		9.280
4.762		0.7764		0.0000		876.113		3.331		11.905		3.881763		9.320
4.784		0.7798		0.0000		876.110		3.334		11.960		3.898976		9.360
4.806		0.7830		0.0000		876.107		3.337		12.015		3.914812		9.400
4.822		0.7861		0.0000		876.103		3.340		12.055		3.930646		9.440
4.836		0.7893		0.0000		876.100		3.343		12.090		3.946482		9.480
4.852		0.7927		0.0000		876.097		3.347		12.130		3.963695		9.520
4.866		0.7958		0.0000		876.094		3.350		12.165		3.978841		9.560
4.880		0.7989		0.0000		876.091		3.353		12.200		3.994677		9.600
4.892		0.8021		0.0000		876.087		3.356		12.230		4.010513		9.640
4.906		0.8057		0.0000		876.084		3.360		12.265		4.028413		9.680
4.920		0.8095		0.0000		876.080		3.364		12.300		4.047692		9.720
4.940		0.8131		0.0000		876.076		3.367		12.350		4.065592		9.760
4.960		0.8164		0.0000		876.073		3.371		12.400		4.082117		9.800
4.976		0.8195		0.0000		876.070		3.374		12.440		4.097264		9.840
4.988		0.8228		0.0000		876.067		3.377		12.470		4.113788		9.880
5.000		0.8261		0.0000		876.064		3.380		12.500		4.130311		9.920
5.012		0.8292		0.0000		876.060		3.383		12.530		4.146147		9.960
5.024		0.8324		0.0000		876.057		3.387		12.560		4.161983		10.000
5.036		0.8356		0.0000		876.054		3.390		12.590		4.177818		10.040
5.046		0.8389		0.0000		876.051		3.393		12.615		4.194342		10.080
5.058		0.8427		0.0000		876.047		3.397		12.645		4.213620		10.120
5.074		0.8464		0.0000		876.043		3.401		12.685		4.232210		10.160
5.090		0.8497		0.0000		876.040		3.404		12.725		4.248734		10.200
5.106		0.8529		0.0000		876.037		3.407		12.765		4.264569		10.240
5.118		0.8561		0.0000		876.034		3.410		12.795		4.280405		10.280
5.128		0.8594		0.0000		876.030		3.414		12.820		4.296928		10.320
5.136		0.8626		0.0000		876.027		3.417		12.840		4.312764		10.360
5.146		0.8657		0.0000		876.024		3.420		12.865		4.328599		10.400
5.156		0.8689		0.0000		876.021		3.423		12.890		4.344435		10.440
5.164		0.8722		0.0000		876.017		3.426		12.910		4.360960		10.480
5.174		0.8759		0.0000		876.014		3.430		12.935		4.379549		10.520
5.186		0.8798		0.0000		876.010		3.434		12.965		4.398827		10.560
5.202		0.8832		0.0000		876.006		3.437		13.005		4.416039		10.600
5.218		0.8864		0.0000		876.003		3.441		13.045		4.431875		10.640
5.228		0.8895		0.0000		876.000		3.444		13.070		4.447711		10.680
5.236		0.8927		0.0000		875.997		3.447		13.090		4.463545		10.720
5.244		0.8960		0.0000		875.994		3.450		13.110		4.480070		10.760
5.252		0.8992		0.0000		875.990		3.453		13.130		4.495904		10.800
5.262		0.9023		0.0000		875.987		3.457		13.155		4.511740		10.840
5.270		0.9057		0.0000		875.984		3.460		13.175		4.528265		10.880
5.278		0.9091		0.0000		875.980		3.463		13.195		4.545478		10.920
5.286		0.9130		0.0000		875.977		3.467		13.215		4.564755		10.960
5.300		0.9165		0.0000		875.973		3.471		13.250		4.582657		11.000
5.314		0.9197		0.0000		875.970		3.474		13.285		4.598491		11.040
5.326		0.9230		0.0000		875.967		3.477		13.315		4.615016		11.080
5.332		0.9262		0.0000		875.963		3.480		13.330		4.630851		11.120
5.340		0.9295		0.0000		875.960		3.484		13.350		4.647375		11.160
5.346		0.9326		0.0000		875.957		3.487		13.365		4.663211		11.200
5.352		0.9358		0.0000		875.954		3.490		13.380		4.679046		11.240
5.358		0.9390		0.0000		875.951		3.493		13.395		4.694881		11.280
5.364		0.9423		0.0000		875.947		3.496		13.410		4.711405		11.320
5.370		0.9461		0.0000		875.943		3.500		13.425		4.730683		11.360
5.380		0.9500		0.0000		875.940		3.504		13.450		4.749962		11.400
5.394		0.9533		0.0000		875.936		3.507		13.485		4.766486		11.440
5.406		0.9563		0.0000		875.933		3.511		13.515		4.781632		11.480
5.412		0.9595		0.0000		875.930		3.514		13.530		4.797468		11.520
5.416		0.9628		0.0000		875.927		3.517		13.540		4.813992		11.560
5.420		0.9660		0.0000		875.924		3.520		13.550		4.829827		11.600
5.426		0.9691		0.0000		875.920		3.523		13.565		4.845663		11.640
5.432		0.9723		0.0000		875.917		3.526		13.580		4.861499		11.680
5.436		0.9756		0.0000		875.914		3.530		13.590		4.878023		11.720
5.442		0.9793		0.0000		875.910		3.534		13.605		4.896612		11.760
5.450		0.9830		0.0000		875.907		3.537		13.625		4.915202		11.800
5.460		0.9868		0.0000		875.903		3.541		13.650		4.933791		11.840
5.472		0.9898		0.0000		875.900		3.544		13.680		4.948938		11.880
5.480		0.9930		0.0000		875.897		3.547		13.700		4.964774		11.920
5.484		0.9963		0.0000		875.893		3.550		13.710		4.981297		11.960
5.488		0.9994		0.0000		875.890		3.554		13.720		4.997133		12.000
5.492		1.0026		0.0000		875.887		3.557		13.730		5.012969		12.040
5.496		1.0058		0.0000		875.884		3.560		13.740		5.028805		12.080
5.498		1.0089		0.0000		875.881		3.563		13.745		5.044639		12.120
5.502		1.0125		0.0000		875.877		3.567		13.755		5.062541		12.160
5.508		1.0164		0.0000		875.873		3.571		13.770		5.081818		12.200
5.518		1.0201		0.0000		875.870		3.574		13.795		5.100408		12.240
5.530		1.0232		0.0000		875.866		3.577		13.825		5.116243		12.280
5.538		1.0263		0.0000		875.863		3.580		13.845		5.131390		12.320
5.540		1.0296		0.0000		875.860		3.584		13.850		5.147915		12.360
5.542		1.0329		0.0000		875.857		3.587		13.855		5.164438		12.400
5.546		1.0361		0.0000		875.854		3.590		13.865		5.180274		12.440
5.550		1.0392		0.0000		875.850		3.593		13.875		5.196110		12.480
5.554		1.0424		0.0000		875.847		3.597		13.885		5.211945		12.520
5.556		1.0458		0.0000		875.844		3.600		13.890		5.229157		12.560
5.560		1.0495		0.0000		875.840		3.604		13.900		5.247746		12.600
5.568		1.0534		0.0000		875.836		3.608		13.920		5.267025		12.640
5.578		1.0567		0.0000		875.833		3.611		13.945		5.283549		12.680
5.588		1.0597		0.0000		875.830		3.614		13.970		5.298696		12.720
5.592		1.0629		0.0000		875.827		3.617		13.980		5.314531		12.760
5.594		1.0662		0.0000		875.823		3.620		13.985		5.331056		12.800
5.598		1.0695		0.0000		875.820		3.624		13.995		5.347580		12.840
5.602		1.0725		0.0000		875.817		3.627		14.005		5.362726		12.880
5.604		1.0757		0.0000		875.814		3.630		14.010		5.378562		12.920
5.608		1.0790		0.0000		875.811		3.633		14.020		5.395086		12.960
5.610		1.0827		0.0000		875.807		3.637		14.025		5.413675		13.000
5.616		1.0866		0.0000		875.803		3.641		14.040		5.432954		13.040
5.626		1.0902		0.0000		875.799		3.644		14.065		5.450854		13.080
5.636		1.0931		0.0000		875.797		3.647		14.090		5.465313		13.120
5.640		1.0964		0.0000		875.793		3.651		14.100		5.481837		13.160
5.640		1.0995		0.0000		875.790		3.654		14.100		5.497673		13.200
5.644		1.1028		0.0000		875.787		3.657		14.110		5.514196		13.240
5.646		1.1060		0.0000		875.784		3.660		14.115		5.530032		13.280
5.650		1.1092		0.0000		875.780		3.663		14.125		5.545868		13.320
5.652		1.1123		0.0000		875.777		3.667		14.130		5.561704		13.360
5.656		1.1161		0.0000		875.774		3.670		14.140		5.580293		13.400
5.660		1.1198		0.0000		875.770		3.674		14.150		5.598883		13.440
5.668		1.1235		0.0000		875.766		3.678		14.170		5.617472		13.480
5.678		1.1265		0.0000		875.763		3.681		14.195		5.632619		13.520
5.684		1.1298		0.0000		875.760		3.684		14.210		5.649142		13.560
5.686		1.1331		0.0000		875.756		3.687		14.215		5.665667		13.600
5.688		1.1362		0.0000		875.753		3.690		14.220		5.680814		13.640
5.688		1.1395		0.0000		875.750		3.694		14.220		5.697337		13.680
5.690		1.1426		0.0000		875.747		3.697		14.225		5.713173		13.720
5.692		1.1458		0.0000		875.744		3.700		14.230		5.729009		13.760
5.694		1.1492		0.0000		875.740		3.703		14.235		5.746222		13.800
5.698		1.1530		0.0000		875.737		3.707		14.245		5.764811		13.840
5.704		1.1568		0.0000		875.733		3.711		14.260		5.784088		13.880
5.716		1.1600		0.0000		875.730		3.714		14.290		5.799924		13.920
5.722		1.1633		0.0000		875.726		3.717		14.305		5.816448		13.960
5.726		1.1665		0.0000		875.723		3.721		14.315		5.832283		14.000
5.726		1.1696		0.0000		875.720		3.724		14.315		5.848119		14.040
5.726		1.1728		0.0000		875.717		3.727		14.315		5.863955		14.080
5.728		1.1760		0.0000		875.714		3.730		14.320		5.879789		14.120
5.730		1.1793		0.0000		875.710		3.733		14.325		5.896315		14.160
5.732		1.1824		0.0000		875.707		3.737		14.330		5.912149		14.200
5.734		1.1861		0.0000		875.703		3.740		14.335		5.930739		14.240
5.740		1.1901		0.0000		875.699		3.744		14.350		5.950706		14.280
5.748		1.1934		0.0000		875.696		3.748		14.370		5.967230		14.320
5.758		1.1968		0.0000		875.693		3.751		14.395		5.983753		14.360
5.764		1.1998		0.0000		875.690		3.754		14.410		5.998901		14.400
5.764		1.2031		0.0000		875.687		3.757		14.410		6.015425		14.440
5.766		1.2063		0.0000		875.683		3.760		14.415		6.031260		14.480
5.768		1.2094		0.0000		875.680		3.764		14.420		6.047095		14.520
5.770		1.2126		0.0000		875.677		3.767		14.425		6.062931		14.560
5.770		1.2158		0.0000		875.674		3.770		14.425		6.078767		14.600
5.772		1.2195		0.0000		875.670		3.774		14.430		6.097356		14.640
5.776		1.2233		0.0000		875.666		3.778		14.440		6.116634		14.680
5.784		1.2269		0.0000		875.663		3.781		14.460		6.134535		14.720
5.794		1.2299		0.0000		875.660		3.784		14.485		6.149682		14.760
5.798		1.2332		0.0000		875.656		3.787		14.495		6.166206		14.800
5.798		1.2364		0.0000		875.653		3.791		14.495		6.182041		14.840
5.800		1.2397		0.0000		875.650		3.794		14.500		6.198566		14.880
5.802		1.2427		0.0000		875.647		3.797		14.505		6.213713		14.920
5.802		1.2460		0.0000		875.644		3.800		14.505		6.230236		14.960
5.804		1.2492		0.0000		875.640		3.803		14.510		6.246072		15.000
5.804		1.2527		0.0000		875.637		3.807		14.510		6.263285		15.040
5.808		1.2564		0.0000		875.633		3.811		14.520		6.281874		15.080
5.814		1.2602		0.0000		875.629		3.814		14.535		6.301151		15.120
5.822		1.2635		0.0000		875.626		3.818		14.555		6.317677		15.160
5.830		1.2667		0.0000		875.623		3.821		14.575		6.333512		15.200
5.832		1.2699		0.0000		875.620		3.824		14.580		6.349347		15.240
5.832		1.2730		0.0000		875.617		3.827		14.580		6.365182		15.280
5.832		1.2762		0.0000		875.613		3.830		14.580		6.381018		15.320
5.834		1.2794		0.0000		875.610		3.834		14.585		6.396854		15.360
5.834		1.2825		0.0000		875.607		3.837		14.585		6.412688		15.400
5.836		1.2858		0.0000		875.604		3.840		14.590		6.429214		15.440
5.838		1.2897		0.0000		875.600		3.844		14.595		6.448491		15.480
5.842		1.2936		0.0000		875.596		3.848		14.605		6.467769		15.520
5.850		1.2970		0.0000		875.593		3.851		14.625		6.484982		15.560
5.858		1.3000		0.0000		875.590		3.854		14.645		6.500129		15.600
5.862		1.3032		0.0000		875.586		3.857		14.655		6.515965		15.640
5.860		1.3065		0.0000		875.583		3.861		14.650		6.532488		15.680
5.860		1.3097		0.0000		875.580		3.864		14.650		6.548324		15.720
5.860		1.3128		0.0000		875.577		3.867		14.650		6.564159		15.760
5.862		1.3159		0.0000		875.574		3.870		14.655		6.579306		15.800
5.862		1.3193		0.0000		875.570		3.874		14.655		6.596519		15.840
5.862		1.3227		0.0000		875.567		3.877		14.655		6.613731		15.880
5.866		1.3267		0.0000		875.563		3.881		14.665		6.633698		15.920
5.874		1.3303		0.0000		875.559		3.885		14.685		6.651598		15.960
5.882		1.3335		0.0000		875.556		3.888		14.705		6.667434		16.000
5.888		1.3367		0.0000		875.553		3.891		14.720		6.683270		16.040
5.888		1.3398		0.0000		875.550		3.894		14.720		6.699105		16.080
5.888		1.3430		0.0000		875.547		3.897		14.720		6.714940		16.120
5.888		1.3463		0.0000		875.543		3.900		14.720		6.731465		16.160
5.890		1.3495		0.0000		875.540		3.904		14.725		6.747301		16.200
5.890		1.3526		0.0000		875.537		3.907		14.725		6.763135		16.240
5.890		1.3561		0.0000		875.534		3.910		14.725		6.780348		16.280
5.892		1.3599		0.0000		875.530		3.914		14.730		6.799626		16.320
5.898		1.3638		0.0000		875.526		3.918		14.745		6.818904		16.360
5.908		1.3668		0.0000		875.523		3.921		14.770		6.834052		16.400
5.914		1.3700		0.0000		875.520		3.924		14.785		6.849886		16.440
5.914		1.3733		0.0000		875.516		3.927		14.785		6.866411		16.480
5.914		1.3764		0.0000		875.513		3.931		14.785		6.882246		16.520
5.916		1.3796		0.0000		875.510		3.934		14.790		6.898081		16.560
5.916		1.3828		0.0000		875.507		3.937		14.790		6.913917		16.600
5.916		1.3860		0.0000		875.504		3.940		14.790		6.929753		16.640
5.916		1.3893		0.0000		875.500		3.943		14.790		6.946277		16.680
5.918		1.3930		0.0000		875.497		3.947		14.795		6.964866		16.720
5.922		1.3970		0.0000		875.493		3.951		14.805		6.984832		16.760
5.930		1.4003		0.0000		875.489		3.954		14.825		7.001357		16.800
5.938		1.4034		0.0000		875.486		3.958		14.845		7.017192		16.840
5.942		1.4066		0.0000		875.483		3.961		14.855		7.033028		16.880
5.940		1.4099		0.0000		875.480		3.964		14.850		7.049551		16.920
5.940		1.4131		0.0000		875.477		3.967		14.850		7.065387		16.960
5.942		1.4162		0.0000		875.473		3.970		14.855		7.081223		17.000
5.942		1.4194		0.0000		875.470		3.974		14.855		7.097058		17.040
5.942		1.4226		0.0000		875.467		3.977		14.855		7.112894		17.080
5.944		1.4262		0.0000		875.463		3.980		14.860		7.130795		17.120
5.946		1.4302		0.0000		875.459		3.984		14.865		7.150761		17.160
5.954		1.4337		0.0000		875.456		3.988		14.885		7.168663		17.200
5.962		1.4368		0.0000		875.453		3.991		14.905		7.183809		17.240
5.966		1.4401		0.0000		875.450		3.994		14.915		7.200333		17.280
5.966		1.4432		0.0000		875.446		3.997		14.915		7.216168		17.320
5.966		1.4464		0.0000		875.443		4.001		14.915		7.232003		17.360
5.966		1.4497		0.0000		875.440		4.004		14.915		7.248528		17.400
5.966		1.4529		0.0000		875.437		4.007		14.915		7.264364		17.440
5.966		1.4560		0.0000		875.434		4.010		14.915		7.280200		17.480
5.968		1.4593		0.0000		875.430		4.014		14.920		7.296722		17.520
5.970		1.4633		0.0000		875.426		4.018		14.925		7.316689		17.560
5.976		1.4671		0.0000		875.423		4.021		14.940		7.335279		17.600
5.986		1.4702		0.0000		875.419		4.024		14.965		7.351115		17.640
5.992		1.4735		0.0000		875.416		4.028		14.980		7.367640		17.680
5.992		1.4767		0.0000		875.413		4.031		14.980		7.383473		17.720
5.992		1.4799		0.0000		875.410		4.034		14.980		7.399309		17.760
5.994		1.4830		0.0000		875.407		4.037		14.985		7.415144		17.800
5.994		1.4862		0.0000		875.403		4.040		14.985		7.430980		17.840
5.996		1.4894		0.0000		875.400		4.044		14.990		7.446816		17.880
5.996		1.4928		0.0000		875.397		4.047		14.990		7.464027		17.920
5.996		1.4965		0.0000		875.393		4.051		14.990		7.482617		17.960
6.002		1.5002		0.0000		875.389		4.054		15.005		7.501206		18.000
6.010		1.5037		0.0000		875.386		4.058		15.025		7.518420		18.040
6.018		1.5069		0.0000		875.383		4.061		15.045		7.534256		18.080
6.018		1.5099		0.0000		875.380		4.064		15.045		7.549403		18.120
6.018		1.5133		0.0000		875.376		4.068		15.045		7.566614		18.160
6.018		1.5165		0.0000		875.373		4.071		15.045		7.582450		18.200
6.020		1.5197		0.0000		875.370		4.074		15.050		7.598286		18.240
6.020		1.5228		0.0000		875.367		4.077		15.050		7.614121		18.280
6.018		1.5261		0.0000		875.363		4.080		15.045		7.630646		18.320
6.020		1.5297		0.0000		875.360		4.084		15.050		7.648547		18.360
6.022		1.5336		0.0000		875.356		4.088		15.055		7.667825		18.400
6.030		1.5371		0.0000		875.352		4.091		15.075		7.685726		18.440
6.038		1.5403		0.0000		875.349		4.095		15.095		7.701561		18.480
6.042		1.5435		0.0000		875.346		4.098		15.105		7.717397		18.520
6.042		1.5466		0.0000		875.343		4.101		15.105		7.733233		18.560
6.042		1.5498		0.0000		875.340		4.104		15.105		7.749069		18.600
6.042		1.5530		0.0000		875.337		4.107		15.105		7.764902		18.640
6.042		1.5561		0.0000		875.333		4.110		15.105		7.780738		18.680
6.042		1.5595		0.0000		875.330		4.114		15.105		7.797263		18.720
6.042		1.5629		0.0000		875.327		4.117		15.105		7.814474		18.760
6.044		1.5668		0.0000		875.323		4.121		15.110		7.833753		18.800
6.050		1.5705		0.0000		875.319		4.125		15.125		7.852342		18.840
6.058		1.5738		0.0000		875.316		4.128		15.145		7.868867		18.880
6.064		1.5768		0.0000		875.313		4.131		15.160		7.884014		18.920
6.062		1.5800		0.0000		875.310		4.134		15.155		7.899849		18.960
6.062		1.5833		0.0000		875.306		4.137		15.155		7.916374		19.000
6.062		1.5864		0.0000		875.303		4.141		15.155		7.932208		19.040
6.062		1.5896		0.0000		875.300		4.144		15.155		7.948043		19.080
6.062		1.5928		0.0000		875.297		4.147		15.155		7.963879		19.120
6.062		1.5962		0.0000		875.293		4.150		15.155		7.981093		19.160
6.062		1.5999		0.0000		875.290		4.154		15.155		7.999682		19.200
6.066		1.6038		0.0000		875.286		4.158		15.165		8.018959		19.240
6.074		1.6071		0.0000		875.282		4.161		15.185		8.035483		19.280
6.080		1.6103		0.0000		875.279		4.164		15.200		8.051319		19.320
6.082		1.6134		0.0000		875.276		4.168		15.205		8.067155		19.360
6.080		1.6166		0.0000		875.273		4.171		15.200		8.082991		19.400
6.080		1.6199		0.0000		875.270		4.174		15.200		8.099513		19.440
6.080		1.6231		0.0000		875.267		4.177		15.200		8.115349		19.480
6.080		1.6262		0.0000		875.263		4.180		15.200		8.131185		19.520
6.080		1.6294		0.0000		875.260		4.184		15.200		8.147020		19.560
6.080		1.6331		0.0000		875.256		4.187		15.200		8.165609		19.600
6.084		1.6370		0.0000		875.253		4.191		15.210		8.184889		19.640
6.090		1.6406		0.0000		875.249		4.195		15.225		8.202789		19.680
6.100		1.6436		0.0000		875.246		4.198		15.250		8.217936		19.720
6.102		1.6468		0.0000		875.243		4.201		15.255		8.233771		19.760
6.102		1.6501		0.0000		875.240		4.204		15.255		8.250296		19.800
6.102		1.6532		0.0000		875.236		4.207		15.255		8.266132		19.840
6.102		1.6564		0.0000		875.233		4.211		15.255		8.281967		19.880
6.104		1.6596		0.0000		875.230		4.214		15.260		8.297801		19.920
6.104		1.6629		0.0000		875.227		4.217		15.260		8.314325		19.960
6.104		1.6663		0.0000		875.223		4.221		15.260		8.331539		20.000
6.104		1.6702		0.0000		875.219		4.224		15.260		8.350816		20.040
6.110		1.6739		0.0000		875.216		4.228		15.275		8.369406		20.080
6.118		1.6770		0.0000		875.213		4.231		15.295		8.385241		20.120
6.122		1.6802		0.0000		875.209		4.234		15.305		8.401077		20.160
6.122		1.6834		0.0000		875.206		4.238		15.305		8.416912		20.200
6.122		1.6867		0.0000		875.203		4.241		15.305		8.433437		20.240
6.122		1.6899		0.0000		875.200		4.244		15.305		8.449273		20.280
6.122		1.6930		0.0000		875.197		4.247		15.305		8.465107		20.320
6.124		1.6962		0.0000		875.193		4.250		15.310		8.480942		20.360
6.124		1.6995		0.0000		875.190		4.254		15.310		8.497467		20.400
6.124		1.7033		0.0000		875.186		4.258		15.310		8.516746		20.440
6.128		1.7072		0.0000		875.182		4.261		15.320		8.536024		20.480
6.138		1.7105		0.0000		875.179		4.265		15.345		8.552547		20.520
6.144		1.7137		0.0000		875.176		4.268		15.360		8.568382		20.560
6.144		1.7168		0.0000		875.173		4.271		15.360		8.584218		20.600
6.142		1.7200		0.0000		875.170		4.274		15.355		8.600054		20.640
6.142		1.7233		0.0000		875.166		4.278		15.355		8.616579		20.680
6.144		1.7265		0.0000		875.163		4.281		15.360		8.632412		20.720
6.144		1.7296		0.0000		875.160		4.284		15.360		8.648248		20.760
6.144		1.7328		0.0000		875.157		4.287		15.360		8.664083		20.800
6.144		1.7365		0.0000		875.153		4.291		15.360		8.682673		20.840
6.148		1.7404		0.0000		875.149		4.295		15.370		8.701952		20.880
6.156		1.7438		0.0000		875.146		4.298		15.390		8.719163		20.920
6.164		1.7471		0.0000		875.142		4.301		15.410		8.735687		20.960
6.168		1.7503		0.0000		875.139		4.305		15.420		8.751524		21.000
6.166		1.7535		0.0000		875.136		4.308		15.415		8.767359		21.040
6.166		1.7566		0.0000		875.133		4.311		15.415		8.783195		21.080
6.166		1.7598		0.0000		875.130		4.314		15.415		8.799030		21.120
6.166		1.7630		0.0000		875.127		4.317		15.415		8.814867		21.160
6.166		1.7661		0.0000		875.123		4.320		15.415		8.830700		21.200
6.166		1.7697		0.0000		875.120		4.324		15.415		8.848602		21.240
6.168		1.7736		0.0000		875.116		4.328		15.420		8.867879		21.280
6.174		1.7772		0.0000		875.112		4.331		15.435		8.885782		21.320
6.184		1.7805		0.0000		875.109		4.335		15.460		8.902304		21.360
6.188		1.7836		0.0000		875.106		4.338		15.470		8.918140		21.400
6.188		1.7868		0.0000		875.103		4.341		15.470		8.933975		21.440
6.186		1.7901		0.0000		875.099		4.344		15.465		8.950500		21.480
6.186		1.7933		0.0000		875.096		4.347		15.465		8.966336		21.520
6.186		1.7964		0.0000		875.093		4.351		15.465		8.982172		21.560
6.186		1.7996		0.0000		875.090		4.354		15.465		8.998005		21.600
6.186		1.8030		0.0000		875.087		4.357		15.465		9.015219		21.640
6.186		1.8068		0.0000		875.083		4.361		15.465		9.033809		21.680
6.190		1.8106		0.0000		875.079		4.365		15.475		9.053087		21.720
6.198		1.8139		0.0000		875.076		4.368		15.495		9.069610		21.760
6.204		1.8171		0.0000		875.073		4.371		15.510		9.085445		21.800
6.206		1.8203		0.0000		875.069		4.374		15.515		9.101281		21.840
6.206		1.8234		0.0000		875.066		4.378		15.515		9.117117		21.880
6.204		1.8266		0.0000		875.063		4.381		15.510		9.132953		21.920
6.204		1.8298		0.0000		875.060		4.384		15.510		9.148788		21.960
6.204		1.8329		0.0000		875.057		4.387		15.510		9.164624		22.000
6.204		1.8362		0.0000		875.053		4.390		15.510		9.181147		22.040
6.204		1.8399		0.0000		875.050		4.394		15.510		9.199736		22.080
6.208		1.8438		0.0000		875.046		4.398		15.520		9.219015		22.120
6.216		1.8474		0.0000		875.042		4.402		15.540		9.236916		22.160
6.224		1.8504		0.0000		875.039		4.405		15.560		9.252064		22.200
6.224		1.8536		0.0000		875.036		4.408		15.560		9.267898		22.240
6.222		1.8569		0.0000		875.033		4.411		15.555		9.284422		22.280
6.222		1.8601		0.0000		875.030		4.414		15.555		9.300259		22.320
6.222		1.8632		0.0000		875.026		4.417		15.555		9.316093		22.360
6.222		1.8664		0.0000		875.023		4.421		15.555		9.331930		22.400
6.222		1.8696		0.0000		875.020		4.424		15.555		9.347765		22.440
6.222		1.8731		0.0000		875.016		4.427		15.555		9.365665		22.480
6.224		1.8770		0.0000		875.013		4.431		15.560		9.384945		22.520
6.230		1.8807		0.0000		875.009		4.435		15.575		9.403534		22.560
6.238		1.8839		0.0000		875.006		4.438		15.595		9.419370		22.600
6.242		1.8870		0.0000		875.003		4.441		15.605		9.435204		22.640
6.240		1.8902		0.0000		874.999		4.444		15.600		9.451038		22.680
6.240		1.8935		0.0000		874.996		4.448		15.600		9.467564		22.720
6.240		1.8967		0.0000		874.993		4.451		15.600		9.483399		22.760
6.238		1.8998		0.0000		874.990		4.454		15.595		9.499235		22.800
6.238		1.9030		0.0000		874.987		4.457		15.595		9.515071		22.840
6.238		1.9065		0.0000		874.983		4.461		15.595		9.532282		22.880
6.238		1.9102		0.0000		874.979		4.464		15.595		9.550872		22.920
6.244		1.9140		0.0000		874.976		4.468		15.610		9.570150		22.960
6.252		1.9173		0.0000		874.972		4.472		15.630		9.586676		23.000
6.260		1.9205		0.0000		874.969		4.475		15.650		9.602509		23.040
6.260		1.9237		0.0000		874.966		4.478		15.650		9.618344		23.080
6.258		1.9268		0.0000		874.963		4.481		15.645		9.634180		23.120
6.258		1.9300		0.0000		874.960		4.484		15.645		9.650016		23.160
6.258		1.9332		0.0000		874.956		4.487		15.645		9.665852		23.200
6.258		1.9363		0.0000		874.953		4.491		15.645		9.681687		23.240
6.258		1.9396		0.0000		874.950		4.494		15.645		9.698212		23.280
6.258		1.9434		0.0000		874.946		4.498		15.645		9.716802		23.320
6.260		1.9472		0.0000		874.942		4.501		15.650		9.736078		23.360
6.268		1.9508		0.0000		874.939		4.505		15.670		9.753981		23.400
6.276		1.9538		0.0000		874.936		4.508		15.690		9.769127		23.440
6.278		1.9570		0.0000		874.933		4.511		15.695		9.784964		23.480
6.278		1.9603		0.0000		874.929		4.514		15.695		9.801485		23.520
6.276		1.9635		0.0000		874.926		4.518		15.690		9.817322		23.560
6.276		1.9666		0.0000		874.923		4.521		15.690		9.833157		23.600
6.276		1.9698		0.0000		874.920		4.524		15.690		9.848993		23.640
6.274		1.9730		0.0000		874.917		4.527		15.685		9.864828		23.680
6.274		1.9765		0.0000		874.913		4.531		15.685		9.882729		23.720
6.276		1.9804		0.0000		874.909		4.535		15.690		9.902008		23.760
6.284		1.9843		0.0000		874.905		4.538		15.710		9.921286		23.800
6.292		1.9873		0.0000		874.902		4.541		15.730		9.936433		23.840
6.296		1.9905		0.0000		874.899		4.545		15.740		9.952269		23.880
6.296		1.9936		0.0000		874.896		4.548		15.740		9.968102		23.920
6.294		1.9968		0.0000		874.893		4.551		15.735		9.983938		23.960
6.294		2.0001		0.0000		874.890		4.554		15.735		10.000463		24.000
6.294		2.0033		0.0000		874.886		4.557		15.735		10.016298		24.040
6.294		2.0064		0.0000		874.883		4.561		15.735		10.032134		24.080
6.294		2.0099		0.0000		874.880		4.564		15.735		10.049345		24.120
6.296		2.0136		0.0000		874.876		4.568		15.740		10.067935		24.160
6.300		2.0174		0.0000		874.872		4.572		15.750		10.087214		24.200
6.310		2.0207		0.0000		874.869		4.575		15.775		10.103739		24.240
6.316		2.0239		0.0000		874.866		4.578		15.790		10.119574		24.280
6.318		2.0271		0.0000		874.862		4.581		15.795		10.135407		24.320
6.316		2.0302		0.0000		874.859		4.584		15.790		10.151243		24.360
6.316		2.0334		0.0000		874.856		4.588		15.790		10.167079		24.400
6.316		2.0366		0.0000		874.853		4.591		15.790		10.182915		24.440
6.316		2.0398		0.0000		874.850		4.594		15.790		10.198750		24.480
6.314		2.0431		0.0000		874.847		4.597		15.785		10.215275		24.520
6.314		2.0468		0.0000		874.843		4.601		15.785		10.233865		24.560
6.318		2.0508		0.0000		874.839		4.605		15.795		10.253830		24.600
6.328		2.0541		0.0000		874.836		4.608		15.820		10.270355		24.640
6.336		2.0572		0.0000		874.832		4.611		15.840		10.286190		24.680
6.338		2.0604		0.0000		874.829		4.615		15.845		10.302027		24.720
6.336		2.0637		0.0000		874.826		4.618		15.840		10.318548		24.760
6.336		2.0669		0.0000		874.823		4.621		15.840		10.334385		24.800
6.336		2.0700		0.0000		874.820		4.624		15.840		10.350220		24.840
6.334		2.0732		0.0000		874.816		4.627		15.835		10.366056		24.880
6.334		2.0764		0.0000		874.813		4.631		15.835		10.381891		24.920
6.332		2.0800		0.0000		874.810		4.634		15.830		10.399792		24.960
6.334		2.0838		0.0000		874.806		4.638		15.835		10.419071		25.000
6.340		2.0875		0.0000		874.802		4.642		15.850		10.437660		25.040
6.350		2.0907		0.0000		874.799		4.645		15.875		10.453496		25.080
6.354		2.0939		0.0000		874.796		4.648		15.885		10.469332		25.120
6.352		2.0970		0.0000		874.793		4.651		15.880		10.485168		25.160
6.352		2.1002		0.0000		874.789		4.654		15.880		10.501003		25.200
6.350		2.1034		0.0000		874.786		4.658		15.875		10.516836		25.240
6.350		2.1065		0.0000		874.783		4.661		15.875		10.532673		25.280
6.348		2.1097		0.0000		874.780		4.664		15.870		10.548508		25.320
6.348		2.1133		0.0000		874.776		4.667		15.870		10.566408		25.360
6.348		2.1170		0.0000		874.773		4.671		15.870		10.584998		25.400
6.354		2.1209		0.0000		874.769		4.675		15.885		10.604277		25.440
6.364		2.1242		0.0000		874.765		4.678		15.910		10.620802		25.480
6.370		2.1273		0.0000		874.762		4.682		15.925		10.636637		25.520
6.370		2.1305		0.0000		874.759		4.685		15.925		10.652473		25.560
6.368		2.1337		0.0000		874.756		4.688		15.920		10.668308		25.600
6.366		2.1368		0.0000		874.753		4.691		15.915		10.684142		25.640
6.366		2.1400		0.0000		874.750		4.694		15.915		10.699978		25.680
6.366		2.1432		0.0000		874.746		4.697		15.915		10.715814		25.720
6.364		2.1465		0.0000		874.743		4.701		15.910		10.732338		25.760
6.364		2.1502		0.0000		874.739		4.704		15.910		10.750928		25.800
6.366		2.1542		0.0000		874.735		4.708		15.915		10.770893		25.840
6.374		2.1575		0.0000		874.732		4.712		15.935		10.787418		25.880
6.382		2.1607		0.0000		874.729		4.715		15.955		10.803253		25.920
6.382		2.1638		0.0000		874.726		4.718		15.955		10.819090		25.960
6.380		2.1671		0.0000		874.722		4.721		15.950		10.835614		26.000
6.380		2.1703		0.0000		874.719		4.724		15.950		10.851448		26.040
6.378		2.1735		0.0000		874.716		4.728		15.945		10.867283		26.080
6.378		2.1765		0.0000		874.713		4.731		15.945		10.882430		26.120
6.376		2.1798		0.0000		874.710		4.734		15.940		10.898954		26.160
6.376		2.1834		0.0000		874.706		4.738		15.940		10.916855		26.200
6.378		2.1874		0.0000		874.702		4.742		15.945		10.936823		26.240
6.386		2.1909		0.0000		874.699		4.745		15.965		10.954723		26.280
6.394		2.1941		0.0000		874.695		4.748		15.985		10.970559		26.320
6.396		2.1973		0.0000		874.692		4.751		15.990		10.986395		26.360
6.394		2.2004		0.0000		874.689		4.755		15.985		11.002231		26.400
6.394		2.2036		0.0000		874.686		4.758		15.985		11.018066		26.440
6.392		2.2068		0.0000		874.683		4.761		15.980		11.033902		26.480
6.390		2.2099		0.0000		874.680		4.764		15.975		11.049736		26.520
6.390		2.2133		0.0000		874.676		4.767		15.975		11.066260		26.560
6.390		2.2167		0.0000		874.673		4.771		15.975		11.083474		26.600
6.392		2.2204		0.0000		874.669		4.775		15.980		11.102064		26.640
6.396		2.2243		0.0000		874.665		4.778		15.990		11.121340		26.680
6.406		2.2276		0.0000		874.662		4.782		16.015		11.137865		26.720
6.412		2.2307		0.0000		874.659		4.785		16.030		11.153700		26.760
6.412		2.2338		0.0000		874.656		4.788		16.030		11.168847		26.800
6.410		2.2371		0.0000		874.653		4.791		16.025		11.185371		26.840
6.408		2.2402		0.0000		874.649		4.794		16.020		11.201208		26.880
6.408		2.2434		0.0000		874.646		4.798		16.020		11.217041		26.920
6.406		2.2466		0.0000		874.643		4.801		16.015		11.232877		26.960
6.406		2.2499		0.0000		874.640		4.804		16.015		11.249401		27.000
6.404		2.2536		0.0000		874.636		4.808		16.010		11.267991		27.040
6.408		2.2576		0.0000		874.632		4.812		16.020		11.287958		27.080
6.416		2.2609		0.0000		874.629		4.815		16.040		11.304482		27.120
6.424		2.2641		0.0000		874.626		4.818		16.060		11.320316		27.160
6.424		2.2672		0.0000		874.622		4.821		16.060		11.336153		27.200
6.422		2.2704		0.0000		874.619		4.825		16.055		11.351988		27.240
6.422		2.2737		0.0000		874.616		4.828		16.055		11.368513		27.280
6.422		2.2769		0.0000		874.613		4.831		16.055		11.384346		27.320
6.420		2.2800		0.0000		874.610		4.834		16.050		11.400183		27.360
6.420		2.2832		0.0000		874.606		4.837		16.050		11.416018		27.400
6.420		2.2868		0.0000		874.603		4.841		16.050		11.433918		27.440
6.422		2.2908		0.0000		874.599		4.845		16.055		11.453886		27.480
6.428		2.2944		0.0000		874.595		4.849		16.070		11.471786		27.520
6.438		2.2975		0.0000		874.592		4.852		16.095		11.487622		27.560
6.440		2.3007		0.0000		874.589		4.855		16.100		11.503458		27.600
6.438		2.3039		0.0000		874.586		4.858		16.095		11.519294		27.640
6.436		2.3070		0.0000		874.583		4.861		16.090		11.535130		27.680
6.436		2.3102		0.0000		874.579		4.864		16.090		11.550965		27.720
6.436		2.3134		0.0000		874.576		4.868		16.090		11.566801		27.760
6.434		2.3165		0.0000		874.573		4.871		16.085		11.582634		27.800
6.434		2.3200		0.0000		874.570		4.874		16.085		11.599848		27.840
6.434		2.3240		0.0000		874.566		4.878		16.085		11.619814		27.880
6.440		2.3277		0.0000		874.562		4.882		16.100		11.638403		27.920
6.450		2.3310		0.0000		874.559		4.885		16.125		11.654928		27.960
6.454		2.3342		0.0000		874.555		4.888		16.135		11.670763		28.000
6.452		2.3373		0.0000		874.552		4.892		16.130		11.686600		28.040
6.450		2.3405		0.0000		874.549		4.895		16.125		11.702435		28.080
6.448		2.3437		0.0000		874.546		4.898		16.120		11.718271		28.120
6.448		2.3468		0.0000		874.543		4.901		16.120		11.734106		28.160
6.446		2.3500		0.0000		874.540		4.904		16.115		11.749940		28.200
6.446		2.3533		0.0000		874.536		4.907		16.115		11.766464		28.240
6.446		2.3571		0.0000		874.532		4.911		16.115		11.785744		28.280
6.448		2.3610		0.0000		874.529		4.915		16.120		11.805021		28.320
6.456		2.3643		0.0000		874.525		4.919		16.140		11.821545		28.360
6.464		2.3675		0.0000		874.522		4.922		16.160		11.837379		28.400
6.464		2.3706		0.0000		874.519		4.925		16.160		11.853216		28.440
6.462		2.3738		0.0000		874.516		4.928		16.155		11.869051		28.480
6.460		2.3771		0.0000		874.512		4.931		16.150		11.885576		28.520
6.460		2.3801		0.0000		874.509		4.934		16.150		11.900723		28.560
6.458		2.3833		0.0000		874.506		4.938		16.145		11.916559		28.600
6.456		2.3866		0.0000		874.503		4.941		16.140		11.933081		28.640
6.454		2.3903		0.0000		874.499		4.945		16.135		11.951671		28.680
6.456		2.3942		0.0000		874.495		4.948		16.140		11.970949		28.720
6.464		2.3978		0.0000		874.492		4.952		16.160		11.988850		28.760
6.472		2.4009		0.0000		874.489		4.955		16.180		12.004685		28.800
6.474		2.4041		0.0000		874.485		4.958		16.185		12.020521		28.840
6.472		2.4073		0.0000		874.482		4.961		16.180		12.036357		28.880
6.470		2.4104		0.0000		874.479		4.965		16.175		12.052193		28.920
6.470		2.4136		0.0000		874.476		4.968		16.175		12.068028		28.960
6.468		2.4168		0.0000		874.473		4.971		16.170		12.083864		29.000
6.466		2.4199		0.0000		874.470		4.974		16.165		12.099700		29.040
6.466		2.4235		0.0000		874.466		4.978		16.165		12.117600		29.080
6.466		2.4274		0.0000		874.462		4.982		16.165		12.136879		29.120
6.470		2.4311		0.0000		874.458		4.985		16.175		12.155468		29.160
6.478		2.4344		0.0000		874.455		4.989		16.195		12.171991		29.200
6.482		2.4374		0.0000		874.452		4.992		16.205		12.187138		29.240
6.480		2.4406		0.0000		874.449		4.995		16.200		12.202973		29.280
6.478		2.4439		0.0000		874.446		4.998		16.195		12.219498		29.320
6.476		2.4471		0.0000		874.443		5.001		16.190		12.235334		29.360
6.476		2.4502		0.0000		874.439		5.004		16.190		12.251169		29.400
6.474		2.4534		0.0000		874.436		5.008		16.185		12.267006		29.440
6.474		2.4568		0.0000		874.433		5.011		16.185		12.284217		29.480
6.474		2.4604		0.0000		874.429		5.015		16.185		12.302117		29.520
6.476		2.4646		0.0000		874.425		5.019		16.190		12.322774		29.560
6.486		2.4679		0.0000		874.422		5.022		16.215		12.339296		29.600
6.492		2.4709		0.0000		874.419		5.025		16.230		12.354443		29.640
6.492		2.4741		0.0000		874.416		5.028		16.230		12.370279		29.680
6.488		2.4772		0.0000		874.412		5.031		16.220		12.386114		29.720
6.486		2.4804		0.0000		874.409		5.035		16.215		12.401951		29.760
6.484		2.4837		0.0000		874.406		5.038		16.210		12.418475		29.800
6.482		2.4869		0.0000		874.403		5.041		16.205		12.434311		29.840
6.482		2.4900		0.0000		874.400		5.044		16.205		12.450147		29.880
6.480		2.4936		0.0000		874.396		5.048		16.200		12.468047		29.920
6.482		2.4976		0.0000		874.392		5.052		16.205		12.488012		29.960
6.490		2.5012		0.0000		874.388		5.055		16.225		12.505915		30.000
6.498		2.5043		0.0000		874.385		5.059		16.245		12.521749		30.040
6.500		2.5075		0.0000		874.382		5.062		16.250		12.537584		30.080
6.498		2.5107		0.0000		874.379		5.065		16.245		12.553420		30.120
6.496		2.5140		0.0000		874.376		5.068		16.240		12.569944		30.160
6.494		2.5170		0.0000		874.373		5.071		16.235		12.585092		30.200
6.492		2.5203		0.0000		874.369		5.075		16.230		12.601616		30.240
6.490		2.5234		0.0000		874.366		5.078		16.225		12.616763		30.280
6.488		2.5269		0.0000		874.363		5.081		16.220		12.634664		30.320
6.490		2.5309		0.0000		874.359		5.085		16.225		12.654631		30.360
6.494		2.5346		0.0000		874.355		5.089		16.235		12.673221		30.400
6.504		2.5377		0.0000		874.352		5.092		16.260		12.688368		30.440
6.508		2.5408		0.0000		874.349		5.095		16.270		12.704203		30.480
6.506		2.5440		0.0000		874.346		5.098		16.265		12.720037		30.520
6.504		2.5472		0.0000		874.342		5.101		16.260		12.735872		30.560
6.502		2.5505		0.0000		874.339		5.105		16.255		12.752398		30.600
6.500		2.5536		0.0000		874.336		5.108		16.250		12.768232		30.640
6.500		2.5568		0.0000		874.333		5.111		16.250		12.784069		30.680
6.498		2.5601		0.0000		874.329		5.114		16.245		12.800591		30.720
6.496		2.5641		0.0000		874.326		5.118		16.240		12.820559		30.760
6.500		2.5678		0.0000		874.322		5.122		16.250		12.839148		30.800
6.508		2.5711		0.0000		874.318		5.125		16.270		12.855673		30.840
6.514		2.5743		0.0000		874.315		5.128		16.285		12.871509		30.880
6.514		2.5775		0.0000		874.312		5.132		16.285		12.887342		30.920
6.512		2.5808		0.0000		874.309		5.135		16.280		12.903867		30.960
6.510		2.5838		0.0000		874.306		5.138		16.275		12.919014		31.000
6.510		2.5871		0.0000		874.302		5.141		16.275		12.935538		31.040
6.508		2.5901		0.0000		874.299		5.144		16.270		12.950686		31.080
6.506		2.5933		0.0000		874.296		5.148		16.265		12.966520		31.120
6.504		2.5973		0.0000		874.292		5.151		16.260		12.986486		31.160
6.506		2.6012		0.0000		874.288		5.155		16.265		13.005764		31.200
6.514		2.6047		0.0000		874.285		5.159		16.285		13.023664		31.240
6.522		2.6078		0.0000		874.282		5.162		16.305		13.038815		31.280
6.524		2.6109		0.0000		874.279		5.165		16.310		13.054647		31.320
6.520		2.6141		0.0000		874.276		5.168		16.300		13.070483		31.360
6.516		2.6174		0.0000		874.272		5.172		16.290		13.087008		31.400
6.514		2.6204		0.0000		874.269		5.175		16.285		13.102155		31.440
6.512		2.6236		0.0000		874.266		5.178		16.280		13.117990		31.480
6.510		2.6268		0.0000		874.263		5.181		16.275		13.133826		31.520
6.508		2.6305		0.0000		874.259		5.185		16.270		13.152416		31.560
6.508		2.6342		0.0000		874.255		5.188		16.270		13.171005		31.600
6.514		2.6381		0.0000		874.252		5.192		16.285		13.190284		31.640
6.522		2.6412		0.0000		874.248		5.195		16.305		13.206120		31.680
6.526		2.6443		0.0000		874.245		5.198		16.315		13.221266		31.720
6.524		2.6474		0.0000		874.242		5.202		16.310		13.237103		31.760
6.520		2.6507		0.0000		874.239		5.205		16.300		13.253624		31.800
6.518		2.6539		0.0000		874.236		5.208		16.295		13.269461		31.840
6.516		2.6571		0.0000		874.233		5.211		16.290		13.285295		31.880
6.512		2.6602		0.0000		874.229		5.214		16.280		13.301132		31.920
6.510		2.6637		0.0000		874.226		5.218		16.275		13.318343		31.960
6.510		2.6674		0.0000		874.222		5.222		16.275		13.336933		32.000
6.512		2.6714		0.0000		874.218		5.226		16.280		13.356900		32.040
6.522		2.6745		0.0000		874.215		5.229		16.305		13.372736		32.080
6.528		2.6777		0.0000		874.212		5.232		16.320		13.388572		32.120
6.526		2.6809		0.0000		874.209		5.235		16.315		13.404408		32.160
6.522		2.6842		0.0000		874.205		5.238		16.305		13.420930		32.200
6.520		2.6872		0.0000		874.202		5.241		16.300		13.436077		32.240
6.518		2.6904		0.0000		874.199		5.245		16.295		13.451912		32.280
6.516		2.6935		0.0000		874.196		5.248		16.290		13.467749		32.320
6.514		2.6970		0.0000		874.193		5.251		16.285		13.484962		32.360
6.512		2.7006		0.0000		874.189		5.255		16.280		13.502863		32.400
6.512		2.7046		0.0000		874.185		5.259		16.280		13.522827		32.440
6.520		2.7080		0.0000		874.182		5.262		16.300		13.540041		32.480
6.526		2.7112		0.0000		874.178		5.265		16.315		13.555878		32.520
6.526		2.7143		0.0000		874.175		5.269		16.315		13.571712		32.560
6.522		2.7175		0.0000		874.172		5.272		16.305		13.587549		32.600
6.518		2.7207		0.0000		874.169		5.275		16.295		13.603382		32.640
6.516		2.7238		0.0000		874.166		5.278		16.290		13.619218		32.680
6.514		2.7270		0.0000		874.163		5.281		16.285		13.635054		32.720
6.510		2.7303		0.0000		874.159		5.285		16.275		13.651579		32.760
6.508		2.7338		0.0000		874.156		5.288		16.270		13.668790		32.800
6.508		2.7378		0.0000		874.152		5.292		16.270		13.688757		32.840
6.512		2.7415		0.0000		874.148		5.296		16.280		13.707347		32.880
6.520		2.7445		0.0000		874.145		5.299		16.300		13.722494		32.920
6.522		2.7477		0.0000		874.142		5.302		16.305		13.738329		32.960
6.518		2.7510		0.0000		874.139		5.305		16.295		13.754854		33.000
6.516		2.7541		0.0000		874.135		5.308		16.290		13.770687		33.040
6.514		2.7573		0.0000		874.132		5.312		16.285		13.786524		33.080
6.512		2.7605		0.0000		874.129		5.315		16.280		13.802359		33.120
6.508		2.7636		0.0000		874.126		5.318		16.270		13.818195		33.160
6.506		2.7671		0.0000		874.122		5.321		16.265		13.835409		33.200
6.506		2.7709		0.0000		874.119		5.325		16.265		13.854685		33.240
6.508		2.7748		0.0000		874.115		5.329		16.270		13.873963		33.280
6.516		2.7780		0.0000		874.112		5.332		16.290		13.889799		33.320
6.520		2.7811		0.0000		874.108		5.335		16.300		13.905635		33.360
6.518		2.7843		0.0000		874.105		5.338		16.295		13.921471		33.400
6.516		2.7875		0.0000		874.102		5.342		16.290		13.937306		33.440
6.512		2.7908		0.0000		874.099		5.345		16.280		13.953829		33.480
6.510		2.7939		0.0000		874.096		5.348		16.275		13.969665		33.520
6.508		2.7971		0.0000		874.092		5.351		16.270		13.985500		33.560
6.506		2.8003		0.0000		874.089		5.354		16.265		14.001336		33.600
6.502		2.8041		0.0000		874.085		5.358		16.255		14.020615		33.640
6.506		2.8080		0.0000		874.082		5.362		16.265		14.039893		33.680
6.514		2.8114		0.0000		874.078		5.366		16.285		14.057104		33.720
6.520		2.8146		0.0000		874.075		5.369		16.300		14.072941		33.760
6.520		2.8178		0.0000		874.072		5.372		16.300		14.088776		33.800
6.516		2.8209		0.0000		874.069		5.375		16.290		14.104612		33.840
6.514		2.8241		0.0000		874.065		5.378		16.285		14.120447		33.880
6.512		2.8273		0.0000		874.062		5.381		16.280		14.136281		33.920
6.510		2.8304		0.0000		874.059		5.385		16.275		14.152117		33.960
6.506		2.8337		0.0000		874.056		5.388		16.265		14.168642		34.000
6.504		2.8373		0.0000		874.052		5.392		16.260		14.186543		34.040
6.504		2.8412		0.0000		874.048		5.395		16.260		14.205820		34.080
6.508		2.8447		0.0000		874.045		5.399		16.270		14.223721		34.120
6.516		2.8480		0.0000		874.042		5.402		16.290		14.240246		34.160
6.518		2.8512		0.0000		874.038		5.405		16.295		14.256082		34.200
6.514		2.8542		0.0000		874.035		5.408		16.285		14.271229		34.240
6.512		2.8576		0.0000		874.032		5.412		16.280		14.287753		34.280
6.510		2.8607		0.0000		874.029		5.415		16.275		14.303587		34.320
6.508		2.8639		0.0000		874.026		5.418		16.270		14.319422		34.360
6.506		2.8671		0.0000		874.023		5.421		16.265		14.335258		34.400
6.504		2.8705		0.0000		874.019		5.425		16.260		14.352472		34.440
6.502		2.8743		0.0000		874.015		5.429		16.255		14.371748		34.480
6.508		2.8781		0.0000		874.012		5.432		16.270		14.390337		34.520
6.516		2.8814		0.0000		874.008		5.436		16.290		14.406862		34.560
6.520		2.8845		0.0000		874.005		5.439		16.300		14.422698		34.600
6.516		2.8877		0.0000		874.002		5.442		16.290		14.438534		34.640
6.514		2.8909		0.0000		873.999		5.445		16.285		14.454370		34.680
6.512		2.8942		0.0000		873.995		5.448		16.280		14.470892		34.720
6.510		2.8973		0.0000		873.992		5.452		16.275		14.486728		34.760
6.506		2.9005		0.0000		873.989		5.455		16.265		14.502563		34.800
6.502		2.9038		0.0000		873.986		5.458		16.255		14.519089		34.840
6.500		2.9075		0.0000		873.982		5.462		16.250		14.537678		34.880
6.502		2.9113		0.0000		873.978		5.465		16.255		14.556267		34.920
6.506		2.9148		0.0000		873.975		5.469		16.265		14.574167		34.960
6.512		2.9180		0.0000		873.972		5.472		16.280		14.590004		35.000
6.512		2.9212		0.0000		873.968		5.475		16.280		14.605839		35.040
6.506		2.9243		0.0000		873.965		5.479		16.265		14.621675		35.080
6.502		2.9275		0.0000		873.962		5.482		16.255		14.637510		35.120
6.500		2.9307		0.0000		873.959		5.485		16.250		14.653347		35.160
6.496		2.9338		0.0000		873.956		5.488		16.240		14.669180		35.200
6.492		2.9371		0.0000		873.952		5.491		16.230		14.685705		35.240
6.490		2.9407		0.0000		873.949		5.495		16.225		14.703606		35.280
6.490		2.9444		0.0000		873.945		5.499		16.225		14.722195		35.320
6.494		2.9483		0.0000		873.941		5.502		16.235		14.741473		35.360
6.500		2.9513		0.0000		873.938		5.506		16.250		14.756620		35.400
6.502		2.9545		0.0000		873.935		5.509		16.255		14.772455		35.440
6.496		2.9578		0.0000		873.932		5.512		16.240		14.788980		35.480
6.492		2.9610		0.0000		873.929		5.515		16.230		14.804816		35.520
6.490		2.9641		0.0000		873.925		5.518		16.225		14.820652		35.560
6.486		2.9673		0.0000		873.922		5.521		16.215		14.836488		35.600
6.484		2.9706		0.0000		873.919		5.525		16.210		14.853010		35.640
6.480		2.9739		0.0000		873.916		5.528		16.200		14.869535		35.680
6.478		2.9778		0.0000		873.912		5.532		16.195		14.888813		35.720
6.480		2.9816		0.0000		873.908		5.536		16.200		14.908090		35.760
6.488		2.9848		0.0000		873.905		5.539		16.220		14.923925		35.800
6.490		2.9880		0.0000		873.902		5.542		16.225		14.939761		35.840
6.488		2.9911		0.0000		873.898		5.545		16.220		14.955597		35.880
6.484		2.9943		0.0000		873.895		5.548		16.210		14.971433		35.920
6.480		2.9975		0.0000		873.892		5.552		16.200		14.987268		35.960
6.476		3.0006		0.0000		873.889		5.555		16.190		15.003104		36.000
6.472		3.0039		0.0000		873.886		5.558		16.180		15.019627		36.040
6.470		3.0072		0.0000		873.882		5.561		16.175		15.036152		36.080
6.466		3.0108		0.0000		873.879		5.565		16.165		15.054052		36.120
6.468		3.0148		0.0000		873.875		5.569		16.170		15.074019		36.160
6.474		3.0182		0.0000		873.871		5.572		16.185		15.091230		36.200
6.478		3.0213		0.0000		873.868		5.575		16.195		15.106378		36.240
6.474		3.0244		0.0000		873.865		5.579		16.185		15.122213		36.280
6.470		3.0276		0.0000		873.862		5.582		16.175		15.138049		36.320
6.466		3.0309		0.0000		873.859		5.585		16.165		15.154573		36.360
6.464		3.0341		0.0000		873.856		5.588		16.160		15.170410		36.400
6.462		3.0372		0.0000		873.852		5.591		16.155		15.186245		36.440
6.458		3.0406		0.0000		873.849		5.595		16.145		15.202768		36.480
6.454		3.0440		0.0000		873.846		5.598		16.135		15.219982		36.520
6.454		3.0480		0.0000		873.842		5.602		16.135		15.239946		36.560
6.458		3.0516		0.0000		873.838		5.606		16.145		15.257850		36.600
6.464		3.0547		0.0000		873.835		5.609		16.160		15.273684		36.640
6.464		3.0579		0.0000		873.832		5.612		16.160		15.289518		36.680
6.458		3.0611		0.0000		873.828		5.615		16.145		15.305355		36.720
6.454		3.0644		0.0000		873.825		5.619		16.135		15.321879		36.760
6.450		3.0675		0.0000		873.822		5.622		16.125		15.337715		36.800
6.446		3.0707		0.0000		873.819		5.625		16.115		15.353551		36.840
6.444		3.0739		0.0000		873.816		5.628		16.110		15.369387		36.880
6.440		3.0773		0.0000		873.812		5.632		16.100		15.386599		36.920
6.438		3.0812		0.0000		873.808		5.635		16.095		15.405876		36.960
6.442		3.0850		0.0000		873.805		5.639		16.105		15.425156		37.000
6.448		3.0882		0.0000		873.801		5.642		16.120		15.440989		37.040
6.452		3.0914		0.0000		873.798		5.646		16.130		15.456824		37.080
6.448		3.0945		0.0000		873.795		5.649		16.120		15.472660		37.120
6.444		3.0977		0.0000		873.792		5.652		16.110		15.488496		37.160
6.440		3.1010		0.0000		873.789		5.655		16.100		15.505020		37.200
6.438		3.1042		0.0000		873.785		5.658		16.095		15.520857		37.240
6.434		3.1073		0.0000		873.782		5.662		16.085		15.536692		37.280
6.430		3.1106		0.0000		873.779		5.665		16.075		15.553215		37.320
6.426		3.1144		0.0000		873.775		5.669		16.065		15.571804		37.360
6.428		3.1182		0.0000		873.771		5.672		16.070		15.591083		37.400
6.432		3.1215		0.0000		873.768		5.676		16.080		15.607607		37.440
6.436		3.1247		0.0000		873.765		5.679		16.090		15.623444		37.480
6.434		3.1279		0.0000		873.762		5.682		16.085		15.639277		37.520
6.428		3.1312		0.0000		873.758		5.685		16.070		15.655802		37.560
6.424		3.1343		0.0000		873.755		5.689		16.060		15.671637		37.600
6.420		3.1375		0.0000		873.752		5.692		16.050		15.687473		37.640
6.416		3.1407		0.0000		873.749		5.695		16.040		15.703308		37.680
6.410		3.1438		0.0000		873.746		5.698		16.025		15.719145		37.720
6.406		3.1475		0.0000		873.742		5.702		16.015		15.737734		37.760
6.406		3.1514		0.0000		873.738		5.706		16.015		15.757010		37.800
6.410		3.1550		0.0000		873.735		5.709		16.025		15.774913		37.840
6.414		3.1581		0.0000		873.731		5.712		16.035		15.790749		37.880
6.414		3.1612		0.0000		873.728		5.715		16.035		15.805895		37.920
6.410		3.1645		0.0000		873.725		5.719		16.025		15.822418		37.960
6.406		3.1678		0.0000		873.722		5.722		16.015		15.838943		38.000
6.402		3.1710		0.0000		873.719		5.725		16.005		15.854778		38.040
6.398		3.1741		0.0000		873.715		5.728		15.995		15.870614		38.080
6.392		3.1773		0.0000		873.712		5.731		15.980		15.886450		38.120
6.388		3.1809		0.0000		873.709		5.735		15.970		15.904350		38.160
6.386		3.1846		0.0000		873.705		5.739		15.965		15.922939		38.200
6.386		3.1883		0.0000		873.701		5.743		15.965		15.941529		38.240
6.390		3.1916		0.0000		873.698		5.746		15.975		15.958054		38.280
6.390		3.1948		0.0000		873.695		5.749		15.975		15.973887		38.320
6.384		3.1979		0.0000		873.692		5.752		15.960		15.989723		38.360
6.378		3.2011		0.0000		873.688		5.755		15.945		16.005558		38.400
6.374		3.2043		0.0000		873.685		5.758		15.935		16.021395		38.440
6.368		3.2074		0.0000		873.682		5.762		15.920		16.037231		38.480
6.362		3.2106		0.0000		873.679		5.765		15.905		16.053066		38.521
6.358		3.2141		0.0000		873.676		5.768		15.895		16.070278		38.561
6.354		3.2178		0.0000		873.672		5.772		15.885		16.088867		38.601
6.354		3.2216		0.0000		873.668		5.776		15.885		16.108147		38.641
6.358		3.2251		0.0000		873.664		5.779		15.895		16.125359		38.681
6.360		3.2281		0.0000		873.661		5.782		15.900		16.140507		38.721
6.356		3.2313		0.0000		873.658		5.785		15.890		16.156342		38.761
6.348		3.2346		0.0000		873.655		5.789		15.870		16.172865		38.801
6.344		3.2377		0.0000		873.652		5.792		15.860		16.188700		38.841
6.338		3.2409		0.0000		873.649		5.795		15.845		16.204536		38.881
6.332		3.2441		0.0000		873.646		5.798		15.830		16.220371		38.921
6.328		3.2474		0.0000		873.642		5.802		15.820		16.236897		38.961
6.324		3.2510		0.0000		873.639		5.805		15.810		16.254797		39.001
6.322		3.2548		0.0000		873.635		5.809		15.805		16.274075		39.041
6.324		3.2584		0.0000		873.631		5.813		15.810		16.291977		39.081
6.328		3.2616		0.0000		873.628		5.816		15.820		16.307812		39.121
6.326		3.2647		0.0000		873.625		5.819		15.815		16.323647		39.161
6.320		3.2679		0.0000		873.622		5.822		15.800		16.339483		39.201
6.316		3.2712		0.0000		873.618		5.825		15.790		16.356007		39.241
6.312		3.2744		0.0000		873.615		5.829		15.780		16.371841		39.281
6.306		3.2775		0.0000		873.612		5.832		15.765		16.387676		39.321
6.302		3.2807		0.0000		873.609		5.835		15.755		16.403513		39.361
6.296		3.2843		0.0000		873.605		5.838		15.740		16.421413		39.401
6.294		3.2880		0.0000		873.602		5.842		15.735		16.440002		39.441
6.294		3.2917		0.0000		873.598		5.846		15.735		16.458591		39.481
6.300		3.2950		0.0000		873.595		5.849		15.750		16.475117		39.521
6.298		3.2981		0.0000		873.592		5.852		15.745		16.490265		39.561
6.294		3.3014		0.0000		873.588		5.856		15.735		16.506788		39.601
6.288		3.3045		0.0000		873.585		5.859		15.720		16.522621		39.641
6.284		3.3077		0.0000		873.582		5.862		15.710		16.538458		39.681
6.278		3.3109		0.0000		873.579		5.865		15.695		16.554295		39.721
6.274		3.3142		0.0000		873.575		5.868		15.685		16.570818		39.761
6.268		3.3175		0.0000		873.572		5.872		15.670		16.587343		39.801
6.264		3.3212		0.0000		873.568		5.875		15.660		16.605932		39.841
6.264		3.3250		0.0000		873.565		5.879		15.660		16.625210		39.881
6.268		3.3283		0.0000		873.561		5.883		15.670		16.641733		39.921
6.270		3.3315		0.0000		873.558		5.886		15.675		16.657570		39.961
6.266		3.3347		0.0000		873.555		5.889		15.665		16.673405		40.001
6.262		3.3380		0.0000		873.552		5.892		15.655		16.689928		40.041
6.256		3.3412		0.0000		873.548		5.895		15.640		16.705763		40.081
6.252		3.3443		0.0000		873.545		5.899		15.630		16.721600		40.121
6.246		3.3475		0.0000		873.542		5.902		15.615		16.737434		40.161
6.242		3.3508		0.0000		873.539		5.905		15.605		16.753960		40.201
6.238		3.3544		0.0000		873.535		5.909		15.595		16.771860		40.241
6.236		3.3582		0.0000		873.531		5.912		15.590		16.791138		40.281
6.238		3.3618		0.0000		873.528		5.916		15.595		16.809040		40.321
6.242		3.3648		0.0000		873.525		5.919		15.605		16.824186		40.361
6.240		3.3681		0.0000		873.521		5.922		15.600		16.840710		40.401
6.234		3.3713		0.0000		873.518		5.926		15.585		16.856546		40.441
6.228		3.3746		0.0000		873.515		5.929		15.570		16.873070		40.481
6.224		3.3778		0.0000		873.512		5.932		15.560		16.888905		40.521
6.220		3.3809		0.0000		873.509		5.935		15.550		16.904739		40.561
6.216		3.3841		0.0000		873.505		5.938		15.540		16.920576		40.601
6.212		3.3876		0.0000		873.502		5.942		15.530		16.937788		40.641
6.210		3.3914		0.0000		873.498		5.946		15.525		16.957066		40.681
6.212		3.3951		0.0000		873.494		5.949		15.530		16.975655		40.721
6.216		3.3983		0.0000		873.491		5.952		15.540		16.991491		40.761
6.216		3.4015		0.0000		873.488		5.956		15.540		17.007328		40.801
6.210		3.4048		0.0000		873.485		5.959		15.525		17.023851		40.841
6.206		3.4079		0.0000		873.482		5.962		15.515		17.039688		40.881
6.200		3.4111		0.0000		873.479		5.965		15.500		17.055521		40.921
