数据量:1029
试验力		变形		扩展变形		位置		位移		应力		应变		时间
0.010		0.0000		0.0000		876.918		2.704		0.025		0.000000		0.040
0.010		0.0034		0.0000		876.914		2.708		0.025		0.017213		0.080
0.012		0.0067		0.0000		876.911		2.711		0.030		0.033736		0.120
0.012		0.0105		0.0000		876.907		2.715		0.030		0.052326		0.160
0.014		0.0142		0.0000		876.904		2.719		0.035		0.070915		0.200
0.016		0.0174		0.0000		876.900		2.722		0.040		0.086751		0.240
0.018		0.0207		0.0000		876.897		2.725		0.045		0.103276		0.280
0.022		0.0238		0.0000		876.894		2.728		0.055		0.119110		0.320
0.024		0.0271		0.0000		876.891		2.732		0.060		0.135635		0.360
0.026		0.0303		0.0000		876.888		2.735		0.065		0.151470		0.400
0.030		0.0336		0.0000		876.884		2.738		0.075		0.167994		0.440
0.032		0.0368		0.0000		876.881		2.741		0.080		0.183830		0.480
0.036		0.0401		0.0000		876.878		2.744		0.090		0.200354		0.520
0.040		0.0437		0.0000		876.874		2.748		0.100		0.218254		0.560
0.044		0.0474		0.0000		876.870		2.752		0.110		0.236844		0.600
0.048		0.0507		0.0000		876.867		2.755		0.120		0.253369		0.640
0.054		0.0540		0.0000		876.864		2.758		0.135		0.269892		0.680
0.058		0.0573		0.0000		876.861		2.762		0.145		0.286416		0.720
0.062		0.0605		0.0000		876.857		2.765		0.155		0.302252		0.760
0.068		0.0638		0.0000		876.854		2.768		0.170		0.318776		0.800
0.074		0.0669		0.0000		876.851		2.771		0.185		0.334611		0.840
0.080		0.0702		0.0000		876.848		2.775		0.200		0.351136		0.880
0.086		0.0734		0.0000		876.844		2.778		0.215		0.366970		0.920
0.092		0.0770		0.0000		876.841		2.781		0.230		0.384872		0.960
0.100		0.0806		0.0000		876.837		2.785		0.250		0.402772		1.000
0.108		0.0843		0.0000		876.834		2.789		0.270		0.421362		1.040
0.116		0.0874		0.0000		876.830		2.792		0.290		0.437198		1.080
0.124		0.0906		0.0000		876.827		2.795		0.310		0.453033		1.120
0.132		0.0939		0.0000		876.824		2.798		0.330		0.469557		1.160
0.140		0.0971		0.0000		876.821		2.802		0.350		0.485393		1.200
0.148		0.1004		0.0000		876.817		2.805		0.370		0.501916		1.240
0.158		0.1036		0.0000		876.814		2.808		0.395		0.517752		1.280
0.166		0.1069		0.0000		876.811		2.811		0.415		0.534276		1.320
0.176		0.1102		0.0000		876.808		2.815		0.440		0.550801		1.360
0.186		0.1139		0.0000		876.804		2.818		0.465		0.569390		1.400
0.196		0.1175		0.0000		876.800		2.822		0.490		0.587291		1.440
0.208		0.1208		0.0000		876.797		2.825		0.520		0.603815		1.480
0.220		0.1241		0.0000		876.794		2.828		0.550		0.620339		1.520
0.230		0.1272		0.0000		876.791		2.832		0.575		0.636175		1.560
0.240		0.1305		0.0000		876.787		2.835		0.600		0.652698		1.600
0.252		0.1337		0.0000		876.784		2.838		0.630		0.668534		1.640
0.264		0.1370		0.0000		876.781		2.841		0.660		0.685058		1.680
0.274		0.1402		0.0000		876.778		2.845		0.685		0.700893		1.720
0.286		0.1435		0.0000		876.774		2.848		0.715		0.717417		1.760
0.298		0.1471		0.0000		876.771		2.851		0.745		0.735319		1.800
0.310		0.1506		0.0000		876.767		2.855		0.775		0.753219		1.840
0.322		0.1542		0.0000		876.764		2.859		0.805		0.771121		1.880
0.336		0.1574		0.0000		876.760		2.862		0.840		0.786955		1.920
0.348		0.1607		0.0000		876.757		2.865		0.870		0.803480		1.960
0.358		0.1639		0.0000		876.754		2.868		0.895		0.819315		2.000
0.370		0.1670		0.0000		876.751		2.871		0.925		0.835150		2.040
0.384		0.1703		0.0000		876.747		2.875		0.960		0.851675		2.080
0.398		0.1736		0.0000		876.744		2.878		0.995		0.868199		2.120
0.414		0.1768		0.0000		876.741		2.881		1.035		0.884035		2.160
0.430		0.1804		0.0000		876.737		2.885		1.075		0.901935		2.200
0.446		0.1838		0.0000		876.734		2.888		1.115		0.919148		2.240
0.464		0.1875		0.0000		876.730		2.892		1.160		0.937737		2.280
0.482		0.1909		0.0000		876.727		2.895		1.205		0.954261		2.320
0.498		0.1940		0.0000		876.724		2.898		1.245		0.970097		2.360
0.514		0.1973		0.0000		876.721		2.902		1.285		0.986621		2.400
0.530		0.2005		0.0000		876.717		2.905		1.325		1.002456		2.440
0.546		0.2038		0.0000		876.714		2.908		1.365		1.018981		2.480
0.564		0.2070		0.0000		876.711		2.911		1.410		1.034815		2.520
0.580		0.2101		0.0000		876.708		2.915		1.450		1.050651		2.560
0.596		0.2137		0.0000		876.704		2.918		1.490		1.068553		2.600
0.612		0.2173		0.0000		876.701		2.922		1.530		1.086453		2.640
0.628		0.2210		0.0000		876.697		2.925		1.570		1.105043		2.680
0.644		0.2242		0.0000		876.694		2.929		1.610		1.120878		2.720
0.658		0.2275		0.0000		876.690		2.932		1.645		1.137402		2.760
0.674		0.2306		0.0000		876.687		2.935		1.685		1.153238		2.800
0.690		0.2340		0.0000		876.684		2.938		1.725		1.169761		2.840
0.708		0.2371		0.0000		876.681		2.942		1.770		1.185597		2.880
0.724		0.2403		0.0000		876.678		2.945		1.810		1.201433		2.920
0.742		0.2436		0.0000		876.674		2.948		1.855		1.217957		2.960
0.760		0.2469		0.0000		876.671		2.951		1.900		1.234481		3.000
0.778		0.2505		0.0000		876.667		2.955		1.945		1.252382		3.040
0.796		0.2542		0.0000		876.664		2.959		1.990		1.270971		3.080
0.818		0.2576		0.0000		876.660		2.962		2.045		1.288184		3.120
0.838		0.2608		0.0000		876.657		2.965		2.095		1.304020		3.160
0.858		0.2641		0.0000		876.654		2.969		2.145		1.320543		3.200
0.876		0.2673		0.0000		876.651		2.972		2.190		1.336379		3.240
0.896		0.2706		0.0000		876.647		2.975		2.240		1.352903		3.280
0.914		0.2737		0.0000		876.644		2.978		2.285		1.368738		3.320
0.934		0.2769		0.0000		876.641		2.981		2.335		1.384574		3.360
0.952		0.2802		0.0000		876.638		2.985		2.380		1.401098		3.400
0.972		0.2838		0.0000		876.634		2.988		2.430		1.418998		3.440
0.994		0.2874		0.0000		876.630		2.992		2.485		1.436900		3.480
1.016		0.2910		0.0000		876.627		2.995		2.540		1.454800		3.520
1.040		0.2943		0.0000		876.624		2.999		2.600		1.471325		3.560
1.064		0.2974		0.0000		876.620		3.002		2.660		1.487160		3.600
1.086		0.3007		0.0000		876.617		3.005		2.715		1.503685		3.640
1.108		0.3039		0.0000		876.614		3.008		2.770		1.519520		3.680
1.130		0.3071		0.0000		876.611		3.011		2.825		1.535355		3.720
1.152		0.3104		0.0000		876.607		3.015		2.880		1.551880		3.760
1.176		0.3137		0.0000		876.604		3.018		2.940		1.568403		3.800
1.200		0.3170		0.0000		876.601		3.021		3.000		1.584927		3.840
1.224		0.3207		0.0000		876.597		3.025		3.060		1.603516		3.880
1.250		0.3243		0.0000		876.594		3.029		3.125		1.621418		3.920
1.276		0.3276		0.0000		876.590		3.032		3.190		1.637942		3.960
1.304		0.3309		0.0000		876.587		3.035		3.260		1.654466		4.000
1.330		0.3341		0.0000		876.584		3.038		3.325		1.670301		4.040
1.356		0.3374		0.0000		876.580		3.042		3.390		1.686826		4.080
1.382		0.3405		0.0000		876.577		3.045		3.455		1.702660		4.120
1.406		0.3437		0.0000		876.574		3.048		3.515		1.718496		4.160
1.434		0.3470		0.0000		876.571		3.051		3.585		1.735021		4.200
1.460		0.3502		0.0000		876.568		3.055		3.650		1.750855		4.240
1.486		0.3539		0.0000		876.564		3.058		3.715		1.769445		4.280
1.514		0.3576		0.0000		876.560		3.062		3.785		1.788034		4.320
1.544		0.3610		0.0000		876.557		3.065		3.860		1.805247		4.360
1.574		0.3642		0.0000		876.554		3.069		3.935		1.821083		4.400
1.602		0.3674		0.0000		876.550		3.072		4.005		1.836919		4.440
1.628		0.3707		0.0000		876.547		3.075		4.070		1.853442		4.480
1.654		0.3739		0.0000		876.544		3.078		4.135		1.869278		4.520
1.680		0.3772		0.0000		876.541		3.082		4.200		1.885802		4.560
1.706		0.3803		0.0000		876.537		3.085		4.265		1.901637		4.600
1.734		0.3836		0.0000		876.534		3.088		4.335		1.918161		4.640
1.762		0.3871		0.0000		876.531		3.092		4.405		1.935374		4.680
1.790		0.3909		0.0000		876.527		3.095		4.475		1.954652		4.720
1.820		0.3944		0.0000		876.523		3.099		4.550		1.971865		4.760
1.852		0.3977		0.0000		876.520		3.102		4.630		1.988388		4.800
1.882		0.4008		0.0000		876.517		3.105		4.705		2.004224		4.840
1.910		0.4041		0.0000		876.514		3.109		4.775		2.020748		4.880
1.936		0.4073		0.0000		876.510		3.112		4.840		2.036583		4.920
1.964		0.4105		0.0000		876.507		3.115		4.910		2.052419		4.960
1.990		0.4137		0.0000		876.504		3.118		4.975		2.068254		5.000
2.018		0.4170		0.0000		876.501		3.121		5.045		2.084779		5.040
2.044		0.4204		0.0000		876.497		3.125		5.110		2.101991		5.080
2.074		0.4241		0.0000		876.494		3.129		5.185		2.120581		5.120
2.104		0.4278		0.0000		876.490		3.132		5.260		2.139170		5.160
2.138		0.4311		0.0000		876.487		3.136		5.345		2.155694		5.200
2.170		0.4343		0.0000		876.484		3.139		5.425		2.171530		5.240
2.198		0.4375		0.0000		876.480		3.142		5.495		2.187365		5.280
2.226		0.4406		0.0000		876.477		3.145		5.565		2.203200		5.320
2.254		0.4439		0.0000		876.474		3.148		5.635		2.219725		5.360
2.284		0.4471		0.0000		876.471		3.152		5.710		2.235559		5.400
2.312		0.4504		0.0000		876.467		3.155		5.780		2.252084		5.440
2.340		0.4537		0.0000		876.464		3.158		5.850		2.268608		5.480
2.368		0.4573		0.0000		876.461		3.162		5.920		2.286509		5.520
2.400		0.4610		0.0000		876.457		3.165		6.000		2.305099		5.560
2.434		0.4645		0.0000		876.453		3.169		6.085		2.322310		5.600
2.466		0.4676		0.0000		876.450		3.172		6.165		2.338146		5.640
2.498		0.4709		0.0000		876.447		3.175		6.245		2.354671		5.680
2.526		0.4741		0.0000		876.444		3.179		6.315		2.370505		5.720
2.556		0.4773		0.0000		876.441		3.182		6.390		2.386341		5.760
2.584		0.4806		0.0000		876.437		3.185		6.460		2.402866		5.800
2.612		0.4837		0.0000		876.434		3.188		6.530		2.418700		5.840
2.642		0.4869		0.0000		876.431		3.191		6.605		2.434536		5.880
2.670		0.4906		0.0000		876.427		3.195		6.675		2.453126		5.920
2.702		0.4943		0.0000		876.423		3.199		6.755		2.471715		5.960
2.734		0.4979		0.0000		876.420		3.202		6.835		2.489617		6.000
2.768		0.5011		0.0000		876.417		3.206		6.920		2.505451		6.040
2.800		0.5043		0.0000		876.414		3.209		7.000		2.521287		6.080
2.828		0.5074		0.0000		876.410		3.212		7.070		2.537123		6.120
2.856		0.5107		0.0000		876.407		3.215		7.140		2.553647		6.160
2.886		0.5139		0.0000		876.404		3.218		7.215		2.569482		6.200
2.914		0.5172		0.0000		876.401		3.222		7.285		2.586006		6.240
2.944		0.5204		0.0000		876.397		3.225		7.360		2.601842		6.280
2.972		0.5238		0.0000		876.394		3.228		7.430		2.619054		6.320
3.002		0.5275		0.0000		876.390		3.232		7.505		2.637644		6.360
3.034		0.5312		0.0000		876.387		3.236		7.585		2.656233		6.400
3.068		0.5346		0.0000		876.383		3.239		7.670		2.672757		6.440
3.100		0.5377		0.0000		876.380		3.242		7.750		2.688593		6.480
3.128		0.5409		0.0000		876.377		3.245		7.820		2.704428		6.520
3.156		0.5442		0.0000		876.374		3.249		7.890		2.720952		6.560
3.184		0.5474		0.0000		876.370		3.252		7.960		2.736788		6.600
3.212		0.5505		0.0000		876.367		3.255		8.030		2.752624		6.640
3.240		0.5537		0.0000		876.364		3.258		8.100		2.768459		6.680
3.268		0.5570		0.0000		876.361		3.261		8.170		2.784983		6.720
3.296		0.5607		0.0000		876.357		3.265		8.240		2.803572		6.760
3.328		0.5646		0.0000		876.353		3.269		8.320		2.822850		6.800
3.360		0.5679		0.0000		876.350		3.272		8.400		2.839375		6.840
3.392		0.5710		0.0000		876.347		3.275		8.480		2.855210		6.880
3.420		0.5742		0.0000		876.344		3.279		8.550		2.871045		6.920
3.448		0.5775		0.0000		876.340		3.282		8.620		2.887570		6.960
3.474		0.5807		0.0000		876.337		3.285		8.685		2.903404		7.000
3.502		0.5840		0.0000		876.334		3.288		8.755		2.919929		7.040
3.528		0.5872		0.0000		876.331		3.292		8.820		2.935765		7.080
3.556		0.5905		0.0000		876.327		3.295		8.890		2.952288		7.120
3.584		0.5940		0.0000		876.324		3.298		8.960		2.970189		7.160
3.612		0.5978		0.0000		876.320		3.302		9.030		2.988778		7.200
3.644		0.6012		0.0000		876.317		3.306		9.110		3.005991		7.240
3.676		0.6045		0.0000		876.313		3.309		9.190		3.022516		7.280
3.706		0.6077		0.0000		876.310		3.312		9.265		3.038350		7.320
3.734		0.6108		0.0000		876.307		3.315		9.335		3.054186		7.360
3.760		0.6141		0.0000		876.304		3.319		9.400		3.070711		7.400
3.786		0.6173		0.0000		876.301		3.322		9.465		3.086545		7.440
3.812		0.6205		0.0000		876.297		3.325		9.530		3.102381		7.480
3.838		0.6238		0.0000		876.294		3.328		9.595		3.118905		7.520
3.864		0.6272		0.0000		876.291		3.332		9.660		3.136117		7.560
3.892		0.6309		0.0000		876.287		3.335		9.730		3.154707		7.600
3.922		0.6347		0.0000		876.283		3.339		9.805		3.173296		7.640
3.952		0.6380		0.0000		876.280		3.342		9.880		3.189821		7.680
3.982		0.6410		0.0000		876.277		3.345		9.955		3.204968		7.720
4.008		0.6443		0.0000		876.273		3.349		10.020		3.221492		7.760
4.032		0.6475		0.0000		876.270		3.352		10.080		3.237327		7.800
4.056		0.6508		0.0000		876.267		3.355		10.140		3.253851		7.840
4.080		0.6539		0.0000		876.264		3.358		10.200		3.269687		7.880
4.106		0.6571		0.0000		876.261		3.362		10.265		3.285522		7.920
4.128		0.6605		0.0000		876.257		3.365		10.320		3.302735		7.960
4.154		0.6641		0.0000		876.254		3.369		10.385		3.320636		8.000
4.180		0.6680		0.0000		876.250		3.372		10.450		3.339914		8.040
4.210		0.6713		0.0000		876.247		3.376		10.525		3.356438		8.080
4.238		0.6745		0.0000		876.243		3.379		10.595		3.372273		8.120
4.262		0.6776		0.0000		876.240		3.382		10.655		3.388109		8.160
4.286		0.6809		0.0000		876.237		3.385		10.715		3.404633		8.200
4.308		0.6842		0.0000		876.234		3.389		10.770		3.421156		8.240
4.330		0.6873		0.0000		876.231		3.392		10.825		3.436304		8.280
4.352		0.6906		0.0000		876.227		3.395		10.880		3.452828		8.320
4.374		0.6937		0.0000		876.224		3.398		10.935		3.468664		8.360
4.396		0.6975		0.0000		876.220		3.402		10.990		3.487253		8.400
4.420		0.7012		0.0000		876.217		3.406		11.050		3.505843		8.440
4.446		0.7047		0.0000		876.213		3.409		11.115		3.523743		8.480
4.474		0.7079		0.0000		876.210		3.412		11.185		3.539579		8.520
4.496		0.7109		0.0000		876.207		3.415		11.240		3.554726		8.560
4.516		0.7142		0.0000		876.204		3.419		11.290		3.571249		8.600
4.536		0.7176		0.0000		876.200		3.422		11.340		3.587774		8.640
4.556		0.7207		0.0000		876.197		3.425		11.390		3.603610		8.680
4.576		0.7239		0.0000		876.194		3.428		11.440		3.619444		8.720
4.594		0.7271		0.0000		876.191		3.431		11.485		3.635280		8.760
4.614		0.7306		0.0000		876.187		3.435		11.535		3.653182		8.800
4.634		0.7344		0.0000		876.183		3.439		11.585		3.671771		8.840
4.658		0.7381		0.0000		876.180		3.443		11.645		3.690361		8.880
4.682		0.7412		0.0000		876.177		3.446		11.705		3.706195		8.920
4.706		0.7445		0.0000		876.173		3.449		11.765		3.722720		8.960
4.724		0.7477		0.0000		876.170		3.452		11.810		3.738555		9.000
4.742		0.7509		0.0000		876.167		3.455		11.855		3.754390		9.040
4.758		0.7540		0.0000		876.164		3.458		11.895		3.770226		9.080
4.776		0.7573		0.0000		876.160		3.462		11.940		3.786750		9.120
4.792		0.7605		0.0000		876.157		3.465		11.980		3.802586		9.160
4.808		0.7638		0.0000		876.154		3.468		12.020		3.819110		9.200
4.826		0.7675		0.0000		876.150		3.472		12.065		3.837700		9.240
4.846		0.7714		0.0000		876.146		3.476		12.115		3.856977		9.280
4.868		0.7747		0.0000		876.143		3.479		12.170		3.873501		9.320
4.890		0.7779		0.0000		876.140		3.482		12.225		3.889337		9.360
4.906		0.7810		0.0000		876.137		3.485		12.265		3.905172		9.400
4.920		0.7843		0.0000		876.133		3.489		12.300		3.921696		9.440
4.934		0.7875		0.0000		876.130		3.492		12.335		3.937532		9.480
4.950		0.7907		0.0000		876.127		3.495		12.375		3.953367		9.520
4.964		0.7938		0.0000		876.124		3.498		12.410		3.969203		9.560
4.978		0.7971		0.0000		876.121		3.502		12.445		3.985727		9.600
4.992		0.8009		0.0000		876.117		3.505		12.480		4.004316		9.640
5.008		0.8046		0.0000		876.113		3.509		12.520		4.022906		9.680
5.028		0.8082		0.0000		876.110		3.513		12.570		4.040806		9.720
5.046		0.8113		0.0000		876.107		3.516		12.615		4.056642		9.760
5.062		0.8145		0.0000		876.103		3.519		12.655		4.072478		9.800
5.074		0.8177		0.0000		876.100		3.522		12.685		4.088314		9.840
5.086		0.8210		0.0000		876.097		3.525		12.715		4.104837		9.880
5.098		0.8241		0.0000		876.094		3.529		12.745		4.120673		9.920
5.110		0.8273		0.0000		876.091		3.532		12.775		4.136509		9.960
5.122		0.8305		0.0000		876.087		3.535		12.805		4.152343		10.000
5.134		0.8340		0.0000		876.084		3.538		12.835		4.170245		10.040
5.146		0.8378		0.0000		876.080		3.542		12.865		4.188834		10.080
5.162		0.8415		0.0000		876.076		3.546		12.905		4.207424		10.120
5.180		0.8448		0.0000		876.073		3.549		12.950		4.223948		10.160
5.194		0.8478		0.0000		876.070		3.552		12.985		4.239094		10.200
5.204		0.8511		0.0000		876.067		3.556		13.010		4.255619		10.240
5.214		0.8543		0.0000		876.064		3.559		13.035		4.271455		10.280
5.222		0.8575		0.0000		876.060		3.562		13.055		4.287290		10.320
5.232		0.8606		0.0000		876.057		3.565		13.080		4.303125		10.360
5.240		0.8639		0.0000		876.054		3.568		13.100		4.319649		10.400
5.250		0.8672		0.0000		876.051		3.572		13.125		4.336174		10.440
5.260		0.8710		0.0000		876.047		3.575		13.150		4.354763		10.480
5.272		0.8748		0.0000		876.043		3.579		13.180		4.374041		10.520
5.288		0.8781		0.0000		876.040		3.583		13.220		4.390565		10.560
5.302		0.8813		0.0000		876.037		3.586		13.255		4.406400		10.600
5.312		0.8844		0.0000		876.033		3.589		13.280		4.422235		10.640
5.320		0.8878		0.0000		876.030		3.592		13.300		4.438760		10.680
5.328		0.8909		0.0000		876.027		3.595		13.320		4.454595		10.720
5.336		0.8941		0.0000		876.024		3.599		13.340		4.470430		10.760
5.344		0.8973		0.0000		876.021		3.602		13.360		4.486266		10.800
5.352		0.9006		0.0000		876.017		3.605		13.380		4.502790		10.840
5.360		0.9043		0.0000		876.014		3.609		13.400		4.521379		10.880
5.370		0.9081		0.0000		876.010		3.613		13.425		4.540658		10.920
5.384		0.9116		0.0000		876.006		3.616		13.460		4.557871		10.960
5.398		0.9147		0.0000		876.003		3.619		13.495		4.573707		11.000
5.408		0.9179		0.0000		876.000		3.622		13.520		4.589541		11.040
5.414		0.9212		0.0000		875.997		3.626		13.535		4.606066		11.080
5.420		0.9244		0.0000		875.993		3.629		13.550		4.621901		11.120
5.426		0.9275		0.0000		875.990		3.632		13.565		4.637736		11.160
5.432		0.9307		0.0000		875.987		3.635		13.580		4.653572		11.200
5.438		0.9339		0.0000		875.984		3.638		13.595		4.669408		11.240
5.444		0.9375		0.0000		875.980		3.642		13.610		4.687308		11.280
5.452		0.9413		0.0000		875.977		3.646		13.630		4.706587		11.320
5.464		0.9449		0.0000		875.973		3.649		13.660		4.724487		11.360
5.476		0.9481		0.0000		875.970		3.652		13.690		4.740323		11.400
5.486		0.9512		0.0000		875.967		3.656		13.715		4.756159		11.440
5.492		0.9545		0.0000		875.963		3.659		13.730		4.772682		11.480
5.496		0.9578		0.0000		875.960		3.662		13.740		4.789206		11.520
5.502		0.9609		0.0000		875.957		3.665		13.755		4.804354		11.560
5.508		0.9640		0.0000		875.954		3.668		13.770		4.820189		11.600
5.512		0.9672		0.0000		875.951		3.672		13.780		4.836024		11.640
5.516		0.9708		0.0000		875.947		3.675		13.790		4.853926		11.680
5.522		0.9746		0.0000		875.943		3.679		13.805		4.873203		11.720
5.532		0.9782		0.0000		875.940		3.683		13.830		4.891105		11.760
5.544		0.9815		0.0000		875.936		3.686		13.860		4.907628		11.800
5.552		0.9847		0.0000		875.933		3.689		13.880		4.923464		11.840
5.558		0.9879		0.0000		875.930		3.692		13.895		4.939300		11.880
5.560		0.9912		0.0000		875.927		3.696		13.900		4.955823		11.920
5.564		0.9943		0.0000		875.924		3.699		13.910		4.971659		11.960
5.568		0.9975		0.0000		875.920		3.702		13.920		4.987494		12.000
5.572		1.0007		0.0000		875.917		3.705		13.930		5.003329		12.040
5.574		1.0040		0.0000		875.914		3.708		13.935		5.019855		12.080
5.580		1.0077		0.0000		875.910		3.712		13.950		5.038444		12.120
5.586		1.0114		0.0000		875.906		3.716		13.965		5.057034		12.160
5.596		1.0150		0.0000		875.903		3.719		13.990		5.074934		12.200
5.606		1.0182		0.0000		875.900		3.723		14.015		5.090770		12.240
5.612		1.0213		0.0000		875.896		3.726		14.030		5.106606		12.280
5.614		1.0245		0.0000		875.893		3.729		14.035		5.122440		12.320
5.618		1.0278		0.0000		875.890		3.732		14.045		5.138965		12.360
5.620		1.0310		0.0000		875.887		3.735		14.050		5.154799		12.400
5.622		1.0340		0.0000		875.884		3.738		14.055		5.169947		12.440
5.624		1.0373		0.0000		875.881		3.742		14.060		5.186471		12.480
5.628		1.0409		0.0000		875.877		3.745		14.070		5.204372		12.520
5.632		1.0447		0.0000		875.873		3.749		14.080		5.223650		12.560
5.642		1.0484		0.0000		875.869		3.753		14.105		5.242239		12.600
5.652		1.0515		0.0000		875.866		3.756		14.130		5.257386		12.640
5.658		1.0546		0.0000		875.863		3.759		14.145		5.273222		12.680
5.660		1.0579		0.0000		875.860		3.762		14.150		5.289745		12.720
5.662		1.0613		0.0000		875.857		3.766		14.155		5.306270		12.760
5.666		1.0644		0.0000		875.853		3.769		14.165		5.322106		12.800
5.668		1.0675		0.0000		875.850		3.772		14.170		5.337253		12.840
5.670		1.0708		0.0000		875.847		3.775		14.175		5.353776		12.880
5.674		1.0742		0.0000		875.844		3.779		14.185		5.370989		12.920
5.678		1.0779		0.0000		875.840		3.782		14.195		5.389578		12.960
5.684		1.0816		0.0000		875.836		3.786		14.210		5.408168		13.000
5.692		1.0849		0.0000		875.833		3.789		14.230		5.424691		13.040
5.700		1.0881		0.0000		875.830		3.793		14.250		5.440527		13.080
5.704		1.0914		0.0000		875.826		3.796		14.260		5.457051		13.120
5.706		1.0946		0.0000		875.823		3.799		14.265		5.472887		13.160
5.708		1.0977		0.0000		875.820		3.802		14.270		5.488722		13.200
5.710		1.1009		0.0000		875.817		3.805		14.275		5.504558		13.240
5.712		1.1041		0.0000		875.814		3.809		14.280		5.520394		13.280
5.714		1.1074		0.0000		875.810		3.812		14.285		5.536918		13.320
5.716		1.1111		0.0000		875.807		3.816		14.290		5.555507		13.360
5.722		1.1151		0.0000		875.803		3.820		14.305		5.575473		13.400
5.732		1.1184		0.0000		875.799		3.823		14.330		5.591997		13.440
5.740		1.1214		0.0000		875.796		3.826		14.350		5.607145		13.480
5.744		1.1247		0.0000		875.793		3.829		14.360		5.623669		13.520
5.746		1.1280		0.0000		875.790		3.832		14.365		5.640192		13.560
5.746		1.1312		0.0000		875.787		3.836		14.365		5.656028		13.600
5.748		1.1342		0.0000		875.784		3.839		14.370		5.671175		13.640
5.750		1.1375		0.0000		875.780		3.842		14.375		5.687699		13.680
5.752		1.1408		0.0000		875.777		3.845		14.380		5.704223		13.720
5.754		1.1443		0.0000		875.774		3.849		14.385		5.721436		13.760
5.758		1.1481		0.0000		875.770		3.853		14.395		5.740713		13.800
5.766		1.1519		0.0000		875.766		3.856		14.415		5.759302		13.840
5.774		1.1549		0.0000		875.763		3.859		14.435		5.774450		13.880
5.780		1.1581		0.0000		875.760		3.862		14.450		5.790285		13.920
5.782		1.1614		0.0000		875.756		3.866		14.455		5.806809		13.960
5.782		1.1645		0.0000		875.753		3.869		14.455		5.822644		14.000
5.784		1.1677		0.0000		875.750		3.872		14.460		5.838480		14.040
5.786		1.1710		0.0000		875.747		3.875		14.465		5.855005		14.080
5.788		1.1742		0.0000		875.744		3.879		14.470		5.870839		14.120
5.790		1.1775		0.0000		875.740		3.882		14.475		5.887364		14.160
5.792		1.1813		0.0000		875.737		3.886		14.480		5.906641		14.200
5.800		1.1852		0.0000		875.733		3.890		14.500		5.925920		14.240
5.810		1.1884		0.0000		875.729		3.893		14.525		5.941756		14.280
5.818		1.1915		0.0000		875.726		3.896		14.545		5.957590		14.320
5.820		1.1948		0.0000		875.723		3.899		14.550		5.974115		14.360
5.822		1.1980		0.0000		875.720		3.902		14.555		5.989951		14.400
5.822		1.2012		0.0000		875.717		3.906		14.555		6.005785		14.440
5.824		1.2043		0.0000		875.714		3.909		14.560		6.021621		14.480
5.826		1.2075		0.0000		875.710		3.912		14.565		6.037457		14.520
5.828		1.2108		0.0000		875.707		3.915		14.570		6.053981		14.560
5.830		1.2145		0.0000		875.703		3.919		14.575		6.072570		14.600
5.834		1.2184		0.0000		875.699		3.923		14.585		6.091848		14.640
5.844		1.2218		0.0000		875.696		3.926		14.610		6.109061		14.680
5.852		1.2250		0.0000		875.693		3.929		14.630		6.124896		14.720
5.856		1.2281		0.0000		875.690		3.933		14.640		6.140732		14.760
5.858		1.2313		0.0000		875.687		3.936		14.645		6.156568		14.800
5.858		1.2346		0.0000		875.683		3.939		14.645		6.173091		14.840
5.860		1.2378		0.0000		875.680		3.942		14.650		6.188927		14.880
5.860		1.2410		0.0000		875.677		3.945		14.650		6.204762		14.920
5.862		1.2441		0.0000		875.674		3.949		14.655		6.220598		14.960
5.862		1.2478		0.0000		875.670		3.952		14.655		6.239188		15.000
5.866		1.2517		0.0000		875.666		3.956		14.665		6.258465		15.040
5.874		1.2553		0.0000		875.663		3.960		14.685		6.276367		15.080
5.884		1.2584		0.0000		875.659		3.963		14.710		6.292201		15.120
5.888		1.2616		0.0000		875.656		3.966		14.720		6.308037		15.160
5.890		1.2648		0.0000		875.653		3.969		14.725		6.323873		15.200
5.890		1.2679		0.0000		875.650		3.972		14.725		6.339708		15.240
5.892		1.2711		0.0000		875.647		3.976		14.730		6.355544		15.280
5.894		1.2743		0.0000		875.644		3.979		14.735		6.371379		15.320
5.894		1.2776		0.0000		875.640		3.982		14.735		6.387904		15.360
5.896		1.2810		0.0000		875.637		3.985		14.740		6.405116		15.400
5.898		1.2847		0.0000		875.633		3.989		14.745		6.423706		15.440
5.904		1.2886		0.0000		875.629		3.993		14.760		6.442983		15.480
5.912		1.2919		0.0000		875.626		3.996		14.780		6.459507		15.520
5.918		1.2951		0.0000		875.623		3.999		14.795		6.475343		15.560
5.920		1.2982		0.0000		875.620		4.003		14.800		6.491179		15.600
5.920		1.3013		0.0000		875.617		4.006		14.800		6.506325		15.640
5.920		1.3046		0.0000		875.613		4.009		14.800		6.522850		15.680
5.920		1.3077		0.0000		875.610		4.012		14.800		6.538686		15.720
5.920		1.3109		0.0000		875.607		4.015		14.800		6.554522		15.760
5.922		1.3142		0.0000		875.604		4.019		14.805		6.571044		15.800
5.924		1.3179		0.0000		875.600		4.022		14.810		6.589633		15.840
5.928		1.3219		0.0000		875.596		4.026		14.820		6.609601		15.880
5.936		1.3254		0.0000		875.592		4.030		14.840		6.626812		15.920
5.942		1.3284		0.0000		875.589		4.033		14.855		6.641959		15.960
5.946		1.3316		0.0000		875.586		4.036		14.865		6.657795		16.000
5.946		1.3349		0.0000		875.583		4.039		14.865		6.674319		16.040
5.946		1.3380		0.0000		875.580		4.042		14.865		6.690155		16.080
5.946		1.3412		0.0000		875.577		4.046		14.865		6.705991		16.120
5.946		1.3444		0.0000		875.573		4.049		14.865		6.721827		16.160
5.946		1.3475		0.0000		875.570		4.052		14.865		6.737660		16.200
5.948		1.3511		0.0000		875.567		4.056		14.870		6.755563		16.240
5.952		1.3551		0.0000		875.563		4.060		14.880		6.775528		16.280
5.958		1.3587		0.0000		875.559		4.063		14.895		6.793428		16.320
5.968		1.3619		0.0000		875.556		4.066		14.920		6.809264		16.360
5.972		1.3650		0.0000		875.553		4.069		14.930		6.825100		16.400
5.974		1.3682		0.0000		875.550		4.073		14.935		6.840936		16.440
5.974		1.3714		0.0000		875.546		4.076		14.935		6.856771		16.480
5.974		1.3745		0.0000		875.543		4.079		14.935		6.872607		16.520
5.974		1.3777		0.0000		875.540		4.082		14.935		6.888443		16.560
5.976		1.3810		0.0000		875.537		4.085		14.940		6.904965		16.600
5.976		1.3843		0.0000		875.534		4.089		14.940		6.921491		16.640
5.978		1.3883		0.0000		875.530		4.093		14.945		6.941458		16.680
5.984		1.3920		0.0000		875.526		4.096		14.960		6.960048		16.720
5.994		1.3952		0.0000		875.523		4.100		14.985		6.975883		16.760
6.000		1.3983		0.0000		875.519		4.103		15.000		6.991719		16.800
6.000		1.4015		0.0000		875.516		4.106		15.000		7.007552		16.840
6.002		1.4048		0.0000		875.513		4.109		15.005		7.024077		16.880
6.002		1.4080		0.0000		875.510		4.112		15.005		7.039913		16.920
6.002		1.4111		0.0000		875.507		4.116		15.005		7.055749		16.960
6.002		1.4145		0.0000		875.503		4.119		15.005		7.072273		17.000
6.004		1.4176		0.0000		875.500		4.122		15.010		7.088107		17.040
6.004		1.4213		0.0000		875.496		4.126		15.010		7.106696		17.080
6.008		1.4253		0.0000		875.492		4.130		15.020		7.126664		17.120
6.014		1.4286		0.0000		875.489		4.133		15.035		7.143188		17.160
6.022		1.4318		0.0000		875.486		4.136		15.055		7.159024		17.200
6.024		1.4350		0.0000		875.483		4.139		15.060		7.174858		17.240
6.022		1.4381		0.0000		875.480		4.143		15.055		7.190694		17.280
6.022		1.4413		0.0000		875.477		4.146		15.055		7.206530		17.320
6.022		1.4446		0.0000		875.473		4.149		15.055		7.223054		17.360
6.022		1.4478		0.0000		875.470		4.152		15.055		7.238890		17.400
6.022		1.4508		0.0000		875.467		4.155		15.055		7.254037		17.440
6.024		1.4547		0.0000		875.463		4.159		15.060		7.273315		17.480
6.026		1.4585		0.0000		875.459		4.163		15.065		7.292591		17.520
6.034		1.4621		0.0000		875.456		4.167		15.085		7.310494		17.560
6.042		1.4651		0.0000		875.453		4.170		15.105		7.325641		17.600
6.046		1.4684		0.0000		875.449		4.173		15.115		7.342163		17.640
6.046		1.4716		0.0000		875.446		4.176		15.115		7.357999		17.680
6.046		1.4748		0.0000		875.443		4.179		15.115		7.373835		17.720
6.046		1.4779		0.0000		875.440		4.182		15.115		7.389670		17.760
6.046		1.4811		0.0000		875.437		4.186		15.115		7.405506		17.800
6.048		1.4843		0.0000		875.434		4.189		15.120		7.421342		17.840
6.048		1.4878		0.0000		875.430		4.192		15.120		7.439242		17.880
6.050		1.4917		0.0000		875.426		4.196		15.125		7.458521		17.920
6.056		1.4954		0.0000		875.422		4.200		15.140		7.477111		17.960
6.064		1.4986		0.0000		875.419		4.203		15.160		7.492947		18.000
6.070		1.5018		0.0000		875.416		4.206		15.175		7.508782		18.040
6.072		1.5049		0.0000		875.413		4.209		15.180		7.524618		18.080
6.070		1.5081		0.0000		875.410		4.213		15.175		7.540451		18.120
6.070		1.5114		0.0000		875.406		4.216		15.175		7.556976		18.160
6.070		1.5146		0.0000		875.403		4.219		15.175		7.572812		18.200
6.070		1.5176		0.0000		875.400		4.222		15.175		7.587958		18.240
6.070		1.5210		0.0000		875.397		4.225		15.175		7.605172		18.280
6.072		1.5249		0.0000		875.393		4.229		15.180		7.624449		18.320
6.076		1.5287		0.0000		875.389		4.233		15.190		7.643727		18.360
6.084		1.5321		0.0000		875.386		4.236		15.210		7.660252		18.400
6.090		1.5351		0.0000		875.383		4.240		15.225		7.675399		18.440
6.092		1.5384		0.0000		875.379		4.243		15.230		7.691923		18.480
6.092		1.5416		0.0000		875.376		4.246		15.230		7.707757		18.520
6.092		1.5449		0.0000		875.373		4.249		15.230		7.724281		18.560
6.094		1.5479		0.0000		875.370		4.252		15.235		7.739429		18.600
6.094		1.5511		0.0000		875.367		4.255		15.235		7.755264		18.640
6.094		1.5544		0.0000		875.363		4.259		15.235		7.771789		18.680
6.096		1.5581		0.0000		875.360		4.263		15.240		7.790379		18.720
6.098		1.5619		0.0000		875.356		4.266		15.245		7.809657		18.760
6.106		1.5655		0.0000		875.352		4.270		15.265		7.827558		18.800
6.112		1.5685		0.0000		875.349		4.273		15.280		7.842704		18.840
6.116		1.5717		0.0000		875.346		4.276		15.290		7.858540		18.880
6.116		1.5750		0.0000		875.343		4.279		15.290		7.875062		18.920
6.114		1.5782		0.0000		875.340		4.283		15.285		7.890898		18.960
6.114		1.5813		0.0000		875.336		4.286		15.285		7.906734		19.000
6.114		1.5844		0.0000		875.333		4.289		15.285		7.921881		19.040
6.114		1.5877		0.0000		875.330		4.292		15.285		7.938405		19.080
6.114		1.5913		0.0000		875.327		4.296		15.285		7.956306		19.120
6.116		1.5951		0.0000		875.323		4.300		15.290		7.975584		19.160
6.122		1.5988		0.0000		875.319		4.303		15.305		7.994174		19.200
6.130		1.6020		0.0000		875.316		4.306		15.325		8.010010		19.240
6.136		1.6052		0.0000		875.313		4.310		15.340		8.025846		19.280
6.136		1.6083		0.0000		875.310		4.313		15.340		8.041681		19.320
6.134		1.6116		0.0000		875.306		4.316		15.335		8.058204		19.360
6.134		1.6148		0.0000		875.303		4.319		15.335		8.074039		19.400
6.134		1.6178		0.0000		875.300		4.322		15.335		8.089186		19.440
6.134		1.6211		0.0000		875.297		4.326		15.335		8.105711		19.480
6.134		1.6246		0.0000		875.293		4.329		15.335		8.122922		19.520
6.136		1.6283		0.0000		875.290		4.333		15.340		8.141512		19.560
6.140		1.6322		0.0000		875.286		4.337		15.350		8.160790		19.600
6.148		1.6353		0.0000		875.282		4.340		15.370		8.176626		19.640
6.154		1.6386		0.0000		875.279		4.343		15.385		8.193151		19.680
6.156		1.6418		0.0000		875.276		4.346		15.390		8.208986		19.720
6.156		1.6450		0.0000		875.273		4.349		15.390		8.224822		19.760
6.156		1.6481		0.0000		875.270		4.353		15.390		8.240656		19.800
6.156		1.6513		0.0000		875.267		4.356		15.390		8.256492		19.840
6.156		1.6545		0.0000		875.263		4.359		15.390		8.272327		19.880
6.156		1.6578		0.0000		875.260		4.362		15.390		8.288852		19.920
6.156		1.6615		0.0000		875.256		4.366		15.390		8.307442		19.960
6.158		1.6653		0.0000		875.253		4.370		15.395		8.326720		20.000
6.166		1.6688		0.0000		875.249		4.373		15.415		8.343931		20.040
6.174		1.6720		0.0000		875.246		4.376		15.435		8.359767		20.080
6.176		1.6751		0.0000		875.243		4.380		15.440		8.375603		20.120
6.176		1.6784		0.0000		875.239		4.383		15.440		8.392128		20.160
6.176		1.6816		0.0000		875.236		4.386		15.440		8.407964		20.200
6.176		1.6846		0.0000		875.233		4.389		15.440		8.423110		20.240
6.176		1.6879		0.0000		875.230		4.392		15.440		8.439632		20.280
6.178		1.6912		0.0000		875.227		4.396		15.445		8.456158		20.320
6.178		1.6947		0.0000		875.223		4.399		15.445		8.473369		20.360
6.180		1.6985		0.0000		875.219		4.403		15.450		8.492647		20.400
6.186		1.7022		0.0000		875.216		4.407		15.465		8.511237		20.440
6.192		1.7054		0.0000		875.212		4.410		15.480		8.527073		20.480
6.198		1.7086		0.0000		875.209		4.413		15.495		8.542909		20.520
6.198		1.7117		0.0000		875.206		4.416		15.495		8.558744		20.560
6.198		1.7149		0.0000		875.203		4.419		15.495		8.574580		20.600
6.198		1.7182		0.0000		875.200		4.423		15.495		8.591103		20.640
6.196		1.7214		0.0000		875.196		4.426		15.490		8.606938		20.680
6.198		1.7246		0.0000		875.193		4.429		15.495		8.622774		20.720
6.196		1.7279		0.0000		875.190		4.432		15.490		8.639298		20.760
6.198		1.7317		0.0000		875.186		4.436		15.495		8.658577		20.800
6.202		1.7354		0.0000		875.182		4.440		15.505		8.677167		20.840
6.210		1.7389		0.0000		875.179		4.443		15.525		8.694378		20.880
6.216		1.7419		0.0000		875.176		4.446		15.540		8.709525		20.920
6.218		1.7452		0.0000		875.173		4.450		15.545		8.726049		20.960
6.216		1.7484		0.0000		875.169		4.453		15.540		8.741885		21.000
6.216		1.7515		0.0000		875.166		4.456		15.540		8.757721		21.040
6.216		1.7547		0.0000		875.163		4.459		15.540		8.773557		21.080
6.216		1.7579		0.0000		875.160		4.462		15.540		8.789391		21.120
6.216		1.7612		0.0000		875.157		4.466		15.540		8.805915		21.160
6.218		1.7649		0.0000		875.153		4.469		15.545		8.824505		21.200
6.222		1.7688		0.0000		875.149		4.473		15.555		8.843783		21.240
6.230		1.7722		0.0000		875.146		4.477		15.575		8.860994		21.280
6.238		1.7754		0.0000		875.142		4.480		15.595		8.876830		21.320
6.242		1.7785		0.0000		875.139		4.483		15.605		8.892666		21.360
6.242		1.7818		0.0000		875.136		4.486		15.605		8.909191		21.400
6.240		1.7850		0.0000		875.133		4.489		15.600		8.925027		21.440
6.240		1.7882		0.0000		875.130		4.493		15.600		8.940863		21.480
6.240		1.7913		0.0000		875.126		4.496		15.600		8.956696		21.520
6.240		1.7945		0.0000		875.123		4.499		15.600		8.972531		21.560
6.240		1.7981		0.0000		875.120		4.503		15.600		8.990435		21.600
6.242		1.8019		0.0000		875.116		4.506		15.605		9.009710		21.640
6.248		1.8057		0.0000		875.112		4.510		15.620		9.028300		21.680
6.256		1.8088		0.0000		875.109		4.513		15.640		9.044136		21.720
6.260		1.8120		0.0000		875.106		4.516		15.650		9.059972		21.760
6.260		1.8152		0.0000		875.103		4.520		15.650		9.075808		21.800
6.260		1.8183		0.0000		875.099		4.523		15.650		9.091643		21.840
6.260		1.8216		0.0000		875.096		4.526		15.650		9.108168		21.880
6.260		1.8248		0.0000		875.093		4.529		15.650		9.124002		21.920
6.260		1.8280		0.0000		875.090		4.532		15.650		9.139837		21.960
6.260		1.8314		0.0000		875.086		4.536		15.650		9.157051		22.000
6.262		1.8351		0.0000		875.083		4.540		15.655		9.175640		22.040
6.266		1.8390		0.0000		875.079		4.543		15.665		9.194919		22.080
6.274		1.8423		0.0000		875.076		4.547		15.685		9.211441		22.120
6.282		1.8455		0.0000		875.072		4.550		15.705		9.227277		22.160
6.284		1.8486		0.0000		875.069		4.553		15.710		9.243113		22.200
6.282		1.8517		0.0000		875.066		4.556		15.705		9.258260		22.240
6.282		1.8550		0.0000		875.063		4.559		15.705		9.274784		22.280
6.282		1.8581		0.0000		875.060		4.563		15.705		9.290620		22.320
6.282		1.8613		0.0000		875.057		4.566		15.705		9.306456		22.360
6.280		1.8646		0.0000		875.053		4.569		15.700		9.322978		22.400
6.280		1.8683		0.0000		875.049		4.573		15.700		9.341568		22.440
6.284		1.8722		0.0000		875.046		4.577		15.710		9.360847		22.480
6.290		1.8757		0.0000		875.042		4.580		15.725		9.378747		22.520
6.296		1.8788		0.0000		875.039		4.583		15.740		9.393893		22.560
6.298		1.8819		0.0000		875.036		4.586		15.745		9.409729		22.600
6.298		1.8853		0.0000		875.033		4.590		15.745		9.426254		22.640
6.296		1.8884		0.0000		875.029		4.593		15.740		9.442090		22.680
6.296		1.8916		0.0000		875.026		4.596		15.740		9.457926		22.720
6.296		1.8948		0.0000		875.023		4.599		15.740		9.473762		22.760
6.296		1.8979		0.0000		875.020		4.602		15.740		9.489594		22.800
6.296		1.9015		0.0000		875.016		4.606		15.740		9.507498		22.840
6.298		1.9054		0.0000		875.012		4.610		15.745		9.526773		22.880
6.302		1.9091		0.0000		875.009		4.614		15.755		9.545363		22.920
6.310		1.9122		0.0000		875.006		4.617		15.775		9.561199		22.960
6.314		1.9154		0.0000		875.002		4.620		15.785		9.577035		23.000
6.314		1.9186		0.0000		874.999		4.623		15.785		9.592871		23.040
6.312		1.9217		0.0000		874.996		4.626		15.780		9.608706		23.080
6.312		1.9249		0.0000		874.993		4.629		15.780		9.624542		23.120
6.312		1.9281		0.0000		874.990		4.633		15.780		9.640378		23.160
6.310		1.9312		0.0000		874.987		4.636		15.775		9.656214		23.200
6.310		1.9348		0.0000		874.983		4.639		15.775		9.674114		23.240
6.312		1.9385		0.0000		874.979		4.643		15.780		9.692703		23.280
6.316		1.9424		0.0000		874.975		4.647		15.790		9.711982		23.320
6.324		1.9457		0.0000		874.972		4.650		15.810		9.728504		23.360
6.330		1.9487		0.0000		874.969		4.653		15.825		9.743651		23.400
6.332		1.9520		0.0000		874.966		4.656		15.830		9.760176		23.440
6.330		1.9552		0.0000		874.963		4.660		15.825		9.776011		23.480
6.330		1.9584		0.0000		874.959		4.663		15.825		9.791847		23.520
6.330		1.9615		0.0000		874.956		4.666		15.825		9.807683		23.560
6.328		1.9647		0.0000		874.953		4.669		15.820		9.823519		23.600
6.328		1.9680		0.0000		874.950		4.672		15.820		9.840041		23.640
6.328		1.9717		0.0000		874.946		4.676		15.820		9.858631		23.680
6.332		1.9756		0.0000		874.942		4.680		15.830		9.877910		23.720
6.338		1.9790		0.0000		874.939		4.683		15.845		9.895123		23.760
6.346		1.9822		0.0000		874.936		4.687		15.865		9.910959		23.800
6.348		1.9854		0.0000		874.932		4.690		15.870		9.926792		23.840
6.348		1.9885		0.0000		874.929		4.693		15.870		9.942628		23.880
6.346		1.9918		0.0000		874.926		4.696		15.865		9.959153		23.920
6.346		1.9950		0.0000		874.923		4.699		15.865		9.974989		23.960
6.346		1.9982		0.0000		874.920		4.703		15.865		9.990825		24.000
6.346		2.0013		0.0000		874.917		4.706		15.865		10.006660		24.040
6.346		2.0049		0.0000		874.913		4.709		15.865		10.024561		24.080
6.348		2.0088		0.0000		874.909		4.713		15.870		10.043839		24.120
6.354		2.0125		0.0000		874.905		4.717		15.885		10.062428		24.160
6.360		2.0157		0.0000		874.902		4.720		15.900		10.078264		24.200
6.364		2.0188		0.0000		874.899		4.723		15.910		10.094098		24.240
6.364		2.0220		0.0000		874.896		4.726		15.910		10.109934		24.280
6.362		2.0252		0.0000		874.893		4.730		15.905		10.125770		24.320
6.362		2.0283		0.0000		874.890		4.733		15.905		10.141605		24.360
6.362		2.0315		0.0000		874.886		4.736		15.905		10.157441		24.400
6.362		2.0348		0.0000		874.883		4.739		15.905		10.173965		24.440
6.360		2.0381		0.0000		874.880		4.743		15.900		10.190488		24.480
6.362		2.0420		0.0000		874.876		4.746		15.905		10.209766		24.520
6.366		2.0458		0.0000		874.872		4.750		15.915		10.229045		24.560
6.374		2.0490		0.0000		874.869		4.753		15.935		10.244881		24.600
6.380		2.0523		0.0000		874.866		4.757		15.950		10.261403		24.640
6.382		2.0554		0.0000		874.862		4.760		15.955		10.277239		24.680
6.380		2.0586		0.0000		874.859		4.763		15.950		10.293075		24.720
6.378		2.0618		0.0000		874.856		4.766		15.945		10.308910		24.760
6.378		2.0649		0.0000		874.853		4.769		15.945		10.324746		24.800
6.378		2.0681		0.0000		874.850		4.773		15.945		10.340582		24.840
6.378		2.0714		0.0000		874.846		4.776		15.945		10.357107		24.880
6.378		2.0751		0.0000		874.843		4.780		15.945		10.375696		24.920
6.382		2.0791		0.0000		874.839		4.784		15.955		10.395661		24.960
6.388		2.0824		0.0000		874.835		4.787		15.970		10.412187		25.000
6.396		2.0856		0.0000		874.832		4.790		15.990		10.428022		25.040
6.398		2.0888		0.0000		874.829		4.793		15.995		10.443858		25.080
6.396		2.0919		0.0000		874.826		4.796		15.990		10.459691		25.120
6.396		2.0952		0.0000		874.823		4.800		15.990		10.476216		25.160
6.394		2.0984		0.0000		874.819		4.803		15.985		10.492052		25.200
6.394		2.1016		0.0000		874.816		4.806		15.985		10.507888		25.240
6.392		2.1047		0.0000		874.813		4.809		15.980		10.523724		25.280
6.392		2.1083		0.0000		874.810		4.813		15.980		10.541624		25.320
6.394		2.1122		0.0000		874.806		4.817		15.985		10.560903		25.360
6.400		2.1159		0.0000		874.802		4.820		16.000		10.579492		25.400
6.408		2.1191		0.0000		874.799		4.823		16.020		10.595327		25.440
6.414		2.1222		0.0000		874.796		4.827		16.035		10.611163		25.480
6.414		2.1254		0.0000		874.792		4.830		16.035		10.626997		25.520
6.414		2.1286		0.0000		874.789		4.833		16.035		10.642833		25.560
6.414		2.1317		0.0000		874.786		4.836		16.035		10.658669		25.600
6.414		2.1349		0.0000		874.783		4.839		16.035		10.674504		25.640
6.412		2.1381		0.0000		874.780		4.842		16.030		10.690340		25.680
6.412		2.1415		0.0000		874.776		4.846		16.030		10.707551		25.720
6.414		2.1454		0.0000		874.772		4.850		16.035		10.726830		25.760
6.418		2.1492		0.0000		874.769		4.854		16.045		10.746108		25.800
6.426		2.1524		0.0000		874.765		4.857		16.065		10.761944		25.840
6.430		2.1556		0.0000		874.762		4.860		16.075		10.777780		25.880
6.430		2.1587		0.0000		874.759		4.863		16.075		10.793615		25.920
6.428		2.1620		0.0000		874.756		4.866		16.070		10.810138		25.960
6.426		2.1652		0.0000		874.753		4.870		16.065		10.825974		26.000
6.426		2.1684		0.0000		874.749		4.873		16.065		10.841809		26.040
6.424		2.1715		0.0000		874.746		4.876		16.060		10.857645		26.080
6.424		2.1748		0.0000		874.743		4.879		16.060		10.874170		26.120
6.424		2.1786		0.0000		874.739		4.883		16.060		10.892759		26.160
6.426		2.1825		0.0000		874.735		4.887		16.065		10.912724		26.200
6.434		2.1858		0.0000		874.732		4.890		16.085		10.929250		26.240
6.440		2.1890		0.0000		874.729		4.893		16.100		10.945086		26.280
6.442		2.1922		0.0000		874.726		4.897		16.105		10.960921		26.320
6.440		2.1954		0.0000		874.722		4.900		16.100		10.976757		26.360
6.438		2.1985		0.0000		874.719		4.903		16.095		10.992590		26.400
6.436		2.2017		0.0000		874.716		4.906		16.090		11.008426		26.440
6.434		2.2049		0.0000		874.713		4.909		16.085		11.024261		26.480
6.434		2.2082		0.0000		874.710		4.913		16.085		11.040787		26.520
6.434		2.2117		0.0000		874.706		4.916		16.085		11.058687		26.560
6.436		2.2157		0.0000		874.702		4.920		16.090		11.078654		26.600
6.442		2.2194		0.0000		874.698		4.924		16.105		11.097244		26.640
6.450		2.2225		0.0000		874.695		4.927		16.125		11.112391		26.680
6.452		2.2256		0.0000		874.692		4.930		16.130		11.128226		26.720
6.452		2.2288		0.0000		874.689		4.933		16.130		11.144062		26.760
6.450		2.2320		0.0000		874.686		4.936		16.125		11.159898		26.800
6.448		2.2351		0.0000		874.683		4.940		16.120		11.175732		26.840
6.448		2.2383		0.0000		874.680		4.943		16.120		11.191567		26.880
6.448		2.2416		0.0000		874.676		4.946		16.120		11.208092		26.920
6.446		2.2451		0.0000		874.673		4.949		16.115		11.225304		26.960
6.448		2.2488		0.0000		874.669		4.953		16.120		11.243893		27.000
6.452		2.2526		0.0000		874.665		4.957		16.130		11.263171		27.040
6.460		2.2558		0.0000		874.662		4.960		16.150		11.279007		27.080
6.466		2.2590		0.0000		874.659		4.963		16.165		11.294843		27.120
6.466		2.2621		0.0000		874.656		4.967		16.165		11.310678		27.160
6.464		2.2654		0.0000		874.652		4.970		16.160		11.327204		27.200
6.462		2.2686		0.0000		874.649		4.973		16.155		11.343037		27.240
6.462		2.2716		0.0000		874.646		4.976		16.155		11.358186		27.280
6.460		2.2749		0.0000		874.643		4.979		16.150		11.374708		27.320
6.460		2.2782		0.0000		874.640		4.983		16.150		11.391233		27.360
6.460		2.2820		0.0000		874.636		4.986		16.150		11.409822		27.400
6.464		2.2861		0.0000		874.632		4.991		16.160		11.430477		27.440
6.472		2.2894		0.0000		874.628		4.994		16.180		11.447001		27.480
6.478		2.2924		0.0000		874.625		4.997		16.195		11.462149		27.520
6.478		2.2956		0.0000		874.622		5.000		16.195		11.477984		27.560
6.476		2.2988		0.0000		874.619		5.003		16.190		11.493820		27.600
6.476		2.3019		0.0000		874.616		5.006		16.190		11.509656		27.640
6.474		2.3051		0.0000		874.613		5.010		16.185		11.525492		27.680
6.472		2.3083		0.0000		874.610		5.013		16.180		11.541325		27.720
6.472		2.3116		0.0000		874.606		5.016		16.180		11.557850		27.760
6.470		2.3153		0.0000		874.603		5.020		16.175		11.576439		27.800
6.472		2.3191		0.0000		874.599		5.024		16.180		11.595717		27.840
6.478		2.3227		0.0000		874.595		5.027		16.195		11.613618		27.880
6.486		2.3259		0.0000		874.592		5.030		16.215		11.629454		27.920
6.488		2.3291		0.0000		874.589		5.033		16.220		11.645289		27.960
6.486		2.3322		0.0000		874.586		5.037		16.215		11.661125		28.000
6.484		2.3354		0.0000		874.582		5.040		16.210		11.676961		28.040
6.484		2.3386		0.0000		874.579		5.043		16.210		11.692797		28.080
6.482		2.3417		0.0000		874.576		5.046		16.205		11.708631		28.120
6.482		2.3449		0.0000		874.573		5.049		16.205		11.724466		28.160
6.480		2.3483		0.0000		874.570		5.053		16.200		11.741680		28.200
6.482		2.3525		0.0000		874.565		5.057		16.205		11.762334		28.240
6.488		2.3560		0.0000		874.562		5.060		16.220		11.780234		28.280
6.496		2.3592		0.0000		874.559		5.064		16.240		11.796070		28.320
6.500		2.3624		0.0000		874.555		5.067		16.250		11.811906		28.360
6.500		2.3655		0.0000		874.552		5.070		16.250		11.827742		28.400
6.496		2.3689		0.0000		874.549		5.073		16.240		11.844267		28.440
6.496		2.3720		0.0000		874.546		5.076		16.240		11.860103		28.480
6.494		2.3752		0.0000		874.543		5.080		16.235		11.875936		28.520
6.492		2.3784		0.0000		874.539		5.083		16.230		11.891771		28.560
6.492		2.3817		0.0000		874.536		5.086		16.230		11.908297		28.600
6.492		2.3854		0.0000		874.532		5.090		16.230		11.926886		28.640
6.496		2.3894		0.0000		874.528		5.094		16.240		11.946854		28.680
6.502		2.3927		0.0000		874.525		5.097		16.255		11.963376		28.720
6.510		2.3958		0.0000		874.522		5.100		16.275		11.979212		28.760
6.510		2.3990		0.0000		874.519		5.103		16.275		11.995048		28.800
6.508		2.4022		0.0000		874.516		5.107		16.270		12.010883		28.840
6.506		2.4055		0.0000		874.512		5.110		16.265		12.027408		28.880
6.506		2.4086		0.0000		874.509		5.113		16.265		12.043242		28.920
6.504		2.4117		0.0000		874.506		5.116		16.260		12.058391		28.960
6.502		2.4150		0.0000		874.503		5.119		16.255		12.074913		29.000
6.502		2.4187		0.0000		874.499		5.123		16.255		12.093502		29.040
6.504		2.4226		0.0000		874.495		5.127		16.260		12.112781		29.080
6.510		2.4263		0.0000		874.492		5.131		16.275		12.131371		29.120
6.518		2.4292		0.0000		874.489		5.134		16.295		12.145828		29.160
6.522		2.4325		0.0000		874.485		5.137		16.305		12.162353		29.200
6.520		2.4356		0.0000		874.482		5.140		16.300		12.178188		29.240
6.518		2.4388		0.0000		874.479		5.143		16.295		12.194024		29.280
6.516		2.4420		0.0000		874.476		5.146		16.290		12.209860		29.320
6.514		2.4451		0.0000		874.473		5.150		16.285		12.225696		29.360
6.512		2.4483		0.0000		874.470		5.153		16.280		12.241529		29.400
6.510		2.4519		0.0000		874.466		5.156		16.275		12.259432		29.440
6.510		2.4557		0.0000		874.462		5.160		16.275		12.278708		29.480
6.514		2.4596		0.0000		874.458		5.164		16.285		12.297987		29.520
6.522		2.4628		0.0000		874.455		5.167		16.305		12.313823		29.560
6.526		2.4659		0.0000		874.452		5.170		16.315		12.329659		29.600
6.524		2.4690		0.0000		874.449		5.173		16.310		12.344805		29.640
6.522		2.4721		0.0000		874.446		5.177		16.305		12.360641		29.680
6.520		2.4753		0.0000		874.443		5.180		16.300		12.376476		29.720
6.518		2.4785		0.0000		874.439		5.183		16.295		12.392312		29.760
6.518		2.4816		0.0000		874.436		5.186		16.295		12.408148		29.800
6.516		2.4851		0.0000		874.433		5.189		16.290		12.425360		29.840
6.516		2.4888		0.0000		874.429		5.193		16.290		12.443949		29.880
6.518		2.4928		0.0000		874.425		5.197		16.295		12.463917		29.920
6.526		2.4961		0.0000		874.422		5.201		16.315		12.480439		29.960
6.532		2.4993		0.0000		874.419		5.204		16.330		12.496275		30.000
6.532		2.5024		0.0000		874.415		5.207		16.330		12.512111		30.040
6.530		2.5057		0.0000		874.412		5.210		16.325		12.528635		30.080
6.528		2.5089		0.0000		874.409		5.213		16.320		12.544471		30.120
6.526		2.5119		0.0000		874.406		5.216		16.315		12.559618		30.160
6.524		2.5151		0.0000		874.403		5.220		16.310		12.575454		30.200
6.522		2.5184		0.0000		874.399		5.223		16.305		12.591976		30.240
6.522		2.5221		0.0000		874.396		5.227		16.305		12.610565		30.280
6.524		2.5261		0.0000		874.392		5.231		16.310		12.630533		30.320
6.530		2.5295		0.0000		874.388		5.234		16.325		12.647744		30.360
6.536		2.5326		0.0000		874.385		5.237		16.340		12.662893		30.400
6.538		2.5357		0.0000		874.382		5.240		16.345		12.678727		30.440
6.536		2.5389		0.0000		874.379		5.243		16.340		12.694563		30.480
6.534		2.5422		0.0000		874.376		5.247		16.335		12.711087		30.520
6.532		2.5454		0.0000		874.372		5.250		16.330		12.726923		30.560
6.530		2.5486		0.0000		874.369		5.253		16.325		12.742759		30.600
6.528		2.5517		0.0000		874.366		5.256		16.320		12.758595		30.640
6.526		2.5553		0.0000		874.363		5.260		16.315		12.776495		30.680
6.528		2.5592		0.0000		874.359		5.264		16.320		12.795774		30.720
6.532		2.5629		0.0000		874.355		5.267		16.330		12.814363		30.760
6.540		2.5660		0.0000		874.352		5.270		16.350		12.830199		30.800
6.546		2.5692		0.0000		874.349		5.274		16.365		12.846032		30.840
6.544		2.5725		0.0000		874.345		5.277		16.360		12.862557		30.880
6.542		2.5757		0.0000		874.342		5.280		16.355		12.878393		30.920
6.540		2.5787		0.0000		874.339		5.283		16.350		12.893539		30.960
6.538		2.5819		0.0000		874.336		5.286		16.345		12.909375		31.000
6.536		2.5852		0.0000		874.333		5.290		16.340		12.925900		31.040
6.534		2.5885		0.0000		874.329		5.293		16.335		12.942423		31.080
6.534		2.5923		0.0000		874.326		5.297		16.335		12.961701		31.120
6.536		2.5963		0.0000		874.321		5.301		16.340		12.981668		31.160
6.542		2.5995		0.0000		874.318		5.304		16.355		12.997504		31.200
6.548		2.6027		0.0000		874.315		5.307		16.370		13.013338		31.240
6.548		2.6057		0.0000		874.312		5.310		16.370		13.028487		31.280
6.546		2.6090		0.0000		874.309		5.313		16.365		13.045010		31.320
6.544		2.6123		0.0000		874.306		5.317		16.360		13.061534		31.360
6.542		2.6153		0.0000		874.302		5.320		16.355		13.076681		31.400
6.540		2.6185		0.0000		874.299		5.323		16.350		13.092517		31.440
6.538		2.6218		0.0000		874.296		5.326		16.345		13.109041		31.480
6.536		2.6255		0.0000		874.292		5.330		16.340		13.127631		31.520
6.538		2.6295		0.0000		874.288		5.334		16.345		13.147596		31.560
6.544		2.6330		0.0000		874.285		5.337		16.360		13.164810		31.600
6.552		2.6361		0.0000		874.282		5.341		16.380		13.180643		31.640
6.552		2.6393		0.0000		874.279		5.344		16.380		13.196479		31.680
6.550		2.6423		0.0000		874.276		5.347		16.375		13.211626		31.720
6.546		2.6456		0.0000		874.272		5.350		16.365		13.228150		31.760
6.544		2.6488		0.0000		874.269		5.353		16.360		13.243986		31.800
6.542		2.6520		0.0000		874.266		5.356		16.355		13.259822		31.840
6.540		2.6553		0.0000		874.263		5.360		16.350		13.276347		31.880
6.538		2.6587		0.0000		874.259		5.363		16.345		13.293558		31.920
6.540		2.6626		0.0000		874.255		5.367		16.350		13.312837		31.960
6.544		2.6664		0.0000		874.251		5.371		16.360		13.332115		32.000
6.550		2.6696		0.0000		874.248		5.374		16.375		13.347949		32.040
6.554		2.6728		0.0000		874.245		5.377		16.385		13.363785		32.080
6.552		2.6759		0.0000		874.242		5.380		16.380		13.379621		32.120
6.548		2.6791		0.0000		874.239		5.384		16.370		13.395456		32.160
6.546		2.6823		0.0000		874.236		5.387		16.365		13.411292		32.200
6.542		2.6853		0.0000		874.233		5.390		16.355		13.426438		32.240
6.540		2.6886		0.0000		874.229		5.393		16.350		13.442964		32.280
6.536		2.6920		0.0000		874.226		5.396		16.340		13.460175		32.320
6.536		2.6958		0.0000		874.222		5.400		16.340		13.478765		32.360
6.540		2.6997		0.0000		874.218		5.404		16.350		13.498732		32.400
6.546		2.7029		0.0000		874.215		5.407		16.365		13.514567		32.440
6.552		2.7061		0.0000		874.212		5.411		16.380		13.530403		32.480
6.550		2.7092		0.0000		874.209		5.414		16.375		13.546237		32.520
6.546		2.7124		0.0000		874.205		5.417		16.365		13.562073		32.560
6.544		2.7157		0.0000		874.202		5.420		16.360		13.578597		32.600
6.540		2.7187		0.0000		874.199		5.423		16.350		13.593744		32.640
6.538		2.7219		0.0000		874.196		5.426		16.345		13.609580		32.680
6.534		2.7254		0.0000		874.192		5.430		16.335		13.626791		32.720
6.532		2.7289		0.0000		874.189		5.433		16.330		13.644694		32.760
6.532		2.7329		0.0000		874.185		5.437		16.330		13.664660		32.800
6.536		2.7364		0.0000		874.181		5.441		16.340		13.681873		32.840
6.542		2.7395		0.0000		874.178		5.444		16.355		13.697709		32.880
6.542		2.7427		0.0000		874.175		5.447		16.355		13.713542		32.920
6.538		2.7459		0.0000		874.172		5.450		16.345		13.729378		32.960
6.534		2.7490		0.0000		874.169		5.453		16.335		13.745214		33.000
6.530		2.7521		0.0000		874.166		5.457		16.325		13.760361		33.040
6.528		2.7554		0.0000		874.162		5.460		16.320		13.776885		33.080
6.524		2.7585		0.0000		874.159		5.463		16.310		13.792721		33.120
6.520		2.7621		0.0000		874.156		5.467		16.300		13.810621		33.160
6.520		2.7661		0.0000		874.152		5.471		16.300		13.830589		33.200
6.526		2.7697		0.0000		874.148		5.474		16.315		13.848490		33.240
6.532		2.7729		0.0000		874.145		5.477		16.330		13.864326		33.280
6.534		2.7760		0.0000		874.142		5.480		16.335		13.880161		33.320
6.530		2.7793		0.0000		874.138		5.484		16.325		13.896684		33.360
6.526		2.7825		0.0000		874.135		5.487		16.315		13.912519		33.400
6.524		2.7855		0.0000		874.132		5.490		16.310		13.927666		33.440
6.522		2.7888		0.0000		874.129		5.493		16.305		13.944191		33.480
6.518		2.7920		0.0000		874.126		5.496		16.295		13.960027		33.520
6.516		2.7954		0.0000		874.122		5.500		16.290		13.977238		33.560
6.516		2.7993		0.0000		874.119		5.504		16.290		13.996516		33.600
6.518		2.8030		0.0000		874.115		5.507		16.295		14.015106		33.640
6.524		2.8063		0.0000		874.112		5.511		16.310		14.031631		33.680
6.528		2.8095		0.0000		874.108		5.514		16.320		14.047466		33.720
6.528		2.8127		0.0000		874.105		5.517		16.320		14.063302		33.760
6.524		2.8158		0.0000		874.102		5.520		16.310		14.079138		33.800
6.520		2.8190		0.0000		874.099		5.523		16.300		14.094972		33.840
6.516		2.8223		0.0000		874.096		5.527		16.290		14.111496		33.880
6.514		2.8253		0.0000		874.092		5.530		16.285		14.126643		33.920
6.510		2.8286		0.0000		874.089		5.533		16.275		14.143167		33.960
6.508		2.8324		0.0000		874.085		5.537		16.270		14.161757		34.000
6.510		2.8362		0.0000		874.082		5.541		16.275		14.181036		34.040
6.516		2.8396		0.0000		874.078		5.544		16.290		14.198247		34.080
6.522		2.8430		0.0000		874.075		5.547		16.305		14.214772		34.120
6.524		2.8461		0.0000		874.072		5.551		16.310		14.230608		34.160
6.520		2.8493		0.0000		874.069		5.554		16.300		14.246444		34.200
6.516		2.8523		0.0000		874.065		5.557		16.290		14.261590		34.240
6.514		2.8556		0.0000		874.062		5.560		16.285		14.278112		34.280
6.510		2.8588		0.0000		874.059		5.563		16.275		14.293948		34.320
6.508		2.8620		0.0000		874.056		5.566		16.270		14.309784		34.360
6.504		2.8655		0.0000		874.052		5.570		16.260		14.327684		34.400
6.504		2.8694		0.0000		874.048		5.574		16.260		14.346963		34.440
6.508		2.8731		0.0000		874.045		5.578		16.270		14.365553		34.480
6.514		2.8763		0.0000		874.042		5.581		16.285		14.381389		34.520
6.516		2.8794		0.0000		874.038		5.584		16.290		14.397224		34.560
6.512		2.8826		0.0000		874.035		5.587		16.280		14.413060		34.600
6.508		2.8858		0.0000		874.032		5.590		16.270		14.428896		34.640
6.506		2.8891		0.0000		874.029		5.594		16.265		14.445418		34.680
6.502		2.8921		0.0000		874.026		5.597		16.255		14.460565		34.720
6.498		2.8953		0.0000		874.023		5.600		16.245		14.476400		34.760
6.496		2.8989		0.0000		874.019		5.603		16.240		14.494304		34.800
6.494		2.9027		0.0000		874.015		5.607		16.235		14.513579		34.840
6.498		2.9066		0.0000		874.011		5.611		16.245		14.532858		34.880
6.504		2.9097		0.0000		874.008		5.614		16.260		14.548694		34.920
6.508		2.9129		0.0000		874.005		5.617		16.270		14.564529		34.960
6.506		2.9161		0.0000		874.002		5.621		16.265		14.580365		35.000
6.502		2.9192		0.0000		873.999		5.624		16.255		14.596201		35.040
6.498		2.9224		0.0000		873.995		5.627		16.245		14.612037		35.080
6.496		2.9256		0.0000		873.992		5.630		16.240		14.627871		35.120
6.494		2.9287		0.0000		873.989		5.633		16.235		14.643706		35.160
6.490		2.9322		0.0000		873.986		5.637		16.225		14.660920		35.200
6.488		2.9359		0.0000		873.982		5.640		16.220		14.679509		35.240
6.490		2.9398		0.0000		873.978		5.644		16.225		14.698788		35.280
6.496		2.9432		0.0000		873.975		5.648		16.240		14.716000		35.320
6.500		2.9464		0.0000		873.971		5.651		16.250		14.731835		35.360
6.500		2.9495		0.0000		873.968		5.654		16.250		14.747671		35.400
6.496		2.9527		0.0000		873.965		5.657		16.240		14.763507		35.440
6.492		2.9559		0.0000		873.962		5.660		16.230		14.779343		35.480
6.488		2.9590		0.0000		873.959		5.663		16.220		14.795176		35.520
6.484		2.9622		0.0000		873.956		5.667		16.210		14.811011		35.560
6.482		2.9654		0.0000		873.952		5.670		16.205		14.826847		35.600
6.478		2.9689		0.0000		873.949		5.673		16.195		14.844748		35.640
6.478		2.9729		0.0000		873.945		5.677		16.195		14.864716		35.680
6.482		2.9767		0.0000		873.941		5.681		16.205		14.883305		35.720
6.488		2.9797		0.0000		873.938		5.684		16.220		14.898452		35.760
6.490		2.9829		0.0000		873.935		5.687		16.225		14.914288		35.800
6.486		2.9860		0.0000		873.932		5.690		16.215		14.930123		35.840
6.482		2.9893		0.0000		873.928		5.694		16.205		14.946648		35.880
6.478		2.9925		0.0000		873.925		5.697		16.195		14.962481		35.920
6.474		2.9957		0.0000		873.922		5.700		16.185		14.978317		35.960
6.470		2.9988		0.0000		873.919		5.703		16.175		14.994153		36.000
6.466		3.0023		0.0000		873.916		5.707		16.165		15.011367		36.040
6.464		3.0061		0.0000		873.912		5.711		16.160		15.030643		36.080
6.466		3.0100		0.0000		873.908		5.714		16.165		15.049921		36.120
6.470		3.0132		0.0000		873.905		5.718		16.175		15.065757		36.160
6.472		3.0163		0.0000		873.901		5.721		16.180		15.081593		36.200
6.470		3.0195		0.0000		873.898		5.724		16.175		15.097428		36.240
6.464		3.0227		0.0000		873.895		5.727		16.160		15.113264		36.280
6.460		3.0258		0.0000		873.892		5.730		16.150		15.129100		36.320
6.456		3.0290		0.0000		873.889		5.733		16.140		15.144936		36.360
6.450		3.0322		0.0000		873.886		5.737		16.125		15.160769		36.400
6.446		3.0355		0.0000		873.882		5.740		16.115		15.177294		36.440
6.444		3.0393		0.0000		873.879		5.744		16.110		15.196572		36.480
6.444		3.0432		0.0000		873.875		5.748		16.110		15.215851		36.520
6.448		3.0466		0.0000		873.871		5.751		16.120		15.233063		36.560
6.452		3.0496		0.0000		873.868		5.754		16.130		15.248209		36.600
6.450		3.0528		0.0000		873.865		5.757		16.125		15.264045		36.640
6.444		3.0561		0.0000		873.862		5.761		16.110		15.280570		36.680
6.440		3.0593		0.0000		873.859		5.764		16.100		15.296406		36.720
6.436		3.0624		0.0000		873.855		5.767		16.090		15.312242		36.760
6.432		3.0656		0.0000		873.852		5.770		16.080		15.328074		36.800
6.428		3.0688		0.0000		873.849		5.773		16.070		15.343910		36.840
6.426		3.0725		0.0000		873.845		5.777		16.065		15.362500		36.880
6.424		3.0764		0.0000		873.841		5.781		16.060		15.381779		36.920
6.428		3.0799		0.0000		873.838		5.784		16.070		15.399679		36.960
6.432		3.0831		0.0000		873.835		5.788		16.080		15.415515		37.000
6.432		3.0863		0.0000		873.832		5.791		16.080		15.431351		37.040
6.428		3.0894		0.0000		873.828		5.794		16.070		15.447186		37.080
6.424		3.0926		0.0000		873.825		5.797		16.060		15.463022		37.120
6.420		3.0958		0.0000		873.822		5.800		16.050		15.478858		37.160
6.418		3.0991		0.0000		873.819		5.804		16.045		15.495382		37.200
6.414		3.1021		0.0000		873.816		5.807		16.035		15.510530		37.240
6.412		3.1057		0.0000		873.812		5.810		16.030		15.528430		37.280
6.410		3.1095		0.0000		873.808		5.814		16.025		15.547709		37.320
6.414		3.1133		0.0000		873.805		5.818		16.035		15.566298		37.360
6.418		3.1164		0.0000		873.801		5.821		16.045		15.582133		37.400
6.420		3.1196		0.0000		873.798		5.824		16.050		15.597967		37.440
6.418		3.1229		0.0000		873.795		5.827		16.045		15.614491		37.480
6.414		3.1261		0.0000		873.792		5.830		16.035		15.630327		37.520
6.410		3.1292		0.0000		873.789		5.834		16.025		15.646163		37.560
6.406		3.1324		0.0000		873.785		5.837		16.015		15.661999		37.600
6.402		3.1356		0.0000		873.782		5.840		16.005		15.677835		37.640
6.398		3.1390		0.0000		873.779		5.843		15.995		15.695046		37.680
6.396		3.1427		0.0000		873.775		5.847		15.990		15.713635		37.720
6.398		3.1466		0.0000		873.771		5.851		15.995		15.732914		37.760
6.402		3.1499		0.0000		873.768		5.854		16.005		15.749439		37.800
6.404		3.1531		0.0000		873.765		5.857		16.010		15.765272		37.840
6.404		3.1562		0.0000		873.762		5.861		16.010		15.781108		37.880
6.398		3.1595		0.0000		873.758		5.864		15.995		15.797633		37.920
6.394		3.1627		0.0000		873.755		5.867		15.985		15.813469		37.960
6.390		3.1659		0.0000		873.752		5.870		15.975		15.829305		38.000
6.386		3.1690		0.0000		873.749		5.873		15.965		15.845140		38.040
6.382		3.1722		0.0000		873.746		5.877		15.955		15.860976		38.080
6.378		3.1759		0.0000		873.742		5.880		15.945		15.879565		38.120
6.378		3.1798		0.0000		873.738		5.884		15.945		15.898842		38.160
6.382		3.1833		0.0000		873.734		5.888		15.955		15.916744		38.200
6.386		3.1864		0.0000		873.731		5.891		15.965		15.931891		38.240
6.386		3.1897		0.0000		873.728		5.894		15.965		15.948414		38.280
6.382		3.1928		0.0000		873.725		5.897		15.955		15.964250		38.320
6.376		3.1960		0.0000		873.722		5.900		15.940		15.980085		38.360
6.374		3.1992		0.0000		873.719		5.904		15.935		15.995921		38.400
6.370		3.2024		0.0000		873.715		5.907		15.925		16.011757		38.440
6.366		3.2057		0.0000		873.712		5.910		15.915		16.028282		38.480
6.362		3.2091		0.0000		873.709		5.914		15.905		16.045492		38.521
6.360		3.2130		0.0000		873.705		5.917		15.900		16.064772		38.561
6.362		3.2167		0.0000		873.701		5.921		15.905		16.083361		38.601
6.366		3.2200		0.0000		873.698		5.924		15.915		16.099884		38.641
6.368		3.2231		0.0000		873.695		5.928		15.920		16.115719		38.681
6.366		3.2263		0.0000		873.692		5.931		15.915		16.131556		38.721
6.360		3.2293		0.0000		873.688		5.934		15.900		16.146702		38.761
6.358		3.2326		0.0000		873.685		5.937		15.895		16.163227		38.801
6.354		3.2357		0.0000		873.682		5.940		15.885		16.178373		38.841
6.350		3.2390		0.0000		873.679		5.943		15.875		16.194899		38.881
6.346		3.2424		0.0000		873.675		5.947		15.865		16.212109		38.921
6.344		3.2461		0.0000		873.672		5.951		15.860		16.230700		38.961
6.346		3.2500		0.0000		873.668		5.954		15.865		16.249977		39.001
6.350		3.2534		0.0000		873.664		5.958		15.875		16.267189		39.041
6.354		3.2565		0.0000		873.661		5.961		15.885		16.282337		39.081
6.352		3.2596		0.0000		873.658		5.964		15.880		16.298172		39.121
6.346		3.2629		0.0000		873.655		5.967		15.865		16.314695		39.161
6.342		3.2661		0.0000		873.652		5.971		15.855		16.330532		39.201
6.338		3.2693		0.0000		873.649		5.974		15.845		16.346367		39.241
6.334		3.2724		0.0000		873.645		5.977		15.835		16.362204		39.281
6.330		3.2757		0.0000		873.642		5.980		15.825		16.378725		39.321
6.328		3.2793		0.0000		873.638		5.984		15.820		16.396629		39.361
6.326		3.2832		0.0000		873.635		5.988		15.815		16.415905		39.401
6.330		3.2868		0.0000		873.631		5.991		15.825		16.433807		39.441
6.334		3.2899		0.0000		873.628		5.994		15.835		16.449644		39.481
6.332		3.2931		0.0000		873.625		5.998		15.830		16.465477		39.521
6.328		3.2963		0.0000		873.622		6.001		15.820		16.481312		39.561
6.324		3.2994		0.0000		873.618		6.004		15.810		16.497149		39.601
6.320		3.3026		0.0000		873.615		6.007		15.800		16.512983		39.641
6.314		3.3058		0.0000		873.612		6.010		15.785		16.528820		39.681
6.310		3.3091		0.0000		873.609		6.013		15.775		16.545345		39.721
6.306		3.3125		0.0000		873.605		6.017		15.765		16.562555		39.761
6.304		3.3164		0.0000		873.601		6.021		15.760		16.581835		39.801
6.304		3.3201		0.0000		873.598		6.025		15.760		16.600424		39.841
6.308		3.3233		0.0000		873.595		6.028		15.770		16.616261		39.881
6.308		3.3264		0.0000		873.591		6.031		15.770		16.632095		39.921
6.304		3.3297		0.0000		873.588		6.034		15.760		16.648619		39.961
6.298		3.3329		0.0000		873.585		6.037		15.745		16.664454		40.001
6.294		3.3361		0.0000		873.582		6.040		15.735		16.680290		40.041
6.290		3.3392		0.0000		873.579		6.044		15.725		16.696125		40.081
6.284		3.3425		0.0000		873.575		6.047		15.710		16.712650		40.121
6.280		3.3458		0.0000		873.572		6.050		15.700		16.729172		40.161
6.276		3.3496		0.0000		873.568		6.054		15.690		16.747763		40.201
6.276		3.3534		0.0000		873.564		6.058		15.690		16.767040		40.241
6.280		3.3567		0.0000		873.561		6.061		15.700		16.783566		40.281
6.280		3.3599		0.0000		873.558		6.064		15.700		16.799400		40.321
6.278		3.3630		0.0000		873.555		6.067		15.695		16.815237		40.361
6.272		3.3662		0.0000		873.552		6.071		15.680		16.831072		40.401
6.268		3.3695		0.0000		873.548		6.074		15.670		16.847595		40.441
6.262		3.3727		0.0000		873.545		6.077		15.655		16.863430		40.481
6.258		3.3759		0.0000		873.542		6.080		15.645		16.879267		40.521
6.254		3.3790		0.0000		873.539		6.083		15.635		16.895102		40.561
6.250		3.3827		0.0000		873.535		6.087		15.625		16.913692		40.601
6.250		3.3866		0.0000		873.531		6.091		15.625		16.932970		40.641
6.252		3.3902		0.0000		873.528		6.095		15.630		16.950871		40.681
6.256		3.3932		0.0000		873.525		6.098		15.640		16.966017		40.721
6.254		3.3964		0.0000		873.521		6.101		15.635		16.981853		40.761
6.250		3.3997		0.0000		873.518		6.104		15.625		16.998379		40.801
6.244		3.4028		0.0000		873.515		6.107		15.610		17.014212		40.841
6.240		3.4060		0.0000		873.512		6.110		15.600		17.030046		40.881
6.234		3.4093		0.0000		873.508		6.114		15.585		17.046572		40.921
6.230		3.4125		0.0000		873.505		6.117		15.575		17.062408		40.961
6.226		3.4159		0.0000		873.502		6.120		15.565		17.079618		41.001
6.224		3.4198		0.0000		873.498		6.124		15.560		17.098898		41.041
6.226		3.4235		0.0000		873.494		6.128		15.565		17.117487		41.081
6.228		3.4267		0.0000		873.491		6.131		15.570		17.133324		41.121
6.228		3.4298		0.0000		873.488		6.134		15.570		17.149158		41.161
