数据量:1050
试验力		变形		扩展变形		位置		位移		应力		应变		时间
0.010		0.0030		0.0000		876.940		2.760		0.025		0.015148		0.040
0.010		0.0065		0.0000		876.936		2.763		0.025		0.032361		0.080
0.012		0.0098		0.0000		876.933		2.767		0.030		0.048884		0.120
0.012		0.0129		0.0000		876.930		2.770		0.030		0.064720		0.160
0.014		0.0161		0.0000		876.926		2.773		0.035		0.080554		0.200
0.016		0.0194		0.0000		876.923		2.776		0.040		0.097079		0.240
0.016		0.0226		0.0000		876.920		2.779		0.040		0.112915		0.280
0.018		0.0259		0.0000		876.917		2.783		0.045		0.129439		0.320
0.020		0.0291		0.0000		876.914		2.786		0.050		0.145274		0.360
0.022		0.0326		0.0000		876.910		2.789		0.055		0.163175		0.400
0.024		0.0362		0.0000		876.906		2.793		0.060		0.181077		0.440
0.026		0.0399		0.0000		876.903		2.797		0.065		0.199666		0.480
0.028		0.0431		0.0000		876.899		2.800		0.070		0.215501		0.520
0.032		0.0463		0.0000		876.896		2.803		0.080		0.231336		0.560
0.034		0.0496		0.0000		876.893		2.806		0.085		0.247860		0.600
0.036		0.0527		0.0000		876.890		2.809		0.090		0.263696		0.640
0.040		0.0560		0.0000		876.887		2.813		0.100		0.280221		0.680
0.044		0.0592		0.0000		876.883		2.816		0.110		0.296055		0.720
0.048		0.0625		0.0000		876.880		2.819		0.120		0.312580		0.760
0.052		0.0658		0.0000		876.877		2.823		0.130		0.329103		0.800
0.056		0.0695		0.0000		876.873		2.826		0.140		0.347693		0.840
0.060		0.0731		0.0000		876.869		2.830		0.150		0.365593		0.880
0.066		0.0764		0.0000		876.866		2.833		0.165		0.382118		0.920
0.072		0.0797		0.0000		876.863		2.836		0.180		0.398642		0.960
0.078		0.0829		0.0000		876.860		2.840		0.195		0.414478		1.000
0.084		0.0862		0.0000		876.856		2.843		0.210		0.431001		1.040
0.090		0.0894		0.0000		876.853		2.846		0.225		0.446837		1.080
0.096		0.0927		0.0000		876.850		2.849		0.240		0.463361		1.120
0.104		0.0958		0.0000		876.847		2.853		0.260		0.479196		1.160
0.110		0.0991		0.0000		876.843		2.856		0.275		0.495720		1.200
0.118		0.1027		0.0000		876.840		2.859		0.295		0.513622		1.240
0.126		0.1064		0.0000		876.836		2.863		0.315		0.532211		1.280
0.136		0.1099		0.0000		876.833		2.867		0.340		0.549424		1.320
0.144		0.1131		0.0000		876.830		2.870		0.360		0.565259		1.360
0.154		0.1164		0.0000		876.826		2.873		0.385		0.581783		1.400
0.162		0.1195		0.0000		876.823		2.876		0.405		0.597619		1.440
0.172		0.1228		0.0000		876.820		2.880		0.430		0.614142		1.480
0.180		0.1260		0.0000		876.817		2.883		0.450		0.629978		1.520
0.190		0.1293		0.0000		876.813		2.886		0.475		0.646502		1.560
0.200		0.1325		0.0000		876.810		2.889		0.500		0.662338		1.600
0.210		0.1360		0.0000		876.807		2.893		0.525		0.680238		1.640
0.220		0.1396		0.0000		876.803		2.896		0.550		0.698140		1.680
0.232		0.1432		0.0000		876.799		2.900		0.580		0.716040		1.720
0.244		0.1465		0.0000		876.796		2.903		0.610		0.732565		1.760
0.256		0.1497		0.0000		876.793		2.906		0.640		0.748399		1.800
0.268		0.1530		0.0000		876.790		2.910		0.670		0.764924		1.840
0.280		0.1562		0.0000		876.786		2.913		0.700		0.780760		1.880
0.290		0.1595		0.0000		876.783		2.916		0.725		0.797284		1.920
0.302		0.1626		0.0000		876.780		2.919		0.755		0.813119		1.960
0.314		0.1658		0.0000		876.777		2.923		0.785		0.828954		2.000
0.326		0.1692		0.0000		876.773		2.926		0.815		0.846167		2.040
0.338		0.1730		0.0000		876.770		2.930		0.845		0.864756		2.080
0.350		0.1767		0.0000		876.766		2.933		0.875		0.883346		2.120
0.364		0.1798		0.0000		876.763		2.937		0.910		0.899181		2.160
0.380		0.1831		0.0000		876.759		2.940		0.950		0.915705		2.200
0.396		0.1863		0.0000		876.756		2.943		0.990		0.931541		2.240
0.412		0.1896		0.0000		876.753		2.946		1.030		0.948066		2.280
0.430		0.1928		0.0000		876.750		2.950		1.075		0.963900		2.320
0.446		0.1961		0.0000		876.747		2.953		1.115		0.980425		2.360
0.462		0.1993		0.0000		876.743		2.956		1.155		0.996259		2.400
0.478		0.2026		0.0000		876.740		2.959		1.195		1.012784		2.440
0.496		0.2061		0.0000		876.736		2.963		1.240		1.030685		2.480
0.514		0.2099		0.0000		876.733		2.967		1.285		1.049274		2.520
0.532		0.2133		0.0000		876.729		2.970		1.330		1.066487		2.560
0.552		0.2165		0.0000		876.726		2.973		1.380		1.082323		2.600
0.570		0.2198		0.0000		876.723		2.977		1.425		1.098846		2.640
0.586		0.2229		0.0000		876.720		2.980		1.465		1.114682		2.680
0.604		0.2262		0.0000		876.716		2.983		1.510		1.131206		2.720
0.620		0.2294		0.0000		876.713		2.986		1.550		1.147041		2.760
0.636		0.2326		0.0000		876.710		2.989		1.590		1.162877		2.800
0.650		0.2359		0.0000		876.707		2.993		1.625		1.179401		2.840
0.664		0.2395		0.0000		876.703		2.996		1.660		1.197302		2.880
0.678		0.2430		0.0000		876.700		3.000		1.695		1.215203		2.920
0.694		0.2468		0.0000		876.696		3.004		1.735		1.233792		2.960
0.712		0.2499		0.0000		876.693		3.007		1.780		1.249628		3.000
0.730		0.2531		0.0000		876.690		3.010		1.825		1.265464		3.040
0.748		0.2564		0.0000		876.686		3.013		1.870		1.281987		3.080
0.766		0.2596		0.0000		876.683		3.016		1.915		1.297823		3.120
0.784		0.2629		0.0000		876.680		3.020		1.960		1.314347		3.160
0.802		0.2660		0.0000		876.677		3.023		2.005		1.330183		3.200
0.820		0.2693		0.0000		876.673		3.026		2.050		1.346706		3.240
0.838		0.2726		0.0000		876.670		3.029		2.095		1.363231		3.280
0.858		0.2764		0.0000		876.666		3.033		2.145		1.381820		3.320
0.878		0.2799		0.0000		876.663		3.037		2.195		1.399721		3.360
0.900		0.2832		0.0000		876.659		3.040		2.250		1.416245		3.400
0.922		0.2866		0.0000		876.656		3.043		2.305		1.432769		3.440
0.944		0.2897		0.0000		876.653		3.046		2.360		1.448605		3.480
0.964		0.2930		0.0000		876.650		3.050		2.410		1.465129		3.520
0.984		0.2962		0.0000		876.646		3.053		2.460		1.480964		3.560
1.006		0.2995		0.0000		876.643		3.056		2.515		1.497488		3.600
1.026		0.3027		0.0000		876.640		3.059		2.565		1.513324		3.640
1.046		0.3061		0.0000		876.636		3.063		2.615		1.530536		3.680
1.068		0.3095		0.0000		876.633		3.066		2.670		1.547749		3.720
1.090		0.3133		0.0000		876.629		3.070		2.725		1.566339		3.760
1.114		0.3167		0.0000		876.626		3.073		2.785		1.583550		3.800
1.140		0.3199		0.0000		876.623		3.077		2.850		1.599386		3.840
1.162		0.3230		0.0000		876.620		3.080		2.905		1.615222		3.880
1.186		0.3263		0.0000		876.616		3.083		2.965		1.631745		3.920
1.208		0.3297		0.0000		876.613		3.086		3.020		1.648270		3.960
1.232		0.3328		0.0000		876.610		3.090		3.080		1.664104		4.000
1.258		0.3360		0.0000		876.607		3.093		3.145		1.679940		4.040
1.282		0.3393		0.0000		876.603		3.096		3.205		1.696465		4.080
1.308		0.3427		0.0000		876.600		3.099		3.270		1.713676		4.120
1.334		0.3465		0.0000		876.596		3.103		3.335		1.732266		4.160
1.362		0.3500		0.0000		876.593		3.107		3.405		1.750168		4.200
1.392		0.3533		0.0000		876.589		3.110		3.480		1.766691		4.240
1.420		0.3566		0.0000		876.586		3.113		3.550		1.783216		4.280
1.446		0.3597		0.0000		876.583		3.116		3.615		1.798363		4.320
1.472		0.3630		0.0000		876.580		3.120		3.680		1.814886		4.360
1.500		0.3663		0.0000		876.576		3.123		3.750		1.831410		4.400
1.526		0.3694		0.0000		876.573		3.126		3.815		1.847246		4.440
1.554		0.3726		0.0000		876.570		3.129		3.885		1.863081		4.480
1.580		0.3761		0.0000		876.567		3.133		3.950		1.880294		4.520
1.608		0.3798		0.0000		876.563		3.137		4.020		1.898884		4.560
1.638		0.3835		0.0000		876.559		3.140		4.095		1.917473		4.600
1.670		0.3868		0.0000		876.556		3.144		4.175		1.933997		4.640
1.702		0.3900		0.0000		876.553		3.147		4.255		1.949832		4.680
1.730		0.3931		0.0000		876.549		3.150		4.325		1.965668		4.720
1.756		0.3963		0.0000		876.546		3.153		4.390		1.981504		4.760
1.784		0.3996		0.0000		876.543		3.156		4.460		1.998028		4.800
1.812		0.4028		0.0000		876.540		3.160		4.530		2.013863		4.840
1.840		0.4061		0.0000		876.536		3.163		4.600		2.030387		4.880
1.868		0.4094		0.0000		876.533		3.166		4.670		2.046911		4.920
1.896		0.4130		0.0000		876.530		3.170		4.740		2.064812		4.960
1.924		0.4167		0.0000		876.526		3.173		4.810		2.083402		5.000
1.956		0.4201		0.0000		876.522		3.177		4.890		2.100614		5.040
1.990		0.4233		0.0000		876.519		3.180		4.975		2.116450		5.080
2.020		0.4266		0.0000		876.516		3.183		5.050		2.132974		5.120
2.046		0.4298		0.0000		876.513		3.187		5.115		2.148809		5.160
2.074		0.4331		0.0000		876.510		3.190		5.185		2.165333		5.200
2.104		0.4362		0.0000		876.506		3.193		5.260		2.181169		5.240
2.132		0.4394		0.0000		876.503		3.196		5.330		2.197005		5.280
2.160		0.4426		0.0000		876.500		3.199		5.400		2.212839		5.320
2.188		0.4461		0.0000		876.496		3.203		5.470		2.230741		5.360
2.218		0.4500		0.0000		876.493		3.207		5.545		2.250018		5.400
2.252		0.4536		0.0000		876.489		3.210		5.630		2.267920		5.440
2.286		0.4568		0.0000		876.486		3.214		5.715		2.283756		5.480
2.318		0.4599		0.0000		876.483		3.217		5.795		2.299590		5.520
2.346		0.4631		0.0000		876.479		3.220		5.865		2.315426		5.560
2.374		0.4664		0.0000		876.476		3.223		5.935		2.331949		5.600
2.402		0.4696		0.0000		876.473		3.226		6.005		2.347785		5.640
2.432		0.4729		0.0000		876.470		3.230		6.080		2.364310		5.680
2.460		0.4760		0.0000		876.467		3.233		6.150		2.380145		5.720
2.488		0.4795		0.0000		876.463		3.236		6.220		2.397357		5.760
2.518		0.4832		0.0000		876.459		3.240		6.295		2.415947		5.800
2.548		0.4868		0.0000		876.456		3.244		6.370		2.433848		5.840
2.582		0.4901		0.0000		876.453		3.247		6.455		2.450372		5.880
2.616		0.4934		0.0000		876.449		3.250		6.540		2.466896		5.920
2.646		0.4965		0.0000		876.446		3.253		6.615		2.482731		5.960
2.674		0.4999		0.0000		876.443		3.257		6.685		2.499255		6.000
2.702		0.5030		0.0000		876.440		3.260		6.755		2.515091		6.040
2.730		0.5063		0.0000		876.436		3.263		6.825		2.531615		6.080
2.758		0.5094		0.0000		876.433		3.266		6.895		2.546762		6.120
2.786		0.5127		0.0000		876.430		3.269		6.965		2.563286		6.160
2.816		0.5164		0.0000		876.426		3.273		7.040		2.581875		6.200
2.846		0.5202		0.0000		876.422		3.277		7.115		2.601154		6.240
2.880		0.5235		0.0000		876.419		3.280		7.200		2.617677		6.280
2.914		0.5267		0.0000		876.416		3.283		7.285		2.633513		6.320
2.944		0.5299		0.0000		876.413		3.287		7.360		2.649349		6.360
2.970		0.5332		0.0000		876.409		3.290		7.425		2.665873		6.400
2.998		0.5365		0.0000		876.406		3.293		7.495		2.682396		6.440
3.028		0.5396		0.0000		876.403		3.296		7.570		2.698232		6.480
3.056		0.5428		0.0000		876.400		3.300		7.640		2.714068		6.520
3.084		0.5461		0.0000		876.396		3.303		7.710		2.730591		6.560
3.112		0.5497		0.0000		876.393		3.306		7.780		2.748493		6.600
3.142		0.5534		0.0000		876.389		3.310		7.855		2.767082		6.640
3.174		0.5570		0.0000		876.386		3.314		7.935		2.784983		6.680
3.208		0.5602		0.0000		876.382		3.317		8.020		2.800819		6.720
3.240		0.5633		0.0000		876.379		3.320		8.100		2.816654		6.760
3.266		0.5666		0.0000		876.376		3.323		8.165		2.833178		6.800
3.294		0.5698		0.0000		876.373		3.327		8.235		2.849014		6.840
3.322		0.5730		0.0000		876.370		3.330		8.305		2.864850		6.880
3.350		0.5761		0.0000		876.366		3.333		8.375		2.880684		6.920
3.378		0.5794		0.0000		876.363		3.336		8.445		2.897209		6.960
3.406		0.5829		0.0000		876.360		3.340		8.515		2.914422		7.000
3.434		0.5866		0.0000		876.356		3.343		8.585		2.933011		7.040
3.464		0.5903		0.0000		876.352		3.347		8.660		2.951601		7.080
3.498		0.5936		0.0000		876.349		3.350		8.745		2.968124		7.120
3.530		0.5968		0.0000		876.346		3.354		8.825		2.983960		7.160
3.558		0.6000		0.0000		876.343		3.357		8.895		2.999794		7.200
3.584		0.6033		0.0000		876.339		3.360		8.960		3.016319		7.240
3.610		0.6064		0.0000		876.336		3.363		9.025		3.032155		7.280
3.638		0.6096		0.0000		876.333		3.366		9.095		3.047990		7.320
3.666		0.6128		0.0000		876.330		3.370		9.165		3.063825		7.360
3.692		0.6162		0.0000		876.326		3.373		9.230		3.081038		7.400
3.720		0.6199		0.0000		876.323		3.377		9.300		3.099627		7.440
3.748		0.6235		0.0000		876.319		3.380		9.370		3.117528		7.480
3.780		0.6269		0.0000		876.316		3.384		9.450		3.134741		7.520
3.812		0.6303		0.0000		876.312		3.387		9.530		3.151265		7.560
3.840		0.6333		0.0000		876.309		3.390		9.600		3.166412		7.600
3.866		0.6367		0.0000		876.306		3.393		9.665		3.183625		7.640
3.892		0.6398		0.0000		876.303		3.397		9.730		3.198771		7.680
3.918		0.6431		0.0000		876.299		3.400		9.795		3.215295		7.720
3.944		0.6462		0.0000		876.296		3.403		9.860		3.231131		7.760
3.968		0.6494		0.0000		876.293		3.406		9.920		3.246967		7.800
3.994		0.6530		0.0000		876.290		3.410		9.985		3.264867		7.840
4.020		0.6568		0.0000		876.286		3.414		10.050		3.284146		7.880
4.050		0.6604		0.0000		876.282		3.417		10.125		3.302046		7.920
4.082		0.6637		0.0000		876.279		3.420		10.205		3.318571		7.960
4.108		0.6666		0.0000		876.276		3.423		10.270		3.333029		8.000
4.132		0.6699		0.0000		876.273		3.427		10.330		3.349553		8.040
4.156		0.6732		0.0000		876.269		3.430		10.390		3.366077		8.080
4.180		0.6764		0.0000		876.266		3.433		10.450		3.381913		8.120
4.204		0.6797		0.0000		876.263		3.436		10.510		3.398436		8.160
4.228		0.6829		0.0000		876.260		3.440		10.570		3.414272		8.200
4.252		0.6863		0.0000		876.256		3.443		10.630		3.431485		8.240
4.276		0.6900		0.0000		876.253		3.447		10.690		3.450074		8.280
4.302		0.6937		0.0000		876.249		3.450		10.755		3.468664		8.320
4.330		0.6969		0.0000		876.246		3.454		10.825		3.484499		8.360
4.356		0.7002		0.0000		876.242		3.457		10.890		3.501023		8.400
4.380		0.7034		0.0000		876.239		3.460		10.950		3.516859		8.440
4.400		0.7067		0.0000		876.236		3.463		11.000		3.533382		8.480
4.422		0.7098		0.0000		876.233		3.467		11.055		3.549218		8.520
4.442		0.7130		0.0000		876.230		3.470		11.105		3.565054		8.560
4.464		0.7163		0.0000		876.226		3.473		11.160		3.581578		8.600
4.484		0.7195		0.0000		876.223		3.476		11.210		3.597413		8.640
4.506		0.7232		0.0000		876.219		3.480		11.265		3.616003		8.680
4.528		0.7271		0.0000		876.216		3.484		11.320		3.635280		8.720
4.556		0.7305		0.0000		876.212		3.487		11.390		3.652493		8.760
4.582		0.7335		0.0000		876.209		3.490		11.455		3.667639		8.800
4.604		0.7367		0.0000		876.206		3.493		11.510		3.683475		8.840
4.622		0.7400		0.0000		876.203		3.497		11.555		3.700000		8.880
4.640		0.7433		0.0000		876.199		3.500		11.600		3.716524		8.920
4.660		0.7465		0.0000		876.196		3.503		11.650		3.732359		8.960
4.678		0.7496		0.0000		876.193		3.506		11.695		3.748194		9.000
4.696		0.7529		0.0000		876.190		3.510		11.740		3.764719		9.040
4.714		0.7564		0.0000		876.186		3.513		11.785		3.781931		9.080
4.734		0.7602		0.0000		876.182		3.517		11.835		3.801209		9.120
4.756		0.7638		0.0000		876.179		3.521		11.890		3.819110		9.160
4.780		0.7670		0.0000		876.176		3.524		11.950		3.834945		9.200
4.800		0.7703		0.0000		876.172		3.527		12.000		3.851470		9.240
4.818		0.7733		0.0000		876.169		3.530		12.045		3.866616		9.280
4.832		0.7766		0.0000		876.166		3.533		12.080		3.883140		9.320
4.848		0.7798		0.0000		876.163		3.537		12.120		3.898976		9.360
4.864		0.7830		0.0000		876.160		3.540		12.160		3.914812		9.400
4.878		0.7863		0.0000		876.156		3.543		12.195		3.931335		9.440
4.894		0.7897		0.0000		876.153		3.546		12.235		3.948548		9.480
4.910		0.7934		0.0000		876.149		3.550		12.275		3.967137		9.520
4.928		0.7971		0.0000		876.145		3.554		12.320		3.985727		9.560
4.950		0.8005		0.0000		876.142		3.557		12.375		4.002251		9.600
4.970		0.8036		0.0000		876.139		3.560		12.425		4.018086		9.640
4.982		0.8068		0.0000		876.136		3.564		12.455		4.033922		9.680
4.996		0.8100		0.0000		876.133		3.567		12.490		4.049758		9.720
5.008		0.8133		0.0000		876.129		3.570		12.520		4.066281		9.760
5.022		0.8164		0.0000		876.126		3.573		12.555		4.082117		9.800
5.034		0.8196		0.0000		876.123		3.576		12.585		4.097953		9.840
5.046		0.8229		0.0000		876.120		3.580		12.615		4.114476		9.880
5.058		0.8268		0.0000		876.116		3.584		12.645		4.133755		9.920
5.074		0.8306		0.0000		876.112		3.587		12.685		4.153032		9.960
5.092		0.8338		0.0000		876.109		3.591		12.730		4.168868		10.000
5.108		0.8369		0.0000		876.106		3.594		12.770		4.184704		10.040
5.122		0.8401		0.0000		876.102		3.597		12.805		4.200540		10.080
5.132		0.8434		0.0000		876.099		3.600		12.830		4.217063		10.120
5.142		0.8467		0.0000		876.096		3.603		12.855		4.233587		10.160
5.154		0.8497		0.0000		876.093		3.607		12.885		4.248734		10.200
5.164		0.8531		0.0000		876.090		3.610		12.910		4.265258		10.240
5.174		0.8562		0.0000		876.086		3.613		12.935		4.281094		10.280
5.184		0.8599		0.0000		876.083		3.617		12.960		4.299684		10.320
5.194		0.8638		0.0000		876.079		3.621		12.985		4.318961		10.360
5.210		0.8672		0.0000		876.075		3.624		13.025		4.336174		10.400
5.226		0.8704		0.0000		876.072		3.627		13.065		4.352009		10.440
5.238		0.8736		0.0000		876.069		3.630		13.095		4.367845		10.480
5.246		0.8769		0.0000		876.066		3.634		13.115		4.384369		10.520
5.252		0.8800		0.0000		876.063		3.637		13.130		4.400205		10.560
5.262		0.8832		0.0000		876.059		3.640		13.155		4.416039		10.600
5.270		0.8864		0.0000		876.056		3.643		13.175		4.431875		10.640
5.278		0.8895		0.0000		876.053		3.646		13.195		4.447711		10.680
5.286		0.8931		0.0000		876.049		3.650		13.215		4.465611		10.720
5.296		0.8970		0.0000		876.046		3.654		13.240		4.484890		10.760
5.308		0.9007		0.0000		876.042		3.657		13.270		4.503479		10.800
5.322		0.9037		0.0000		876.039		3.660		13.305		4.518626		10.840
5.334		0.9070		0.0000		876.036		3.664		13.335		4.535151		10.880
5.342		0.9102		0.0000		876.032		3.667		13.355		4.550985		10.920
5.348		0.9135		0.0000		876.029		3.670		13.370		4.567510		10.960
5.354		0.9167		0.0000		876.026		3.673		13.385		4.583344		11.000
5.360		0.9198		0.0000		876.023		3.677		13.400		4.599180		11.040
5.366		0.9230		0.0000		876.020		3.680		13.415		4.615016		11.080
5.372		0.9264		0.0000		876.016		3.683		13.430		4.632229		11.120
5.380		0.9302		0.0000		876.012		3.687		13.450		4.650818		11.160
5.390		0.9339		0.0000		876.009		3.691		13.475		4.669408		11.200
5.404		0.9373		0.0000		876.005		3.694		13.510		4.686620		11.240
5.416		0.9404		0.0000		876.002		3.697		13.540		4.701767		11.280
5.424		0.9437		0.0000		875.999		3.700		13.560		4.718290		11.320
5.428		0.9468		0.0000		875.996		3.704		13.570		4.734126		11.360
5.434		0.9501		0.0000		875.992		3.707		13.585		4.750650		11.400
5.438		0.9533		0.0000		875.989		3.710		13.595		4.766486		11.440
5.444		0.9563		0.0000		875.986		3.713		13.610		4.781632		11.480
5.448		0.9598		0.0000		875.983		3.717		13.620		4.798845		11.520
5.454		0.9632		0.0000		875.979		3.720		13.635		4.816058		11.560
5.460		0.9672		0.0000		875.975		3.724		13.650		4.836024		11.600
5.472		0.9706		0.0000		875.972		3.727		13.680		4.853237		11.640
5.484		0.9738		0.0000		875.969		3.731		13.710		4.869072		11.680
5.492		0.9771		0.0000		875.965		3.734		13.730		4.885596		11.720
5.496		0.9803		0.0000		875.962		3.737		13.740		4.901432		11.760
5.500		0.9835		0.0000		875.959		3.740		13.750		4.917268		11.800
5.504		0.9866		0.0000		875.956		3.743		13.760		4.933104		11.840
5.508		0.9898		0.0000		875.953		3.747		13.770		4.948939		11.880
5.512		0.9930		0.0000		875.950		3.750		13.780		4.964774		11.920
5.516		0.9965		0.0000		875.946		3.753		13.790		4.982676		11.960
5.522		1.0004		0.0000		875.942		3.757		13.805		5.001953		12.000
5.530		1.0041		0.0000		875.938		3.761		13.825		5.020542		12.040
5.542		1.0073		0.0000		875.935		3.764		13.855		5.036378		12.080
5.550		1.0104		0.0000		875.932		3.767		13.875		5.052214		12.120
5.554		1.0136		0.0000		875.929		3.770		13.885		5.068049		12.160
5.556		1.0169		0.0000		875.926		3.774		13.890		5.084573		12.200
5.558		1.0201		0.0000		875.922		3.777		13.895		5.100409		12.240
5.562		1.0232		0.0000		875.919		3.780		13.905		5.116244		12.280
5.566		1.0264		0.0000		875.916		3.783		13.915		5.132079		12.320
5.568		1.0299		0.0000		875.913		3.787		13.920		5.149292		12.360
5.572		1.0336		0.0000		875.909		3.790		13.930		5.167881		12.400
5.580		1.0374		0.0000		875.905		3.794		13.950		5.187160		12.440
5.590		1.0406		0.0000		875.902		3.797		13.975		5.202995		12.480
5.600		1.0439		0.0000		875.899		3.801		14.000		5.219519		12.520
5.604		1.0471		0.0000		875.896		3.804		14.010		5.235355		12.560
5.606		1.0502		0.0000		875.892		3.807		14.015		5.251189		12.600
5.610		1.0534		0.0000		875.889		3.810		14.025		5.267025		12.640
5.612		1.0566		0.0000		875.886		3.813		14.030		5.282861		12.680
5.614		1.0599		0.0000		875.883		3.817		14.035		5.299385		12.720
5.616		1.0630		0.0000		875.880		3.820		14.040		5.315220		12.760
5.620		1.0668		0.0000		875.876		3.824		14.050		5.333810		12.800
5.624		1.0706		0.0000		875.872		3.827		14.060		5.353088		12.840
5.634		1.0741		0.0000		875.869		3.831		14.085		5.370301		12.880
5.644		1.0772		0.0000		875.865		3.834		14.110		5.386136		12.920
5.650		1.0804		0.0000		875.862		3.837		14.125		5.401971		12.960
5.650		1.0837		0.0000		875.859		3.840		14.125		5.418495		13.000
5.652		1.0869		0.0000		875.856		3.844		14.130		5.434331		13.040
5.654		1.0900		0.0000		875.853		3.847		14.135		5.450167		13.080
5.656		1.0932		0.0000		875.849		3.850		14.140		5.466002		13.120
5.658		1.0965		0.0000		875.846		3.853		14.145		5.482526		13.160
5.660		1.0999		0.0000		875.843		3.857		14.150		5.499739		13.200
5.664		1.1038		0.0000		875.839		3.861		14.160		5.519017		13.240
5.670		1.1075		0.0000		875.835		3.864		14.175		5.537606		13.280
5.680		1.1107		0.0000		875.832		3.867		14.200		5.553441		13.320
5.686		1.1139		0.0000		875.829		3.871		14.215		5.569277		13.360
5.688		1.1170		0.0000		875.826		3.874		14.220		5.585113		13.400
5.690		1.1203		0.0000		875.822		3.877		14.225		5.601636		13.440
5.690		1.1235		0.0000		875.819		3.880		14.225		5.617472		13.480
5.692		1.1267		0.0000		875.816		3.883		14.230		5.633307		13.520
5.694		1.1298		0.0000		875.813		3.887		14.235		5.649143		13.560
5.696		1.1333		0.0000		875.809		3.890		14.240		5.666356		13.600
5.698		1.1370		0.0000		875.806		3.894		14.245		5.684946		13.640
5.704		1.1407		0.0000		875.802		3.897		14.260		5.703535		13.680
5.712		1.1440		0.0000		875.799		3.901		14.280		5.720058		13.720
5.720		1.1472		0.0000		875.795		3.904		14.300		5.735894		13.760
5.722		1.1505		0.0000		875.792		3.907		14.305		5.752418		13.800
5.722		1.1537		0.0000		875.789		3.910		14.305		5.768254		13.840
5.722		1.1568		0.0000		875.786		3.914		14.305		5.784090		13.880
5.724		1.1600		0.0000		875.783		3.917		14.310		5.799924		13.920
5.726		1.1633		0.0000		875.779		3.920		14.315		5.816449		13.960
5.728		1.1665		0.0000		875.776		3.923		14.320		5.832283		14.000
5.730		1.1702		0.0000		875.772		3.927		14.325		5.850873		14.040
5.734		1.1740		0.0000		875.769		3.931		14.335		5.870152		14.080
5.742		1.1775		0.0000		875.765		3.934		14.355		5.887364		14.120
5.752		1.1806		0.0000		875.762		3.937		14.380		5.903200		14.160
5.756		1.1838		0.0000		875.759		3.941		14.390		5.919034		14.200
5.758		1.1871		0.0000		875.755		3.944		14.395		5.935559		14.240
5.758		1.1903		0.0000		875.752		3.947		14.395		5.951395		14.280
5.760		1.1933		0.0000		875.749		3.950		14.400		5.966542		14.320
5.762		1.1966		0.0000		875.746		3.953		14.405		5.983066		14.360
5.764		1.1998		0.0000		875.743		3.957		14.410		5.998901		14.400
5.766		1.2034		0.0000		875.739		3.960		14.415		6.016802		14.440
5.768		1.2072		0.0000		875.735		3.964		14.420		6.036080		14.480
5.776		1.2109		0.0000		875.732		3.968		14.440		6.054669		14.520
5.786		1.2141		0.0000		875.729		3.971		14.465		6.070505		14.560
5.792		1.2173		0.0000		875.725		3.974		14.480		6.086340		14.600
5.792		1.2204		0.0000		875.722		3.977		14.480		6.102176		14.640
5.794		1.2236		0.0000		875.719		3.980		14.485		6.118011		14.680
5.796		1.2269		0.0000		875.716		3.984		14.490		6.134535		14.720
5.798		1.2301		0.0000		875.713		3.987		14.495		6.150371		14.760
5.798		1.2332		0.0000		875.709		3.990		14.495		6.166206		14.800
5.800		1.2367		0.0000		875.706		3.993		14.500		6.183419		14.840
5.802		1.2404		0.0000		875.702		3.997		14.505		6.202009		14.880
5.806		1.2443		0.0000		875.698		4.001		14.515		6.221287		14.920
5.816		1.2474		0.0000		875.695		4.004		14.540		6.237123		14.960
5.824		1.2507		0.0000		875.692		4.007		14.560		6.253645		15.000
5.826		1.2539		0.0000		875.689		4.011		14.565		6.269481		15.040
5.826		1.2569		0.0000		875.686		4.014		14.565		6.284628		15.080
5.828		1.2602		0.0000		875.682		4.017		14.570		6.301153		15.120
5.830		1.2634		0.0000		875.679		4.020		14.575		6.316988		15.160
5.830		1.2666		0.0000		875.676		4.023		14.575		6.332824		15.200
5.830		1.2699		0.0000		875.673		4.027		14.575		6.349347		15.240
5.832		1.2736		0.0000		875.669		4.030		14.580		6.367936		15.280
5.836		1.2776		0.0000		875.665		4.034		14.590		6.387904		15.320
5.846		1.2810		0.0000		875.662		4.038		14.615		6.405115		15.360
5.854		1.2841		0.0000		875.659		4.041		14.635		6.420262		15.400
5.858		1.2872		0.0000		875.655		4.044		14.645		6.436098		15.440
5.858		1.2905		0.0000		875.652		4.047		14.645		6.452622		15.480
5.858		1.2937		0.0000		875.649		4.050		14.645		6.468458		15.520
5.860		1.2969		0.0000		875.646		4.054		14.650		6.484294		15.560
5.862		1.3000		0.0000		875.643		4.057		14.655		6.500130		15.600
5.862		1.3032		0.0000		875.639		4.060		14.655		6.515965		15.640
5.864		1.3068		0.0000		875.636		4.064		14.660		6.533866		15.680
5.866		1.3106		0.0000		875.632		4.067		14.665		6.553144		15.720
5.872		1.3143		0.0000		875.628		4.071		14.680		6.571734		15.760
5.882		1.3175		0.0000		875.625		4.074		14.705		6.587567		15.800
5.888		1.3207		0.0000		875.622		4.077		14.720		6.603403		15.840
5.888		1.3237		0.0000		875.619		4.080		14.720		6.618550		15.880
5.888		1.3270		0.0000		875.616		4.084		14.720		6.635075		15.920
5.890		1.3302		0.0000		875.612		4.087		14.725		6.650910		15.960
5.890		1.3333		0.0000		875.609		4.090		14.725		6.666746		16.000
5.892		1.3367		0.0000		875.606		4.093		14.730		6.683271		16.040
5.892		1.3400		0.0000		875.603		4.097		14.730		6.699793		16.080
5.894		1.3438		0.0000		875.599		4.101		14.735		6.719072		16.120
5.900		1.3477		0.0000		875.595		4.104		14.750		6.738350		16.160
5.910		1.3510		0.0000		875.592		4.108		14.775		6.754875		16.200
5.916		1.3540		0.0000		875.589		4.111		14.790		6.770022		16.240
5.918		1.3572		0.0000		875.585		4.114		14.795		6.785858		16.280
5.918		1.3605		0.0000		875.582		4.117		14.795		6.802380		16.320
5.918		1.3636		0.0000		875.579		4.120		14.795		6.818216		16.360
5.918		1.3668		0.0000		875.576		4.124		14.795		6.834052		16.400
5.918		1.3700		0.0000		875.573		4.127		14.795		6.849887		16.440
5.920		1.3733		0.0000		875.569		4.130		14.800		6.866412		16.480
5.920		1.3770		0.0000		875.566		4.134		14.800		6.885002		16.520
5.924		1.3810		0.0000		875.562		4.138		14.810		6.904967		16.560
5.932		1.3843		0.0000		875.558		4.141		14.830		6.921492		16.600
5.940		1.3875		0.0000		875.555		4.144		14.850		6.937327		16.640
5.942		1.3906		0.0000		875.552		4.147		14.855		6.953163		16.680
5.942		1.3939		0.0000		875.549		4.151		14.855		6.969686		16.720
5.942		1.3971		0.0000		875.545		4.154		14.855		6.985521		16.760
5.942		1.4003		0.0000		875.542		4.157		14.855		7.001357		16.800
5.942		1.4034		0.0000		875.539		4.160		14.855		7.017193		16.840
5.942		1.4066		0.0000		875.536		4.163		14.855		7.033029		16.880
5.944		1.4102		0.0000		875.532		4.167		14.860		7.050929		16.920
5.946		1.4142		0.0000		875.528		4.171		14.865		7.070897		16.960
5.952		1.4178		0.0000		875.525		4.175		14.880		7.088797		17.000
5.962		1.4208		0.0000		875.522		4.178		14.905		7.103944		17.040
5.966		1.4240		0.0000		875.519		4.181		14.915		7.119780		17.080
5.966		1.4273		0.0000		875.515		4.184		14.915		7.136302		17.120
5.966		1.4304		0.0000		875.512		4.187		14.915		7.152138		17.160
5.966		1.4336		0.0000		875.509		4.190		14.915		7.167974		17.200
5.968		1.4369		0.0000		875.506		4.194		14.920		7.184498		17.240
5.968		1.4399		0.0000		875.503		4.197		14.920		7.199645		17.280
5.968		1.4435		0.0000		875.499		4.200		14.920		7.217546		17.320
5.970		1.4472		0.0000		875.495		4.204		14.925		7.236135		17.360
5.974		1.4511		0.0000		875.492		4.208		14.935		7.255414		17.400
5.982		1.4542		0.0000		875.488		4.211		14.955		7.271249		17.440
5.988		1.4576		0.0000		875.485		4.214		14.970		7.287774		17.480
5.990		1.4607		0.0000		875.482		4.217		14.975		7.303607		17.520
5.990		1.4639		0.0000		875.479		4.221		14.975		7.319443		17.560
5.990		1.4671		0.0000		875.476		4.224		14.975		7.335279		17.600
5.990		1.4702		0.0000		875.472		4.227		14.975		7.351115		17.640
5.990		1.4734		0.0000		875.469		4.230		14.975		7.366951		17.680
5.992		1.4767		0.0000		875.466		4.233		14.980		7.383475		17.720
5.992		1.4806		0.0000		875.462		4.237		14.980		7.402751		17.760
5.998		1.4844		0.0000		875.458		4.241		14.995		7.422030		17.800
6.006		1.4877		0.0000		875.455		4.244		15.015		7.438555		17.840
6.014		1.4907		0.0000		875.452		4.247		15.035		7.453701		17.880
6.016		1.4940		0.0000		875.449		4.251		15.040		7.470226		17.920
6.016		1.4972		0.0000		875.445		4.254		15.040		7.486062		17.960
6.014		1.5005		0.0000		875.442		4.257		15.035		7.502584		18.000
6.016		1.5037		0.0000		875.439		4.260		15.040		7.518420		18.040
6.016		1.5069		0.0000		875.436		4.264		15.040		7.534256		18.080
6.016		1.5100		0.0000		875.433		4.267		15.040		7.550092		18.120
6.016		1.5136		0.0000		875.429		4.270		15.040		7.567992		18.160
6.020		1.5176		0.0000		875.425		4.274		15.050		7.587960		18.200
6.028		1.5212		0.0000		875.421		4.278		15.070		7.605860		18.240
6.036		1.5243		0.0000		875.418		4.281		15.090		7.621696		18.280
6.042		1.5275		0.0000		875.415		4.284		15.105		7.637532		18.320
6.042		1.5307		0.0000		875.412		4.287		15.105		7.653368		18.360
6.040		1.5338		0.0000		875.409		4.291		15.100		7.669201		18.400
6.042		1.5370		0.0000		875.406		4.294		15.105		7.685037		18.440
6.042		1.5402		0.0000		875.402		4.297		15.105		7.700872		18.480
6.042		1.5433		0.0000		875.399		4.300		15.105		7.716708		18.520
6.042		1.5469		0.0000		875.396		4.304		15.105		7.734609		18.560
6.044		1.5508		0.0000		875.392		4.308		15.110		7.753887		18.600
6.050		1.5545		0.0000		875.388		4.311		15.125		7.772477		18.640
6.058		1.5577		0.0000		875.385		4.314		15.145		7.788312		18.680
6.064		1.5608		0.0000		875.382		4.318		15.160		7.804148		18.720
6.066		1.5640		0.0000		875.379		4.321		15.165		7.819984		18.760
6.064		1.5673		0.0000		875.375		4.324		15.160		7.836506		18.800
6.066		1.5705		0.0000		875.372		4.327		15.165		7.852342		18.840
6.066		1.5736		0.0000		875.369		4.330		15.165		7.868178		18.880
6.066		1.5768		0.0000		875.366		4.334		15.165		7.884014		18.920
6.066		1.5802		0.0000		875.362		4.337		15.165		7.901227		18.960
6.068		1.5840		0.0000		875.359		4.341		15.170		7.919817		19.000
6.072		1.5877		0.0000		875.355		4.344		15.180		7.938406		19.040
6.080		1.5911		0.0000		875.351		4.348		15.200		7.955618		19.080
6.086		1.5943		0.0000		875.348		4.351		15.215		7.971454		19.120
6.088		1.5975		0.0000		875.345		4.354		15.220		7.987289		19.160
6.088		1.6006		0.0000		875.342		4.357		15.220		8.003125		19.200
6.088		1.6039		0.0000		875.339		4.361		15.220		8.019648		19.240
6.090		1.6070		0.0000		875.336		4.364		15.225		8.034794		19.280
6.090		1.6101		0.0000		875.332		4.367		15.225		8.050631		19.320
6.090		1.6134		0.0000		875.329		4.370		15.225		8.067155		19.360
6.092		1.6171		0.0000		875.325		4.374		15.230		8.085745		19.400
6.094		1.6210		0.0000		875.322		4.378		15.235		8.105022		19.440
6.102		1.6246		0.0000		875.318		4.381		15.255		8.122923		19.480
6.112		1.6276		0.0000		875.315		4.384		15.280		8.138070		19.520
6.116		1.6308		0.0000		875.312		4.388		15.290		8.153906		19.560
6.114		1.6341		0.0000		875.308		4.391		15.285		8.170431		19.600
6.114		1.6373		0.0000		875.305		4.394		15.285		8.186266		19.640
6.116		1.6404		0.0000		875.302		4.397		15.290		8.202103		19.680
6.116		1.6436		0.0000		875.299		4.400		15.290		8.217936		19.720
6.116		1.6469		0.0000		875.296		4.404		15.290		8.234461		19.760
6.116		1.6503		0.0000		875.292		4.407		15.290		8.251675		19.800
6.118		1.6541		0.0000		875.289		4.411		15.295		8.270264		19.840
6.124		1.6579		0.0000		875.285		4.415		15.310		8.289539		19.880
6.132		1.6611		0.0000		875.281		4.418		15.330		8.305376		19.920
6.138		1.6642		0.0000		875.278		4.421		15.345		8.321211		19.960
6.138		1.6674		0.0000		875.275		4.424		15.345		8.337048		20.000
6.136		1.6707		0.0000		875.272		4.427		15.340		8.353572		20.040
6.136		1.6739		0.0000		875.269		4.431		15.340		8.369408		20.080
6.136		1.6770		0.0000		875.266		4.434		15.340		8.385241		20.120
6.136		1.6802		0.0000		875.262		4.437		15.340		8.401077		20.160
6.136		1.6835		0.0000		875.259		4.440		15.340		8.417602		20.200
6.136		1.6874		0.0000		875.255		4.444		15.340		8.436880		20.240
6.140		1.6912		0.0000		875.251		4.448		15.350		8.456159		20.280
6.148		1.6945		0.0000		875.248		4.451		15.370		8.472681		20.320
6.156		1.6976		0.0000		875.245		4.454		15.390		8.487827		20.360
6.156		1.7009		0.0000		875.242		4.458		15.390		8.504353		20.400
6.156		1.7040		0.0000		875.239		4.461		15.390		8.520188		20.440
6.156		1.7072		0.0000		875.235		4.464		15.390		8.536024		20.480
6.156		1.7104		0.0000		875.232		4.467		15.390		8.551860		20.520
6.156		1.7137		0.0000		875.229		4.470		15.390		8.568382		20.560
6.156		1.7168		0.0000		875.226		4.474		15.390		8.584218		20.600
6.158		1.7206		0.0000		875.222		4.477		15.395		8.602808		20.640
6.160		1.7244		0.0000		875.218		4.481		15.400		8.622086		20.680
6.166		1.7279		0.0000		875.215		4.485		15.415		8.639297		20.720
6.174		1.7310		0.0000		875.212		4.488		15.435		8.655133		20.760
6.178		1.7342		0.0000		875.208		4.491		15.445		8.670969		20.800
6.178		1.7375		0.0000		875.205		4.494		15.445		8.687494		20.840
6.178		1.7407		0.0000		875.202		4.497		15.445		8.703329		20.880
6.178		1.7438		0.0000		875.199		4.501		15.445		8.719166		20.920
6.178		1.7470		0.0000		875.196		4.504		15.445		8.735001		20.960
6.178		1.7502		0.0000		875.192		4.507		15.445		8.750834		21.000
6.180		1.7537		0.0000		875.189		4.511		15.450		8.768738		21.040
6.180		1.7576		0.0000		875.185		4.514		15.450		8.788013		21.080
6.188		1.7613		0.0000		875.181		4.518		15.470		8.806602		21.120
6.196		1.7645		0.0000		875.178		4.521		15.490		8.822439		21.160
6.202		1.7677		0.0000		875.175		4.524		15.505		8.838274		21.200
6.204		1.7708		0.0000		875.172		4.528		15.510		8.854111		21.240
6.202		1.7741		0.0000		875.168		4.531		15.505		8.870635		21.280
6.204		1.7773		0.0000		875.165		4.534		15.510		8.886471		21.320
6.204		1.7805		0.0000		875.162		4.537		15.510		8.902307		21.360
6.204		1.7836		0.0000		875.159		4.540		15.510		8.918140		21.400
6.206		1.7869		0.0000		875.156		4.544		15.515		8.934665		21.440
6.206		1.7908		0.0000		875.152		4.548		15.515		8.953943		21.480
6.212		1.7945		0.0000		875.148		4.551		15.530		8.972532		21.520
6.220		1.7979		0.0000		875.145		4.555		15.550		8.989744		21.560
6.226		1.8011		0.0000		875.141		4.558		15.565		9.005580		21.600
6.228		1.8043		0.0000		875.138		4.561		15.570		9.021416		21.640
6.228		1.8075		0.0000		875.135		4.564		15.570		9.037251		21.680
6.228		1.8106		0.0000		875.132		4.567		15.570		9.053087		21.720
6.228		1.8138		0.0000		875.129		4.571		15.570		9.068923		21.760
6.228		1.8170		0.0000		875.126		4.574		15.570		9.084759		21.800
6.226		1.8203		0.0000		875.122		4.577		15.565		9.101281		21.840
6.226		1.8240		0.0000		875.119		4.581		15.565		9.119871		21.880
6.230		1.8278		0.0000		875.115		4.585		15.575		9.139149		21.920
6.236		1.8314		0.0000		875.111		4.588		15.590		9.157049		21.960
6.246		1.8344		0.0000		875.108		4.591		15.615		9.172196		22.000
6.248		1.8376		0.0000		875.105		4.594		15.620		9.188032		22.040
6.248		1.8409		0.0000		875.102		4.598		15.620		9.204557		22.080
6.248		1.8441		0.0000		875.099		4.601		15.620		9.220392		22.120
6.248		1.8472		0.0000		875.095		4.604		15.620		9.236229		22.160
6.248		1.8504		0.0000		875.092		4.607		15.620		9.252064		22.200
6.248		1.8537		0.0000		875.089		4.610		15.620		9.268587		22.240
6.248		1.8572		0.0000		875.085		4.614		15.620		9.285801		22.280
6.250		1.8610		0.0000		875.082		4.618		15.625		9.305079		22.320
6.254		1.8647		0.0000		875.078		4.621		15.635		9.323668		22.360
6.262		1.8679		0.0000		875.075		4.625		15.655		9.339502		22.400
6.268		1.8711		0.0000		875.072		4.628		15.670		9.355337		22.440
6.268		1.8742		0.0000		875.068		4.631		15.670		9.371174		22.480
6.268		1.8774		0.0000		875.065		4.634		15.670		9.387009		22.520
6.266		1.8807		0.0000		875.062		4.637		15.665		9.403534		22.560
6.266		1.8837		0.0000		875.059		4.640		15.665		9.418680		22.600
6.266		1.8870		0.0000		875.056		4.644		15.665		9.435205		22.640
6.266		1.8903		0.0000		875.052		4.647		15.665		9.451728		22.680
6.266		1.8942		0.0000		875.048		4.651		15.665		9.471006		22.720
6.272		1.8981		0.0000		875.045		4.655		15.680		9.490285		22.760
6.280		1.9014		0.0000		875.041		4.658		15.700		9.506809		22.800
6.288		1.9045		0.0000		875.038		4.661		15.720		9.522643		22.840
6.288		1.9077		0.0000		875.035		4.664		15.720		9.538479		22.880
6.286		1.9109		0.0000		875.032		4.668		15.715		9.554315		22.920
6.288		1.9140		0.0000		875.029		4.671		15.720		9.570150		22.960
6.288		1.9172		0.0000		875.025		4.674		15.720		9.585986		23.000
6.288		1.9204		0.0000		875.022		4.677		15.720		9.601822		23.040
6.288		1.9237		0.0000		875.019		4.680		15.720		9.618347		23.080
6.288		1.9274		0.0000		875.015		4.684		15.720		9.636936		23.120
6.290		1.9312		0.0000		875.011		4.688		15.725		9.656212		23.160
6.296		1.9347		0.0000		875.008		4.691		15.740		9.673426		23.200
6.304		1.9379		0.0000		875.005		4.695		15.760		9.689262		23.240
6.308		1.9412		0.0000		875.001		4.698		15.770		9.705784		23.280
6.306		1.9443		0.0000		874.998		4.701		15.765		9.721621		23.320
6.306		1.9475		0.0000		874.995		4.704		15.765		9.737455		23.360
6.304		1.9507		0.0000		874.992		4.707		15.760		9.753292		23.400
6.304		1.9538		0.0000		874.989		4.711		15.760		9.769127		23.440
6.304		1.9571		0.0000		874.985		4.714		15.760		9.785652		23.480
6.304		1.9606		0.0000		874.982		4.717		15.760		9.802864		23.520
6.306		1.9644		0.0000		874.978		4.721		15.765		9.822142		23.560
6.312		1.9681		0.0000		874.974		4.725		15.780		9.840732		23.600
6.320		1.9713		0.0000		874.971		4.728		15.800		9.856567		23.640
6.324		1.9745		0.0000		874.968		4.731		15.810		9.872403		23.680
6.324		1.9776		0.0000		874.965		4.734		15.810		9.888237		23.720
6.324		1.9808		0.0000		874.962		4.738		15.810		9.904072		23.760
6.322		1.9840		0.0000		874.959		4.741		15.805		9.919909		23.800
6.322		1.9873		0.0000		874.955		4.744		15.805		9.936433		23.840
6.322		1.9905		0.0000		874.952		4.747		15.805		9.952269		23.880
6.322		1.9939		0.0000		874.949		4.751		15.805		9.969481		23.920
6.322		1.9976		0.0000		874.945		4.754		15.805		9.988070		23.960
6.326		2.0015		0.0000		874.941		4.758		15.815		10.007348		24.000
6.334		2.0048		0.0000		874.938		4.762		15.835		10.023872		24.040
6.340		2.0079		0.0000		874.935		4.765		15.850		10.039709		24.080
6.342		2.0111		0.0000		874.931		4.768		15.855		10.055542		24.120
6.340		2.0143		0.0000		874.928		4.771		15.850		10.071378		24.160
6.340		2.0174		0.0000		874.925		4.774		15.850		10.087214		24.200
6.340		2.0206		0.0000		874.922		4.777		15.850		10.103049		24.240
6.340		2.0238		0.0000		874.919		4.781		15.850		10.118885		24.280
6.340		2.0271		0.0000		874.916		4.784		15.850		10.135410		24.320
6.338		2.0308		0.0000		874.912		4.788		15.845		10.153999		24.360
6.342		2.0347		0.0000		874.908		4.791		15.855		10.173275		24.400
6.350		2.0382		0.0000		874.904		4.795		15.875		10.191178		24.440
6.358		2.0414		0.0000		874.901		4.798		15.895		10.207014		24.480
6.360		2.0444		0.0000		874.898		4.801		15.900		10.222160		24.520
6.358		2.0477		0.0000		874.895		4.804		15.895		10.238684		24.560
6.358		2.0509		0.0000		874.892		4.808		15.895		10.254519		24.600
6.358		2.0541		0.0000		874.888		4.811		15.895		10.270355		24.640
6.358		2.0572		0.0000		874.885		4.814		15.895		10.286190		24.680
6.360		2.0604		0.0000		874.882		4.817		15.900		10.302027		24.720
6.360		2.0640		0.0000		874.879		4.821		15.900		10.319927		24.760
6.362		2.0678		0.0000		874.875		4.825		15.905		10.339205		24.800
6.368		2.0716		0.0000		874.871		4.828		15.920		10.357795		24.840
6.378		2.0747		0.0000		874.868		4.831		15.945		10.373631		24.880
6.382		2.0780		0.0000		874.865		4.835		15.955		10.390153		24.920
6.382		2.0811		0.0000		874.862		4.838		15.955		10.405302		24.960
6.380		2.0842		0.0000		874.858		4.841		15.950		10.421135		25.000
6.378		2.0874		0.0000		874.855		4.844		15.945		10.436972		25.040
6.378		2.0907		0.0000		874.852		4.847		15.945		10.453496		25.080
6.378		2.0937		0.0000		874.849		4.850		15.945		10.468643		25.120
6.376		2.0972		0.0000		874.845		4.854		15.940		10.485857		25.160
6.376		2.1010		0.0000		874.842		4.858		15.940		10.505133		25.200
6.382		2.1049		0.0000		874.838		4.862		15.955		10.524411		25.240
6.392		2.1080		0.0000		874.835		4.865		15.980		10.540247		25.280
6.398		2.1112		0.0000		874.831		4.868		15.995		10.556083		25.320
6.398		2.1145		0.0000		874.828		4.871		15.995		10.572607		25.360
6.396		2.1177		0.0000		874.825		4.874		15.990		10.588441		25.400
6.394		2.1209		0.0000		874.822		4.878		15.985		10.604277		25.440
6.394		2.1242		0.0000		874.818		4.881		15.985		10.620802		25.480
6.392		2.1272		0.0000		874.815		4.884		15.980		10.635948		25.520
6.392		2.1305		0.0000		874.812		4.887		15.980		10.652473		25.560
6.390		2.1342		0.0000		874.808		4.891		15.975		10.671062		25.600
6.394		2.1381		0.0000		874.805		4.895		15.985		10.690341		25.640
6.400		2.1416		0.0000		874.801		4.898		16.000		10.708241		25.680
6.408		2.1447		0.0000		874.798		4.901		16.020		10.723389		25.720
6.412		2.1478		0.0000		874.795		4.905		16.030		10.739223		25.760
6.410		2.1510		0.0000		874.792		4.908		16.025		10.755060		25.800
6.408		2.1543		0.0000		874.788		4.911		16.020		10.771582		25.840
6.408		2.1575		0.0000		874.785		4.914		16.020		10.787418		25.880
6.406		2.1607		0.0000		874.782		4.917		16.015		10.803253		25.920
6.406		2.1638		0.0000		874.779		4.921		16.015		10.819090		25.960
6.404		2.1674		0.0000		874.775		4.924		16.010		10.836990		26.000
6.406		2.1713		0.0000		874.771		4.928		16.015		10.856268		26.040
6.410		2.1750		0.0000		874.768		4.932		16.025		10.874858		26.080
6.418		2.1781		0.0000		874.764		4.935		16.045		10.890694		26.120
6.422		2.1813		0.0000		874.761		4.938		16.055		10.906529		26.160
6.422		2.1846		0.0000		874.758		4.941		16.055		10.923054		26.200
6.420		2.1876		0.0000		874.755		4.944		16.050		10.938201		26.240
6.420		2.1909		0.0000		874.752		4.948		16.050		10.954723		26.280
6.420		2.1941		0.0000		874.748		4.951		16.050		10.970559		26.320
6.420		2.1971		0.0000		874.745		4.954		16.050		10.985706		26.360
6.420		2.2007		0.0000		874.742		4.957		16.050		11.003609		26.400
6.420		2.2046		0.0000		874.738		4.961		16.050		11.022884		26.440
6.424		2.2084		0.0000		874.734		4.965		16.060		11.042164		26.480
6.434		2.2116		0.0000		874.731		4.968		16.085		11.057999		26.520
6.438		2.2148		0.0000		874.728		4.972		16.095		11.073835		26.560
6.438		2.2179		0.0000		874.725		4.975		16.095		11.089670		26.600
6.436		2.2211		0.0000		874.721		4.978		16.090		11.105507		26.640
6.436		2.2243		0.0000		874.718		4.981		16.090		11.121342		26.680
6.434		2.2274		0.0000		874.715		4.984		16.085		11.137176		26.720
6.432		2.2306		0.0000		874.712		4.987		16.080		11.153011		26.760
6.432		2.2339		0.0000		874.709		4.991		16.080		11.169537		26.800
6.432		2.2376		0.0000		874.705		4.994		16.080		11.188126		26.840
6.434		2.2416		0.0000		874.701		4.998		16.085		11.208094		26.880
6.442		2.2451		0.0000		874.698		5.002		16.105		11.225305		26.920
6.450		2.2482		0.0000		874.694		5.005		16.125		11.241140		26.960
6.452		2.2513		0.0000		874.691		5.008		16.130		11.256287		27.000
6.450		2.2546		0.0000		874.688		5.011		16.125		11.272812		27.040
6.448		2.2577		0.0000		874.685		5.014		16.120		11.288648		27.080
6.446		2.2609		0.0000		874.682		5.018		16.115		11.304482		27.120
6.446		2.2641		0.0000		874.679		5.021		16.115		11.320316		27.160
6.444		2.2672		0.0000		874.675		5.024		16.110		11.336153		27.200
6.442		2.2709		0.0000		874.672		5.028		16.105		11.354742		27.240
6.444		2.2748		0.0000		874.668		5.032		16.110		11.374021		27.280
6.450		2.2784		0.0000		874.664		5.035		16.125		11.391921		27.320
6.460		2.2816		0.0000		874.661		5.038		16.150		11.407757		27.360
6.464		2.2847		0.0000		874.658		5.041		16.160		11.423593		27.400
6.464		2.2879		0.0000		874.655		5.045		16.160		11.439428		27.440
6.462		2.2911		0.0000		874.652		5.048		16.155		11.455264		27.480
6.460		2.2942		0.0000		874.648		5.051		16.150		11.471100		27.520
6.460		2.2974		0.0000		874.645		5.054		16.150		11.486936		27.560
6.458		2.3007		0.0000		874.642		5.057		16.145		11.503458		27.600
6.458		2.3040		0.0000		874.639		5.061		16.145		11.519983		27.640
6.458		2.3079		0.0000		874.635		5.065		16.145		11.539261		27.680
6.462		2.3118		0.0000		874.631		5.069		16.155		11.559227		27.720
6.472		2.3150		0.0000		874.628		5.072		16.180		11.575062		27.760
6.478		2.3180		0.0000		874.625		5.075		16.195		11.590209		27.800
6.478		2.3213		0.0000		874.621		5.078		16.195		11.606733		27.840
6.476		2.3245		0.0000		874.618		5.081		16.190		11.622570		27.880
6.474		2.3277		0.0000		874.615		5.084		16.185		11.638405		27.920
6.474		2.3308		0.0000		874.612		5.088		16.185		11.654242		27.960
6.474		2.3340		0.0000		874.609		5.091		16.185		11.670074		28.000
6.472		2.3373		0.0000		874.605		5.094		16.180		11.686600		28.040
6.472		2.3410		0.0000		874.602		5.098		16.180		11.705189		28.080
6.474		2.3452		0.0000		874.597		5.102		16.185		11.725843		28.120
6.484		2.3485		0.0000		874.594		5.105		16.210		11.742368		28.160
6.492		2.3516		0.0000		874.591		5.108		16.230		11.758204		28.200
6.492		2.3548		0.0000		874.588		5.112		16.230		11.774039		28.240
6.490		2.3578		0.0000		874.585		5.115		16.225		11.789186		28.280
6.488		2.3611		0.0000		874.581		5.118		16.220		11.805711		28.320
6.488		2.3643		0.0000		874.578		5.121		16.220		11.821547		28.360
6.488		2.3675		0.0000		874.575		5.124		16.220		11.837379		28.400
6.486		2.3706		0.0000		874.572		5.127		16.215		11.853216		28.440
6.484		2.3742		0.0000		874.568		5.131		16.210		11.871119		28.480
6.486		2.3782		0.0000		874.564		5.135		16.215		11.891084		28.520
6.492		2.3819		0.0000		874.561		5.139		16.230		11.909674		28.560
6.500		2.3850		0.0000		874.558		5.142		16.250		11.924820		28.600
6.504		2.3881		0.0000		874.554		5.145		16.260		11.940656		28.640
6.502		2.3913		0.0000		874.551		5.148		16.255		11.956491		28.680
6.498		2.3945		0.0000		874.548		5.151		16.245		11.972327		28.720
6.498		2.3978		0.0000		874.545		5.155		16.245		11.988852		28.760
6.496		2.4009		0.0000		874.542		5.158		16.240		12.004685		28.800
6.494		2.4041		0.0000		874.538		5.161		16.235		12.020521		28.840
6.492		2.4075		0.0000		874.535		5.164		16.230		12.037735		28.880
6.492		2.4114		0.0000		874.531		5.168		16.230		12.057014		28.920
6.496		2.4153		0.0000		874.527		5.172		16.240		12.076290		28.960
6.506		2.4184		0.0000		874.524		5.175		16.265		12.092125		29.000
6.510		2.4216		0.0000		874.521		5.178		16.275		12.107962		29.040
6.510		2.4246		0.0000		874.518		5.181		16.275		12.123108		29.080
6.508		2.4279		0.0000		874.515		5.185		16.270		12.139633		29.120
6.506		2.4311		0.0000		874.511		5.188		16.265		12.155468		29.160
6.504		2.4343		0.0000		874.508		5.191		16.260		12.171305		29.200
6.502		2.4374		0.0000		874.505		5.194		16.255		12.187140		29.240
6.502		2.4407		0.0000		874.502		5.197		16.255		12.203663		29.280
6.500		2.4446		0.0000		874.498		5.201		16.250		12.222940		29.320
6.502		2.4484		0.0000		874.494		5.205		16.255		12.242220		29.360
6.510		2.4517		0.0000		874.491		5.209		16.275		12.258741		29.400
6.516		2.4549		0.0000		874.488		5.212		16.290		12.274578		29.440
6.516		2.4581		0.0000		874.484		5.215		16.290		12.290413		29.480
6.514		2.4614		0.0000		874.481		5.218		16.285		12.306938		29.520
6.512		2.4646		0.0000		874.478		5.221		16.280		12.322774		29.560
6.510		2.4677		0.0000		874.475		5.224		16.275		12.338610		29.600
6.510		2.4709		0.0000		874.472		5.228		16.275		12.354445		29.640
6.508		2.4742		0.0000		874.468		5.231		16.270		12.370968		29.680
6.506		2.4778		0.0000		874.465		5.235		16.265		12.388870		29.720
6.508		2.4816		0.0000		874.461		5.238		16.270		12.408147		29.760
6.514		2.4853		0.0000		874.457		5.242		16.285		12.426737		29.800
6.522		2.4884		0.0000		874.454		5.245		16.305		12.441883		29.840
6.526		2.4914		0.0000		874.451		5.248		16.315		12.457032		29.880
6.522		2.4947		0.0000		874.448		5.251		16.305		12.473555		29.920
6.520		2.4980		0.0000		874.445		5.255		16.300		12.490080		29.960
6.520		2.5010		0.0000		874.442		5.258		16.300		12.505226		30.000
6.518		2.5042		0.0000		874.438		5.261		16.295		12.521062		30.040
6.516		2.5074		0.0000		874.435		5.264		16.290		12.536898		30.080
6.516		2.5110		0.0000		874.432		5.268		16.290		12.554798		30.120
6.516		2.5147		0.0000		874.428		5.271		16.290		12.573387		30.160
6.520		2.5185		0.0000		874.424		5.275		16.300		12.592667		30.200
6.528		2.5217		0.0000		874.421		5.278		16.320		12.608501		30.240
6.534		2.5250		0.0000		874.418		5.282		16.335		12.625025		30.280
6.532		2.5282		0.0000		874.414		5.285		16.330		12.640860		30.320
6.530		2.5313		0.0000		874.411		5.288		16.325		12.656696		30.360
6.528		2.5345		0.0000		874.408		5.291		16.320		12.672531		30.400
6.526		2.5377		0.0000		874.405		5.294		16.315		12.688368		30.440
6.524		2.5408		0.0000		874.402		5.298		16.310		12.704203		30.480
6.522		2.5443		0.0000		874.398		5.301		16.305		12.721415		30.520
6.522		2.5480		0.0000		874.395		5.305		16.305		12.740004		30.560
6.524		2.5519		0.0000		874.391		5.309		16.310		12.759283		30.600
6.532		2.5553		0.0000		874.387		5.312		16.330		12.776494		30.640
6.538		2.5583		0.0000		874.384		5.315		16.345		12.791643		30.680
6.540		2.5615		0.0000		874.381		5.318		16.350		12.807476		30.720
6.538		2.5648		0.0000		874.378		5.322		16.345		12.824001		30.760
6.534		2.5680		0.0000		874.375		5.325		16.335		12.839837		30.800
6.534		2.5711		0.0000		874.371		5.328		16.335		12.855673		30.840
6.532		2.5742		0.0000		874.368		5.331		16.330		12.870819		30.880
6.530		2.5773		0.0000		874.365		5.334		16.325		12.886656		30.920
6.528		2.5812		0.0000		874.361		5.338		16.320		12.905933		30.960
6.530		2.5852		0.0000		874.357		5.342		16.325		12.925900		31.000
6.538		2.5886		0.0000		874.354		5.345		16.345		12.943113		31.040
6.546		2.5917		0.0000		874.351		5.348		16.365		12.958260		31.080
6.548		2.5950		0.0000		874.348		5.352		16.370		12.974782		31.120
6.546		2.5981		0.0000		874.344		5.355		16.365		12.990618		31.160
6.544		2.6013		0.0000		874.341		5.358		16.360		13.006454		31.200
6.542		2.6045		0.0000		874.338		5.361		16.355		13.022289		31.240
6.542		2.6076		0.0000		874.335		5.364		16.355		13.038125		31.280
6.540		2.6109		0.0000		874.332		5.368		16.350		13.054649		31.320
6.538		2.6144		0.0000		874.328		5.371		16.345		13.071861		31.360
6.538		2.6184		0.0000		874.324		5.375		16.345		13.091829		31.400
6.544		2.6221		0.0000		874.320		5.379		16.360		13.110418		31.440
6.552		2.6251		0.0000		874.317		5.382		16.380		13.125565		31.480
6.556		2.6284		0.0000		874.314		5.385		16.390		13.142088		31.520
6.556		2.6316		0.0000		874.311		5.388		16.390		13.157923		31.560
6.554		2.6348		0.0000		874.308		5.392		16.385		13.173759		31.600
6.552		2.6379		0.0000		874.305		5.395		16.380		13.189594		31.640
6.552		2.6409		0.0000		874.302		5.398		16.380		13.204741		31.680
6.550		2.6443		0.0000		874.298		5.401		16.375		13.221266		31.720
6.548		2.6476		0.0000		874.295		5.404		16.370		13.237791		31.760
6.548		2.6516		0.0000		874.291		5.408		16.370		13.257756		31.800
6.552		2.6554		0.0000		874.287		5.412		16.380		13.277035		31.840
6.560		2.6586		0.0000		874.284		5.415		16.400		13.292871		31.880
6.568		2.6619		0.0000		874.281		5.419		16.420		13.309393		31.920
6.566		2.6649		0.0000		874.278		5.422		16.415		13.324542		31.960
6.562		2.6682		0.0000		874.274		5.425		16.405		13.341064		32.000
6.560		2.6714		0.0000		874.271		5.428		16.400		13.356900		32.040
6.558		2.6744		0.0000		874.268		5.431		16.395		13.372047		32.080
6.556		2.6777		0.0000		874.265		5.434		16.390		13.388572		32.120
6.554		2.6809		0.0000		874.262		5.438		16.385		13.404408		32.160
6.552		2.6846		0.0000		874.258		5.441		16.380		13.422997		32.200
6.552		2.6885		0.0000		874.254		5.445		16.380		13.442276		32.240
6.558		2.6920		0.0000		874.251		5.449		16.395		13.460176		32.280
6.566		2.6952		0.0000		874.247		5.452		16.415		13.476011		32.320
6.566		2.6984		0.0000		874.244		5.455		16.415		13.491848		32.360
6.562		2.7015		0.0000		874.241		5.458		16.405		13.507681		32.400
6.558		2.7047		0.0000		874.238		5.461		16.395		13.523517		32.440
6.556		2.7079		0.0000		874.235		5.465		16.390		13.539352		32.480
6.554		2.7110		0.0000		874.232		5.468		16.385		13.555188		32.520
6.550		2.7142		0.0000		874.228		5.471		16.375		13.571024		32.560
6.548		2.7178		0.0000		874.225		5.475		16.370		13.588924		32.600
6.548		2.7216		0.0000		874.221		5.478		16.370		13.608203		32.640
6.552		2.7254		0.0000		874.217		5.482		16.380		13.626793		32.680
6.562		2.7287		0.0000		874.214		5.485		16.405		13.643317		32.720
6.564		2.7317		0.0000		874.211		5.488		16.410		13.658464		32.760
6.560		2.7350		0.0000		874.208		5.492		16.400		13.674986		32.800
6.558		2.7382		0.0000		874.204		5.495		16.395		13.690823		32.840
6.554		2.7413		0.0000		874.201		5.498		16.385		13.706657		32.880
6.552		2.7445		0.0000		874.198		5.501		16.380		13.722494		32.920
6.548		2.7477		0.0000		874.195		5.504		16.370		13.738329		32.960
6.546		2.7511		0.0000		874.191		5.508		16.365		13.755543		33.000
6.544		2.7548		0.0000		874.188		5.512		16.360		13.774133		33.040
6.546		2.7587		0.0000		874.184		5.515		16.365		13.793409		33.080
6.554		2.7620		0.0000		874.181		5.519		16.385		13.809934		33.120
6.558		2.7652		0.0000		874.177		5.522		16.395		13.825769		33.160
6.558		2.7683		0.0000		874.174		5.525		16.395		13.841605		33.200
6.554		2.7716		0.0000		874.171		5.528		16.385		13.858128		33.240
6.552		2.7748		0.0000		874.168		5.532		16.380		13.873963		33.280
6.548		2.7778		0.0000		874.165		5.535		16.370		13.889111		33.320
6.546		2.7810		0.0000		874.162		5.538		16.365		13.904945		33.360
6.542		2.7843		0.0000		874.158		5.541		16.355		13.921471		33.400
6.540		2.7880		0.0000		874.155		5.545		16.350		13.940060		33.440
6.540		2.7920		0.0000		874.151		5.549		16.350		13.960028		33.480
6.546		2.7954		0.0000		874.147		5.552		16.365		13.977240		33.520
6.554		2.7986		0.0000		874.144		5.555		16.385		13.993074		33.560
6.552		2.8018		0.0000		874.141		5.559		16.380		14.008911		33.600
6.548		2.8049		0.0000		874.138		5.562		16.370		14.024746		33.640
6.546		2.8081		0.0000		874.134		5.565		16.365		14.040583		33.680
6.542		2.8113		0.0000		874.131		5.568		16.355		14.056416		33.720
6.540		2.8145		0.0000		874.128		5.571		16.350		14.072251		33.760
6.538		2.8178		0.0000		874.125		5.575		16.345		14.088776		33.800
6.536		2.8212		0.0000		874.121		5.578		16.340		14.105988		33.840
6.536		2.8251		0.0000		874.118		5.582		16.340		14.125266		33.880
6.540		2.8289		0.0000		874.114		5.586		16.350		14.144545		33.920
6.548		2.8319		0.0000		874.111		5.589		16.370		14.159691		33.960
6.550		2.8352		0.0000		874.107		5.592		16.375		14.176216		34.000
6.546		2.8384		0.0000		874.104		5.595		16.365		14.192052		34.040
6.542		2.8416		0.0000		874.101		5.598		16.355		14.207888		34.080
6.540		2.8447		0.0000		874.098		5.601		16.350		14.223721		34.120
6.536		2.8479		0.0000		874.095		5.605		16.340		14.239557		34.160
6.534		2.8511		0.0000		874.091		5.608		16.335		14.255392		34.200
6.530		2.8544		0.0000		874.088		5.611		16.325		14.271917		34.240
6.530		2.8582		0.0000		874.084		5.615		16.325		14.291196		34.280
6.532		2.8622		0.0000		874.080		5.619		16.330		14.311161		34.320
6.540		2.8653		0.0000		874.077		5.622		16.350		14.326307		34.360
6.546		2.8686		0.0000		874.074		5.625		16.365		14.342833		34.400
6.544		2.8717		0.0000		874.071		5.628		16.360		14.358668		34.440
6.540		2.8749		0.0000		874.068		5.632		16.350		14.374504		34.480
6.538		2.8781		0.0000		874.065		5.635		16.345		14.390340		34.520
6.536		2.8814		0.0000		874.061		5.638		16.340		14.406862		34.560
6.532		2.8845		0.0000		874.058		5.641		16.330		14.422698		34.600
6.530		2.8877		0.0000		874.055		5.644		16.325		14.438534		34.640
6.528		2.8914		0.0000		874.051		5.648		16.320		14.457123		34.680
6.528		2.8954		0.0000		874.047		5.652		16.320		14.477091		34.720
6.534		2.8989		0.0000		874.044		5.656		16.335		14.494303		34.760
6.540		2.9020		0.0000		874.041		5.659		16.350		14.510138		34.800
6.540		2.9052		0.0000		874.037		5.662		16.350		14.525974		34.840
6.538		2.9082		0.0000		874.034		5.665		16.345		14.541121		34.880
6.534		2.9115		0.0000		874.031		5.668		16.335		14.557646		34.920
6.532		2.9147		0.0000		874.028		5.671		16.330		14.573481		34.960
6.530		2.9179		0.0000		874.025		5.675		16.325		14.589314		35.000
6.526		2.9210		0.0000		874.022		5.678		16.315		14.605150		35.040
6.524		2.9246		0.0000		874.018		5.681		16.310		14.623053		35.080
6.524		2.9285		0.0000		874.014		5.685		16.310		14.642329		35.120
6.528		2.9323		0.0000		874.010		5.689		16.320		14.661608		35.160
6.536		2.9354		0.0000		874.007		5.692		16.340		14.676754		35.200
6.538		2.9385		0.0000		874.004		5.695		16.345		14.692591		35.240
6.536		2.9417		0.0000		874.001		5.698		16.340		14.708426		35.280
6.532		2.9450		0.0000		873.998		5.702		16.330		14.724951		35.320
6.530		2.9482		0.0000		873.994		5.705		16.325		14.740787		35.360
6.528		2.9513		0.0000		873.991		5.708		16.320		14.756620		35.400
6.526		2.9545		0.0000		873.988		5.711		16.315		14.772455		35.440
6.522		2.9578		0.0000		873.985		5.715		16.305		14.788980		35.480
6.522		2.9617		0.0000		873.981		5.718		16.305		14.808259		35.520
6.524		2.9655		0.0000		873.977		5.722		16.310		14.827538		35.560
6.530		2.9688		0.0000		873.974		5.726		16.325		14.844060		35.600
6.534		2.9720		0.0000		873.971		5.729		16.335		14.859896		35.640
6.532		2.9750		0.0000		873.968		5.732		16.330		14.875042		35.680
6.526		2.9783		0.0000		873.964		5.735		16.315		14.891567		35.720
6.522		2.9815		0.0000		873.961		5.738		16.305		14.907403		35.760
6.518		2.9846		0.0000		873.958		5.741		16.295		14.923239		35.800
6.514		2.9878		0.0000		873.955		5.745		16.285		14.939075		35.840
6.510		2.9911		0.0000		873.951		5.748		16.275		14.955597		35.880
6.508		2.9950		0.0000		873.948		5.752		16.270		14.974875		35.920
6.508		2.9988		0.0000		873.944		5.756		16.270		14.994154		35.960
6.514		3.0023		0.0000		873.940		5.759		16.285		15.011366		36.000
6.520		3.0053		0.0000		873.937		5.762		16.300		15.026512		36.040
6.518		3.0085		0.0000		873.934		5.765		16.295		15.042348		36.080
6.514		3.0118		0.0000		873.931		5.769		16.285		15.058872		36.120
6.510		3.0149		0.0000		873.928		5.772		16.275		15.074709		36.160
6.506		3.0181		0.0000		873.924		5.775		16.265		15.090544		36.200
6.502		3.0213		0.0000		873.921		5.778		16.255		15.106380		36.240
6.500		3.0246		0.0000		873.918		5.781		16.250		15.122902		36.280
6.496		3.0282		0.0000		873.914		5.785		16.240		15.140805		36.320
6.494		3.0320		0.0000		873.911		5.789		16.235		15.160082		36.360
6.496		3.0356		0.0000		873.907		5.792		16.240		15.177984		36.400
6.502		3.0388		0.0000		873.904		5.796		16.255		15.193817		36.440
6.504		3.0419		0.0000		873.901		5.799		16.260		15.209654		36.480
6.500		3.0451		0.0000		873.897		5.802		16.250		15.225489		36.520
6.496		3.0484		0.0000		873.894		5.805		16.240		15.242014		36.560
6.492		3.0516		0.0000		873.891		5.808		16.230		15.257850		36.600
6.488		3.0547		0.0000		873.888		5.811		16.220		15.273685		36.640
6.486		3.0579		0.0000		873.885		5.815		16.215		15.289521		36.680
6.482		3.0613		0.0000		873.881		5.818		16.205		15.306732		36.720
6.480		3.0652		0.0000		873.877		5.822		16.200		15.326012		36.760
6.482		3.0691		0.0000		873.874		5.826		16.205		15.345289		36.800
6.488		3.0722		0.0000		873.870		5.829		16.220		15.361123		36.840
6.490		3.0753		0.0000		873.867		5.832		16.225		15.376272		36.880
6.486		3.0786		0.0000		873.864		5.835		16.215		15.392795		36.920
6.482		3.0817		0.0000		873.861		5.838		16.205		15.408630		36.960
6.478		3.0849		0.0000		873.858		5.842		16.195		15.424466		37.000
6.476		3.0881		0.0000		873.855		5.845		16.190		15.440302		37.040
6.472		3.0914		0.0000		873.851		5.848		16.180		15.456827		37.080
6.468		3.0947		0.0000		873.848		5.851		16.170		15.473349		37.120
6.466		3.0984		0.0000		873.844		5.855		16.165		15.491939		37.160
6.466		3.1022		0.0000		873.840		5.859		16.165		15.511217		37.200
6.470		3.1055		0.0000		873.837		5.862		16.175		15.527742		37.240
6.474		3.1087		0.0000		873.834		5.865		16.185		15.543577		37.280
6.472		3.1119		0.0000		873.831		5.869		16.180		15.559411		37.320
6.468		3.1152		0.0000		873.827		5.872		16.170		15.575935		37.360
6.464		3.1184		0.0000		873.824		5.875		16.160		15.591772		37.400
6.460		3.1215		0.0000		873.821		5.878		16.150		15.607607		37.440
6.456		3.1247		0.0000		873.818		5.881		16.140		15.623444		37.480
6.452		3.1279		0.0000		873.815		5.885		16.130		15.639278		37.520
6.450		3.1316		0.0000		873.811		5.888		16.125		15.657868		37.560
6.448		3.1354		0.0000		873.807		5.892		16.120		15.677145		37.600
6.452		3.1390		0.0000		873.804		5.896		16.130		15.695047		37.640
6.458		3.1422		0.0000		873.800		5.899		16.145		15.710883		37.680
6.458		3.1453		0.0000		873.797		5.902		16.145		15.726717		37.720
6.454		3.1485		0.0000		873.794		5.905		16.135		15.742552		37.760
6.450		3.1518		0.0000		873.791		5.909		16.125		15.759077		37.800
6.448		3.1550		0.0000		873.788		5.912		16.120		15.774913		37.840
6.444		3.1581		0.0000		873.784		5.915		16.110		15.790749		37.880
6.440		3.1613		0.0000		873.781		5.918		16.100		15.806584		37.920
6.436		3.1648		0.0000		873.778		5.922		16.090		15.823795		37.960
6.434		3.1686		0.0000		873.774		5.925		16.085		15.843075		38.000
6.436		3.1723		0.0000		873.770		5.929		16.090		15.861664		38.040
6.442		3.1755		0.0000		873.767		5.932		16.105		15.877500		38.080
6.444		3.1788		0.0000		873.764		5.936		16.110		15.894022		38.120
6.442		3.1820		0.0000		873.761		5.939		16.105		15.909858		38.160
6.436		3.1851		0.0000		873.757		5.942		16.090		15.925694		38.200
6.432		3.1883		0.0000		873.754		5.945		16.080		15.941529		38.240
6.430		3.1915		0.0000		873.751		5.948		16.075		15.957365		38.280
6.426		3.1946		0.0000		873.748		5.951		16.065		15.973201		38.320
6.422		3.1979		0.0000		873.745		5.955		16.055		15.989725		38.360
6.418		3.2018		0.0000		873.741		5.959		16.045		16.009003		38.400
6.420		3.2057		0.0000		873.737		5.962		16.050		16.028280		38.440
6.424		3.2090		0.0000		873.734		5.966		16.060		16.044806		38.480
6.430		3.2121		0.0000		873.730		5.969		16.075		16.060640		38.521
6.428		3.2153		0.0000		873.727		5.972		16.070		16.076477		38.561
6.422		3.2186		0.0000		873.724		5.975		16.055		16.092999		38.601
6.420		3.2218		0.0000		873.721		5.979		16.050		16.108835		38.641
6.416		3.2249		0.0000		873.718		5.982		16.040		16.124670		38.681
6.414		3.2281		0.0000		873.714		5.985		16.035		16.140507		38.721
6.410		3.2314		0.0000		873.711		5.988		16.025		16.157032		38.761
6.406		3.2350		0.0000		873.708		5.992		16.015		16.174931		38.801
6.406		3.2388		0.0000		873.704		5.996		16.015		16.194210		38.841
6.408		3.2424		0.0000		873.700		5.999		16.020		16.212111		38.881
6.412		3.2456		0.0000		873.697		6.002		16.030		16.227947		38.921
6.412		3.2488		0.0000		873.694		6.006		16.030		16.243782		38.961
6.408		3.2519		0.0000		873.691		6.009		16.020		16.259615		39.001
6.402		3.2551		0.0000		873.688		6.012		16.005		16.275452		39.041
6.398		3.2584		0.0000		873.684		6.015		15.995		16.291977		39.081
6.394		3.2614		0.0000		873.681		6.018		15.985		16.307123		39.121
6.390		3.2647		0.0000		873.678		6.021		15.975		16.323647		39.161
6.386		3.2682		0.0000		873.674		6.025		15.965		16.340858		39.201
6.384		3.2720		0.0000		873.671		6.029		15.960		16.360138		39.241
6.384		3.2757		0.0000		873.667		6.032		15.960		16.378727		39.281
6.390		3.2791		0.0000		873.664		6.036		15.975		16.395252		39.321
6.392		3.2821		0.0000		873.661		6.039		15.980		16.410398		39.361
6.386		3.2854		0.0000		873.657		6.042		15.965		16.426922		39.401
6.382		3.2886		0.0000		873.654		6.045		15.955		16.442757		39.441
6.378		3.2917		0.0000		873.651		6.048		15.945		16.458591		39.481
6.374		3.2949		0.0000		873.648		6.052		15.935		16.474428		39.521
6.370		3.2982		0.0000		873.644		6.055		15.925		16.490953		39.561
6.366		3.3015		0.0000		873.641		6.058		15.915		16.507475		39.601
6.362		3.3052		0.0000		873.637		6.062		15.905		16.526066		39.641
6.362		3.3091		0.0000		873.634		6.066		15.905		16.545343		39.681
6.366		3.3124		0.0000		873.630		6.069		15.915		16.561869		39.721
6.370		3.3155		0.0000		873.627		6.072		15.925		16.577703		39.761
6.366		3.3187		0.0000		873.624		6.075		15.915		16.593540		39.801
6.362		3.3220		0.0000		873.621		6.079		15.905		16.610062		39.841
6.358		3.3252		0.0000		873.617		6.082		15.895		16.625898		39.881
6.352		3.3283		0.0000		873.614		6.085		15.880		16.641733		39.921
6.348		3.3315		0.0000		873.611		6.088		15.870		16.657570		39.961
6.344		3.3348		0.0000		873.608		6.092		15.860		16.674095		40.001
6.340		3.3384		0.0000		873.604		6.095		15.850		16.691994		40.041
6.338		3.3423		0.0000		873.600		6.099		15.845		16.711273		40.081
6.340		3.3458		0.0000		873.597		6.103		15.850		16.729174		40.121
6.346		3.3489		0.0000		873.594		6.106		15.865		16.744320		40.161
6.344		3.3520		0.0000		873.591		6.109		15.860		16.760157		40.201
6.340		3.3553		0.0000		873.587		6.112		15.850		16.776680		40.241
6.334		3.3585		0.0000		873.584		6.115		15.835		16.792517		40.281
6.330		3.3617		0.0000		873.581		6.118		15.825		16.808350		40.321
6.326		3.3650		0.0000		873.578		6.122		15.815		16.824875		40.361
6.322		3.3681		0.0000		873.574		6.125		15.805		16.840710		40.401
6.318		3.3716		0.0000		873.571		6.128		15.795		16.857922		40.441
6.314		3.3754		0.0000		873.567		6.132		15.785		16.877201		40.481
6.316		3.3792		0.0000		873.563		6.136		15.790		16.895790		40.521
6.320		3.3823		0.0000		873.560		6.139		15.800		16.911625		40.561
6.322		3.3855		0.0000		873.557		6.142		15.805		16.927462		40.601
6.318		3.3888		0.0000		873.554		6.146		15.795		16.943987		40.641
6.312		3.3920		0.0000		873.551		6.149		15.780		16.959822		40.681
6.308		3.3951		0.0000		873.547		6.152		15.770		16.975655		40.721
6.304		3.3983		0.0000		873.544		6.155		15.760		16.991491		40.761
6.300		3.4015		0.0000		873.541		6.158		15.750		17.007328		40.801
6.296		3.4049		0.0000		873.538		6.162		15.740		17.024540		40.841
6.292		3.4086		0.0000		873.534		6.165		15.730		17.043131		40.881
6.294		3.4125		0.0000		873.530		6.169		15.735		17.062407		40.921
6.298		3.4158		0.0000		873.527		6.173		15.745		17.078932		40.961
6.302		3.4190		0.0000		873.524		6.176		15.755		17.094767		41.001
6.298		3.4221		0.0000		873.520		6.179		15.745		17.110603		41.041
6.292		3.4254		0.0000		873.517		6.182		15.730		17.127129		41.081
6.288		3.4286		0.0000		873.514		6.185		15.720		17.142962		41.121
6.282		3.4318		0.0000		873.511		6.189		15.705		17.158796		41.161
6.278		3.4349		0.0000		873.508		6.192		15.695		17.174633		41.201
6.274		3.4382		0.0000		873.504		6.195		15.685		17.191158		41.241
6.270		3.4418		0.0000		873.501		6.199		15.675		17.209057		41.281
6.270		3.4457		0.0000		873.497		6.202		15.675		17.228336		41.321
6.272		3.4491		0.0000		873.493		6.206		15.680		17.245548		41.361
6.276		3.4524		0.0000		873.490		6.209		15.690		17.262074		41.401
6.276		3.4556		0.0000		873.487		6.212		15.690		17.277908		41.441
6.272		3.4587		0.0000		873.484		6.216		15.680		17.293743		41.481
6.266		3.4619		0.0000		873.481		6.219		15.665		17.309580		41.521
6.262		3.4651		0.0000		873.477		6.222		15.655		17.325417		41.561
6.258		3.4682		0.0000		873.474		6.225		15.645		17.341249		41.601
6.254		3.4716		0.0000		873.471		6.228		15.635		17.357773		41.641
6.250		3.4750		0.0000		873.468		6.232		15.625		17.374989		41.681
6.246		3.4789		0.0000		873.464		6.236		15.615		17.394264		41.721
6.248		3.4827		0.0000		873.460		6.239		15.620		17.413542		41.761
6.254		3.4857		0.0000		873.457		6.242		15.635		17.428688		41.801
6.256		3.4889		0.0000		873.454		6.246		15.640		17.444525		41.841
6.252		3.4921		0.0000		873.451		6.249		15.630		17.460361		41.881
6.246		3.4954		0.0000		873.447		6.252		15.615		17.476885		41.921
6.242		3.4985		0.0000		873.444		6.255		15.605		17.492722		41.961
6.238		3.5017		0.0000		873.441		6.258		15.595		17.508554		42.001
