数据量:1056
试验力		变形		扩展变形		位置		位移		应力		应变		时间
0.010		0.0007		0.0000		876.971		2.475		0.025		0.003443		0.040
0.010		0.0039		0.0000		876.967		2.478		0.025		0.019277		0.080
0.010		0.0070		0.0000		876.964		2.481		0.025		0.035113		0.120
0.010		0.0103		0.0000		876.961		2.485		0.025		0.051637		0.160
0.012		0.0135		0.0000		876.958		2.488		0.030		0.067472		0.200
0.012		0.0167		0.0000		876.955		2.491		0.030		0.083308		0.240
0.012		0.0200		0.0000		876.951		2.494		0.030		0.099832		0.280
0.014		0.0233		0.0000		876.948		2.498		0.035		0.116357		0.320
0.014		0.0267		0.0000		876.945		2.501		0.035		0.133569		0.360
0.016		0.0303		0.0000		876.941		2.505		0.040		0.151470		0.400
0.016		0.0340		0.0000		876.937		2.508		0.040		0.170059		0.440
0.018		0.0372		0.0000		876.934		2.512		0.045		0.185895		0.480
0.020		0.0405		0.0000		876.931		2.515		0.050		0.202419		0.520
0.020		0.0438		0.0000		876.927		2.518		0.050		0.218942		0.560
0.022		0.0470		0.0000		876.924		2.521		0.055		0.234778		0.600
0.024		0.0501		0.0000		876.921		2.524		0.060		0.250614		0.640
0.028		0.0533		0.0000		876.918		2.528		0.070		0.266449		0.680
0.030		0.0566		0.0000		876.915		2.531		0.075		0.282973		0.720
0.032		0.0599		0.0000		876.911		2.534		0.080		0.299497		0.760
0.036		0.0636		0.0000		876.908		2.538		0.090		0.318086		0.800
0.040		0.0673		0.0000		876.904		2.542		0.100		0.336676		0.840
0.044		0.0706		0.0000		876.901		2.545		0.110		0.353200		0.880
0.048		0.0738		0.0000		876.897		2.548		0.120		0.369036		0.920
0.052		0.0771		0.0000		876.894		2.551		0.130		0.385560		0.960
0.056		0.0803		0.0000		876.891		2.555		0.140		0.401396		1.000
0.062		0.0834		0.0000		876.888		2.558		0.155		0.417230		1.040
0.066		0.0868		0.0000		876.884		2.561		0.165		0.433755		1.080
0.070		0.0901		0.0000		876.881		2.564		0.175		0.450279		1.120
0.076		0.0932		0.0000		876.878		2.568		0.190		0.466114		1.160
0.082		0.0968		0.0000		876.874		2.571		0.205		0.484015		1.200
0.088		0.1005		0.0000		876.871		2.575		0.220		0.502604		1.240
0.096		0.1040		0.0000		876.867		2.578		0.240		0.519817		1.280
0.102		0.1073		0.0000		876.864		2.582		0.255		0.536342		1.320
0.108		0.1104		0.0000		876.861		2.585		0.270		0.552176		1.360
0.116		0.1137		0.0000		876.857		2.588		0.290		0.568701		1.400
0.122		0.1169		0.0000		876.854		2.591		0.305		0.584536		1.440
0.130		0.1202		0.0000		876.851		2.595		0.325		0.601060		1.480
0.138		0.1234		0.0000		876.848		2.598		0.345		0.616896		1.520
0.146		0.1265		0.0000		876.845		2.601		0.365		0.632731		1.560
0.156		0.1301		0.0000		876.841		2.604		0.390		0.650632		1.600
0.164		0.1337		0.0000		876.838		2.608		0.410		0.668533		1.640
0.176		0.1374		0.0000		876.834		2.612		0.440		0.687122		1.680
0.186		0.1406		0.0000		876.831		2.615		0.465		0.702958		1.720
0.196		0.1438		0.0000		876.827		2.618		0.490		0.718794		1.760
0.206		0.1471		0.0000		876.824		2.621		0.515		0.735317		1.800
0.216		0.1504		0.0000		876.821		2.625		0.540		0.751842		1.840
0.228		0.1535		0.0000		876.818		2.628		0.570		0.767677		1.880
0.238		0.1568		0.0000		876.814		2.631		0.595		0.784202		1.920
0.242		0.1601		0.0000		876.811		2.634		0.605		0.800725		1.960
0.254		0.1633		0.0000		876.808		2.638		0.635		0.816561		2.000
0.266		0.1670		0.0000		876.804		2.641		0.665		0.835150		2.040
0.278		0.1706		0.0000		876.801		2.645		0.695		0.853051		2.080
0.292		0.1741		0.0000		876.797		2.648		0.730		0.870264		2.120
0.304		0.1772		0.0000		876.794		2.652		0.760		0.886099		2.160
0.316		0.1804		0.0000		876.791		2.655		0.790		0.901935		2.200
0.326		0.1837		0.0000		876.788		2.658		0.815		0.918459		2.240
0.338		0.1870		0.0000		876.784		2.661		0.845		0.934982		2.280
0.348		0.1902		0.0000		876.781		2.664		0.870		0.950818		2.320
0.360		0.1933		0.0000		876.778		2.668		0.900		0.966654		2.360
0.374		0.1966		0.0000		876.775		2.671		0.935		0.983177		2.400
0.390		0.2004		0.0000		876.771		2.675		0.975		1.001767		2.440
0.406		0.2039		0.0000		876.767		2.678		1.015		1.019669		2.480
0.424		0.2074		0.0000		876.764		2.682		1.060		1.036881		2.520
0.442		0.2105		0.0000		876.761		2.685		1.105		1.052716		2.560
0.458		0.2138		0.0000		876.757		2.688		1.145		1.069241		2.600
0.474		0.2170		0.0000		876.754		2.691		1.185		1.085075		2.640
0.490		0.2205		0.0000		876.751		2.695		1.225		1.102288		2.680
0.508		0.2235		0.0000		876.748		2.698		1.270		1.117436		2.720
0.524		0.2268		0.0000		876.744		2.701		1.310		1.133959		2.760
0.540		0.2301		0.0000		876.741		2.704		1.350		1.150483		2.800
0.558		0.2335		0.0000		876.738		2.708		1.395		1.167696		2.840
0.576		0.2371		0.0000		876.734		2.711		1.440		1.185597		2.880
0.594		0.2407		0.0000		876.731		2.715		1.485		1.203498		2.920
0.614		0.2441		0.0000		876.727		2.718		1.535		1.220710		2.960
0.630		0.2473		0.0000		876.724		2.722		1.575		1.236546		3.000
0.646		0.2505		0.0000		876.721		2.725		1.615		1.252381		3.040
0.660		0.2536		0.0000		876.718		2.728		1.650		1.268216		3.080
0.674		0.2571		0.0000		876.714		2.731		1.685		1.285429		3.120
0.688		0.2603		0.0000		876.711		2.735		1.720		1.301265		3.160
0.704		0.2634		0.0000		876.708		2.738		1.760		1.317101		3.200
0.720		0.2669		0.0000		876.704		2.741		1.800		1.334313		3.240
0.738		0.2704		0.0000		876.701		2.745		1.845		1.352214		3.280
0.756		0.2742		0.0000		876.697		2.748		1.890		1.370803		3.320
0.776		0.2775		0.0000		876.694		2.752		1.940		1.387327		3.360
0.808		0.2806		0.0000		876.691		2.755		2.020		1.403162		3.400
0.814		0.2838		0.0000		876.687		2.758		2.035		1.418998		3.440
0.832		0.2871		0.0000		876.684		2.761		2.080		1.435522		3.480
0.850		0.2903		0.0000		876.681		2.765		2.125		1.451358		3.520
0.880		0.2936		0.0000		876.678		2.768		2.200		1.467881		3.560
0.886		0.2967		0.0000		876.674		2.771		2.215		1.483717		3.600
0.916		0.3000		0.0000		876.671		2.774		2.290		1.500242		3.640
0.924		0.3036		0.0000		876.668		2.778		2.310		1.518142		3.680
0.942		0.3073		0.0000		876.664		2.782		2.355		1.536732		3.720
0.964		0.3108		0.0000		876.660		2.785		2.410		1.553944		3.760
0.986		0.3141		0.0000		876.657		2.788		2.465		1.570468		3.800
1.006		0.3173		0.0000		876.654		2.792		2.515		1.586304		3.840
1.040		0.3206		0.0000		876.651		2.795		2.600		1.602827		3.880
1.046		0.3237		0.0000		876.648		2.798		2.615		1.618663		3.920
1.066		0.3270		0.0000		876.644		2.801		2.665		1.635187		3.960
1.088		0.3302		0.0000		876.641		2.805		2.720		1.651022		4.000
1.108		0.3335		0.0000		876.638		2.808		2.770		1.667547		4.040
1.130		0.3371		0.0000		876.634		2.811		2.825		1.685448		4.080
1.168		0.3405		0.0000		876.631		2.815		2.920		1.702660		4.120
1.176		0.3442		0.0000		876.627		2.819		2.940		1.721250		4.160
1.202		0.3474		0.0000		876.624		2.822		3.005		1.737086		4.200
1.228		0.3506		0.0000		876.621		2.825		3.070		1.752920		4.240
1.252		0.3539		0.0000		876.617		2.828		3.130		1.769445		4.280
1.276		0.3572		0.0000		876.614		2.832		3.190		1.785969		4.320
1.302		0.3604		0.0000		876.611		2.835		3.255		1.801804		4.360
1.342		0.3635		0.0000		876.608		2.838		3.355		1.817640		4.400
1.368		0.3670		0.0000		876.604		2.841		3.420		1.834853		4.440
1.376		0.3703		0.0000		876.601		2.845		3.440		1.851376		4.480
1.402		0.3739		0.0000		876.597		2.848		3.505		1.869277		4.520
1.448		0.3776		0.0000		876.594		2.852		3.620		1.887866		4.560
1.458		0.3809		0.0000		876.590		2.855		3.645		1.904391		4.600
1.488		0.3840		0.0000		876.587		2.858		3.720		1.920226		4.640
1.514		0.3872		0.0000		876.584		2.862		3.785		1.936061		4.680
1.540		0.3905		0.0000		876.581		2.865		3.850		1.952586		4.720
1.566		0.3937		0.0000		876.578		2.868		3.915		1.968421		4.760
1.594		0.3970		0.0000		876.574		2.871		3.985		1.984946		4.800
1.638		0.4002		0.0000		876.571		2.874		4.095		2.000780		4.840
1.664		0.4035		0.0000		876.568		2.878		4.160		2.017305		4.880
1.692		0.4070		0.0000		876.564		2.881		4.230		2.035205		4.920
1.702		0.4108		0.0000		876.560		2.885		4.255		2.053795		4.960
1.732		0.4143		0.0000		876.557		2.889		4.330		2.071697		5.000
1.782		0.4175		0.0000		876.554		2.892		4.455		2.087532		5.040
1.810		0.4207		0.0000		876.551		2.895		4.525		2.103367		5.080
1.818		0.4240		0.0000		876.547		2.898		4.545		2.119892		5.120
1.864		0.4271		0.0000		876.544		2.901		4.660		2.135726		5.160
1.872		0.4303		0.0000		876.541		2.905		4.680		2.151562		5.200
1.920		0.4336		0.0000		876.538		2.908		4.800		2.168087		5.240
1.948		0.4369		0.0000		876.534		2.911		4.870		2.184610		5.280
1.976		0.4404		0.0000		876.531		2.915		4.940		2.201823		5.320
2.006		0.4441		0.0000		876.527		2.918		5.015		2.220412		5.360
2.016		0.4477		0.0000		876.524		2.922		5.040		2.238313		5.400
2.050		0.4508		0.0000		876.520		2.925		5.125		2.254149		5.440
2.080		0.4540		0.0000		876.517		2.928		5.200		2.269984		5.480
2.108		0.4573		0.0000		876.514		2.932		5.270		2.286508		5.520
2.154		0.4606		0.0000		876.511		2.935		5.385		2.303032		5.560
2.164		0.4638		0.0000		876.507		2.938		5.410		2.318867		5.600
2.210		0.4669		0.0000		876.504		2.941		5.525		2.334703		5.640
2.220		0.4702		0.0000		876.501		2.945		5.550		2.351227		5.680
2.248		0.4737		0.0000		876.498		2.948		5.620		2.368439		5.720
2.276		0.4774		0.0000		876.494		2.952		5.690		2.387029		5.760
2.330		0.4811		0.0000		876.490		2.955		5.825		2.405618		5.800
2.340		0.4843		0.0000		876.487		2.959		5.850		2.421454		5.840
2.394		0.4876		0.0000		876.484		2.962		5.985		2.437978		5.880
2.422		0.4906		0.0000		876.481		2.965		6.055		2.453126		5.920
2.450		0.4939		0.0000		876.477		2.968		6.125		2.469649		5.960
2.460		0.4971		0.0000		876.474		2.971		6.150		2.485485		6.000
2.488		0.5004		0.0000		876.471		2.975		6.220		2.502009		6.040
2.518		0.5036		0.0000		876.468		2.978		6.295		2.517844		6.080
2.566		0.5070		0.0000		876.464		2.981		6.415		2.535057		6.120
2.596		0.5106		0.0000		876.461		2.985		6.490		2.552958		6.160
2.628		0.5142		0.0000		876.457		2.989		6.570		2.570859		6.200
2.662		0.5178		0.0000		876.453		2.992		6.655		2.588760		6.240
2.674		0.5209		0.0000		876.450		2.995		6.685		2.604595		6.280
2.704		0.5241		0.0000		876.447		2.998		6.760		2.620431		6.320
2.734		0.5273		0.0000		876.444		3.002		6.835		2.636266		6.360
2.780		0.5306		0.0000		876.441		3.005		6.950		2.652791		6.400
2.810		0.5339		0.0000		876.437		3.008		7.025		2.669314		6.440
2.838		0.5370		0.0000		876.434		3.011		7.095		2.685150		6.480
2.866		0.5402		0.0000		876.431		3.015		7.165		2.700986		6.520
2.894		0.5438		0.0000		876.427		3.018		7.235		2.718886		6.560
2.906		0.5475		0.0000		876.424		3.022		7.265		2.737476		6.600
2.938		0.5511		0.0000		876.420		3.025		7.345		2.755376		6.640
2.972		0.5542		0.0000		876.417		3.029		7.430		2.771212		6.680
3.022		0.5575		0.0000		876.414		3.032		7.555		2.787737		6.720
3.048		0.5607		0.0000		876.411		3.035		7.620		2.803571		6.760
3.076		0.5640		0.0000		876.407		3.038		7.690		2.820096		6.800
3.106		0.5672		0.0000		876.404		3.042		7.765		2.835932		6.840
3.134		0.5704		0.0000		876.401		3.045		7.835		2.851766		6.880
3.162		0.5737		0.0000		876.398		3.048		7.905		2.868291		6.920
3.190		0.5771		0.0000		876.394		3.051		7.975		2.885504		6.960
3.220		0.5808		0.0000		876.390		3.055		8.050		2.904093		7.000
3.254		0.5845		0.0000		876.387		3.059		8.135		2.922683		7.040
3.288		0.5878		0.0000		876.383		3.062		8.220		2.939206		7.080
3.298		0.5909		0.0000		876.380		3.065		8.245		2.954353		7.120
3.326		0.5940		0.0000		876.377		3.068		8.315		2.970189		7.160
3.372		0.5973		0.0000		876.374		3.072		8.430		2.986712		7.200
3.400		0.6006		0.0000		876.371		3.075		8.500		3.003237		7.240
3.426		0.6038		0.0000		876.367		3.078		8.565		3.019072		7.280
3.454		0.6070		0.0000		876.364		3.081		8.635		3.034908		7.320
3.482		0.6103		0.0000		876.361		3.085		8.705		3.051431		7.360
3.492		0.6139		0.0000		876.357		3.088		8.730		3.069333		7.400
3.542		0.6177		0.0000		876.354		3.092		8.855		3.088610		7.440
3.576		0.6212		0.0000		876.350		3.095		8.940		3.105823		7.480
3.606		0.6243		0.0000		876.347		3.099		9.015		3.121659		7.520
3.632		0.6275		0.0000		876.344		3.102		9.080		3.137494		7.560
3.658		0.6308		0.0000		876.340		3.105		9.145		3.154018		7.600
3.666		0.6340		0.0000		876.337		3.108		9.165		3.169854		7.640
3.692		0.6371		0.0000		876.334		3.111		9.230		3.185689		7.680
3.720		0.6403		0.0000		876.331		3.115		9.300		3.201525		7.720
3.764		0.6437		0.0000		876.327		3.118		9.410		3.218737		7.760
3.790		0.6472		0.0000		876.324		3.122		9.475		3.235949		7.800
3.820		0.6509		0.0000		876.320		3.125		9.550		3.254539		7.840
3.852		0.6545		0.0000		876.317		3.129		9.630		3.272440		7.880
3.882		0.6578		0.0000		876.313		3.132		9.705		3.288964		7.920
3.910		0.6610		0.0000		876.310		3.135		9.775		3.304800		7.960
3.934		0.6641		0.0000		876.307		3.138		9.835		3.320636		8.000
3.960		0.6674		0.0000		876.304		3.142		9.900		3.337159		8.040
3.984		0.6706		0.0000		876.301		3.145		9.960		3.352995		8.080
4.010		0.6738		0.0000		876.297		3.148		10.025		3.368831		8.120
4.034		0.6769		0.0000		876.294		3.151		10.085		3.384665		8.160
4.058		0.6804		0.0000		876.291		3.155		10.145		3.401878		8.200
4.086		0.6842		0.0000		876.287		3.159		10.215		3.421156		8.240
4.116		0.6879		0.0000		876.283		3.162		10.290		3.439746		8.280
4.126		0.6911		0.0000		876.280		3.165		10.315		3.455582		8.320
4.154		0.6943		0.0000		876.277		3.169		10.385		3.471416		8.360
4.194		0.6975		0.0000		876.274		3.172		10.485		3.487252		8.400
4.218		0.7008		0.0000		876.270		3.175		10.545		3.503777		8.440
4.242		0.7041		0.0000		876.267		3.178		10.605		3.520300		8.480
4.266		0.7072		0.0000		876.264		3.182		10.665		3.536136		8.520
4.288		0.7104		0.0000		876.261		3.185		10.720		3.551971		8.560
4.310		0.7137		0.0000		876.258		3.188		10.775		3.568496		8.600
4.334		0.7174		0.0000		876.254		3.192		10.835		3.587085		8.640
4.360		0.7211		0.0000		876.250		3.195		10.900		3.605675		8.680
4.390		0.7246		0.0000		876.247		3.199		10.975		3.622887		8.720
4.414		0.7277		0.0000		876.243		3.202		11.035		3.638722		8.760
4.436		0.7309		0.0000		876.240		3.205		11.090		3.654557		8.800
4.458		0.7342		0.0000		876.237		3.209		11.145		3.671082		8.840
4.464		0.7374		0.0000		876.234		3.212		11.160		3.686917		8.880
4.486		0.7406		0.0000		876.231		3.215		11.215		3.702753		8.920
4.520		0.7437		0.0000		876.227		3.218		11.300		3.718588		8.960
4.542		0.7469		0.0000		876.224		3.221		11.355		3.734424		9.000
4.562		0.7506		0.0000		876.221		3.225		11.405		3.753014		9.040
4.586		0.7545		0.0000		876.217		3.229		11.465		3.772291		9.080
4.614		0.7580		0.0000		876.213		3.232		11.535		3.790193		9.120
4.638		0.7612		0.0000		876.210		3.236		11.595		3.806027		9.160
4.656		0.7642		0.0000		876.207		3.239		11.640		3.821175		9.200
4.674		0.7675		0.0000		876.204		3.242		11.685		3.837699		9.240
4.692		0.7708		0.0000		876.200		3.245		11.730		3.854222		9.280
4.712		0.7740		0.0000		876.197		3.248		11.780		3.870058		9.320
4.728		0.7772		0.0000		876.194		3.252		11.820		3.885894		9.360
4.746		0.7803		0.0000		876.191		3.255		11.865		3.901730		9.400
4.764		0.7838		0.0000		876.187		3.258		11.910		3.918942		9.440
4.784		0.7876		0.0000		876.184		3.262		11.960		3.938220		9.480
4.808		0.7914		0.0000		876.180		3.266		12.020		3.956809		9.520
4.832		0.7945		0.0000		876.177		3.269		12.080		3.972645		9.560
4.850		0.7977		0.0000		876.174		3.272		12.125		3.988481		9.600
4.866		0.8010		0.0000		876.170		3.275		12.165		4.005004		9.640
4.882		0.8042		0.0000		876.167		3.278		12.205		4.020840		9.680
4.898		0.8073		0.0000		876.164		3.282		12.245		4.036675		9.720
4.912		0.8105		0.0000		876.161		3.285		12.280		4.052510		9.760
4.928		0.8137		0.0000		876.158		3.288		12.320		4.068346		9.800
4.942		0.8171		0.0000		876.154		3.291		12.355		4.085559		9.840
4.958		0.8208		0.0000		876.150		3.295		12.395		4.104148		9.880
4.978		0.8247		0.0000		876.147		3.299		12.445		4.123426		9.920
5.000		0.8280		0.0000		876.143		3.302		12.500		4.139950		9.960
5.018		0.8310		0.0000		876.140		3.305		12.545		4.155097		10.000
5.022		0.8343		0.0000		876.137		3.309		12.555		4.171620		10.040
5.034		0.8376		0.0000		876.134		3.312		12.585		4.188146		10.080
5.046		0.8408		0.0000		876.130		3.315		12.615		4.203981		10.120
5.060		0.8440		0.0000		876.127		3.318		12.650		4.219816		10.160
5.072		0.8471		0.0000		876.124		3.321		12.680		4.235651		10.200
5.084		0.8504		0.0000		876.121		3.325		12.710		4.252176		10.240
5.096		0.8540		0.0000		876.117		3.328		12.740		4.270077		10.280
5.110		0.8579		0.0000		876.113		3.332		12.775		4.289355		10.320
5.126		0.8615		0.0000		876.110		3.336		12.815		4.307256		10.360
5.144		0.8645		0.0000		876.107		3.339		12.860		4.322402		10.400
5.160		0.8678		0.0000		876.103		3.342		12.900		4.338927		10.440
5.170		0.8710		0.0000		876.100		3.345		12.925		4.354762		10.480
5.180		0.8743		0.0000		876.097		3.349		12.950		4.371286		10.520
5.192		0.8773		0.0000		876.094		3.352		12.980		4.386434		10.560
5.202		0.8805		0.0000		876.091		3.355		13.005		4.402269		10.600
5.212		0.8838		0.0000		876.087		3.358		13.030		4.418793		10.640
5.222		0.8872		0.0000		876.084		3.362		13.055		4.436006		10.680
5.232		0.8911		0.0000		876.080		3.365		13.080		4.455283		10.720
5.246		0.8948		0.0000		876.076		3.369		13.115		4.473872		10.760
5.262		0.8979		0.0000		876.073		3.372		13.155		4.489708		10.800
5.276		0.9011		0.0000		876.070		3.375		13.190		4.505544		10.840
5.286		0.9044		0.0000		876.067		3.379		13.215		4.522067		10.880
5.292		0.9076		0.0000		876.064		3.382		13.230		4.537903		10.920
5.302		0.9107		0.0000		876.060		3.385		13.255		4.553739		10.960
5.310		0.9139		0.0000		876.057		3.388		13.275		4.569574		11.000
5.318		0.9172		0.0000		876.054		3.392		13.295		4.586098		11.040
5.326		0.9205		0.0000		876.051		3.395		13.315		4.602622		11.080
5.334		0.9242		0.0000		876.047		3.399		13.335		4.621211		11.120
5.344		0.9281		0.0000		876.043		3.402		13.360		4.640490		11.160
5.358		0.9314		0.0000		876.040		3.406		13.395		4.657013		11.200
5.372		0.9346		0.0000		876.037		3.409		13.430		4.672849		11.240
5.382		0.9377		0.0000		876.034		3.412		13.455		4.688685		11.280
5.388		0.9410		0.0000		876.030		3.415		13.470		4.705209		11.320
5.394		0.9442		0.0000		876.027		3.419		13.485		4.721045		11.360
5.402		0.9474		0.0000		876.024		3.422		13.505		4.736880		11.400
5.408		0.9505		0.0000		876.021		3.425		13.520		4.752715		11.440
5.414		0.9538		0.0000		876.017		3.428		13.535		4.769239		11.480
5.420		0.9574		0.0000		876.014		3.432		13.550		4.787140		11.520
5.428		0.9613		0.0000		876.010		3.436		13.570		4.806418		11.560
5.442		0.9649		0.0000		876.006		3.439		13.605		4.824319		11.600
5.454		0.9679		0.0000		876.003		3.442		13.635		4.839466		11.640
5.464		0.9712		0.0000		876.000		3.446		13.660		4.855990		11.680
5.468		0.9744		0.0000		875.997		3.449		13.670		4.871826		11.720
5.474		0.9775		0.0000		875.994		3.452		13.685		4.887661		11.760
5.478		0.9807		0.0000		875.991		3.455		13.695		4.903497		11.800
5.484		0.9840		0.0000		875.987		3.458		13.710		4.920021		11.840
5.490		0.9872		0.0000		875.984		3.462		13.725		4.935856		11.880
5.494		0.9906		0.0000		875.981		3.465		13.735		4.953069		11.920
5.502		0.9945		0.0000		875.977		3.469		13.755		4.972347		11.960
5.512		0.9980		0.0000		875.973		3.472		13.780		4.990248		12.000
5.524		1.0014		0.0000		875.970		3.476		13.810		5.006772		12.040
5.532		1.0045		0.0000		875.967		3.479		13.830		5.022607		12.080
5.538		1.0078		0.0000		875.963		3.482		13.845		5.039132		12.120
5.542		1.0110		0.0000		875.960		3.485		13.855		5.054966		12.160
5.546		1.0140		0.0000		875.957		3.488		13.865		5.070114		12.200
5.552		1.0173		0.0000		875.954		3.492		13.880		5.086637		12.240
5.556		1.0205		0.0000		875.951		3.495		13.890		5.102473		12.280
5.560		1.0239		0.0000		875.947		3.498		13.900		5.119686		12.320
5.564		1.0278		0.0000		875.943		3.502		13.910		5.138964		12.360
5.572		1.0315		0.0000		875.940		3.506		13.930		5.157553		12.400
5.582		1.0348		0.0000		875.936		3.509		13.955		5.174078		12.440
5.592		1.0380		0.0000		875.933		3.512		13.980		5.189912		12.480
5.598		1.0411		0.0000		875.930		3.515		13.995		5.205748		12.520
5.600		1.0445		0.0000		875.927		3.519		14.000		5.222272		12.560
5.604		1.0124		0.0000		875.959		3.487		14.010		5.061852		12.600
5.606		1.0508		0.0000		875.920		3.525		14.015		5.253943		12.640
5.610		1.0540		0.0000		875.917		3.528		14.025		5.269779		12.680
5.612		1.0573		0.0000		875.914		3.532		14.030		5.286303		12.720
5.616		1.0608		0.0000		875.910		3.535		14.040		5.304204		12.760
5.622		1.0646		0.0000		875.907		3.539		14.055		5.322794		12.800
5.630		1.0683		0.0000		875.903		3.543		14.075		5.341383		12.840
5.640		1.0714		0.0000		875.900		3.546		14.100		5.357218		12.880
5.646		1.0746		0.0000		875.897		3.549		14.115		5.373054		12.920
5.650		1.0778		0.0000		875.893		3.552		14.125		5.388889		12.960
5.652		1.0809		0.0000		875.890		3.555		14.130		5.404725		13.000
5.654		1.0841		0.0000		875.887		3.558		14.135		5.420560		13.040
5.656		1.0873		0.0000		875.884		3.562		14.140		5.436396		13.080
5.658		1.0906		0.0000		875.881		3.565		14.145		5.452920		13.120
5.660		1.0942		0.0000		875.877		3.568		14.150		5.470820		13.160
5.664		1.0979		0.0000		875.873		3.572		14.160		5.489410		13.200
5.672		1.1016		0.0000		875.870		3.576		14.180		5.507999		13.240
5.682		1.1048		0.0000		875.866		3.579		14.205		5.523835		13.280
5.690		1.1079		0.0000		875.863		3.582		14.225		5.539671		13.320
5.692		1.1112		0.0000		875.860		3.586		14.230		5.556195		13.360
5.692		1.1144		0.0000		875.857		3.589		14.230		5.572031		13.400
5.696		1.1176		0.0000		875.854		3.592		14.240		5.587865		13.440
5.698		1.1207		0.0000		875.850		3.595		14.245		5.603701		13.480
5.700		1.1240		0.0000		875.847		3.598		14.250		5.620226		13.520
5.702		1.1273		0.0000		875.844		3.602		14.255		5.636749		13.560
5.704		1.1311		0.0000		875.840		3.605		14.260		5.655339		13.600
5.710		1.1349		0.0000		875.836		3.609		14.275		5.674617		13.640
5.718		1.1382		0.0000		875.833		3.613		14.295		5.691141		13.680
5.726		1.1414		0.0000		875.830		3.616		14.315		5.706977		13.720
5.730		1.1446		0.0000		875.827		3.619		14.325		5.722811		13.760
5.732		1.1479		0.0000		875.823		3.622		14.330		5.739336		13.800
5.732		1.1510		0.0000		875.820		3.625		14.330		5.755172		13.840
5.734		1.1542		0.0000		875.817		3.629		14.335		5.771007		13.880
5.736		1.1574		0.0000		875.814		3.632		14.340		5.786842		13.920
5.738		1.1605		0.0000		875.811		3.635		14.345		5.802678		13.960
5.740		1.1643		0.0000		875.807		3.639		14.350		5.821267		14.000
5.744		1.1682		0.0000		875.803		3.643		14.360		5.841234		14.040
5.754		1.1717		0.0000		875.800		3.646		14.385		5.858446		14.080
5.762		1.1747		0.0000		875.797		3.649		14.405		5.873593		14.120
5.766		1.1779		0.0000		875.793		3.652		14.415		5.889429		14.160
5.768		1.1812		0.0000		875.790		3.656		14.420		5.905952		14.200
5.768		1.1844		0.0000		875.787		3.659		14.420		5.921788		14.240
5.770		1.1875		0.0000		875.784		3.662		14.425		5.937624		14.280
5.772		1.1907		0.0000		875.781		3.665		14.430		5.953460		14.320
5.774		1.1940		0.0000		875.777		3.668		14.435		5.969983		14.360
5.776		1.1974		0.0000		875.774		3.672		14.440		5.987196		14.400
5.780		1.2013		0.0000		875.770		3.676		14.450		6.006474		14.440
5.786		1.2050		0.0000		875.766		3.679		14.465		6.025063		14.480
5.796		1.2082		0.0000		875.763		3.683		14.490		6.040898		14.520
5.802		1.2113		0.0000		875.760		3.686		14.505		6.056734		14.560
5.804		1.2147		0.0000		875.757		3.689		14.510		6.073258		14.600
5.804		1.2178		0.0000		875.753		3.692		14.510		6.089094		14.640
5.806		1.2210		0.0000		875.750		3.695		14.515		6.104929		14.680
5.808		1.2242		0.0000		875.747		3.698		14.520		6.120765		14.720
5.810		1.2273		0.0000		875.744		3.702		14.525		6.136600		14.760
5.812		1.2308		0.0000		875.740		3.705		14.530		6.153812		14.800
5.816		1.2345		0.0000		875.737		3.709		14.540		6.172402		14.840
5.822		1.2385		0.0000		875.733		3.713		14.555		6.192369		14.880
5.832		1.2416		0.0000		875.730		3.716		14.580		6.208204		14.920
5.840		1.2448		0.0000		875.726		3.719		14.600		6.224040		14.960
5.842		1.2480		0.0000		875.723		3.722		14.605		6.239876		15.000
5.844		1.2511		0.0000		875.720		3.725		14.610		6.255710		15.040
5.844		1.2543		0.0000		875.717		3.729		14.610		6.271546		15.080
5.846		1.2576		0.0000		875.714		3.732		14.615		6.288071		15.120
5.846		1.2608		0.0000		875.710		3.735		14.615		6.303905		15.160
5.848		1.2639		0.0000		875.707		3.738		14.620		6.319741		15.200
5.850		1.2677		0.0000		875.704		3.742		14.625		6.338330		15.240
5.854		1.2717		0.0000		875.700		3.746		14.635		6.358297		15.280
5.862		1.2751		0.0000		875.696		3.749		14.655		6.375509		15.320
5.872		1.2783		0.0000		875.693		3.753		14.680		6.391345		15.360
5.876		1.2814		0.0000		875.690		3.756		14.690		6.407181		15.400
5.878		1.2846		0.0000		875.687		3.759		14.695		6.423017		15.440
5.878		1.2878		0.0000		875.683		3.762		14.695		6.438851		15.480
5.880		1.2909		0.0000		875.680		3.765		14.700		6.454687		15.520
5.882		1.2941		0.0000		875.677		3.768		14.705		6.470523		15.560
5.882		1.2973		0.0000		875.674		3.772		14.705		6.486359		15.600
5.884		1.3010		0.0000		875.670		3.775		14.710		6.504948		15.640
5.886		1.3048		0.0000		875.666		3.779		14.715		6.524225		15.680
5.894		1.3084		0.0000		875.663		3.783		14.735		6.542127		15.720
5.902		1.3116		0.0000		875.660		3.786		14.755		6.557961		15.760
5.908		1.3148		0.0000		875.656		3.789		14.770		6.573797		15.800
5.908		1.3179		0.0000		875.653		3.792		14.770		6.589633		15.840
5.908		1.3212		0.0000		875.650		3.796		14.770		6.606157		15.880
5.910		1.3244		0.0000		875.647		3.799		14.775		6.621993		15.920
5.912		1.3276		0.0000		875.644		3.802		14.780		6.637828		15.960
5.912		1.3307		0.0000		875.641		3.805		14.780		6.653664		16.000
5.912		1.3342		0.0000		875.637		3.809		14.780		6.670877		16.040
5.914		1.3379		0.0000		875.633		3.812		14.785		6.689466		16.080
5.920		1.3417		0.0000		875.629		3.816		14.800		6.708744		16.120
5.926		1.3451		0.0000		875.626		3.819		14.815		6.725267		16.160
5.934		1.3482		0.0000		875.623		3.823		14.835		6.741103		16.200
5.936		1.3514		0.0000		875.620		3.826		14.840		6.756939		16.240
5.936		1.3546		0.0000		875.617		3.829		14.840		6.772775		16.280
5.936		1.3577		0.0000		875.614		3.832		14.840		6.788610		16.320
5.936		1.3609		0.0000		875.610		3.835		14.840		6.804445		16.360
5.936		1.3641		0.0000		875.607		3.838		14.840		6.820281		16.400
5.938		1.3674		0.0000		875.604		3.842		14.845		6.836804		16.440
5.938		1.3711		0.0000		875.600		3.845		14.845		6.855393		16.480
5.944		1.3751		0.0000		875.596		3.849		14.860		6.875361		16.520
5.950		1.3785		0.0000		875.593		3.853		14.875		6.892572		16.560
5.960		1.3815		0.0000		875.590		3.856		14.900		6.907721		16.600
5.962		1.3847		0.0000		875.586		3.859		14.905		6.923555		16.640
5.962		1.3880		0.0000		875.583		3.862		14.905		6.940080		16.680
5.962		1.3912		0.0000		875.580		3.866		14.905		6.955915		16.720
5.962		1.3944		0.0000		875.577		3.869		14.905		6.971750		16.760
5.962		1.3975		0.0000		875.574		3.872		14.905		6.987586		16.800
5.964		1.4008		0.0000		875.570		3.875		14.910		7.004109		16.840
5.964		1.4043		0.0000		875.567		3.879		14.910		7.021322		16.880
5.966		1.4081		0.0000		875.563		3.882		14.915		7.040601		16.920
5.974		1.4118		0.0000		875.559		3.886		14.935		7.059190		16.960
5.982		1.4150		0.0000		875.556		3.889		14.955		7.075026		17.000
5.988		1.4182		0.0000		875.553		3.893		14.970		7.090862		17.040
5.988		1.4213		0.0000		875.550		3.896		14.970		7.106696		17.080
5.988		1.4246		0.0000		875.547		3.899		14.970		7.123221		17.120
5.988		1.4278		0.0000		875.543		3.902		14.970		7.139056		17.160
5.988		1.4310		0.0000		875.540		3.905		14.970		7.154891		17.200
5.988		1.4341		0.0000		875.537		3.908		14.970		7.170727		17.240
5.988		1.4376		0.0000		875.534		3.912		14.970		7.187940		17.280
5.990		1.4414		0.0000		875.530		3.916		14.975		7.207217		17.320
5.996		1.4453		0.0000		875.526		3.920		14.990		7.226496		17.360
6.004		1.4485		0.0000		875.523		3.923		15.010		7.242332		17.400
6.010		1.4515		0.0000		875.520		3.926		15.025		7.257478		17.440
6.012		1.4548		0.0000		875.516		3.929		15.030		7.274002		17.480
6.012		1.4580		0.0000		875.513		3.932		15.030		7.289838		17.520
6.012		1.4611		0.0000		875.510		3.935		15.030		7.305674		17.560
6.012		1.4643		0.0000		875.507		3.939		15.030		7.321509		17.600
6.014		1.4676		0.0000		875.504		3.942		15.035		7.338033		17.640
6.014		1.4708		0.0000		875.500		3.945		15.035		7.353868		17.680
6.014		1.4745		0.0000		875.497		3.949		15.035		7.372458		17.720
6.018		1.4785		0.0000		875.493		3.953		15.045		7.392425		17.760
6.026		1.4818		0.0000		875.489		3.956		15.065		7.408948		17.800
6.034		1.4850		0.0000		875.486		3.959		15.085		7.424784		17.840
6.036		1.4883		0.0000		875.483		3.963		15.090		7.441307		17.880
6.036		1.4914		0.0000		875.480		3.966		15.090		7.457143		17.920
6.036		1.4946		0.0000		875.477		3.969		15.090		7.472979		17.960
6.036		1.4978		0.0000		875.473		3.972		15.090		7.488814		18.000
6.036		1.5009		0.0000		875.470		3.975		15.090		7.504649		18.040
6.038		1.5041		0.0000		875.467		3.978		15.095		7.520485		18.080
6.038		1.5078		0.0000		875.463		3.982		15.095		7.539074		18.120
6.042		1.5117		0.0000		875.460		3.986		15.105		7.558353		18.160
6.048		1.5153		0.0000		875.456		3.990		15.120		7.576253		18.200
6.056		1.5184		0.0000		875.453		3.993		15.140		7.592089		18.240
6.062		1.5216		0.0000		875.450		3.996		15.155		7.607925		18.280
6.062		1.5248		0.0000		875.446		3.999		15.155		7.623761		18.320
6.062		1.5279		0.0000		875.443		4.002		15.155		7.639596		18.360
6.062		1.5312		0.0000		875.440		4.006		15.155		7.656119		18.400
6.062		1.5344		0.0000		875.437		4.009		15.155		7.671955		18.440
6.062		1.5376		0.0000		875.434		4.012		15.155		7.687790		18.480
6.062		1.5410		0.0000		875.430		4.015		15.155		7.705004		18.520
6.064		1.5449		0.0000		875.426		4.019		15.160		7.724280		18.560
6.070		1.5486		0.0000		875.423		4.023		15.175		7.742870		18.600
6.078		1.5519		0.0000		875.419		4.026		15.195		7.759395		18.640
6.084		1.5550		0.0000		875.416		4.029		15.210		7.775230		18.680
6.086		1.5582		0.0000		875.413		4.033		15.215		7.791066		18.720
6.086		1.5614		0.0000		875.410		4.036		15.215		7.806902		18.760
6.088		1.5645		0.0000		875.407		4.039		15.220		7.822738		18.800
6.088		1.5677		0.0000		875.404		4.042		15.220		7.838571		18.840
6.088		1.5709		0.0000		875.400		4.045		15.220		7.854407		18.880
6.090		1.5742		0.0000		875.397		4.049		15.225		7.870932		18.920
6.090		1.5780		0.0000		875.393		4.052		15.225		7.890210		18.960
6.096		1.5819		0.0000		875.389		4.056		15.240		7.909489		19.000
6.102		1.5852		0.0000		875.386		4.060		15.255		7.926011		19.040
6.110		1.5884		0.0000		875.383		4.063		15.275		7.941847		19.080
6.112		1.5915		0.0000		875.380		4.066		15.280		7.957683		19.120
6.112		1.5948		0.0000		875.376		4.069		15.280		7.974207		19.160
6.112		1.5980		0.0000		875.373		4.072		15.280		7.990043		19.200
6.112		1.6012		0.0000		875.370		4.076		15.280		8.005877		19.240
6.112		1.6043		0.0000		875.367		4.079		15.280		8.021712		19.280
6.112		1.6076		0.0000		875.364		4.082		15.280		8.038237		19.320
6.114		1.6112		0.0000		875.360		4.086		15.285		8.056137		19.360
6.116		1.6151		0.0000		875.356		4.089		15.290		8.075417		19.400
6.122		1.6187		0.0000		875.353		4.093		15.305		8.093317		19.440
6.130		1.6218		0.0000		875.349		4.096		15.325		8.109152		19.480
6.134		1.6250		0.0000		875.346		4.099		15.335		8.124989		19.520
6.132		1.6282		0.0000		875.343		4.102		15.330		8.140823		19.560
6.132		1.6313		0.0000		875.340		4.106		15.330		8.156660		19.600
6.132		1.6345		0.0000		875.337		4.109		15.330		8.172495		19.640
6.132		1.6377		0.0000		875.334		4.112		15.330		8.188332		19.680
6.132		1.6410		0.0000		875.330		4.115		15.330		8.204853		19.720
6.132		1.6444		0.0000		875.327		4.119		15.330		8.222067		19.760
6.134		1.6483		0.0000		875.323		4.123		15.335		8.241346		19.800
6.138		1.6520		0.0000		875.319		4.126		15.345		8.259935		19.840
6.146		1.6553		0.0000		875.316		4.130		15.365		8.276458		19.880
6.152		1.6583		0.0000		875.313		4.133		15.380		8.291605		19.920
6.154		1.6616		0.0000		875.310		4.136		15.385		8.308129		19.960
6.152		1.6648		0.0000		875.306		4.139		15.380		8.323965		20.000
6.152		1.6680		0.0000		875.303		4.142		15.380		8.339801		20.040
6.152		1.6711		0.0000		875.300		4.145		15.380		8.355637		20.080
6.152		1.6743		0.0000		875.297		4.149		15.380		8.371472		20.120
6.152		1.6777		0.0000		875.294		4.152		15.380		8.388683		20.160
6.154		1.6815		0.0000		875.290		4.156		15.385		8.407273		20.200
6.158		1.6853		0.0000		875.286		4.160		15.395		8.426552		20.240
6.164		1.6886		0.0000		875.283		4.163		15.410		8.443074		20.280
6.172		1.6918		0.0000		875.279		4.166		15.430		8.458910		20.320
6.174		1.6949		0.0000		875.276		4.169		15.435		8.474746		20.360
6.174		1.6983		0.0000		875.273		4.173		15.435		8.491270		20.400
6.174		1.7014		0.0000		875.270		4.176		15.435		8.507107		20.440
6.174		1.7046		0.0000		875.267		4.179		15.435		8.522942		20.480
6.172		1.7078		0.0000		875.263		4.182		15.430		8.538778		20.520
6.174		1.7111		0.0000		875.260		4.185		15.435		8.555300		20.560
6.174		1.7146		0.0000		875.257		4.189		15.435		8.573200		20.600
6.176		1.7185		0.0000		875.253		4.193		15.440		8.592480		20.640
6.182		1.7221		0.0000		875.249		4.196		15.455		8.610380		20.680
6.190		1.7251		0.0000		875.246		4.199		15.475		8.625528		20.720
6.194		1.7284		0.0000		875.243		4.203		15.485		8.642052		20.760
6.194		1.7316		0.0000		875.240		4.206		15.485		8.657887		20.800
6.194		1.7347		0.0000		875.236		4.209		15.485		8.673723		20.840
6.194		1.7379		0.0000		875.233		4.212		15.485		8.689558		20.880
6.194		1.7411		0.0000		875.230		4.215		15.485		8.705395		20.920
6.194		1.7444		0.0000		875.227		4.219		15.485		8.721916		20.960
6.194		1.7478		0.0000		875.223		4.222		15.485		8.739130		21.000
6.196		1.7517		0.0000		875.220		4.226		15.490		8.758410		21.040
6.200		1.7554		0.0000		875.216		4.230		15.500		8.776999		21.080
6.208		1.7587		0.0000		875.213		4.233		15.520		8.793521		21.120
6.214		1.7619		0.0000		875.209		4.236		15.535		8.809357		21.160
6.216		1.7650		0.0000		875.206		4.239		15.540		8.825192		21.200
6.214		1.7682		0.0000		875.203		4.243		15.535		8.841028		21.240
6.214		1.7715		0.0000		875.200		4.246		15.535		8.857553		21.280
6.216		1.7745		0.0000		875.197		4.249		15.540		8.872700		21.320
6.216		1.7777		0.0000		875.194		4.252		15.540		8.888535		21.360
6.216		1.7810		0.0000		875.190		4.255		15.540		8.905058		21.400
6.216		1.7849		0.0000		875.186		4.259		15.540		8.924336		21.440
6.220		1.7889		0.0000		875.182		4.263		15.550		8.944304		21.480
6.228		1.7920		0.0000		875.179		4.266		15.570		8.960140		21.520
6.236		1.7952		0.0000		875.176		4.270		15.590		8.975973		21.560
6.238		1.7984		0.0000		875.173		4.273		15.595		8.991809		21.600
6.236		1.8015		0.0000		875.170		4.276		15.590		9.007645		21.640
6.236		1.8048		0.0000		875.166		4.279		15.590		9.024170		21.680
6.238		1.8080		0.0000		875.163		4.282		15.595		9.040005		21.720
6.238		1.8112		0.0000		875.160		4.285		15.595		9.055841		21.760
6.238		1.8143		0.0000		875.157		4.289		15.595		9.071676		21.800
6.240		1.8181		0.0000		875.153		4.292		15.600		9.090266		21.840
6.244		1.8219		0.0000		875.149		4.296		15.610		9.109543		21.880
6.250		1.8255		0.0000		875.146		4.300		15.625		9.127445		21.920
6.258		1.8287		0.0000		875.143		4.303		15.645		9.143278		21.960
6.262		1.8318		0.0000		875.139		4.306		15.655		9.159115		22.000
6.262		1.8350		0.0000		875.136		4.309		15.655		9.174950		22.040
6.260		1.8382		0.0000		875.133		4.312		15.650		9.190786		22.080
6.260		1.8415		0.0000		875.130		4.316		15.650		9.207311		22.120
6.260		1.8446		0.0000		875.127		4.319		15.650		9.223146		22.160
6.260		1.8477		0.0000		875.124		4.322		15.650		9.238293		22.200
6.260		1.8514		0.0000		875.120		4.326		15.650		9.256883		22.240
6.262		1.8551		0.0000		875.116		4.329		15.655		9.275473		22.280
6.268		1.8590		0.0000		875.112		4.333		15.670		9.294750		22.320
6.278		1.8621		0.0000		875.109		4.336		15.695		9.310584		22.360
6.282		1.8651		0.0000		875.106		4.339		15.705		9.325733		22.400
6.284		1.8685		0.0000		875.103		4.343		15.710		9.342256		22.440
6.284		1.8716		0.0000		875.100		4.346		15.710		9.358091		22.480
6.284		1.8748		0.0000		875.096		4.349		15.710		9.373927		22.520
6.284		1.8780		0.0000		875.093		4.352		15.710		9.389763		22.560
6.284		1.8813		0.0000		875.090		4.356		15.710		9.406288		22.600
6.284		1.8846		0.0000		875.087		4.359		15.710		9.422810		22.640
6.284		1.8883		0.0000		875.083		4.363		15.710		9.441400		22.680
6.288		1.8921		0.0000		875.079		4.366		15.720		9.460678		22.720
6.296		1.8956		0.0000		875.076		4.370		15.740		9.477890		22.760
6.302		1.8986		0.0000		875.073		4.373		15.755		9.493038		22.800
6.304		1.9018		0.0000		875.069		4.376		15.760		9.508875		22.840
6.302		1.9051		0.0000		875.066		4.379		15.755		9.525396		22.880
6.302		1.9082		0.0000		875.063		4.383		15.755		9.541233		22.920
6.302		1.9114		0.0000		875.060		4.386		15.755		9.557068		22.960
6.300		1.9144		0.0000		875.057		4.389		15.750		9.572215		23.000
6.300		1.9179		0.0000		875.053		4.392		15.750		9.589429		23.040
6.300		1.9215		0.0000		875.050		4.396		15.750		9.607329		23.080
6.302		1.9255		0.0000		875.046		4.400		15.755		9.627295		23.120
6.308		1.9290		0.0000		875.042		4.403		15.770		9.645197		23.160
6.316		1.9321		0.0000		875.039		4.406		15.790		9.660344		23.200
6.318		1.9352		0.0000		875.036		4.410		15.795		9.676180		23.240
6.316		1.9385		0.0000		875.033		4.413		15.790		9.692702		23.280
6.316		1.9417		0.0000		875.030		4.416		15.790		9.708538		23.320
6.316		1.9449		0.0000		875.026		4.419		15.790		9.724374		23.360
6.314		1.9480		0.0000		875.023		4.422		15.785		9.740210		23.400
6.314		1.9512		0.0000		875.020		4.426		15.785		9.756045		23.440
6.314		1.9548		0.0000		875.016		4.429		15.785		9.773946		23.480
6.316		1.9585		0.0000		875.013		4.433		15.790		9.792536		23.520
6.322		1.9624		0.0000		875.009		4.437		15.805		9.811813		23.560
6.330		1.9654		0.0000		875.006		4.440		15.825		9.826961		23.600
6.336		1.9687		0.0000		875.003		4.443		15.840		9.843485		23.640
6.336		1.9719		0.0000		874.999		4.446		15.840		9.859319		23.680
6.334		1.9750		0.0000		874.996		4.449		15.835		9.875154		23.720
6.334		1.9782		0.0000		874.993		4.453		15.835		9.890990		23.760
6.334		1.9814		0.0000		874.990		4.456		15.835		9.906826		23.800
6.332		1.9845		0.0000		874.987		4.459		15.830		9.922662		23.840
6.332		1.9880		0.0000		874.983		4.462		15.830		9.939873		23.880
6.334		1.9918		0.0000		874.979		4.466		15.835		9.959152		23.920
6.338		1.9957		0.0000		874.976		4.470		15.845		9.978430		23.960
6.346		1.9989		0.0000		874.972		4.473		15.865		9.994267		24.000
6.352		2.0020		0.0000		874.969		4.476		15.880		10.010101		24.040
6.354		2.0052		0.0000		874.966		4.480		15.885		10.025938		24.080
6.352		2.0084		0.0000		874.963		4.483		15.880		10.041773		24.120
6.352		2.0117		0.0000		874.960		4.486		15.880		10.058296		24.160
6.352		2.0147		0.0000		874.957		4.489		15.880		10.073442		24.200
6.352		2.0180		0.0000		874.953		4.492		15.880		10.089968		24.240
6.350		2.0212		0.0000		874.950		4.495		15.875		10.105803		24.280
6.350		2.0250		0.0000		874.946		4.499		15.875		10.125082		24.320
6.352		2.0289		0.0000		874.942		4.503		15.880		10.144358		24.360
6.360		2.0323		0.0000		874.939		4.507		15.900		10.161572		24.400
6.368		2.0355		0.0000		874.936		4.510		15.920		10.177407		24.440
6.370		2.0386		0.0000		874.933		4.513		15.925		10.193243		24.480
6.370		2.0418		0.0000		874.929		4.516		15.925		10.209079		24.520
6.370		2.0450		0.0000		874.926		4.519		15.925		10.224913		24.560
6.370		2.0483		0.0000		874.923		4.523		15.925		10.241437		24.600
6.368		2.0513		0.0000		874.920		4.526		15.920		10.256584		24.640
6.368		2.0546		0.0000		874.917		4.529		15.920		10.273108		24.680
6.368		2.0582		0.0000		874.913		4.533		15.920		10.291009		24.720
6.370		2.0621		0.0000		874.909		4.536		15.925		10.310287		24.760
6.376		2.0658		0.0000		874.905		4.540		15.940		10.328876		24.800
6.384		2.0689		0.0000		874.902		4.543		15.960		10.344713		24.840
6.388		2.0721		0.0000		874.899		4.546		15.970		10.360548		24.880
6.388		2.0753		0.0000		874.896		4.550		15.970		10.376385		24.920
6.386		2.0784		0.0000		874.893		4.553		15.965		10.392218		24.960
6.386		2.0816		0.0000		874.890		4.556		15.965		10.408053		25.000
6.386		2.0848		0.0000		874.886		4.559		15.965		10.423889		25.040
6.386		2.0879		0.0000		874.883		4.562		15.965		10.439725		25.080
6.386		2.0914		0.0000		874.880		4.566		15.965		10.456939		25.120
6.388		2.0952		0.0000		874.876		4.570		15.970		10.476215		25.160
6.392		2.0990		0.0000		874.872		4.573		15.980		10.494804		25.200
6.400		2.1023		0.0000		874.869		4.577		16.000		10.511330		25.240
6.406		2.1054		0.0000		874.866		4.580		16.015		10.527164		25.280
6.408		2.1086		0.0000		874.863		4.583		16.020		10.543001		25.320
6.406		2.1119		0.0000		874.859		4.586		16.015		10.559523		25.360
6.404		2.1151		0.0000		874.856		4.589		16.010		10.575359		25.400
6.404		2.1182		0.0000		874.853		4.593		16.010		10.591194		25.440
6.402		2.1213		0.0000		874.850		4.596		16.005		10.606341		25.480
6.402		2.1246		0.0000		874.847		4.599		16.005		10.622866		25.520
6.402		2.1284		0.0000		874.843		4.603		16.005		10.642145		25.560
6.406		2.1324		0.0000		874.839		4.607		16.015		10.662109		25.600
6.414		2.1357		0.0000		874.836		4.610		16.035		10.678635		25.640
6.422		2.1389		0.0000		874.832		4.613		16.055		10.694470		25.680
6.424		2.1421		0.0000		874.829		4.616		16.060		10.710306		25.720
6.424		2.1452		0.0000		874.826		4.620		16.060		10.726142		25.760
6.422		2.1484		0.0000		874.823		4.623		16.055		10.741978		25.800
6.422		2.1516		0.0000		874.820		4.626		16.055		10.757811		25.840
6.422		2.1547		0.0000		874.816		4.629		16.055		10.773647		25.880
6.422		2.1580		0.0000		874.813		4.632		16.055		10.790172		25.920
6.422		2.1616		0.0000		874.810		4.636		16.055		10.808072		25.960
6.424		2.1655		0.0000		874.806		4.640		16.060		10.827351		26.000
6.430		2.1692		0.0000		874.802		4.644		16.075		10.845940		26.040
6.438		2.1724		0.0000		874.799		4.647		16.095		10.861776		26.080
6.442		2.1754		0.0000		874.796		4.650		16.105		10.876923		26.120
6.442		2.1787		0.0000		874.793		4.653		16.105		10.893448		26.160
6.440		2.1819		0.0000		874.789		4.656		16.100		10.909283		26.200
6.438		2.1850		0.0000		874.786		4.659		16.095		10.925119		26.240
6.438		2.1882		0.0000		874.783		4.663		16.095		10.940952		26.280
6.436		2.1914		0.0000		874.780		4.666		16.090		10.956788		26.320
6.436		2.1948		0.0000		874.776		4.669		16.090		10.974002		26.360
6.436		2.1985		0.0000		874.773		4.673		16.090		10.992592		26.400
6.440		2.2025		0.0000		874.769		4.677		16.100		11.012556		26.440
6.448		2.2057		0.0000		874.766		4.680		16.120		11.028393		26.480
6.454		2.2088		0.0000		874.762		4.683		16.135		11.044228		26.520
6.454		2.2120		0.0000		874.759		4.686		16.135		11.060064		26.560
6.452		2.2153		0.0000		874.756		4.690		16.130		11.076589		26.600
6.450		2.2185		0.0000		874.753		4.693		16.125		11.092424		26.640
6.450		2.2217		0.0000		874.750		4.696		16.125		11.108257		26.680
6.448		2.2248		0.0000		874.746		4.699		16.120		11.124094		26.720
6.448		2.2281		0.0000		874.743		4.702		16.120		11.140618		26.760
6.448		2.2317		0.0000		874.740		4.706		16.120		11.158519		26.800
6.450		2.2357		0.0000		874.736		4.710		16.125		11.178486		26.840
6.458		2.2391		0.0000		874.732		4.713		16.145		11.195698		26.880
6.464		2.2423		0.0000		874.729		4.717		16.160		11.211534		26.920
6.466		2.2455		0.0000		874.726		4.720		16.165		11.227369		26.960
6.464		2.2486		0.0000		874.723		4.723		16.160		11.243205		27.000
6.462		2.2518		0.0000		874.719		4.726		16.155		11.259041		27.040
6.462		2.2550		0.0000		874.716		4.729		16.155		11.274877		27.080
6.460		2.2581		0.0000		874.713		4.732		16.150		11.290712		27.120
6.460		2.2613		0.0000		874.710		4.736		16.150		11.306545		27.160
6.460		2.2650		0.0000		874.706		4.739		16.150		11.325135		27.200
6.462		2.2689		0.0000		874.702		4.743		16.155		11.344414		27.240
6.468		2.2726		0.0000		874.699		4.747		16.170		11.363003		27.280
6.476		2.2758		0.0000		874.695		4.750		16.190		11.378839		27.320
6.480		2.2788		0.0000		874.692		4.753		16.200		11.393986		27.360
6.478		2.2820		0.0000		874.689		4.756		16.195		11.409822		27.400
6.478		2.2853		0.0000		874.686		4.760		16.195		11.426346		27.440
6.476		2.2884		0.0000		874.683		4.763		16.190		11.442183		27.480
6.474		2.2916		0.0000		874.680		4.766		16.185		11.458017		27.520
6.474		2.2948		0.0000		874.676		4.769		16.185		11.473851		27.560
6.472		2.2982		0.0000		874.673		4.773		16.180		11.491065		27.600
6.474		2.3021		0.0000		874.669		4.776		16.185		11.510344		27.640
6.478		2.3059		0.0000		874.665		4.780		16.195		11.529619		27.680
6.486		2.3091		0.0000		874.662		4.783		16.215		11.545456		27.720
6.492		2.3123		0.0000		874.659		4.787		16.230		11.561291		27.760
6.492		2.3154		0.0000		874.656		4.790		16.230		11.577127		27.800
6.490		2.3186		0.0000		874.653		4.793		16.225		11.592962		27.840
6.488		2.3218		0.0000		874.649		4.796		16.220		11.608799		27.880
6.488		2.3249		0.0000		874.646		4.799		16.220		11.624634		27.920
6.488		2.3281		0.0000		874.643		4.802		16.220		11.640471		27.960
6.486		2.3314		0.0000		874.640		4.806		16.215		11.656992		28.000
6.486		2.3353		0.0000		874.636		4.810		16.215		11.676271		28.040
6.490		2.3392		0.0000		874.632		4.814		16.225		11.696239		28.080
6.498		2.3426		0.0000		874.629		4.817		16.245		11.712761		28.120
6.504		2.3457		0.0000		874.625		4.820		16.260		11.728597		28.160
6.506		2.3489		0.0000		874.622		4.823		16.265		11.744432		28.200
6.506		2.3521		0.0000		874.619		4.826		16.265		11.760268		28.240
6.504		2.3552		0.0000		874.616		4.830		16.260		11.776104		28.280
6.504		2.3584		0.0000		874.613		4.833		16.260		11.791940		28.320
6.504		2.3616		0.0000		874.610		4.836		16.260		11.807775		28.360
6.502		2.3649		0.0000		874.606		4.839		16.255		11.824298		28.400
6.502		2.3684		0.0000		874.603		4.843		16.255		11.842201		28.440
6.502		2.3724		0.0000		874.599		4.847		16.255		11.862165		28.480
6.508		2.3760		0.0000		874.595		4.850		16.270		11.880066		28.520
6.516		2.3792		0.0000		874.592		4.854		16.290		11.895903		28.560
6.520		2.3823		0.0000		874.589		4.857		16.300		11.911737		28.600
6.518		2.3855		0.0000		874.586		4.860		16.295		11.927574		28.640
6.516		2.3887		0.0000		874.583		4.863		16.290		11.943409		28.680
6.516		2.3918		0.0000		874.579		4.866		16.290		11.959246		28.720
6.514		2.3950		0.0000		874.576		4.869		16.285		11.975080		28.760
6.514		2.3980		0.0000		874.573		4.872		16.285		11.990228		28.800
6.512		2.4016		0.0000		874.570		4.876		16.280		12.008128		28.840
6.512		2.4056		0.0000		874.566		4.880		16.280		12.028095		28.880
6.518		2.4093		0.0000		874.562		4.884		16.295		12.046685		28.920
6.526		2.4125		0.0000		874.559		4.887		16.315		12.062519		28.960
6.532		2.4157		0.0000		874.556		4.890		16.330		12.078354		29.000
6.532		2.4188		0.0000		874.552		4.893		16.330		12.094191		29.040
6.528		2.4220		0.0000		874.549		4.896		16.320		12.110025		29.080
6.528		2.4253		0.0000		874.546		4.900		16.320		12.126551		29.120
6.526		2.4283		0.0000		874.543		4.903		16.315		12.141697		29.160
6.526		2.4315		0.0000		874.540		4.906		16.315		12.157534		29.200
6.524		2.4349		0.0000		874.536		4.909		16.310		12.174745		29.240
6.526		2.4387		0.0000		874.533		4.913		16.315		12.193335		29.280
6.528		2.4425		0.0000		874.529		4.917		16.320		12.212612		29.320
6.536		2.4460		0.0000		874.525		4.920		16.340		12.229824		29.360
6.544		2.4491		0.0000		874.522		4.923		16.360		12.245660		29.400
6.546		2.4523		0.0000		874.519		4.927		16.365		12.261496		29.440
6.544		2.4555		0.0000		874.516		4.930		16.360		12.277331		29.480
6.544		2.4586		0.0000		874.513		4.933		16.360		12.293167		29.520
6.542		2.4618		0.0000		874.509		4.936		16.355		12.309003		29.560
6.540		2.4648		0.0000		874.506		4.939		16.350		12.324150		29.600
6.538		2.4681		0.0000		874.503		4.942		16.345		12.340674		29.640
6.538		2.4719		0.0000		874.499		4.946		16.345		12.359264		29.680
6.538		2.4757		0.0000		874.496		4.950		16.345		12.378542		29.720
6.544		2.4794		0.0000		874.492		4.954		16.360		12.397132		29.760
6.552		2.4825		0.0000		874.489		4.957		16.380		12.412279		29.800
6.554		2.4856		0.0000		874.486		4.960		16.385		12.428114		29.840
6.552		2.4889		0.0000		874.482		4.963		16.380		12.444637		29.880
6.550		2.4921		0.0000		874.479		4.966		16.375		12.460472		29.920
6.550		2.4953		0.0000		874.476		4.970		16.375		12.476309		29.960
6.548		2.4983		0.0000		874.473		4.973		16.370		12.491455		30.000
6.546		2.5016		0.0000		874.470		4.976		16.365		12.507980		30.040
6.544		2.5050		0.0000		874.466		4.979		16.360		12.525191		30.080
6.544		2.5089		0.0000		874.462		4.983		16.360		12.544470		30.120
6.548		2.5127		0.0000		874.458		4.987		16.370		12.563748		30.160
6.556		2.5159		0.0000		874.455		4.990		16.390		12.579584		30.200
6.560		2.5191		0.0000		874.452		4.993		16.400		12.595420		30.240
6.560		2.5223		0.0000		874.449		4.997		16.400		12.611254		30.280
6.556		2.5254		0.0000		874.446		5.000		16.390		12.627089		30.320
6.556		2.5286		0.0000		874.443		5.003		16.390		12.642925		30.360
6.554		2.5318		0.0000		874.439		5.006		16.385		12.658760		30.400
6.554		2.5349		0.0000		874.436		5.009		16.385		12.674597		30.440
6.552		2.5384		0.0000		874.433		5.013		16.380		12.691808		30.480
6.552		2.5421		0.0000		874.429		5.016		16.380		12.710398		30.520
6.556		2.5461		0.0000		874.425		5.020		16.390		12.730365		30.560
6.564		2.5494		0.0000		874.422		5.024		16.410		12.746889		30.600
6.570		2.5525		0.0000		874.419		5.027		16.425		12.762726		30.640
6.570		2.5557		0.0000		874.416		5.030		16.425		12.778559		30.680
6.568		2.5589		0.0000		874.412		5.033		16.420		12.794394		30.720
6.566		2.5620		0.0000		874.409		5.036		16.415		12.810230		30.760
6.564		2.5651		0.0000		874.406		5.039		16.410		12.825377		30.800
6.562		2.5684		0.0000		874.403		5.043		16.405		12.841902		30.840
6.562		2.5717		0.0000		874.400		5.046		16.405		12.858427		30.880
6.562		2.5753		0.0000		874.396		5.050		16.405		12.876328		30.920
6.564		2.5793		0.0000		874.392		5.054		16.410		12.896292		30.960
6.570		2.5828		0.0000		874.388		5.057		16.425		12.914195		31.000
6.578		2.5859		0.0000		874.385		5.060		16.445		12.929342		31.040
6.580		2.5890		0.0000		874.382		5.063		16.450		12.945177		31.080
6.580		2.5922		0.0000		874.379		5.067		16.450		12.961014		31.120
6.578		2.5955		0.0000		874.376		5.070		16.445		12.977535		31.160
6.576		2.5987		0.0000		874.373		5.073		16.440		12.993372		31.200
6.574		2.6018		0.0000		874.369		5.076		16.435		13.009207		31.240
6.572		2.6050		0.0000		874.366		5.079		16.430		13.025043		31.280
6.570		2.6085		0.0000		874.363		5.083		16.425		13.042254		31.320
6.570		2.6123		0.0000		874.359		5.087		16.425		13.061533		31.360
6.576		2.6162		0.0000		874.355		5.090		16.440		13.080812		31.400
6.584		2.6193		0.0000		874.352		5.094		16.460		13.096647		31.440
6.590		2.6225		0.0000		874.349		5.097		16.475		13.112483		31.480
6.588		2.6257		0.0000		874.346		5.100		16.470		13.128319		31.520
6.586		2.6288		0.0000		874.342		5.103		16.465		13.144152		31.560
6.584		2.6320		0.0000		874.339		5.106		16.460		13.159988		31.600
6.584		2.6352		0.0000		874.336		5.109		16.460		13.175823		31.640
6.582		2.6383		0.0000		874.333		5.113		16.455		13.191660		31.680
6.580		2.6418		0.0000		874.329		5.116		16.450		13.208874		31.720
6.580		2.6456		0.0000		874.326		5.120		16.450		13.228149		31.760
6.584		2.6495		0.0000		874.322		5.124		16.460		13.247428		31.800
6.590		2.6528		0.0000		874.318		5.127		16.475		13.263952		31.840
6.596		2.6560		0.0000		874.315		5.130		16.490		13.279789		31.880
6.598		2.6590		0.0000		874.312		5.133		16.495		13.294935		31.920
6.596		2.6623		0.0000		874.309		5.137		16.490		13.311458		31.960
6.594		2.6655		0.0000		874.306		5.140		16.485		13.327293		32.000
6.594		2.6686		0.0000		874.303		5.143		16.485		13.343129		32.040
6.592		2.6717		0.0000		874.300		5.146		16.480		13.358276		32.080
6.590		2.6750		0.0000		874.296		5.149		16.475		13.374801		32.120
6.590		2.6787		0.0000		874.293		5.153		16.475		13.393391		32.160
6.592		2.6827		0.0000		874.289		5.157		16.480		13.413358		32.200
6.598		2.6863		0.0000		874.285		5.161		16.495		13.431258		32.240
6.606		2.6894		0.0000		874.282		5.164		16.515		13.447094		32.280
6.608		2.6924		0.0000		874.279		5.167		16.520		13.462240		32.320
6.604		2.6956		0.0000		874.276		5.170		16.510		13.478077		32.360
6.602		2.6989		0.0000		874.272		5.173		16.505		13.494598		32.400
6.600		2.7021		0.0000		874.269		5.176		16.500		13.510435		32.440
6.598		2.7051		0.0000		874.266		5.179		16.495		13.525581		32.480
6.596		2.7084		0.0000		874.263		5.183		16.490		13.542107		32.520
6.594		2.7119		0.0000		874.259		5.186		16.485		13.559318		32.560
6.596		2.7157		0.0000		874.255		5.190		16.490		13.578596		32.600
6.600		2.7196		0.0000		874.252		5.194		16.500		13.597875		32.640
6.608		2.7227		0.0000		874.248		5.197		16.520		13.613710		32.680
6.612		2.7259		0.0000		874.245		5.200		16.530		13.629546		32.720
6.612		2.7291		0.0000		874.242		5.203		16.530		13.645382		32.760
6.610		2.7322		0.0000		874.239		5.207		16.525		13.661218		32.800
6.608		2.7354		0.0000		874.236		5.210		16.520		13.677052		32.840
6.606		2.7386		0.0000		874.233		5.213		16.515		13.692886		32.880
6.602		2.7417		0.0000		874.229		5.216		16.505		13.708723		32.920
6.600		2.7452		0.0000		874.226		5.220		16.500		13.725937		32.960
6.600		2.7489		0.0000		874.222		5.223		16.500		13.744526		33.000
6.602		2.7529		0.0000		874.218		5.227		16.505		13.764491		33.040
6.610		2.7562		0.0000		874.215		5.231		16.525		13.781015		33.080
6.616		2.7592		0.0000		874.212		5.234		16.540		13.796163		33.120
6.616		2.7624		0.0000		874.209		5.237		16.540		13.811998		33.160
6.612		2.7657		0.0000		874.206		5.240		16.530		13.828524		33.200
6.608		2.7689		0.0000		874.202		5.243		16.520		13.844358		33.240
6.604		2.7720		0.0000		874.199		5.246		16.510		13.860192		33.280
6.602		2.7752		0.0000		874.196		5.250		16.505		13.876028		33.320
6.600		2.7785		0.0000		874.193		5.253		16.500		13.892553		33.360
6.598		2.7821		0.0000		874.189		5.256		16.495		13.910454		33.400
6.598		2.7861		0.0000		874.185		5.260		16.495		13.930421		33.440
6.604		2.7895		0.0000		874.182		5.264		16.510		13.947632		33.480
6.608		2.7927		0.0000		874.179		5.267		16.520		13.963469		33.520
6.610		2.7959		0.0000		874.175		5.270		16.525		13.979303		33.560
6.606		2.7990		0.0000		874.172		5.273		16.515		13.995140		33.600
6.604		2.8023		0.0000		874.169		5.277		16.510		14.011664		33.640
6.600		2.8054		0.0000		874.166		5.280		16.500		14.026812		33.680
6.598		2.8085		0.0000		874.163		5.283		16.495		14.042646		33.720
6.594		2.8118		0.0000		874.159		5.286		16.485		14.059170		33.760
6.592		2.8153		0.0000		874.156		5.290		16.480		14.076384		33.800
6.592		2.8193		0.0000		874.152		5.294		16.480		14.096348		33.840
6.596		2.8230		0.0000		874.148		5.297		16.490		14.114938		33.880
6.604		2.8262		0.0000		874.145		5.300		16.510		14.130774		33.920
6.608		2.8293		0.0000		874.142		5.304		16.520		14.146609		33.960
6.606		2.8325		0.0000		874.139		5.307		16.515		14.162445		34.000
6.602		2.8357		0.0000		874.136		5.310		16.505		14.178281		34.040
6.598		2.8388		0.0000		874.132		5.313		16.495		14.194117		34.080
6.596		2.8420		0.0000		874.129		5.316		16.490		14.209952		34.120
6.594		2.8452		0.0000		874.126		5.319		16.485		14.225786		34.160
6.592		2.8486		0.0000		874.123		5.323		16.480		14.243000		34.200
6.592		2.8525		0.0000		874.119		5.327		16.480		14.262278		34.240
6.594		2.8563		0.0000		874.115		5.331		16.485		14.281554		34.280
6.602		2.8595		0.0000		874.112		5.334		16.505		14.297390		34.320
6.606		2.8626		0.0000		874.109		5.337		16.515		14.313226		34.360
6.606		2.8660		0.0000		874.105		5.340		16.515		14.329750		34.400
6.604		2.8691		0.0000		874.102		5.343		16.510		14.345587		34.440
6.600		2.8723		0.0000		874.099		5.347		16.500		14.361422		34.480
6.598		2.8755		0.0000		874.096		5.350		16.495		14.377258		34.520
6.596		2.8786		0.0000		874.093		5.353		16.490		14.393091		34.560
6.594		2.8818		0.0000		874.089		5.356		16.485		14.408927		34.600
6.592		2.8855		0.0000		874.086		5.360		16.480		14.427517		34.640
6.594		2.8895		0.0000		874.082		5.364		16.485		14.447484		34.680
6.600		2.8929		0.0000		874.078		5.367		16.500		14.464695		34.720
6.606		2.8961		0.0000		874.075		5.370		16.515		14.480532		34.760
6.608		2.8993		0.0000		874.072		5.374		16.520		14.496367		34.800
6.606		2.9024		0.0000		874.069		5.377		16.515		14.512203		34.840
6.602		2.9056		0.0000		874.066		5.380		16.505		14.528038		34.880
6.600		2.9088		0.0000		874.062		5.383		16.500		14.543875		34.920
6.598		2.9119		0.0000		874.059		5.386		16.495		14.559710		34.960
6.594		2.9152		0.0000		874.056		5.390		16.485		14.576233		35.000
6.592		2.9187		0.0000		874.053		5.393		16.480		14.593447		35.040
6.592		2.9227		0.0000		874.049		5.397		16.480		14.613411		35.080
6.596		2.9264		0.0000		874.045		5.401		16.490		14.632001		35.120
6.602		2.9296		0.0000		874.042		5.404		16.505		14.647837		35.160
6.604		2.9327		0.0000		874.039		5.407		16.510		14.663672		35.200
6.602		2.9359		0.0000		874.035		5.410		16.505		14.679508		35.240
6.600		2.9391		0.0000		874.032		5.413		16.500		14.695344		35.280
6.596		2.9422		0.0000		874.029		5.417		16.490		14.711180		35.320
6.594		2.9454		0.0000		874.026		5.420		16.485		14.727015		35.360
6.592		2.9486		0.0000		874.023		5.423		16.480		14.742851		35.400
6.588		2.9520		0.0000		874.019		5.426		16.470		14.760063		35.440
6.588		2.9559		0.0000		874.015		5.430		16.470		14.779341		35.480
6.590		2.9597		0.0000		874.011		5.434		16.475		14.798620		35.520
6.598		2.9629		0.0000		874.008		5.437		16.495		14.814453		35.560
6.602		2.9661		0.0000		874.005		5.440		16.505		14.830289		35.600
6.600		2.9692		0.0000		874.002		5.444		16.500		14.846125		35.640
6.598		2.9725		0.0000		873.999		5.447		16.495		14.862650		35.680
6.596		2.9757		0.0000		873.996		5.450		16.490		14.878485		35.720
6.594		2.9789		0.0000		873.992		5.453		16.485		14.894321		35.760
6.592		2.9820		0.0000		873.989		5.456		16.480		14.910156		35.800
6.590		2.9853		0.0000		873.986		5.460		16.475		14.926680		35.840
6.588		2.9891		0.0000		873.982		5.463		16.470		14.945269		35.880
6.590		2.9929		0.0000		873.978		5.467		16.475		14.964547		35.920
6.594		2.9964		0.0000		873.975		5.471		16.485		14.981758		35.960
6.600		2.9997		0.0000		873.972		5.474		16.500		14.998283		36.000
6.602		3.0027		0.0000		873.969		5.477		16.505		15.013430		36.040
6.598		3.0059		0.0000		873.965		5.480		16.495		15.029266		36.080
6.594		3.0090		0.0000		873.962		5.483		16.485		15.045101		36.120
6.592		3.0122		0.0000		873.959		5.487		16.480		15.060938		36.160
6.590		3.0154		0.0000		873.956		5.490		16.475		15.076773		36.200
6.586		3.0187		0.0000		873.953		5.493		16.465		15.093296		36.240
6.584		3.0222		0.0000		873.949		5.497		16.460		15.111198		36.280
6.586		3.0261		0.0000		873.945		5.500		16.465		15.130477		36.320
6.590		3.0298		0.0000		873.941		5.504		16.475		15.149067		36.360
6.596		3.0328		0.0000		873.938		5.507		16.490		15.164213		36.400
6.598		3.0360		0.0000		873.935		5.510		16.495		15.180049		36.440
6.596		3.0393		0.0000		873.932		5.514		16.490		15.196571		36.480
6.592		3.0425		0.0000		873.929		5.517		16.480		15.212407		36.520
6.588		3.0456		0.0000		873.926		5.520		16.470		15.228243		36.560
6.584		3.0488		0.0000		873.922		5.523		16.460		15.244079		36.600
6.580		3.0521		0.0000		873.919		5.526		16.450		15.260603		36.640
6.578		3.0554		0.0000		873.916		5.530		16.445		15.277126		36.680
6.574		3.0591		0.0000		873.912		5.533		16.435		15.295715		36.720
6.576		3.0631		0.0000		873.908		5.537		16.440		15.315683		36.760
6.582		3.0663		0.0000		873.905		5.541		16.455		15.331518		36.800
6.584		3.0695		0.0000		873.902		5.544		16.460		15.347355		36.840
6.582		3.0726		0.0000		873.899		5.547		16.455		15.363188		36.880
6.578		3.0758		0.0000		873.895		5.550		16.445		15.379024		36.920
6.574		3.0790		0.0000		873.892		5.553		16.435		15.394859		36.960
6.570		3.0823		0.0000		873.889		5.557		16.425		15.411385		37.000
6.566		3.0854		0.0000		873.886		5.560		16.415		15.427219		37.040
6.562		3.0887		0.0000		873.882		5.563		16.405		15.443743		37.080
6.560		3.0925		0.0000		873.879		5.567		16.400		15.462332		37.120
6.560		3.0963		0.0000		873.875		5.571		16.400		15.481610		37.160
6.566		3.0998		0.0000		873.871		5.574		16.415		15.498824		37.200
6.570		3.1028		0.0000		873.868		5.577		16.425		15.513971		37.240
6.570		3.1061		0.0000		873.865		5.580		16.425		15.530493		37.280
6.566		3.1093		0.0000		873.862		5.584		16.415		15.546329		37.320
6.562		3.1124		0.0000		873.859		5.587		16.405		15.562164		37.360
6.560		3.1156		0.0000		873.856		5.590		16.400		15.578001		37.400
6.556		3.1188		0.0000		873.852		5.593		16.390		15.593836		37.440
6.554		3.1221		0.0000		873.849		5.596		16.385		15.610361		37.480
6.550		3.1257		0.0000		873.846		5.600		16.375		15.628262		37.520
6.550		3.1295		0.0000		873.842		5.604		16.375		15.647540		37.560
6.554		3.1332		0.0000		873.838		5.608		16.385		15.666130		37.600
6.558		3.1363		0.0000		873.835		5.611		16.395		15.681276		37.640
6.560		3.1394		0.0000		873.832		5.614		16.400		15.697112		37.680
6.556		3.1427		0.0000		873.828		5.617		16.390		15.713634		37.720
6.552		3.1459		0.0000		873.825		5.620		16.380		15.729470		37.760
6.548		3.1491		0.0000		873.822		5.623		16.370		15.745306		37.800
6.544		3.1522		0.0000		873.819		5.627		16.360		15.761142		37.840
6.542		3.1554		0.0000		873.816		5.630		16.355		15.776978		37.880
6.538		3.1588		0.0000		873.812		5.633		16.345		15.794189		37.920
6.536		3.1627		0.0000		873.809		5.637		16.340		15.813467		37.960
6.540		3.1665		0.0000		873.805		5.641		16.350		15.832747		38.000
6.544		3.1697		0.0000		873.802		5.644		16.360		15.848581		38.040
6.548		3.1729		0.0000		873.798		5.647		16.370		15.864418		38.080
6.546		3.1761		0.0000		873.795		5.650		16.365		15.880253		38.120
6.540		3.1792		0.0000		873.792		5.654		16.350		15.896087		38.160
6.538		3.1825		0.0000		873.789		5.657		16.345		15.912611		38.200
6.534		3.1857		0.0000		873.786		5.660		16.335		15.928448		38.240
6.532		3.1889		0.0000		873.782		5.663		16.330		15.944283		38.280
6.528		3.1922		0.0000		873.779		5.666		16.320		15.960808		38.320
6.526		3.1959		0.0000		873.775		5.670		16.315		15.979397		38.360
6.526		3.1997		0.0000		873.771		5.674		16.315		15.998673		38.400
6.530		3.2030		0.0000		873.768		5.677		16.325		16.015198		38.440
6.534		3.2063		0.0000		873.765		5.681		16.335		16.031723		38.480
6.532		3.2095		0.0000		873.762		5.684		16.330		16.047558		38.521
6.528		3.2127		0.0000		873.759		5.687		16.320		16.063393		38.561
6.524		3.2158		0.0000		873.755		5.690		16.310		16.079227		38.601
6.520		3.2190		0.0000		873.752		5.693		16.300		16.095064		38.641
6.516		3.2222		0.0000		873.749		5.697		16.290		16.110899		38.681
6.512		3.2253		0.0000		873.746		5.700		16.280		16.126736		38.721
6.508		3.2291		0.0000		873.742		5.703		16.270		16.145325		38.761
6.506		3.2329		0.0000		873.738		5.707		16.265		16.164604		38.801
6.510		3.2366		0.0000		873.735		5.711		16.275		16.183193		38.841
6.516		3.2398		0.0000		873.731		5.714		16.290		16.199028		38.881
6.516		3.2428		0.0000		873.728		5.717		16.290		16.214176		38.921
6.512		3.2460		0.0000		873.725		5.720		16.280		16.230011		38.961
6.508		3.2493		0.0000		873.722		5.724		16.270		16.246532		39.001
6.504		3.2525		0.0000		873.719		5.727		16.260		16.262369		39.041
6.502		3.2556		0.0000		873.716		5.730		16.255		16.278206		39.081
6.498		3.2589		0.0000		873.712		5.733		16.245		16.294729		39.121
6.494		3.2624		0.0000		873.709		5.737		16.235		16.311941		39.161
6.492		3.2661		0.0000		873.705		5.740		16.230		16.330530		39.201
6.494		3.2698		0.0000		873.701		5.744		16.235		16.349121		39.241
6.498		3.2731		0.0000		873.698		5.747		16.245		16.365644		39.281
6.500		3.2763		0.0000		873.695		5.751		16.250		16.381481		39.321
6.496		3.2795		0.0000		873.692		5.754		16.240		16.397316		39.361
6.492		3.2828		0.0000		873.688		5.757		16.230		16.413839		39.401
6.488		3.2858		0.0000		873.685		5.760		16.220		16.428986		39.441
6.484		3.2890		0.0000		873.682		5.763		16.210		16.444820		39.481
6.480		3.2921		0.0000		873.679		5.766		16.200		16.460657		39.521
6.476		3.2956		0.0000		873.676		5.770		16.190		16.477871		39.561
6.472		3.2993		0.0000		873.672		5.774		16.180		16.496460		39.601
6.474		3.3033		0.0000		873.668		5.778		16.185		16.516426		39.641
6.478		3.3066		0.0000		873.665		5.781		16.195		16.532951		39.681
6.482		3.3096		0.0000		873.662		5.784		16.205		16.548098		39.721
6.480		3.3129		0.0000		873.658		5.787		16.200		16.564621		39.761
6.474		3.3161		0.0000		873.655		5.790		16.185		16.580458		39.801
6.470		3.3194		0.0000		873.652		5.794		16.175		16.596981		39.841
6.466		3.3224		0.0000		873.649		5.797		16.165		16.612127		39.881
6.462		3.3257		0.0000		873.646		5.800		16.155		16.628651		39.921
6.456		3.3289		0.0000		873.642		5.803		16.140		16.644487		39.961
6.452		3.3325		0.0000		873.639		5.807		16.130		16.662388		40.001
6.450		3.3365		0.0000		873.635		5.811		16.125		16.682356		40.041
6.452		3.3399		0.0000		873.631		5.814		16.130		16.699566		40.081
6.456		3.3431		0.0000		873.628		5.817		16.140		16.715403		40.121
6.456		3.3464		0.0000		873.625		5.821		16.140		16.731928		40.161
6.450		3.3494		0.0000		873.622		5.824		16.125		16.747074		40.201
6.444		3.3527		0.0000		873.619		5.827		16.110		16.763599		40.241
6.440		3.3559		0.0000		873.615		5.830		16.100		16.779432		40.281
6.434		3.3591		0.0000		873.612		5.833		16.085		16.795269		40.321
6.428		3.3622		0.0000		873.609		5.837		16.070		16.811104		40.361
6.424		3.3657		0.0000		873.606		5.840		16.060		16.828318		40.401
6.420		3.3695		0.0000		873.602		5.844		16.050		16.847593		40.441
6.420		3.3734		0.0000		873.598		5.848		16.050		16.866873		40.481
6.422		3.3765		0.0000		873.595		5.851		16.055		16.882708		40.521
6.422		3.3797		0.0000		873.591		5.854		16.055		16.898544		40.561
6.418		3.3829		0.0000		873.588		5.857		16.045		16.914379		40.601
6.412		3.3860		0.0000		873.585		5.860		16.030		16.930216		40.641
6.406		3.3893		0.0000		873.582		5.864		16.015		16.946737		40.681
6.402		3.3924		0.0000		873.579		5.867		16.005		16.961887		40.721
6.396		3.3957		0.0000		873.576		5.870		15.990		16.978409		40.761
6.392		3.3990		0.0000		873.572		5.873		15.980		16.994934		40.801
6.386		3.4028		0.0000		873.568		5.877		15.965		17.014214		40.841
6.386		3.4067		0.0000		873.565		5.881		15.965		17.033489		40.881
6.388		3.4099		0.0000		873.561		5.884		15.970		17.049324		40.921
6.390		3.4130		0.0000		873.558		5.887		15.975		17.065161		40.961
6.388		3.4162		0.0000		873.555		5.891		15.970		17.080996		41.001
6.382		3.4195		0.0000		873.552		5.894		15.955		17.097521		41.041
6.376		3.4227		0.0000		873.549		5.897		15.940		17.113358		41.081
6.370		3.4258		0.0000		873.545		5.900		15.925		17.129192		41.121
6.366		3.4291		0.0000		873.542		5.903		15.915		17.145714		41.161
6.360		3.4322		0.0000		873.539		5.907		15.900		17.160862		41.201
6.356		3.4359		0.0000		873.535		5.910		15.890		17.179451		41.241
6.354		3.4397		0.0000		873.531		5.914		15.885		17.198730		41.281
6.356		3.4433		0.0000		873.528		5.918		15.890		17.216629		41.321
6.358		3.4465		0.0000		873.525		5.921		15.895		17.232466		41.361
6.358		3.4497		0.0000		873.522		5.924		15.895		17.248302		41.401
6.352		3.4530		0.0000		873.518		5.927		15.880		17.264826		41.441
6.346		3.4561		0.0000		873.515		5.930		15.865		17.280663		41.481
6.340		3.4593		0.0000		873.512		5.934		15.850		17.296497		41.521
6.334		3.4625		0.0000		873.509		5.937		15.835		17.312332		41.561
6.330		3.4656		0.0000		873.506		5.940		15.825		17.328167		41.601
6.324		3.4692		0.0000		873.502		5.944		15.810		17.346069		41.641
6.320		3.4731		0.0000		873.498		5.947		15.800		17.365345		41.681
6.322		3.4768		0.0000		873.494		5.951		15.805		17.383936		41.721
6.324		3.4800		0.0000		873.491		5.954		15.810		17.399771		41.761
6.326		3.4831		0.0000		873.488		5.957		15.815		17.415607		41.801
6.320		3.4863		0.0000		873.485		5.961		15.800		17.431442		41.841
6.314		3.4896		0.0000		873.482		5.964		15.785		17.447968		41.881
6.308		3.4926		0.0000		873.479		5.967		15.770		17.463114		41.921
6.304		3.4958		0.0000		873.475		5.970		15.760		17.478951		41.961
6.298		3.4990		0.0000		873.472		5.973		15.745		17.494785		42.001
6.292		3.5024		0.0000		873.469		5.977		15.730		17.511997		42.041
6.288		3.5063		0.0000		873.465		5.981		15.720		17.531277		42.081
6.286		3.5101		0.0000		873.461		5.984		15.715		17.550554		42.121
6.290		3.5134		0.0000		873.458		5.988		15.725		17.567078		42.161
6.292		3.5164		0.0000		873.455		5.991		15.730		17.582224		42.201
6.288		3.5197		0.0000		873.451		5.994		15.720		17.598747		42.241
