数据量:1000
试验力		变形		扩展变形		位置		位移		应力		应变		时间
0.010		0.0019		0.0000		876.923		2.603		0.025		0.009639		0.040
0.010		0.0051		0.0000		876.920		2.606		0.025		0.025475		0.080
0.012		0.0084		0.0000		876.916		2.610		0.030		0.041999		0.120
0.014		0.0116		0.0000		876.913		2.613		0.035		0.057834		0.160
0.014		0.0151		0.0000		876.910		2.616		0.035		0.075736		0.200
0.016		0.0189		0.0000		876.906		2.620		0.040		0.094326		0.240
0.018		0.0224		0.0000		876.902		2.624		0.045		0.112226		0.280
0.022		0.0256		0.0000		876.899		2.627		0.055		0.128062		0.320
0.024		0.0288		0.0000		876.896		2.630		0.060		0.143898		0.360
0.026		0.0321		0.0000		876.893		2.633		0.065		0.160421		0.400
0.030		0.0353		0.0000		876.890		2.636		0.075		0.176257		0.440
0.032		0.0386		0.0000		876.886		2.640		0.080		0.192780		0.480
0.036		0.0417		0.0000		876.883		2.643		0.090		0.208616		0.520
0.040		0.0450		0.0000		876.880		2.646		0.100		0.225140		0.560
0.044		0.0483		0.0000		876.877		2.649		0.110		0.241665		0.600
0.048		0.0521		0.0000		876.873		2.653		0.120		0.260254		0.640
0.054		0.0556		0.0000		876.869		2.657		0.135		0.278155		0.680
0.060		0.0589		0.0000		876.866		2.660		0.150		0.294678		0.720
0.066		0.0622		0.0000		876.863		2.663		0.165		0.311203		0.760
0.072		0.0654		0.0000		876.859		2.667		0.180		0.327038		0.800
0.078		0.0687		0.0000		876.856		2.670		0.195		0.343562		0.840
0.086		0.0720		0.0000		876.853		2.673		0.215		0.360086		0.880
0.092		0.0752		0.0000		876.850		2.676		0.230		0.375922		0.920
0.100		0.0784		0.0000		876.846		2.680		0.250		0.391757		0.960
0.108		0.0817		0.0000		876.843		2.683		0.270		0.408281		1.000
0.114		0.0852		0.0000		876.840		2.686		0.285		0.426182		1.040
0.124		0.0890		0.0000		876.836		2.690		0.310		0.444771		1.080
0.132		0.0924		0.0000		876.832		2.694		0.330		0.461984		1.120
0.142		0.0956		0.0000		876.829		2.697		0.355		0.477819		1.160
0.152		0.0989		0.0000		876.826		2.700		0.380		0.494343		1.200
0.160		0.1020		0.0000		876.823		2.703		0.400		0.510179		1.240
0.170		0.1053		0.0000		876.820		2.706		0.425		0.526704		1.280
0.180		0.1085		0.0000		876.816		2.710		0.450		0.542538		1.320
0.190		0.1118		0.0000		876.813		2.713		0.475		0.559063		1.360
0.200		0.1150		0.0000		876.810		2.716		0.500		0.574898		1.400
0.212		0.1186		0.0000		876.806		2.720		0.530		0.592799		1.440
0.222		0.1223		0.0000		876.803		2.723		0.555		0.611389		1.480
0.234		0.1257		0.0000		876.799		2.727		0.585		0.628601		1.520
0.248		0.1290		0.0000		876.796		2.730		0.620		0.645125		1.560
0.260		0.1322		0.0000		876.793		2.733		0.650		0.660961		1.600
0.272		0.1354		0.0000		876.789		2.737		0.680		0.676796		1.640
0.284		0.1387		0.0000		876.786		2.740		0.710		0.693320		1.680
0.296		0.1420		0.0000		876.783		2.743		0.740		0.709844		1.720
0.308		0.1451		0.0000		876.780		2.746		0.770		0.725679		1.760
0.320		0.1483		0.0000		876.777		2.749		0.800		0.741515		1.800
0.330		0.1519		0.0000		876.773		2.753		0.825		0.759416		1.840
0.342		0.1555		0.0000		876.769		2.757		0.855		0.777317		1.880
0.354		0.1592		0.0000		876.766		2.760		0.885		0.795907		1.920
0.370		0.1623		0.0000		876.763		2.764		0.925		0.811743		1.960
0.386		0.1657		0.0000		876.759		2.767		0.965		0.828266		2.000
0.404		0.1688		0.0000		876.756		2.770		1.010		0.844102		2.040
0.420		0.1721		0.0000		876.753		2.773		1.050		0.860626		2.080
0.436		0.1753		0.0000		876.750		2.776		1.090		0.876461		2.120
0.452		0.1786		0.0000		876.746		2.780		1.130		0.892985		2.160
0.468		0.1818		0.0000		876.743		2.783		1.170		0.908821		2.200
0.484		0.1851		0.0000		876.740		2.786		1.210		0.925344		2.240
0.502		0.1888		0.0000		876.736		2.790		1.255		0.943934		2.280
0.520		0.1924		0.0000		876.732		2.794		1.300		0.961835		2.320
0.538		0.1958		0.0000		876.729		2.797		1.345		0.979048		2.360
0.558		0.1991		0.0000		876.726		2.800		1.395		0.995572		2.400
0.576		0.2023		0.0000		876.723		2.803		1.440		1.011407		2.440
0.594		0.2054		0.0000		876.719		2.807		1.485		1.027243		2.480
0.610		0.2088		0.0000		876.716		2.810		1.525		1.043767		2.520
0.626		0.2119		0.0000		876.713		2.813		1.565		1.059602		2.560
0.642		0.2152		0.0000		876.710		2.816		1.605		1.076126		2.600
0.658		0.2184		0.0000		876.706		2.820		1.645		1.091962		2.640
0.672		0.2220		0.0000		876.703		2.823		1.680		1.109862		2.680
0.690		0.2257		0.0000		876.699		2.827		1.725		1.128452		2.720
0.708		0.2293		0.0000		876.696		2.830		1.770		1.146353		2.760
0.728		0.2324		0.0000		876.692		2.834		1.820		1.162188		2.800
0.746		0.2356		0.0000		876.689		2.837		1.865		1.178024		2.840
0.764		0.2389		0.0000		876.686		2.840		1.910		1.194549		2.880
0.782		0.2421		0.0000		876.683		2.843		1.955		1.210383		2.920
0.800		0.2454		0.0000		876.679		2.847		2.000		1.226908		2.960
0.818		0.2485		0.0000		876.676		2.850		2.045		1.242743		3.000
0.836		0.2519		0.0000		876.673		2.853		2.090		1.259267		3.040
0.854		0.2553		0.0000		876.670		2.856		2.135		1.276480		3.080
0.874		0.2589		0.0000		876.666		2.860		2.185		1.294380		3.120
0.894		0.2625		0.0000		876.662		2.864		2.235		1.312282		3.160
0.916		0.2658		0.0000		876.659		2.867		2.290		1.328806		3.200
0.938		0.2691		0.0000		876.656		2.870		2.345		1.345329		3.240
0.958		0.2722		0.0000		876.653		2.873		2.395		1.361165		3.280
0.976		0.2755		0.0000		876.649		2.877		2.440		1.377689		3.320
0.998		0.2787		0.0000		876.646		2.880		2.495		1.393524		3.360
1.018		0.2819		0.0000		876.643		2.883		2.545		1.409360		3.400
1.038		0.2852		0.0000		876.640		2.886		2.595		1.425884		3.440
1.060		0.2885		0.0000		876.636		2.890		2.650		1.442409		3.480
1.080		0.2921		0.0000		876.633		2.893		2.700		1.460309		3.520
1.104		0.2958		0.0000		876.629		2.897		2.760		1.478899		3.560
1.130		0.2992		0.0000		876.626		2.900		2.825		1.496111		3.600
1.156		0.3024		0.0000		876.622		2.904		2.890		1.511947		3.640
1.180		0.3057		0.0000		876.619		2.907		2.950		1.528471		3.680
1.202		0.3089		0.0000		876.616		2.910		3.005		1.544306		3.720
1.226		0.3122		0.0000		876.613		2.913		3.065		1.560830		3.760
1.250		0.3153		0.0000		876.609		2.916		3.125		1.576666		3.800
1.274		0.3185		0.0000		876.606		2.920		3.185		1.592501		3.840
1.300		0.3218		0.0000		876.603		2.923		3.250		1.609025		3.880
1.324		0.3254		0.0000		876.599		2.927		3.310		1.626927		3.920
1.350		0.3290		0.0000		876.596		2.930		3.375		1.644827		3.960
1.378		0.3325		0.0000		876.592		2.934		3.445		1.662728		4.000
1.408		0.3359		0.0000		876.589		2.937		3.520		1.679252		4.040
1.436		0.3390		0.0000		876.586		2.940		3.590		1.695088		4.080
1.464		0.3423		0.0000		876.583		2.943		3.660		1.711612		4.120
1.490		0.3455		0.0000		876.579		2.947		3.725		1.727448		4.160
1.516		0.3488		0.0000		876.576		2.950		3.790		1.743971		4.200
1.542		0.3520		0.0000		876.573		2.953		3.855		1.759807		4.240
1.570		0.3551		0.0000		876.570		2.956		3.925		1.775643		4.280
1.596		0.3586		0.0000		876.566		2.960		3.990		1.792854		4.320
1.622		0.3623		0.0000		876.563		2.963		4.055		1.811444		4.360
1.652		0.3660		0.0000		876.559		2.967		4.130		1.830033		4.400
1.684		0.3693		0.0000		876.556		2.970		4.210		1.846558		4.440
1.716		0.3725		0.0000		876.552		2.974		4.290		1.862394		4.480
1.744		0.3756		0.0000		876.549		2.977		4.360		1.878228		4.520
1.770		0.3790		0.0000		876.546		2.980		4.425		1.894753		4.560
1.798		0.3821		0.0000		876.543		2.983		4.495		1.910588		4.600
1.826		0.3853		0.0000		876.540		2.986		4.565		1.926423		4.640
1.854		0.3886		0.0000		876.536		2.990		4.635		1.942948		4.680
1.880		0.3919		0.0000		876.533		2.993		4.700		1.959472		4.720
1.908		0.3955		0.0000		876.529		2.997		4.770		1.977372		4.760
1.938		0.3993		0.0000		876.526		3.000		4.845		1.996651		4.800
1.970		0.4026		0.0000		876.522		3.004		4.925		2.013174		4.840
2.004		0.4058		0.0000		876.519		3.007		5.010		2.029010		4.880
2.034		0.4091		0.0000		876.516		3.010		5.085		2.045534		4.920
2.062		0.4123		0.0000		876.513		3.013		5.155		2.061369		4.960
2.090		0.4156		0.0000		876.509		3.017		5.225		2.077893		5.000
2.118		0.4187		0.0000		876.506		3.020		5.295		2.093729		5.040
2.148		0.4219		0.0000		876.503		3.023		5.370		2.109565		5.080
2.176		0.4251		0.0000		876.500		3.026		5.440		2.125400		5.120
2.204		0.4288		0.0000		876.496		3.030		5.510		2.143990		5.160
2.236		0.4325		0.0000		876.492		3.034		5.590		2.162579		5.200
2.268		0.4361		0.0000		876.489		3.037		5.670		2.180480		5.240
2.302		0.4393		0.0000		876.486		3.040		5.755		2.196316		5.280
2.334		0.4424		0.0000		876.482		3.044		5.835		2.212151		5.320
2.362		0.4456		0.0000		876.479		3.047		5.905		2.227987		5.360
2.390		0.4489		0.0000		876.476		3.050		5.975		2.244511		5.400
2.420		0.4521		0.0000		876.473		3.053		6.050		2.260346		5.440
2.448		0.4554		0.0000		876.469		3.057		6.120		2.276870		5.480
2.476		0.4585		0.0000		876.466		3.060		6.190		2.292706		5.520
2.504		0.4620		0.0000		876.463		3.063		6.260		2.309918		5.560
2.534		0.4657		0.0000		876.459		3.067		6.335		2.328508		5.600
2.566		0.4694		0.0000		876.455		3.071		6.415		2.347097		5.640
2.600		0.4727		0.0000		876.452		3.074		6.500		2.363621		5.680
2.634		0.4759		0.0000		876.449		3.077		6.585		2.379457		5.720
2.664		0.4791		0.0000		876.446		3.080		6.660		2.395293		5.760
2.692		0.4824		0.0000		876.443		3.084		6.730		2.411816		5.800
2.722		0.4855		0.0000		876.439		3.087		6.805		2.427652		5.840
2.750		0.4887		0.0000		876.436		3.090		6.875		2.443488		5.880
2.780		0.4919		0.0000		876.433		3.093		6.950		2.459322		5.920
2.808		0.4953		0.0000		876.430		3.096		7.020		2.476535		5.960
2.838		0.4990		0.0000		876.426		3.100		7.095		2.495124		6.000
2.868		0.5027		0.0000		876.422		3.104		7.170		2.513714		6.040
2.902		0.5060		0.0000		876.419		3.107		7.255		2.530239		6.080
2.936		0.5094		0.0000		876.415		3.111		7.340		2.546762		6.120
2.968		0.5124		0.0000		876.412		3.114		7.420		2.561909		6.160
2.994		0.5157		0.0000		876.409		3.117		7.485		2.578433		6.200
3.022		0.5190		0.0000		876.406		3.120		7.555		2.594957		6.240
3.052		0.5222		0.0000		876.403		3.123		7.630		2.610793		6.280
3.080		0.5253		0.0000		876.400		3.126		7.700		2.626628		6.320
3.108		0.5286		0.0000		876.396		3.130		7.770		2.643152		6.360
3.138		0.5322		0.0000		876.393		3.133		7.845		2.661053		6.400
3.168		0.5359		0.0000		876.389		3.137		7.920		2.679642		6.440
3.200		0.5395		0.0000		876.385		3.141		8.000		2.697544		6.480
3.234		0.5427		0.0000		876.382		3.144		8.085		2.713379		6.520
3.264		0.5458		0.0000		876.379		3.147		8.160		2.729214		6.560
3.290		0.5491		0.0000		876.376		3.150		8.225		2.745738		6.600
3.318		0.5523		0.0000		876.373		3.153		8.295		2.761574		6.640
3.346		0.5555		0.0000		876.369		3.157		8.365		2.777410		6.680
3.374		0.5586		0.0000		876.366		3.160		8.435		2.793245		6.720
3.400		0.5620		0.0000		876.363		3.163		8.500		2.809769		6.760
3.428		0.5654		0.0000		876.359		3.167		8.570		2.826982		6.800
3.456		0.5691		0.0000		876.356		3.170		8.640		2.845571		6.840
3.488		0.5728		0.0000		876.352		3.174		8.720		2.864161		6.880
3.522		0.5761		0.0000		876.349		3.177		8.805		2.880684		6.920
3.554		0.5793		0.0000		876.346		3.180		8.885		2.896520		6.960
3.580		0.5825		0.0000		876.342		3.184		8.950		2.912356		7.000
3.606		0.5858		0.0000		876.339		3.187		9.015		2.928879		7.040
3.634		0.5889		0.0000		876.336		3.190		9.085		2.944715		7.080
3.660		0.5921		0.0000		876.333		3.193		9.150		2.960551		7.120
3.688		0.5954		0.0000		876.329		3.197		9.220		2.977074		7.160
3.714		0.5987		0.0000		876.326		3.200		9.285		2.993599		7.200
3.742		0.6023		0.0000		876.323		3.203		9.355		3.011500		7.240
3.772		0.6062		0.0000		876.319		3.207		9.430		3.030778		7.280
3.804		0.6095		0.0000		876.315		3.211		9.510		3.047302		7.320
3.834		0.6128		0.0000		876.312		3.214		9.585		3.063825		7.360
3.862		0.6158		0.0000		876.309		3.217		9.655		3.078972		7.400
3.888		0.6191		0.0000		876.306		3.220		9.720		3.095497		7.440
3.914		0.6223		0.0000		876.303		3.223		9.785		3.111333		7.480
3.940		0.6254		0.0000		876.299		3.227		9.850		3.127167		7.520
3.964		0.6287		0.0000		876.296		3.230		9.910		3.143692		7.560
3.990		0.6319		0.0000		876.293		3.233		9.975		3.159527		7.600
4.016		0.6356		0.0000		876.289		3.237		10.040		3.178116		7.640
4.042		0.6393		0.0000		876.286		3.240		10.105		3.196706		7.680
4.072		0.6429		0.0000		876.282		3.244		10.180		3.214607		7.720
4.104		0.6461		0.0000		876.279		3.247		10.260		3.230443		7.760
4.132		0.6491		0.0000		876.276		3.250		10.330		3.245590		7.800
4.154		0.6524		0.0000		876.272		3.254		10.385		3.262113		7.840
4.178		0.6557		0.0000		876.269		3.257		10.445		3.278638		7.880
4.202		0.6589		0.0000		876.266		3.260		10.505		3.294473		7.920
4.226		0.6621		0.0000		876.263		3.263		10.565		3.310308		7.960
4.250		0.6654		0.0000		876.259		3.267		10.625		3.326832		8.000
4.272		0.6688		0.0000		876.256		3.270		10.680		3.344045		8.040
4.296		0.6725		0.0000		876.252		3.274		10.740		3.362634		8.080
4.322		0.6762		0.0000		876.249		3.277		10.805		3.381224		8.120
4.352		0.6794		0.0000		876.245		3.281		10.880		3.397059		8.160
4.378		0.6827		0.0000		876.242		3.284		10.945		3.413583		8.200
4.402		0.6859		0.0000		876.239		3.287		11.005		3.429419		8.240
4.424		0.6892		0.0000		876.236		3.290		11.060		3.445944		8.280
4.446		0.6924		0.0000		876.232		3.294		11.115		3.461778		8.320
4.468		0.6955		0.0000		876.229		3.297		11.170		3.477614		8.360
4.488		0.6987		0.0000		876.226		3.300		11.220		3.493450		8.400
4.508		0.7020		0.0000		876.223		3.303		11.270		3.509973		8.440
4.530		0.7059		0.0000		876.219		3.307		11.325		3.529252		8.480
4.554		0.7096		0.0000		876.215		3.311		11.385		3.547841		8.520
4.580		0.7129		0.0000		876.212		3.314		11.450		3.564365		8.560
4.606		0.7160		0.0000		876.209		3.317		11.515		3.580201		8.600
4.626		0.7192		0.0000		876.206		3.320		11.565		3.596036		8.640
4.644		0.7225		0.0000		876.202		3.324		11.610		3.612560		8.680
4.662		0.7257		0.0000		876.199		3.327		11.655		3.628396		8.720
4.682		0.7288		0.0000		876.196		3.330		11.705		3.644232		8.760
4.700		0.7320		0.0000		876.193		3.333		11.750		3.660066		8.800
4.716		0.7353		0.0000		876.190		3.336		11.790		3.676591		8.840
4.734		0.7390		0.0000		876.186		3.340		11.835		3.695180		8.880
4.754		0.7428		0.0000		876.182		3.344		11.885		3.713770		8.920
4.778		0.7463		0.0000		876.179		3.347		11.945		3.731670		8.960
4.802		0.7495		0.0000		876.175		3.351		12.005		3.747506		9.000
4.822		0.7527		0.0000		876.172		3.354		12.055		3.763342		9.040
4.838		0.7558		0.0000		876.169		3.357		12.095		3.779178		9.080
4.854		0.7591		0.0000		876.166		3.360		12.135		3.795701		9.120
4.870		0.7623		0.0000		876.163		3.363		12.175		3.811537		9.160
4.886		0.7655		0.0000		876.159		3.367		12.215		3.827372		9.200
4.902		0.7686		0.0000		876.156		3.370		12.255		3.843207		9.240
4.916		0.7722		0.0000		876.153		3.373		12.290		3.861109		9.280
4.934		0.7759		0.0000		876.149		3.377		12.335		3.879699		9.320
4.952		0.7797		0.0000		876.145		3.381		12.380		3.898288		9.360
4.974		0.7830		0.0000		876.142		3.384		12.435		3.914812		9.400
4.994		0.7860		0.0000		876.139		3.387		12.485		3.929958		9.440
5.008		0.7893		0.0000		876.136		3.390		12.520		3.946483		9.480
5.020		0.7925		0.0000		876.132		3.394		12.550		3.962318		9.520
5.034		0.7958		0.0000		876.129		3.397		12.585		3.978842		9.560
5.048		0.7989		0.0000		876.126		3.400		12.620		3.994677		9.600
5.060		0.8021		0.0000		876.123		3.403		12.650		4.010513		9.640
5.074		0.8055		0.0000		876.119		3.407		12.685		4.027725		9.680
5.086		0.8093		0.0000		876.116		3.410		12.715		4.046315		9.720
5.102		0.8130		0.0000		876.112		3.414		12.755		4.064904		9.760
5.120		0.8163		0.0000		876.109		3.417		12.800		4.081428		9.800
5.138		0.8195		0.0000		876.105		3.421		12.845		4.097264		9.840
5.150		0.8226		0.0000		876.102		3.424		12.875		4.113100		9.880
5.160		0.8259		0.0000		876.099		3.427		12.900		4.129623		9.920
5.170		0.8291		0.0000		876.096		3.430		12.925		4.145459		9.960
5.182		0.8323		0.0000		876.093		3.433		12.955		4.161295		10.000
5.192		0.8356		0.0000		876.089		3.437		12.980		4.177818		10.040
5.200		0.8387		0.0000		876.086		3.440		13.000		4.193654		10.080
5.212		0.8424		0.0000		876.082		3.444		13.030		4.212244		10.120
5.224		0.8463		0.0000		876.079		3.447		13.060		4.231522		10.160
5.240		0.8497		0.0000		876.075		3.451		13.100		4.248734		10.200
5.256		0.8529		0.0000		876.072		3.454		13.140		4.264569		10.240
5.268		0.8561		0.0000		876.069		3.457		13.170		4.280405		10.280
5.276		0.8594		0.0000		876.065		3.461		13.190		4.296928		10.320
5.284		0.8626		0.0000		876.062		3.464		13.210		4.312764		10.360
5.292		0.8657		0.0000		876.059		3.467		13.230		4.328600		10.400
5.302		0.8689		0.0000		876.056		3.470		13.255		4.344436		10.440
5.310		0.8721		0.0000		876.053		3.473		13.275		4.360271		10.480
5.318		0.8758		0.0000		876.049		3.477		13.295		4.378861		10.520
5.328		0.8795		0.0000		876.045		3.481		13.320		4.397450		10.560
5.340		0.8831		0.0000		876.042		3.484		13.350		4.415351		10.600
5.356		0.8864		0.0000		876.038		3.488		13.390		4.431875		10.640
5.368		0.8895		0.0000		876.035		3.491		13.420		4.447711		10.680
5.374		0.8928		0.0000		876.032		3.494		13.435		4.464234		10.720
5.382		0.8959		0.0000		876.029		3.497		13.455		4.479382		10.760
5.388		0.8990		0.0000		876.026		3.500		13.470		4.495216		10.800
5.394		0.9022		0.0000		876.023		3.503		13.485		4.511052		10.840
5.400		0.9055		0.0000		876.019		3.507		13.500		4.527577		10.880
5.406		0.9088		0.0000		876.016		3.510		13.515		4.544101		10.920
5.414		0.9127		0.0000		876.012		3.514		13.535		4.563378		10.960
5.424		0.9165		0.0000		876.008		3.518		13.560		4.582657		11.000
5.438		0.9198		0.0000		876.005		3.521		13.595		4.599180		11.040
5.452		0.9229		0.0000		876.002		3.524		13.630		4.614328		11.080
5.458		0.9260		0.0000		875.999		3.527		13.645		4.630163		11.120
5.462		0.9293		0.0000		875.995		3.530		13.655		4.646688		11.160
5.468		0.9325		0.0000		875.992		3.534		13.670		4.662522		11.200
5.474		0.9357		0.0000		875.989		3.537		13.685		4.678358		11.240
5.480		0.9388		0.0000		875.986		3.540		13.700		4.694194		11.280
5.484		0.9423		0.0000		875.983		3.543		13.710		4.711406		11.320
5.490		0.9459		0.0000		875.979		3.547		13.725		4.729307		11.360
5.498		0.9497		0.0000		875.975		3.551		13.745		4.748585		11.400
5.508		0.9532		0.0000		875.972		3.554		13.770		4.765798		11.440
5.520		0.9563		0.0000		875.969		3.557		13.800		4.781633		11.480
5.528		0.9595		0.0000		875.965		3.561		13.820		4.797468		11.520
5.532		0.9628		0.0000		875.962		3.564		13.830		4.813993		11.560
5.536		0.9658		0.0000		875.959		3.567		13.840		4.829140		11.600
5.540		0.9691		0.0000		875.956		3.570		13.850		4.845663		11.640
5.544		0.9723		0.0000		875.953		3.573		13.860		4.861499		11.680
5.548		0.9755		0.0000		875.949		3.577		13.870		4.877335		11.720
5.554		0.9792		0.0000		875.946		3.580		13.885		4.895925		11.760
5.560		0.9829		0.0000		875.942		3.584		13.900		4.914514		11.800
5.570		0.9866		0.0000		875.938		3.588		13.925		4.933104		11.840
5.582		0.9897		0.0000		875.935		3.591		13.955		4.948250		11.880
5.590		0.9930		0.0000		875.932		3.594		13.975		4.964774		11.920
5.592		0.9963		0.0000		875.929		3.597		13.980		4.981298		11.960
5.596		0.9993		0.0000		875.926		3.600		13.990		4.996445		12.000
5.598		1.0025		0.0000		875.922		3.604		13.995		5.012281		12.040
5.602		1.0056		0.0000		875.919		3.607		14.005		5.028117		12.080
5.606		1.0089		0.0000		875.916		3.610		14.015		5.044641		12.120
5.608		1.0124		0.0000		875.912		3.614		14.020		5.061853		12.160
5.614		1.0162		0.0000		875.909		3.617		14.035		5.081130		12.200
5.620		1.0198		0.0000		875.905		3.621		14.050		5.099032		12.240
5.630		1.0231		0.0000		875.902		3.624		14.075		5.115556		12.280
5.640		1.0264		0.0000		875.898		3.628		14.100		5.132079		12.320
5.644		1.0294		0.0000		875.895		3.631		14.110		5.147227		12.360
5.646		1.0328		0.0000		875.892		3.634		14.115		5.163751		12.400
5.648		1.0359		0.0000		875.889		3.637		14.120		5.179586		12.440
5.650		1.0391		0.0000		875.886		3.640		14.125		5.195422		12.480
5.652		1.0424		0.0000		875.882		3.644		14.130		5.211946		12.520
5.656		1.0457		0.0000		875.879		3.647		14.140		5.228469		12.560
5.660		1.0493		0.0000		875.876		3.650		14.150		5.246371		12.600
5.666		1.0533		0.0000		875.872		3.654		14.165		5.266337		12.640
5.676		1.0567		0.0000		875.868		3.658		14.190		5.283550		12.680
5.686		1.0597		0.0000		875.865		3.661		14.215		5.298697		12.720
5.692		1.0629		0.0000		875.862		3.664		14.230		5.314532		12.760
5.692		1.0661		0.0000		875.859		3.667		14.230		5.330367		12.800
5.694		1.0694		0.0000		875.855		3.671		14.235		5.346892		12.840
5.696		1.0725		0.0000		875.852		3.674		14.240		5.362728		12.880
5.698		1.0757		0.0000		875.849		3.677		14.245		5.378562		12.920
5.700		1.0789		0.0000		875.846		3.680		14.250		5.394398		12.960
5.702		1.0825		0.0000		875.842		3.684		14.255		5.412300		13.000
5.706		1.0865		0.0000		875.838		3.688		14.265		5.432266		13.040
5.714		1.0900		0.0000		875.835		3.691		14.285		5.450167		13.080
5.724		1.0932		0.0000		875.832		3.694		14.310		5.466002		13.120
5.730		1.0962		0.0000		875.829		3.697		14.325		5.481149		13.160
5.732		1.0995		0.0000		875.825		3.701		14.330		5.497673		13.200
5.734		1.1028		0.0000		875.822		3.704		14.335		5.514197		13.240
5.736		1.1060		0.0000		875.819		3.707		14.340		5.530033		13.280
5.736		1.1092		0.0000		875.816		3.710		14.340		5.545868		13.320
5.738		1.1123		0.0000		875.812		3.713		14.345		5.561704		13.360
5.740		1.1156		0.0000		875.809		3.717		14.350		5.578227		13.400
5.742		1.1196		0.0000		875.805		3.721		14.355		5.598195		13.440
5.748		1.1234		0.0000		875.802		3.725		14.370		5.616784		13.480
5.758		1.1267		0.0000		875.798		3.728		14.395		5.633307		13.520
5.766		1.1297		0.0000		875.795		3.731		14.415		5.648455		13.560
5.768		1.1329		0.0000		875.792		3.734		14.420		5.664290		13.600
5.768		1.1362		0.0000		875.789		3.737		14.420		5.680814		13.640
5.770		1.1393		0.0000		875.786		3.740		14.425		5.696650		13.680
5.772		1.1425		0.0000		875.782		3.744		14.430		5.712485		13.720
5.774		1.1458		0.0000		875.779		3.747		14.435		5.729009		13.760
5.776		1.1491		0.0000		875.776		3.750		14.440		5.745534		13.800
5.778		1.1527		0.0000		875.772		3.754		14.445		5.763434		13.840
5.784		1.1567		0.0000		875.768		3.758		14.460		5.783401		13.880
5.792		1.1600		0.0000		875.765		3.761		14.480		5.799924		13.920
5.800		1.1632		0.0000		875.762		3.764		14.500		5.815760		13.960
5.804		1.1663		0.0000		875.759		3.767		14.510		5.831595		14.000
5.806		1.1695		0.0000		875.755		3.771		14.515		5.847431		14.040
5.806		1.1728		0.0000		875.752		3.774		14.515		5.863955		14.080
5.808		1.1760		0.0000		875.749		3.777		14.520		5.879791		14.120
5.810		1.1791		0.0000		875.746		3.780		14.525		5.895627		14.160
5.812		1.1823		0.0000		875.743		3.783		14.530		5.911461		14.200
5.814		1.1860		0.0000		875.739		3.787		14.535		5.930051		14.240
5.818		1.1899		0.0000		875.735		3.791		14.545		5.949329		14.280
5.826		1.1934		0.0000		875.731		3.795		14.565		5.967230		14.320
5.836		1.1966		0.0000		875.728		3.798		14.590		5.983066		14.360
5.840		1.1998		0.0000		875.725		3.801		14.600		5.998901		14.400
5.842		1.2029		0.0000		875.722		3.804		14.605		6.014737		14.440
5.842		1.2061		0.0000		875.719		3.807		14.605		6.030573		14.480
5.844		1.2094		0.0000		875.715		3.811		14.610		6.047096		14.520
5.844		1.2126		0.0000		875.712		3.814		14.610		6.062932		14.560
5.846		1.2158		0.0000		875.709		3.817		14.615		6.078767		14.600
5.848		1.2192		0.0000		875.706		3.820		14.620		6.095979		14.640
5.850		1.2231		0.0000		875.702		3.824		14.625		6.115258		14.680
5.856		1.2268		0.0000		875.698		3.828		14.640		6.133847		14.720
5.866		1.2301		0.0000		875.695		3.831		14.665		6.150371		14.760
5.876		1.2332		0.0000		875.692		3.834		14.690		6.166206		14.800
5.878		1.2364		0.0000		875.688		3.838		14.695		6.182042		14.840
5.878		1.2396		0.0000		875.685		3.841		14.695		6.197878		14.880
5.880		1.2427		0.0000		875.682		3.844		14.700		6.213713		14.920
5.882		1.2459		0.0000		875.679		3.847		14.705		6.229548		14.960
5.882		1.2491		0.0000		875.676		3.850		14.705		6.245384		15.000
5.884		1.2524		0.0000		875.672		3.854		14.710		6.261908		15.040
5.886		1.2562		0.0000		875.669		3.857		14.715		6.281186		15.080
5.890		1.2601		0.0000		875.665		3.861		14.725		6.300464		15.120
5.900		1.2635		0.0000		875.661		3.865		14.750		6.317677		15.160
5.908		1.2666		0.0000		875.658		3.868		14.770		6.332823		15.200
5.912		1.2697		0.0000		875.655		3.871		14.780		6.348659		15.240
5.912		1.2730		0.0000		875.652		3.874		14.780		6.365184		15.280
5.914		1.2762		0.0000		875.649		3.877		14.785		6.381018		15.320
5.914		1.2794		0.0000		875.646		3.881		14.785		6.396854		15.360
5.916		1.2825		0.0000		875.642		3.884		14.790		6.412690		15.400
5.916		1.2858		0.0000		875.639		3.887		14.790		6.429214		15.440
5.918		1.2894		0.0000		875.635		3.891		14.795		6.447115		15.480
5.920		1.2933		0.0000		875.632		3.894		14.800		6.466393		15.520
5.928		1.2969		0.0000		875.628		3.898		14.820		6.484294		15.560
5.936		1.3000		0.0000		875.625		3.901		14.840		6.500130		15.600
5.940		1.3032		0.0000		875.622		3.904		14.850		6.515965		15.640
5.940		1.3064		0.0000		875.618		3.908		14.850		6.531800		15.680
5.940		1.3095		0.0000		875.615		3.911		14.850		6.547636		15.720
5.940		1.3127		0.0000		875.612		3.914		14.850		6.563472		15.760
5.940		1.3159		0.0000		875.609		3.917		14.850		6.579306		15.800
5.940		1.3192		0.0000		875.606		3.920		14.850		6.595831		15.840
5.942		1.3226		0.0000		875.602		3.924		14.855		6.613044		15.880
5.944		1.3265		0.0000		875.598		3.928		14.860		6.632321		15.920
5.950		1.3303		0.0000		875.595		3.931		14.875		6.651599		15.960
5.960		1.3333		0.0000		875.591		3.935		14.900		6.666746		16.000
5.966		1.3365		0.0000		875.588		3.938		14.915		6.682582		16.040
5.966		1.3398		0.0000		875.585		3.941		14.915		6.699105		16.080
5.966		1.3430		0.0000		875.582		3.944		14.915		6.714941		16.120
5.968		1.3462		0.0000		875.579		3.947		14.920		6.730777		16.160
5.968		1.3493		0.0000		875.576		3.950		14.920		6.746612		16.200
5.968		1.3526		0.0000		875.572		3.954		14.920		6.763136		16.240
5.970		1.3559		0.0000		875.569		3.957		14.925		6.779660		16.280
5.970		1.3595		0.0000		875.565		3.961		14.925		6.797562		16.320
5.974		1.3635		0.0000		875.561		3.965		14.935		6.817528		16.360
5.984		1.3668		0.0000		875.558		3.968		14.960		6.834052		16.400
5.992		1.3700		0.0000		875.555		3.971		14.980		6.849887		16.440
5.994		1.3731		0.0000		875.552		3.974		14.985		6.865723		16.480
5.994		1.3764		0.0000		875.548		3.978		14.985		6.882247		16.520
5.994		1.3796		0.0000		875.545		3.981		14.985		6.898083		16.560
5.994		1.3828		0.0000		875.542		3.984		14.985		6.913917		16.600
5.994		1.3860		0.0000		875.539		3.987		14.985		6.929753		16.640
5.994		1.3891		0.0000		875.536		3.990		14.985		6.945589		16.680
5.994		1.3928		0.0000		875.532		3.994		14.985		6.964178		16.720
5.996		1.3967		0.0000		875.528		3.998		14.990		6.983457		16.760
6.004		1.4003		0.0000		875.525		4.001		15.010		7.001357		16.800
6.012		1.4033		0.0000		875.522		4.004		15.030		7.016504		16.840
6.016		1.4066		0.0000		875.518		4.008		15.040		7.033029		16.880
6.016		1.4098		0.0000		875.515		4.011		15.040		7.048864		16.920
6.016		1.4129		0.0000		875.512		4.014		15.040		7.064700		16.960
6.016		1.4161		0.0000		875.509		4.017		15.040		7.080534		17.000
6.016		1.4194		0.0000		875.505		4.021		15.040		7.097058		17.040
6.016		1.4226		0.0000		875.502		4.024		15.040		7.112894		17.080
6.016		1.4260		0.0000		875.499		4.027		15.040		7.130105		17.120
6.018		1.4299		0.0000		875.495		4.031		15.045		7.149384		17.160
6.024		1.4336		0.0000		875.491		4.035		15.060		7.167974		17.200
6.032		1.4368		0.0000		875.488		4.038		15.080		7.183809		17.240
6.038		1.4401		0.0000		875.485		4.041		15.095		7.200334		17.280
6.038		1.4432		0.0000		875.482		4.044		15.095		7.216170		17.320
6.038		1.4464		0.0000		875.478		4.048		15.095		7.232006		17.360
6.038		1.4496		0.0000		875.475		4.051		15.095		7.247839		17.400
6.038		1.4527		0.0000		875.472		4.054		15.095		7.263675		17.440
6.038		1.4559		0.0000		875.469		4.057		15.095		7.279510		17.480
6.038		1.4592		0.0000		875.466		4.060		15.095		7.296035		17.520
6.038		1.4631		0.0000		875.462		4.064		15.095		7.315314		17.560
6.044		1.4669		0.0000		875.458		4.068		15.110		7.334590		17.600
6.052		1.4702		0.0000		875.455		4.071		15.130		7.351115		17.640
6.060		1.4734		0.0000		875.451		4.075		15.150		7.366951		17.680
6.062		1.4766		0.0000		875.448		4.078		15.155		7.382786		17.720
6.062		1.4797		0.0000		875.445		4.081		15.155		7.398622		17.760
6.062		1.4830		0.0000		875.442		4.084		15.155		7.415144		17.800
6.062		1.4862		0.0000		875.439		4.087		15.155		7.430980		17.840
6.062		1.4894		0.0000		875.435		4.091		15.155		7.446816		17.880
6.062		1.4925		0.0000		875.432		4.094		15.155		7.462652		17.920
6.062		1.4962		0.0000		875.429		4.097		15.155		7.481241		17.960
6.066		1.5001		0.0000		875.425		4.101		15.165		7.500520		18.000
6.072		1.5037		0.0000		875.421		4.105		15.180		7.518420		18.040
6.082		1.5069		0.0000		875.418		4.108		15.205		7.534256		18.080
6.084		1.5100		0.0000		875.415		4.111		15.210		7.550092		18.120
6.084		1.5132		0.0000		875.412		4.114		15.210		7.565928		18.160
6.084		1.5164		0.0000		875.409		4.118		15.210		7.581763		18.200
6.084		1.5195		0.0000		875.405		4.121		15.210		7.597599		18.240
6.084		1.5227		0.0000		875.402		4.124		15.210		7.613435		18.280
6.084		1.5259		0.0000		875.399		4.127		15.210		7.629268		18.320
6.084		1.5294		0.0000		875.395		4.131		15.210		7.647171		18.360
6.086		1.5333		0.0000		875.392		4.134		15.215		7.666447		18.400
6.092		1.5370		0.0000		875.388		4.138		15.230		7.685037		18.440
6.102		1.5402		0.0000		875.385		4.141		15.255		7.700872		18.480
6.108		1.5433		0.0000		875.382		4.144		15.270		7.716708		18.520
6.108		1.5466		0.0000		875.378		4.148		15.270		7.733233		18.560
6.106		1.5497		0.0000		875.375		4.151		15.265		7.748380		18.600
6.108		1.5530		0.0000		875.372		4.154		15.270		7.764904		18.640
6.108		1.5561		0.0000		875.369		4.157		15.270		7.780740		18.680
6.110		1.5593		0.0000		875.366		4.160		15.275		7.796574		18.720
6.110		1.5628		0.0000		875.362		4.164		15.275		7.813787		18.760
6.110		1.5663		0.0000		875.359		4.167		15.275		7.831688		18.800
6.116		1.5703		0.0000		875.354		4.171		15.290		7.851655		18.840
6.122		1.5736		0.0000		875.351		4.175		15.305		7.868178		18.880
6.130		1.5768		0.0000		875.348		4.178		15.325		7.884014		18.920
6.132		1.5800		0.0000		875.345		4.181		15.330		7.899849		18.960
6.130		1.5831		0.0000		875.342		4.184		15.325		7.915685		19.000
6.130		1.5864		0.0000		875.338		4.188		15.325		7.932210		19.040
6.130		1.5895		0.0000		875.335		4.191		15.325		7.947357		19.080
6.130		1.5928		0.0000		875.332		4.194		15.325		7.963879		19.120
6.130		1.5959		0.0000		875.329		4.197		15.325		7.979715		19.160
6.130		1.5995		0.0000		875.325		4.201		15.325		7.997618		19.200
6.132		1.6035		0.0000		875.321		4.205		15.330		8.017583		19.240
6.138		1.6071		0.0000		875.318		4.208		15.345		8.035483		19.280
6.146		1.6101		0.0000		875.315		4.211		15.365		8.050631		19.320
6.150		1.6133		0.0000		875.312		4.214		15.375		8.066465		19.360
6.148		1.6165		0.0000		875.308		4.218		15.370		8.082302		19.400
6.148		1.6198		0.0000		875.305		4.221		15.370		8.098826		19.440
6.148		1.6229		0.0000		875.302		4.224		15.370		8.114662		19.480
6.148		1.6261		0.0000		875.299		4.227		15.370		8.130498		19.520
6.148		1.6294		0.0000		875.295		4.231		15.370		8.147020		19.560
6.148		1.6328		0.0000		875.292		4.234		15.370		8.164234		19.600
6.152		1.6367		0.0000		875.288		4.238		15.380		8.183513		19.640
6.156		1.6404		0.0000		875.284		4.242		15.390		8.202103		19.680
6.166		1.6436		0.0000		875.281		4.245		15.415		8.217936		19.720
6.172		1.6468		0.0000		875.278		4.248		15.430		8.233771		19.760
6.172		1.6501		0.0000		875.275		4.251		15.430		8.250296		19.800
6.170		1.6532		0.0000		875.272		4.254		15.425		8.266132		19.840
6.170		1.6564		0.0000		875.268		4.258		15.425		8.281967		19.880
6.170		1.6594		0.0000		875.265		4.261		15.425		8.297114		19.920
6.170		1.6627		0.0000		875.262		4.264		15.425		8.313639		19.960
6.170		1.6662		0.0000		875.259		4.267		15.425		8.330851		20.000
6.172		1.6699		0.0000		875.255		4.271		15.430		8.349440		20.040
6.176		1.6737		0.0000		875.251		4.275		15.440		8.368719		20.080
6.186		1.6770		0.0000		875.248		4.278		15.465		8.385241		20.120
6.192		1.6802		0.0000		875.245		4.281		15.480		8.401077		20.160
6.194		1.6834		0.0000		875.241		4.285		15.485		8.416912		20.200
6.194		1.6865		0.0000		875.238		4.288		15.485		8.432749		20.240
6.194		1.6897		0.0000		875.235		4.291		15.485		8.448584		20.280
6.194		1.6929		0.0000		875.232		4.294		15.485		8.464420		20.320
6.194		1.6962		0.0000		875.229		4.297		15.485		8.480945		20.360
6.194		1.6995		0.0000		875.225		4.301		15.485		8.497467		20.400
6.196		1.7031		0.0000		875.222		4.304		15.490		8.515368		20.440
6.198		1.7069		0.0000		875.218		4.308		15.495		8.534646		20.480
6.206		1.7105		0.0000		875.214		4.312		15.515		8.552547		20.520
6.214		1.7137		0.0000		875.211		4.315		15.535		8.568382		20.560
6.216		1.7168		0.0000		875.208		4.318		15.540		8.584218		20.600
6.216		1.7200		0.0000		875.205		4.321		15.540		8.600054		20.640
6.216		1.7232		0.0000		875.202		4.324		15.540		8.615890		20.680
6.216		1.7263		0.0000		875.198		4.327		15.540		8.631725		20.720
6.216		1.7295		0.0000		875.195		4.331		15.540		8.647561		20.760
6.216		1.7327		0.0000		875.192		4.334		15.540		8.663397		20.800
6.216		1.7363		0.0000		875.189		4.337		15.540		8.681297		20.840
6.218		1.7401		0.0000		875.185		4.341		15.545		8.700576		20.880
6.224		1.7438		0.0000		875.181		4.345		15.560		8.719166		20.920
6.234		1.7470		0.0000		875.178		4.348		15.585		8.735001		20.960
6.238		1.7502		0.0000		875.175		4.351		15.595		8.750834		21.000
6.238		1.7533		0.0000		875.172		4.354		15.595		8.766670		21.040
6.236		1.7566		0.0000		875.168		4.358		15.590		8.783195		21.080
6.236		1.7598		0.0000		875.165		4.361		15.590		8.799030		21.120
6.238		1.7630		0.0000		875.162		4.364		15.595		8.814867		21.160
6.238		1.7661		0.0000		875.159		4.367		15.595		8.830702		21.200
6.238		1.7696		0.0000		875.155		4.371		15.595		8.847914		21.240
6.240		1.7733		0.0000		875.152		4.374		15.600		8.866503		21.280
6.244		1.7772		0.0000		875.148		4.378		15.610		8.885782		21.320
6.254		1.7805		0.0000		875.144		4.382		15.635		8.902307		21.360
6.260		1.7836		0.0000		875.141		4.385		15.650		8.918142		21.400
6.262		1.7868		0.0000		875.138		4.388		15.655		8.933975		21.440
6.262		1.7900		0.0000		875.135		4.391		15.655		8.949812		21.480
6.260		1.7931		0.0000		875.132		4.394		15.650		8.965647		21.520
6.260		1.7963		0.0000		875.129		4.397		15.650		8.981483		21.560
6.260		1.7995		0.0000		875.125		4.401		15.650		8.997318		21.600
6.258		1.8028		0.0000		875.122		4.404		15.645		9.013844		21.640
6.258		1.8065		0.0000		875.118		4.408		15.645		9.032433		21.680
6.262		1.8105		0.0000		875.114		4.412		15.655		9.052399		21.720
6.270		1.8139		0.0000		875.111		4.415		15.675		9.069613		21.760
6.280		1.8170		0.0000		875.108		4.418		15.700		9.084759		21.800
6.282		1.8201		0.0000		875.105		4.421		15.705		9.100595		21.840
6.280		1.8234		0.0000		875.101		4.425		15.700		9.117117		21.880
6.280		1.8266		0.0000		875.098		4.428		15.700		9.132953		21.920
6.280		1.8298		0.0000		875.095		4.431		15.700		9.148788		21.960
6.280		1.8329		0.0000		875.092		4.434		15.700		9.164624		22.000
6.278		1.8361		0.0000		875.089		4.437		15.695		9.180460		22.040
6.278		1.8398		0.0000		875.085		4.441		15.695		9.199049		22.080
6.280		1.8435		0.0000		875.081		4.445		15.700		9.217639		22.120
6.286		1.8472		0.0000		875.078		4.448		15.715		9.236229		22.160
6.296		1.8504		0.0000		875.074		4.452		15.740		9.252064		22.200
6.300		1.8536		0.0000		875.071		4.455		15.750		9.267900		22.240
6.300		1.8567		0.0000		875.068		4.458		15.750		9.283735		22.280
6.300		1.8599		0.0000		875.065		4.461		15.750		9.299569		22.320
6.300		1.8632		0.0000		875.062		4.464		15.750		9.316093		22.360
6.298		1.8662		0.0000		875.059		4.467		15.745		9.331241		22.400
6.298		1.8696		0.0000		875.055		4.471		15.745		9.347765		22.440
6.298		1.8730		0.0000		875.052		4.474		15.745		9.364977		22.480
6.298		1.8767		0.0000		875.048		4.478		15.745		9.383566		22.520
6.302		1.8806		0.0000		875.044		4.482		15.755		9.402845		22.560
6.312		1.8839		0.0000		875.041		4.485		15.780		9.419370		22.600
6.318		1.8870		0.0000		875.038		4.488		15.795		9.435205		22.640
6.316		1.8902		0.0000		875.035		4.491		15.790		9.451041		22.680
6.314		1.8934		0.0000		875.031		4.495		15.785		9.466875		22.720
6.314		1.8965		0.0000		875.028		4.498		15.785		9.482710		22.760
6.314		1.8997		0.0000		875.025		4.501		15.785		9.498547		22.800
6.312		1.9029		0.0000		875.022		4.504		15.780		9.514381		22.840
6.312		1.9062		0.0000		875.019		4.507		15.780		9.530907		22.880
6.312		1.9099		0.0000		875.015		4.511		15.780		9.549496		22.920
6.316		1.9139		0.0000		875.011		4.515		15.790		9.569462		22.960
6.324		1.9173		0.0000		875.008		4.518		15.810		9.586676		23.000
6.330		1.9204		0.0000		875.004		4.522		15.825		9.601822		23.040
6.332		1.9235		0.0000		875.001		4.525		15.830		9.617658		23.080
6.332		1.9268		0.0000		874.998		4.528		15.830		9.634180		23.120
6.330		1.9300		0.0000		874.995		4.531		15.825		9.650016		23.160
6.330		1.9332		0.0000		874.992		4.534		15.825		9.665852		23.200
6.328		1.9363		0.0000		874.989		4.537		15.820		9.681687		23.240
6.328		1.9395		0.0000		874.985		4.541		15.820		9.697523		23.280
6.328		1.9432		0.0000		874.982		4.544		15.820		9.716112		23.320
6.330		1.9471		0.0000		874.978		4.548		15.825		9.735392		23.360
6.336		1.9507		0.0000		874.974		4.552		15.840		9.753292		23.400
6.346		1.9538		0.0000		874.971		4.555		15.865		9.769127		23.440
6.350		1.9570		0.0000		874.968		4.558		15.875		9.784964		23.480
6.350		1.9602		0.0000		874.965		4.561		15.875		9.800798		23.520
6.348		1.9633		0.0000		874.962		4.564		15.870		9.816635		23.560
6.348		1.9665		0.0000		874.958		4.568		15.870		9.832468		23.600
6.348		1.9697		0.0000		874.955		4.571		15.870		9.848304		23.640
6.348		1.9730		0.0000		874.952		4.574		15.870		9.864828		23.680
6.346		1.9764		0.0000		874.948		4.578		15.865		9.882040		23.720
6.348		1.9801		0.0000		874.945		4.581		15.870		9.900629		23.760
6.352		1.9840		0.0000		874.941		4.585		15.880		9.919909		23.800
6.360		1.9873		0.0000		874.938		4.588		15.900		9.936433		23.840
6.368		1.9905		0.0000		874.934		4.592		15.920		9.952269		23.880
6.368		1.9936		0.0000		874.931		4.595		15.920		9.968104		23.920
6.368		1.9968		0.0000		874.928		4.598		15.920		9.983940		23.960
6.366		2.0000		0.0000		874.925		4.601		15.915		9.999773		24.000
6.366		2.0031		0.0000		874.922		4.604		15.915		10.015610		24.040
6.366		2.0063		0.0000		874.919		4.607		15.915		10.031445		24.080
6.364		2.0096		0.0000		874.915		4.611		15.910		10.047970		24.120
6.364		2.0133		0.0000		874.912		4.614		15.910		10.066559		24.160
6.368		2.0174		0.0000		874.907		4.619		15.920		10.087214		24.200
6.376		2.0207		0.0000		874.904		4.622		15.940		10.103739		24.240
6.384		2.0238		0.0000		874.901		4.625		15.960		10.118885		24.280
6.386		2.0269		0.0000		874.898		4.628		15.965		10.134721		24.320
6.384		2.0302		0.0000		874.895		4.631		15.960		10.151245		24.360
6.384		2.0334		0.0000		874.891		4.635		15.960		10.167079		24.400
6.382		2.0366		0.0000		874.888		4.638		15.955		10.182915		24.440
6.382		2.0398		0.0000		874.885		4.641		15.955		10.198750		24.480
6.382		2.0429		0.0000		874.882		4.644		15.955		10.214586		24.520
6.382		2.0465		0.0000		874.878		4.648		15.955		10.232487		24.560
6.384		2.0505		0.0000		874.874		4.652		15.960		10.252455		24.600
6.392		2.0541		0.0000		874.871		4.655		15.980		10.270355		24.640
6.402		2.0572		0.0000		874.868		4.658		16.005		10.286190		24.680
6.406		2.0604		0.0000		874.864		4.662		16.015		10.302027		24.720
6.406		2.0636		0.0000		874.861		4.665		16.015		10.317862		24.760
6.404		2.0669		0.0000		874.858		4.668		16.010		10.334387		24.800
6.404		2.0699		0.0000		874.855		4.671		16.010		10.349533		24.840
6.404		2.0731		0.0000		874.852		4.674		16.010		10.365370		24.880
6.402		2.0762		0.0000		874.849		4.677		16.005		10.381203		24.920
6.402		2.0797		0.0000		874.845		4.681		16.005		10.398417		24.960
6.402		2.0837		0.0000		874.841		4.685		16.005		10.418382		25.000
6.408		2.0874		0.0000		874.837		4.689		16.020		10.436972		25.040
6.418		2.0906		0.0000		874.834		4.692		16.045		10.452806		25.080
6.422		2.0939		0.0000		874.831		4.695		16.055		10.469332		25.120
6.422		2.0970		0.0000		874.828		4.698		16.055		10.485168		25.160
6.420		2.1002		0.0000		874.825		4.701		16.050		10.501003		25.200
6.418		2.1034		0.0000		874.821		4.705		16.045		10.516839		25.240
6.418		2.1065		0.0000		874.818		4.708		16.045		10.532675		25.280
6.418		2.1097		0.0000		874.815		4.711		16.045		10.548508		25.320
6.416		2.1130		0.0000		874.812		4.714		16.040		10.565033		25.360
6.416		2.1169		0.0000		874.808		4.718		16.040		10.584311		25.400
6.418		2.1207		0.0000		874.804		4.722		16.045		10.603590		25.440
6.426		2.1240		0.0000		874.801		4.725		16.065		10.620112		25.480
6.434		2.1272		0.0000		874.798		4.728		16.085		10.635948		25.520
6.436		2.1304		0.0000		874.794		4.732		16.090		10.651784		25.560
6.436		2.1335		0.0000		874.791		4.735		16.090		10.667620		25.600
6.434		2.1368		0.0000		874.788		4.738		16.085		10.684145		25.640
6.434		2.1400		0.0000		874.785		4.741		16.085		10.699980		25.680
6.432		2.1432		0.0000		874.782		4.744		16.080		10.715814		25.720
6.430		2.1463		0.0000		874.779		4.747		16.075		10.731649		25.760
6.430		2.1500		0.0000		874.775		4.751		16.075		10.750238		25.800
6.432		2.1539		0.0000		874.771		4.755		16.080		10.769518		25.840
6.438		2.1575		0.0000		874.767		4.759		16.095		10.787418		25.880
6.446		2.1607		0.0000		874.764		4.762		16.115		10.803253		25.920
6.450		2.1638		0.0000		874.761		4.765		16.125		10.819090		25.960
6.448		2.1670		0.0000		874.758		4.768		16.120		10.834925		26.000
6.446		2.1702		0.0000		874.755		4.771		16.115		10.850761		26.040
6.446		2.1733		0.0000		874.752		4.774		16.115		10.866596		26.080
6.444		2.1765		0.0000		874.748		4.778		16.110		10.882433		26.120
6.444		2.1797		0.0000		874.745		4.781		16.110		10.898268		26.160
6.442		2.1832		0.0000		874.742		4.784		16.105		10.916168		26.200
6.444		2.1871		0.0000		874.738		4.788		16.110		10.935448		26.240
6.448		2.1908		0.0000		874.734		4.792		16.120		10.954037		26.280
6.458		2.1941		0.0000		874.731		4.795		16.145		10.970559		26.320
6.462		2.1973		0.0000		874.728		4.798		16.155		10.986395		26.360
6.462		2.2004		0.0000		874.724		4.802		16.155		11.002231		26.400
6.460		2.2036		0.0000		874.721		4.805		16.150		11.018066		26.440
6.458		2.2068		0.0000		874.718		4.808		16.145		11.033902		26.480
6.458		2.2099		0.0000		874.715		4.811		16.145		11.049738		26.520
6.456		2.2131		0.0000		874.712		4.814		16.140		11.065574		26.560
6.456		2.2164		0.0000		874.708		4.818		16.140		11.082096		26.600
6.456		2.2201		0.0000		874.705		4.821		16.140		11.100685		26.640
6.458		2.2241		0.0000		874.701		4.825		16.145		11.120653		26.680
6.468		2.2274		0.0000		874.697		4.829		16.170		11.137176		26.720
6.474		2.2306		0.0000		874.694		4.832		16.185		11.153011		26.760
6.476		2.2338		0.0000		874.691		4.835		16.190		11.168847		26.800
6.474		2.2369		0.0000		874.688		4.838		16.185		11.184683		26.840
6.472		2.2402		0.0000		874.685		4.841		16.180		11.201208		26.880
6.470		2.2433		0.0000		874.682		4.844		16.175		11.216354		26.920
6.470		2.2466		0.0000		874.678		4.848		16.175		11.232880		26.960
6.468		2.2497		0.0000		874.675		4.851		16.170		11.248713		27.000
6.468		2.2535		0.0000		874.671		4.855		16.170		11.267302		27.040
6.470		2.2573		0.0000		874.668		4.858		16.175		11.286581		27.080
6.476		2.2609		0.0000		874.664		4.862		16.190		11.304482		27.120
6.484		2.2641		0.0000		874.661		4.865		16.210		11.320316		27.160
6.488		2.2672		0.0000		874.658		4.868		16.220		11.336153		27.200
6.486		2.2704		0.0000		874.654		4.872		16.215		11.351988		27.240
6.484		2.2736		0.0000		874.651		4.875		16.210		11.367825		27.280
6.484		2.2767		0.0000		874.648		4.878		16.210		11.383659		27.320
6.482		2.2799		0.0000		874.645		4.881		16.205		11.399496		27.360
6.482		2.2831		0.0000		874.642		4.884		16.205		11.415331		27.400
6.480		2.2865		0.0000		874.638		4.888		16.200		11.432543		27.440
6.480		2.2905		0.0000		874.634		4.892		16.200		11.452511		27.480
6.486		2.2944		0.0000		874.630		4.896		16.215		11.471786		27.520
6.496		2.2974		0.0000		874.627		4.899		16.240		11.486936		27.560
6.500		2.3006		0.0000		874.624		4.902		16.250		11.502769		27.600
6.500		2.3037		0.0000		874.621		4.905		16.250		11.518604		27.640
6.498		2.3070		0.0000		874.618		4.908		16.245		11.535130		27.680
6.496		2.3102		0.0000		874.615		4.911		16.240		11.550965		27.720
6.494		2.3134		0.0000		874.612		4.915		16.235		11.566801		27.760
6.494		2.3165		0.0000		874.608		4.918		16.235		11.582637		27.800
6.492		2.3198		0.0000		874.605		4.921		16.230		11.599159		27.840
6.492		2.3237		0.0000		874.601		4.925		16.230		11.618438		27.880
6.494		2.3275		0.0000		874.597		4.929		16.235		11.637716		27.920
6.504		2.3308		0.0000		874.594		4.932		16.260		11.654242		27.960
6.510		2.3340		0.0000		874.591		4.935		16.275		11.670076		28.000
6.512		2.3372		0.0000		874.588		4.938		16.280		11.685910		28.040
6.508		2.3403		0.0000		874.584		4.942		16.270		11.701746		28.080
6.506		2.3435		0.0000		874.581		4.945		16.265		11.717582		28.120
6.506		2.3468		0.0000		874.578		4.948		16.265		11.734106		28.160
6.506		2.3499		0.0000		874.575		4.951		16.265		11.749253		28.200
6.504		2.3532		0.0000		874.572		4.954		16.260		11.765778		28.240
6.504		2.3569		0.0000		874.568		4.958		16.260		11.784368		28.280
6.506		2.3609		0.0000		874.564		4.962		16.265		11.804333		28.320
6.514		2.3643		0.0000		874.561		4.965		16.285		11.821547		28.360
6.524		2.3675		0.0000		874.557		4.969		16.310		11.837382		28.400
6.526		2.3706		0.0000		874.554		4.972		16.315		11.853216		28.440
6.522		2.3738		0.0000		874.551		4.975		16.305		11.869051		28.480
6.520		2.3770		0.0000		874.548		4.978		16.300		11.884888		28.520
6.518		2.3801		0.0000		874.545		4.981		16.295		11.900723		28.560
6.516		2.3833		0.0000		874.542		4.984		16.290		11.916559		28.600
6.514		2.3865		0.0000		874.538		4.988		16.285		11.932394		28.640
6.512		2.3901		0.0000		874.535		4.991		16.280		11.950294		28.680
6.512		2.3939		0.0000		874.531		4.995		16.280		11.969574		28.720
6.516		2.3976		0.0000		874.527		4.999		16.290		11.988163		28.760
6.526		2.4008		0.0000		874.524		5.002		16.315		12.003999		28.800
6.530		2.4041		0.0000		874.521		5.005		16.325		12.020521		28.840
6.528		2.4073		0.0000		874.518		5.008		16.320		12.036357		28.880
6.526		2.4104		0.0000		874.514		5.012		16.315		12.052193		28.920
6.524		2.4136		0.0000		874.511		5.015		16.310		12.068028		28.960
6.522		2.4168		0.0000		874.508		5.018		16.305		12.083864		29.000
6.520		2.4199		0.0000		874.505		5.021		16.300		12.099700		29.040
6.518		2.4232		0.0000		874.502		5.024		16.295		12.116224		29.080
6.516		2.4271		0.0000		874.498		5.028		16.290		12.135501		29.120
6.520		2.4311		0.0000		874.494		5.032		16.300		12.155468		29.160
6.528		2.4343		0.0000		874.491		5.035		16.320		12.171305		29.200
6.536		2.4374		0.0000		874.487		5.039		16.340		12.187140		29.240
6.536		2.4406		0.0000		874.484		5.042		16.340		12.202976		29.280
6.532		2.4438		0.0000		874.481		5.045		16.330		12.218809		29.320
6.530		2.4469		0.0000		874.478		5.048		16.325		12.234645		29.360
6.530		2.4501		0.0000		874.475		5.051		16.325		12.250481		29.400
6.528		2.4533		0.0000		874.472		5.054		16.320		12.266316		29.440
6.526		2.4566		0.0000		874.468		5.058		16.315		12.282841		29.480
6.526		2.4603		0.0000		874.465		5.061		16.315		12.301431		29.520
6.526		2.4643		0.0000		874.461		5.065		16.315		12.321396		29.560
6.534		2.4677		0.0000		874.457		5.069		16.335		12.338610		29.600
6.542		2.4709		0.0000		874.454		5.072		16.355		12.354445		29.640
6.544		2.4739		0.0000		874.451		5.075		16.360		12.369593		29.680
6.540		2.4772		0.0000		874.448		5.078		16.350		12.386114		29.720
6.538		2.4804		0.0000		874.444		5.082		16.345		12.401951		29.760
6.536		2.4836		0.0000		874.441		5.085		16.340		12.417786		29.800
6.534		2.4867		0.0000		874.438		5.088		16.335		12.433622		29.840
6.534		2.4900		0.0000		874.435		5.091		16.335		12.450147		29.880
6.532		2.4935		0.0000		874.431		5.095		16.330		12.467358		29.920
6.532		2.4973		0.0000		874.427		5.098		16.330		12.486637		29.960
6.538		2.5010		0.0000		874.424		5.102		16.345		12.505226		30.000
6.546		2.5042		0.0000		874.421		5.105		16.365		12.521062		30.040
6.550		2.5075		0.0000		874.417		5.109		16.375		12.537586		30.080
6.548		2.5105		0.0000		874.414		5.112		16.370		12.552733		30.120
6.546		2.5139		0.0000		874.411		5.115		16.365		12.569256		30.160
6.542		2.5170		0.0000		874.408		5.118		16.355		12.585092		30.200
6.540		2.5202		0.0000		874.405		5.121		16.350		12.600927		30.240
6.538		2.5234		0.0000		874.401		5.125		16.345		12.616763		30.280
6.536		2.5267		0.0000		874.398		5.128		16.340		12.633287		30.320
6.536		2.5307		0.0000		874.394		5.132		16.340		12.653254		30.360
6.540		2.5344		0.0000		874.391		5.136		16.350		12.671843		30.400
6.548		2.5377		0.0000		874.387		5.139		16.370		12.688368		30.440
6.554		2.5408		0.0000		874.384		5.142		16.385		12.704203		30.480
6.554		2.5440		0.0000		874.381		5.145		16.385		12.720039		30.520
6.552		2.5473		0.0000		874.378		5.148		16.380		12.736561		30.560
6.548		2.5503		0.0000		874.375		5.151		16.370		12.751708		30.600
6.546		2.5536		0.0000		874.371		5.155		16.365		12.768232		30.640
6.546		2.5567		0.0000		874.368		5.158		16.365		12.783380		30.680
6.544		2.5600		0.0000		874.365		5.161		16.360		12.799904		30.720
6.542		2.5638		0.0000		874.361		5.165		16.355		12.819183		30.760
6.544		2.5677		0.0000		874.357		5.169		16.360		12.838459		30.800
6.550		2.5711		0.0000		874.354		5.172		16.375		12.855673		30.840
6.560		2.5742		0.0000		874.351		5.175		16.400		12.870819		30.880
6.560		2.5775		0.0000		874.347		5.179		16.400		12.887344		30.920
6.558		2.5806		0.0000		874.344		5.182		16.395		12.903180		30.960
6.554		2.5838		0.0000		874.341		5.185		16.385		12.919014		31.000
6.552		2.5870		0.0000		874.338		5.188		16.380		12.934849		31.040
6.552		2.5901		0.0000		874.335		5.191		16.380		12.950686		31.080
6.548		2.5934		0.0000		874.331		5.195		16.370		12.967210		31.120
6.548		2.5969		0.0000		874.328		5.198		16.370		12.984421		31.160
6.548		2.6007		0.0000		874.324		5.202		16.370		13.003700		31.200
6.552		2.6046		0.0000		874.320		5.206		16.380		13.022978		31.240
6.560		2.6078		0.0000		874.317		5.209		16.400		13.038815		31.280
6.564		2.6109		0.0000		874.314		5.212		16.410		13.054649		31.320
6.562		2.6141		0.0000		874.311		5.215		16.405		13.070486		31.360
6.560		2.6173		0.0000		874.308		5.218		16.400		13.086321		31.400
6.558		2.6204		0.0000		874.304		5.222		16.395		13.102155		31.440
6.556		2.6235		0.0000		874.301		5.225		16.390		13.117304		31.480
6.554		2.6268		0.0000		874.298		5.228		16.385		13.133826		31.520
6.552		2.6302		0.0000		874.295		5.231		16.380		13.151040		31.560
6.552		2.6339		0.0000		874.291		5.235		16.380		13.169630		31.600
6.556		2.6379		0.0000		874.287		5.239		16.390		13.189594		31.640
6.564		2.6412		0.0000		874.284		5.242		16.410		13.206120		31.680
6.570		2.6444		0.0000		874.280		5.246		16.425		13.221955		31.720
6.568		2.6474		0.0000		874.277		5.249		16.420		13.237103		31.760
6.566		2.6506		0.0000		874.274		5.252		16.415		13.252937		31.800
6.562		2.6539		0.0000		874.271		5.255		16.405		13.269461		31.840
6.562		2.6571		0.0000		874.268		5.258		16.405		13.285295		31.880
6.560		2.6601		0.0000		874.265		5.261		16.400		13.300443		31.920
6.556		2.6635		0.0000		874.261		5.265		16.390		13.317657		31.960
6.556		2.6671		0.0000		874.258		5.268		16.390		13.335557		32.000
6.556		2.6711		0.0000		874.254		5.272		16.390		13.355524		32.040
6.562		2.6745		0.0000		874.250		5.276		16.405		13.372736		32.080
6.570		2.6777		0.0000		874.247		5.279		16.425		13.388572		32.120
6.570		2.6809		0.0000		874.244		5.282		16.425		13.404408		32.160
6.566		2.6840		0.0000		874.241		5.285		16.415		13.420243		32.200
6.562		2.6872		0.0000		874.238		5.288		16.405		13.436079		32.240
6.560		2.6904		0.0000		874.234		5.292		16.400		13.451915		32.280
6.556		2.6935		0.0000		874.231		5.295		16.390		13.467749		32.320
6.554		2.6967		0.0000		874.228		5.298		16.385		13.483583		32.360
6.552		2.7004		0.0000		874.224		5.302		16.380		13.502173		32.400
6.552		2.7043		0.0000		874.221		5.305		16.380		13.521452		32.440
6.556		2.7080		0.0000		874.217		5.309		16.390		13.540041		32.480
6.566		2.7112		0.0000		874.214		5.312		16.415		13.555878		32.520
6.568		2.7142		0.0000		874.211		5.315		16.420		13.571024		32.560
6.564		2.7175		0.0000		874.207		5.319		16.410		13.587549		32.600
6.562		2.7207		0.0000		874.204		5.322		16.405		13.603384		32.640
6.558		2.7238		0.0000		874.201		5.325		16.395		13.619221		32.680
6.556		2.7270		0.0000		874.198		5.328		16.390		13.635054		32.720
6.552		2.7302		0.0000		874.195		5.331		16.380		13.650889		32.760
6.550		2.7335		0.0000		874.191		5.335		16.375		13.667414		32.800
6.548		2.7375		0.0000		874.187		5.339		16.370		13.687382		32.840
6.552		2.7413		0.0000		874.184		5.342		16.380		13.706657		32.880
6.558		2.7445		0.0000		874.180		5.346		16.395		13.722494		32.920
6.564		2.7477		0.0000		874.177		5.349		16.410		13.738329		32.960
6.562		2.7508		0.0000		874.174		5.352		16.405		13.754166		33.000
6.558		2.7541		0.0000		874.171		5.355		16.395		13.770690		33.040
6.556		2.7573		0.0000		874.168		5.358		16.390		13.786526		33.080
6.552		2.7603		0.0000		874.164		5.361		16.380		13.801672		33.120
6.550		2.7635		0.0000		874.161		5.365		16.375		13.817509		33.160
6.546		2.7668		0.0000		874.158		5.368		16.365		13.834030		33.200
6.544		2.7707		0.0000		874.154		5.372		16.360		13.853310		33.240
6.544		2.7747		0.0000		874.150		5.376		16.360		13.873277		33.280
6.552		2.7780		0.0000		874.147		5.379		16.380		13.889799		33.320
6.558		2.7811		0.0000		874.144		5.382		16.395		13.905635		33.360
6.558		2.7842		0.0000		874.141		5.385		16.395		13.920782		33.400
6.554		2.7875		0.0000		874.137		5.389		16.385		13.937306		33.440
6.550		2.7906		0.0000		874.134		5.392		16.375		13.953142		33.480
6.548		2.7938		0.0000		874.131		5.395		16.370		13.968978		33.520
6.546		2.7970		0.0000		874.128		5.398		16.365		13.984814		33.560
6.544		2.8003		0.0000		874.125		5.401		16.360		14.001336		33.600
6.540		2.8038		0.0000		874.121		5.405		16.350		14.019237		33.640
6.540		2.8077		0.0000		874.117		5.409		16.350		14.038515		33.680
6.546		2.8114		0.0000		874.113		5.413		16.365		14.057104		33.720
6.552		2.8146		0.0000		874.110		5.416		16.380		14.072941		33.760
6.554		2.8178		0.0000		874.107		5.419		16.385		14.088776		33.800
6.550		2.8209		0.0000		874.104		5.422		16.375		14.104612		33.840
6.546		2.8241		0.0000		874.101		5.425		16.365		14.120447		33.880
6.542		2.8273		0.0000		874.098		5.428		16.355		14.136284		33.920
6.540		2.8304		0.0000		874.094		5.432		16.350		14.152119		33.960
6.538		2.8335		0.0000		874.091		5.435		16.345		14.167266		34.000
6.534		2.8370		0.0000		874.088		5.438		16.335		14.185166		34.040
6.532		2.8409		0.0000		874.084		5.442		16.330		14.204445		34.080
6.536		2.8447		0.0000		874.080		5.446		16.340		14.223721		34.120
6.544		2.8479		0.0000		874.077		5.449		16.360		14.239557		34.160
6.550		2.8511		0.0000		874.074		5.452		16.375		14.255392		34.200
6.548		2.8542		0.0000		874.071		5.455		16.370		14.271229		34.240
6.544		2.8574		0.0000		874.067		5.459		16.360		14.287064		34.280
6.540		2.8607		0.0000		874.064		5.462		16.350		14.303589		34.320
6.538		2.8639		0.0000		874.061		5.465		16.345		14.319425		34.360
6.536		2.8671		0.0000		874.058		5.468		16.340		14.335258		34.400
6.532		2.8704		0.0000		874.055		5.472		16.330		14.351783		34.440
6.530		2.8741		0.0000		874.051		5.475		16.325		14.370373		34.480
6.530		2.8779		0.0000		874.047		5.479		16.325		14.389650		34.520
6.536		2.8814		0.0000		874.043		5.483		16.340		14.406862		34.560
6.542		2.8845		0.0000		874.040		5.486		16.355		14.422698		34.600
6.542		2.8876		0.0000		874.037		5.489		16.355		14.437845		34.640
6.538		2.8909		0.0000		874.034		5.492		16.345		14.454370		34.680
6.534		2.8940		0.0000		874.031		5.495		16.335		14.470205		34.720
6.532		2.8972		0.0000		874.028		5.498		16.330		14.486041		34.760
6.528		2.9004		0.0000		874.024		5.502		16.320		14.501877		34.800
6.524		2.9035		0.0000		874.021		5.505		16.310		14.517713		34.840
6.520		2.9073		0.0000		874.018		5.508		16.300		14.536303		34.880
6.520		2.9111		0.0000		874.014		5.512		16.300		14.555578		34.920
6.526		2.9148		0.0000		874.010		5.516		16.315		14.574167		34.960
6.532		2.9179		0.0000		874.007		5.519		16.330		14.589317		35.000
6.534		2.9210		0.0000		874.004		5.522		16.335		14.605150		35.040
6.530		2.9243		0.0000		874.000		5.525		16.325		14.621675		35.080
6.526		2.9275		0.0000		873.997		5.529		16.315		14.637510		35.120
6.524		2.9307		0.0000		873.994		5.532		16.310		14.653347		35.160
6.522		2.9337		0.0000		873.991		5.535		16.305		14.668493		35.200
6.518		2.9370		0.0000		873.988		5.538		16.295		14.685019		35.240
6.516		2.9404		0.0000		873.984		5.542		16.290		14.702229		35.280
6.514		2.9443		0.0000		873.981		5.545		16.285		14.721508		35.320
6.518		2.9482		0.0000		873.977		5.549		16.295		14.740787		35.360
6.524		2.9513		0.0000		873.974		5.552		16.310		14.756622		35.400
6.528		2.9545		0.0000		873.970		5.556		16.320		14.772455		35.440
6.524		2.9577		0.0000		873.967		5.559		16.310		14.788292		35.480
6.520		2.9608		0.0000		873.964		5.562		16.300		14.804127		35.520
6.514		2.9640		0.0000		873.961		5.565		16.285		14.819963		35.560
6.510		2.9672		0.0000		873.958		5.568		16.275		14.835798		35.600
6.506		2.9703		0.0000		873.955		5.571		16.265		14.851635		35.640
6.502		2.9738		0.0000		873.951		5.575		16.255		14.868846		35.680
6.498		2.9775		0.0000		873.947		5.579		16.245		14.887436		35.720
6.500		2.9813		0.0000		873.943		5.582		16.250		14.906713		35.760
6.504		2.9848		0.0000		873.940		5.586		16.260		14.923927		35.800
6.510		2.9878		0.0000		873.937		5.589		16.275		14.939075		35.840
6.506		2.9910		0.0000		873.934		5.592		16.265		14.954910		35.880
6.502		2.9943		0.0000		873.931		5.595		16.255		14.971433		35.920
6.498		2.9975		0.0000		873.927		5.599		16.245		14.987268		35.960
6.494		3.0006		0.0000		873.924		5.602		16.235		15.003104		36.000
6.490		3.0038		0.0000		873.921		5.605		16.225		15.018940		36.040
6.486		3.0071		0.0000		873.918		5.608		16.215		15.035465		36.080
6.482		3.0107		0.0000		873.914		5.612		16.205		15.053366		36.120
6.480		3.0145		0.0000		873.910		5.616		16.200		15.072643		36.160
6.484		3.0181		0.0000		873.907		5.619		16.210		15.090544		36.200
6.490		3.0213		0.0000		873.904		5.622		16.225		15.106380		36.240
6.490		3.0244		0.0000		873.900		5.626		16.225		15.122215		36.280
6.486		3.0276		0.0000		873.897		5.629		16.215		15.138049		36.320
6.480		3.0309		0.0000		873.894		5.632		16.200		15.154573		36.360
6.476		3.0341		0.0000		873.891		5.635		16.190		15.170410		36.400
6.472		3.0372		0.0000		873.888		5.638		16.180		15.186245		36.440
6.468		3.0404		0.0000		873.884		5.642		16.170		15.202082		36.480
6.464		3.0439		0.0000		873.881		5.645		16.160		15.219293		36.520
6.460		3.0477		0.0000		873.877		5.649		16.150		15.238571		36.560
6.462		3.0514		0.0000		873.873		5.653		16.155		15.257160		36.600
6.468		3.0547		0.0000		873.870		5.656		16.170		15.273685		36.640
6.470		3.0579		0.0000		873.867		5.659		16.175		15.289521		36.680
6.466		3.0611		0.0000		873.864		5.662		16.165		15.305355		36.720
6.460		3.0642		0.0000		873.861		5.665		16.150		15.321190		36.760
6.456		3.0674		0.0000		873.857		5.669		16.140		15.337027		36.800
6.454		3.0706		0.0000		873.854		5.672		16.135		15.352861		36.840
6.450		3.0739		0.0000		873.851		5.675		16.125		15.369387		36.880
6.446		3.0772		0.0000		873.848		5.678		16.115		15.385909		36.920
6.442		3.0809		0.0000		873.844		5.682		16.105		15.404499		36.960
6.444		3.0846		0.0000		873.840		5.686		16.110		15.423088		37.000
6.448		3.0881		0.0000		873.837		5.689		16.120		15.440302		37.040
6.452		3.0912		0.0000		873.834		5.692		16.130		15.456138		37.080
6.448		3.0944		0.0000		873.830		5.696		16.120		15.471973		37.120
6.444		3.0977		0.0000		873.827		5.699		16.110		15.488496		37.160
6.438		3.1007		0.0000		873.824		5.702		16.095		15.503643		37.200
6.434		3.1040		0.0000		873.821		5.705		16.085		15.520167		37.240
6.430		3.1072		0.0000		873.818		5.708		16.075		15.536003		37.280
6.426		3.1104		0.0000		873.814		5.712		16.065		15.551839		37.320
6.424		3.1141		0.0000		873.811		5.715		16.060		15.570429		37.360
6.422		3.1179		0.0000		873.807		5.719		16.055		15.589706		37.400
6.426		3.1215		0.0000		873.803		5.723		16.065		15.607607		37.440
6.430		3.1247		0.0000		873.800		5.726		16.075		15.623444		37.480
6.430		3.1279		0.0000		873.797		5.729		16.075		15.639278		37.520
6.424		3.1310		0.0000		873.794		5.732		16.060		15.655115		37.560
6.420		3.1342		0.0000		873.791		5.735		16.050		15.670948		37.600
6.414		3.1375		0.0000		873.787		5.739		16.035		15.687473		37.640
6.410		3.1407		0.0000		873.784		5.742		16.025		15.703308		37.680
6.406		3.1438		0.0000		873.781		5.745		16.015		15.719145		37.720
6.400		3.1473		0.0000		873.778		5.748		16.000		15.736356		37.760
6.398		3.1511		0.0000		873.774		5.752		15.995		15.755634		37.800
6.400		3.1548		0.0000		873.770		5.756		16.000		15.774223		37.840
6.406		3.1580		0.0000		873.767		5.759		16.015		15.790060		37.880
6.406		3.1613		0.0000		873.764		5.762		16.015		15.806584		37.920
6.402		3.1645		0.0000		873.760		5.766		16.005		15.822420		37.960
6.396		3.1677		0.0000		873.757		5.769		15.990		15.838253		38.000
6.392		3.1708		0.0000		873.754		5.772		15.980		15.854090		38.040
6.388		3.1740		0.0000		873.751		5.775		15.970		15.869925		38.080
6.382		3.1772		0.0000		873.748		5.778		15.955		15.885761		38.120
6.376		3.1806		0.0000		873.744		5.782		15.940		15.902975		38.160
6.372		3.1843		0.0000		873.741		5.785		15.930		15.921564		38.200
6.372		3.1882		0.0000		873.737		5.789		15.930		15.940840		38.240
6.376		3.1916		0.0000		873.733		5.793		15.940		15.958054		38.280
6.380		3.1946		0.0000		873.730		5.796		15.950		15.973201		38.320
6.376		3.1978		0.0000		873.727		5.799		15.940		15.989037		38.360
6.370		3.2010		0.0000		873.724		5.802		15.925		16.004871		38.400
6.366		3.2043		0.0000		873.721		5.805		15.915		16.021395		38.440
6.362		3.2074		0.0000		873.717		5.809		15.905		16.037231		38.480
6.356		3.2106		0.0000		873.714		5.812		15.890		16.053066		38.521
6.352		3.2139		0.0000		873.711		5.815		15.880		16.069592		38.561
6.348		3.2175		0.0000		873.707		5.819		15.870		16.087492		38.601
6.346		3.2214		0.0000		873.703		5.823		15.865		16.106770		38.641
6.350		3.2249		0.0000		873.700		5.826		15.875		16.124670		38.681
6.354		3.2281		0.0000		873.697		5.829		15.885		16.140507		38.721
6.352		3.2311		0.0000		873.694		5.832		15.880		16.155653		38.761
6.346		3.2344		0.0000		873.690		5.836		15.865		16.172178		38.801
6.340		3.2376		0.0000		873.687		5.839		15.850		16.188013		38.841
6.334		3.2409		0.0000		873.684		5.842		15.835		16.204536		38.881
6.330		3.2439		0.0000		873.681		5.845		15.825		16.219683		38.921
6.324		3.2472		0.0000		873.678		5.848		15.810		16.236208		38.961
6.320		3.2508		0.0000		873.674		5.852		15.800		16.254108		39.001
6.316		3.2545		0.0000		873.670		5.856		15.790		16.272697		39.041
6.316		3.2584		0.0000		873.666		5.860		15.790		16.291977		39.081
6.320		3.2614		0.0000		873.663		5.863		15.800		16.307123		39.121
6.318		3.2646		0.0000		873.660		5.866		15.795		16.322958		39.161
6.312		3.2679		0.0000		873.657		5.869		15.780		16.339483		39.201
6.306		3.2711		0.0000		873.654		5.872		15.765		16.355320		39.241
6.300		3.2742		0.0000		873.651		5.875		15.750		16.371155		39.281
6.294		3.2774		0.0000		873.647		5.879		15.735		16.386988		39.321
6.288		3.2807		0.0000		873.644		5.882		15.720		16.403513		39.361
6.282		3.2840		0.0000		873.641		5.885		15.705		16.420038		39.401
6.278		3.2877		0.0000		873.637		5.889		15.695		16.438627		39.441
6.278		3.2916		0.0000		873.633		5.893		15.695		16.457905		39.481
6.280		3.2949		0.0000		873.630		5.896		15.700		16.474428		39.521
6.282		3.2981		0.0000		873.627		5.899		15.705		16.490265		39.561
6.278		3.3012		0.0000		873.624		5.902		15.695		16.506100		39.601
6.272		3.3045		0.0000		873.620		5.906		15.680		16.522625		39.641
6.266		3.3077		0.0000		873.617		5.909		15.665		16.538460		39.681
6.260		3.3109		0.0000		873.614		5.912		15.650		16.554295		39.721
6.254		3.3140		0.0000		873.611		5.915		15.635		16.570129		39.761
6.248		3.3173		0.0000		873.608		5.918		15.620		16.586655		39.801
6.242		3.3210		0.0000		873.604		5.922		15.605		16.605244		39.841
6.240		3.3248		0.0000		873.600		5.926		15.600		16.623833		39.881
6.242		3.3283		0.0000		873.596		5.929		15.605		16.641733		39.921
6.244		3.3314		0.0000		873.593		5.933		15.610		16.656879		39.961
6.240		3.3345		0.0000		873.590		5.936		15.600		16.672716		40.001
